m_aniFrameList.size 84
aniFrame
  m_time -1.066000
  m_vertexTransformMat -0.604204 0.733202 -0.312013 0.000000 0.774336 0.632645 -0.012818 0.000000 0.187996 -0.249347 -0.949992 0.000000 -17.036131 18.855446 -44.829819 1.000000
aniFrame
  m_time -1.027000
  m_vertexTransformMat -0.657362 0.695052 -0.291169 0.000000 0.710557 0.700378 0.067680 0.000000 0.250969 -0.162402 -0.954275 0.000000 -17.982611 18.925062 -44.849468 1.000000
aniFrame
  m_time -0.988000
  m_vertexTransformMat -0.713364 0.646645 -0.270114 0.000000 0.628186 0.760896 0.162540 0.000000 0.310634 -0.053732 -0.949010 0.000000 -18.991262 19.087357 -44.776485 1.000000
aniFrame
  m_time -0.949000
  m_vertexTransformMat -0.766107 0.592153 -0.249869 0.000000 0.539737 0.803826 0.250097 0.000000 0.348946 0.056738 -0.935424 0.000000 -20.112226 19.109314 -44.459816 1.000000
aniFrame
  m_time -0.910000
  m_vertexTransformMat -0.810039 0.539609 -0.229476 0.000000 0.464555 0.829367 0.310386 0.000000 0.357807 0.144821 -0.922498 0.000000 -21.328081 18.784767 -43.848545 1.000000
aniFrame
  m_time -0.871000
  m_vertexTransformMat -0.840879 0.500140 -0.206841 0.000000 0.423426 0.845956 0.324144 0.000000 0.337095 0.184984 -0.923119 0.000000 -22.687284 17.957882 -43.087925 1.000000
aniFrame
  m_time -0.832000
  m_vertexTransformMat -0.859165 0.478960 -0.180092 0.000000 0.417431 0.859599 0.294688 0.000000 0.295951 0.178010 -0.938470 0.000000 -24.138004 16.738546 -42.226345 1.000000
aniFrame
  m_time -0.793000
  m_vertexTransformMat -0.869280 0.470901 -0.150350 0.000000 0.429116 0.869848 0.243363 0.000000 0.245382 0.147033 -0.958212 0.000000 -25.582182 15.345939 -41.245808 1.000000
aniFrame
  m_time -0.754000
  m_vertexTransformMat -0.873028 0.472295 -0.121485 0.000000 0.449849 0.876123 0.173332 0.000000 0.188300 0.096674 -0.977342 0.000000 -26.974600 13.784593 -40.285797 1.000000
aniFrame
  m_time -0.715000
  m_vertexTransformMat -0.871989 0.479839 -0.096896 0.000000 0.472737 0.876817 0.087823 0.000000 0.127101 0.030774 -0.991412 0.000000 -28.285124 12.078564 -39.465508 1.000000
aniFrame
  m_time -0.676000
  m_vertexTransformMat -0.867958 0.490449 -0.078160 0.000000 0.492536 0.870247 -0.008818 0.000000 0.063693 -0.046150 -0.996902 0.000000 -29.498465 10.273705 -38.766697 1.000000
aniFrame
  m_time -0.637000
  m_vertexTransformMat -0.865033 0.497385 -0.065785 0.000000 0.501715 0.857841 -0.111314 0.000000 0.001067 -0.129295 -0.991606 0.000000 -30.642609 8.298321 -38.137802 1.000000
aniFrame
  m_time -0.598000
  m_vertexTransformMat -0.865012 0.498274 -0.058970 0.000000 0.498515 0.840149 -0.213617 0.000000 -0.056897 -0.214179 -0.975136 0.000000 -31.678797 6.220623 -37.538967 1.000000
aniFrame
  m_time -0.559000
  m_vertexTransformMat -0.869994 0.489894 -0.055807 0.000000 0.481568 0.819955 -0.309461 0.000000 -0.105844 -0.296104 -0.949273 0.000000 -32.594856 4.072664 -36.935028 1.000000
aniFrame
  m_time -0.520000
  m_vertexTransformMat -0.883666 0.465246 -0.051779 0.000000 0.445250 0.801192 -0.399804 0.000000 -0.144522 -0.376348 -0.915137 0.000000 -33.440750 1.675400 -36.219795 1.000000
aniFrame
  m_time -0.481000
  m_vertexTransformMat -0.913524 0.404801 -0.040111 0.000000 0.367501 0.779009 -0.508024 0.000000 -0.174402 -0.478833 -0.860409 0.000000 -34.330566 -1.879153 -35.073761 1.000000
aniFrame
  m_time -0.442000
  m_vertexTransformMat -0.946941 0.321053 -0.015138 0.000000 0.260187 0.738065 -0.622546 0.000000 -0.188697 -0.593453 -0.782437 0.000000 -34.945606 -6.062008 -33.249687 1.000000
aniFrame
  m_time -0.403000
  m_vertexTransformMat -0.969757 0.243556 0.015850 0.000000 0.159605 0.681942 -0.713780 0.000000 -0.184654 -0.689663 -0.700191 0.000000 -35.108089 -9.555116 -31.120165 1.000000
aniFrame
  m_time -0.364000
  m_vertexTransformMat -0.980450 0.193364 0.036447 0.000000 0.096984 0.636052 -0.765528 0.000000 -0.171208 -0.747027 -0.642370 0.000000 -34.996880 -11.459741 -29.565483 1.000000
aniFrame
  m_time -0.325000
  m_vertexTransformMat -0.981984 0.187204 0.025734 0.000000 0.099930 0.630047 -0.770100 0.000000 -0.160379 -0.753654 -0.637404 0.000000 -34.788742 -11.115707 -29.729563 1.000000
aniFrame
  m_time -0.286000
  m_vertexTransformMat -0.976145 0.216441 -0.017168 0.000000 0.158031 0.654040 -0.739769 0.000000 -0.148888 -0.724835 -0.672642 0.000000 -34.363892 -9.082324 -31.436083 1.000000
aniFrame
  m_time -0.247000
  m_vertexTransformMat -0.960410 0.268084 -0.075792 0.000000 0.245312 0.684843 -0.686158 0.000000 -0.132043 -0.677586 -0.723494 0.000000 -33.525494 -6.018386 -33.836033 1.000000
aniFrame
  m_time -0.208000
  m_vertexTransformMat -0.929879 0.339562 -0.141500 0.000000 0.352328 0.711477 -0.608002 0.000000 -0.105780 -0.615223 -0.781224 0.000000 -32.054268 -2.074852 -36.564930 1.000000
aniFrame
  m_time -0.169000
  m_vertexTransformMat -0.881997 0.424856 -0.203908 0.000000 0.466284 0.724089 -0.508208 0.000000 -0.068268 -0.543317 -0.836748 0.000000 -29.843414 2.424354 -39.209797 1.000000
aniFrame
  m_time -0.130000
  m_vertexTransformMat -0.818270 0.515243 -0.254871 0.000000 0.574515 0.718258 -0.392478 0.000000 -0.019158 -0.467580 -0.883743 0.000000 -26.967606 7.087224 -41.483257 1.000000
aniFrame
  m_time -0.091000
  m_vertexTransformMat -0.745064 0.600743 -0.289808 0.000000 0.665824 0.695602 -0.269844 0.000000 0.039484 -0.394012 -0.918257 0.000000 -23.701881 11.488269 -43.184540 1.000000
aniFrame
  m_time -0.052000
  m_vertexTransformMat -0.673422 0.672002 -0.308085 0.000000 0.731968 0.664502 -0.150532 0.000000 0.103565 -0.326880 -0.939375 0.000000 -20.454273 15.250888 -44.246700 1.000000
aniFrame
  m_time -0.013000
  m_vertexTransformMat -0.616772 0.722261 -0.312940 0.000000 0.769434 0.637056 -0.046159 0.000000 0.166022 -0.269256 -0.948651 0.000000 -17.744457 18.101994 -44.746574 1.000000
aniFrame
  m_time 0.025000
  m_vertexTransformMat -0.598082 0.740283 -0.307049 0.000000 0.767033 0.639778 0.048424 0.000000 0.232290 -0.206555 -0.950461 0.000000 -16.243959 19.873383 -44.929817 1.000000
aniFrame
  m_time 0.064000
  m_vertexTransformMat -0.633517 0.716789 -0.291325 0.000000 0.710901 0.687861 0.146514 0.000000 0.305411 -0.114284 -0.945338 0.000000 -16.416994 20.635267 -44.961952 1.000000
aniFrame
  m_time 0.103000
  m_vertexTransformMat -0.702019 0.659028 -0.269911 0.000000 0.615528 0.752118 0.235466 0.000000 0.358184 -0.000837 -0.933651 0.000000 -17.906269 20.535173 -44.759502 1.000000
aniFrame
  m_time 0.142000
  m_vertexTransformMat -0.775095 0.582704 -0.244301 0.000000 0.511045 0.805526 0.299936 0.000000 0.371564 0.107630 -0.922148 0.000000 -20.021883 19.690495 -44.203026 1.000000
aniFrame
  m_time 0.181000
  m_vertexTransformMat -0.828541 0.516313 -0.216661 0.000000 0.437072 0.838225 0.326107 0.000000 0.349984 0.175497 -0.920170 0.000000 -22.058533 18.430269 -43.391075 1.000000
aniFrame
  m_time 0.220000
  m_vertexTransformMat -0.854213 0.484086 -0.189691 0.000000 0.416256 0.855358 0.308373 0.000000 0.311532 0.184456 -0.932161 0.000000 -23.643524 17.179255 -42.538250 1.000000
aniFrame
  m_time 0.259000
  m_vertexTransformMat -0.866513 0.472589 -0.160668 0.000000 0.423792 0.866604 0.263436 0.000000 0.263732 0.160182 -0.951203 0.000000 -25.086576 15.855192 -41.587440 1.000000
aniFrame
  m_time 0.298000
  m_vertexTransformMat -0.872202 0.471277 -0.131003 0.000000 0.442414 0.874295 0.199693 0.000000 0.208646 0.116215 -0.971061 0.000000 -26.498384 14.359035 -40.601044 1.000000
aniFrame
  m_time 0.337000
  m_vertexTransformMat -0.872446 0.477385 -0.104599 0.000000 0.465524 0.876939 0.119435 0.000000 0.148743 0.055507 -0.987317 0.000000 -27.833969 12.715314 -39.725677 1.000000
aniFrame
  m_time 0.376000
  m_vertexTransformMat -0.869078 0.487568 -0.083552 0.000000 0.487192 0.872901 0.026229 0.000000 0.085721 -0.017911 -0.996159 0.000000 -29.083992 10.951995 -38.989433 1.000000
aniFrame
  m_time 0.415000
  m_vertexTransformMat -0.865896 0.495462 -0.068860 0.000000 0.499730 0.862925 -0.075034 0.000000 0.022245 -0.099383 -0.994801 0.000000 -30.269655 9.007593 -38.336510 1.000000
aniFrame
  m_time 0.454000
  m_vertexTransformMat -0.864506 0.498945 -0.060689 0.000000 0.501231 0.846825 -0.177919 0.000000 -0.037379 -0.184231 -0.982172 0.000000 -31.329958 6.963726 -37.746639 1.000000
aniFrame
  m_time 0.493000
  m_vertexTransformMat -0.867595 0.494045 -0.056565 0.000000 0.489061 0.827144 -0.276862 0.000000 -0.089994 -0.267867 -0.959244 0.000000 -32.289211 4.829705 -37.150620 1.000000
aniFrame
  m_time 0.532000
  m_vertexTransformMat -0.876794 0.477868 -0.053614 0.000000 0.462472 0.807454 -0.366248 0.000000 -0.131727 -0.345919 -0.928972 0.000000 -33.129677 2.640357 -36.501610 1.000000
aniFrame
  m_time 0.571000
  m_vertexTransformMat -0.901325 0.430700 -0.045945 0.000000 0.400516 0.788340 -0.467021 0.000000 -0.164925 -0.439339 -0.883052 0.000000 -34.016514 -0.467576 -35.564423 1.000000
aniFrame
  m_time 0.610000
  m_vertexTransformMat -0.935819 0.351527 -0.025912 0.000000 0.299722 0.754907 -0.583337 0.000000 -0.185497 -0.553664 -0.811817 0.000000 -34.771732 -4.594625 -33.978039 1.000000
aniFrame
  m_time 0.649000
  m_vertexTransformMat -0.963113 0.269064 0.004328 0.000000 0.193078 0.702143 -0.685359 0.000000 -0.187444 -0.659242 -0.728193 0.000000 -35.081112 -8.451646 -31.886824 1.000000
aniFrame
  m_time 0.688000
  m_vertexTransformMat -0.977802 0.207413 0.029707 0.000000 0.114702 0.648515 -0.752510 0.000000 -0.175346 -0.732398 -0.657910 0.000000 -35.020409 -10.999816 -30.032495 1.000000
aniFrame
  m_time 0.727000
  m_vertexTransformMat -0.982363 0.184257 0.031833 0.000000 0.092625 0.627400 -0.773168 0.000000 -0.162434 -0.756583 -0.633402 0.000000 -34.833447 -11.487635 -29.515099 1.000000
aniFrame
  m_time 0.766000
  m_vertexTransformMat -0.979048 0.203631 -0.000848 0.000000 0.134711 0.644553 -0.752599 0.000000 -0.152706 -0.736944 -0.658479 0.000000 -34.529472 -9.909611 -30.774536 1.000000
aniFrame
  m_time 0.805000
  m_vertexTransformMat -0.967390 0.247409 -0.054274 0.000000 0.212064 0.673942 -0.707695 0.000000 -0.138512 -0.696126 -0.704432 0.000000 -33.870453 -7.209463 -32.946667 1.000000
aniFrame
  m_time 0.844000
  m_vertexTransformMat -0.942506 0.312427 -0.118622 0.000000 0.313452 0.703373 -0.637976 0.000000 -0.115885 -0.638479 -0.760865 0.000000 -32.641388 -3.543717 -35.608166 1.000000
aniFrame
  m_time 0.883000
  m_vertexTransformMat -0.900772 0.393812 -0.183087 0.000000 0.426353 0.721643 -0.545394 0.000000 -0.082659 -0.569336 -0.817939 0.000000 -30.699623 0.803017 -38.315548 1.000000
aniFrame
  m_time 0.922000
  m_vertexTransformMat -0.842058 0.483621 -0.238851 0.000000 0.538077 0.722313 -0.434439 0.000000 -0.037578 -0.494343 -0.868455 0.000000 -28.034920 5.460387 -40.747864 1.000000
aniFrame
  m_time 0.961000
  m_vertexTransformMat -0.771176 0.571998 -0.279477 0.000000 0.636373 0.704907 -0.313267 0.000000 0.017817 -0.419435 -0.907611 0.000000 -24.871027 10.001320 -42.658920 1.000000
aniFrame
  m_time 1.000000
  m_vertexTransformMat -0.697589 0.649077 -0.303428 0.000000 0.711959 0.675540 -0.191734 0.000000 0.080528 -0.349779 -0.933365 0.000000 -21.564960 14.019274 -43.942345 1.000000
aniFrame
  m_time 1.039000
  m_vertexTransformMat -0.634438 0.707032 -0.312400 0.000000 0.759301 0.645729 -0.080600 0.000000 0.144739 -0.288341 -0.946525 0.000000 -18.611416 17.208448 -44.625759 1.000000
aniFrame
  m_time 1.078000
  m_vertexTransformMat -0.598735 0.738381 -0.310338 0.000000 0.773464 0.633653 0.015394 0.000000 0.208014 -0.230819 -0.950502 0.000000 -16.588924 19.375465 -44.887989 1.000000
aniFrame
  m_time 1.117000
  m_vertexTransformMat -0.615613 0.729672 -0.297656 0.000000 0.736507 0.667086 0.112044 0.000000 0.280318 -0.150250 -0.948075 0.000000 -16.172098 20.474571 -44.968689 1.000000
aniFrame
  m_time 1.156000
  m_vertexTransformMat -0.676344 0.682194 -0.277794 0.000000 0.651474 0.730006 0.206574 0.000000 0.343715 -0.041260 -0.938167 0.000000 -17.282560 20.661699 -44.865108 1.000000
aniFrame
  m_time 1.195000
  m_vertexTransformMat -0.751019 0.609679 -0.253499 0.000000 0.545804 0.789290 0.281283 0.000000 0.371576 0.072888 -0.925537 0.000000 -19.264427 20.053782 -44.434933 1.000000
aniFrame
  m_time 1.234000
  m_vertexTransformMat -0.813583 0.535689 -0.226098 0.000000 0.456357 0.829256 0.322602 0.000000 0.360307 0.159282 -0.919135 0.000000 -21.402588 18.879900 -43.678268 1.000000
aniFrame
  m_time 1.273000
  m_vertexTransformMat -0.848016 0.491170 -0.199052 0.000000 0.417751 0.850631 0.319235 0.000000 0.326118 0.187562 -0.926536 0.000000 -23.137831 17.603216 -42.839783 1.000000
aniFrame
  m_time 1.312000
  m_vertexTransformMat -0.862970 0.475352 -0.171244 0.000000 0.419543 0.863021 0.281389 0.000000 0.281546 0.170985 -0.944191 0.000000 -24.576326 16.339968 -41.937328 1.000000
aniFrame
  m_time 1.351000
  m_vertexTransformMat -0.870938 0.470705 -0.141084 0.000000 0.435039 0.872095 0.224032 0.000000 0.228491 0.133741 -0.964316 0.000000 -26.015617 14.901504 -40.938259 1.000000
aniFrame
  m_time 1.390000
  m_vertexTransformMat -0.873128 0.474183 -0.113129 0.000000 0.456965 0.876940 0.148861 0.000000 0.169795 0.078278 -0.982366 0.000000 -27.391790 13.289629 -40.010300 1.000000
aniFrame
  m_time 1.429000
  m_vertexTransformMat -0.871038 0.482893 -0.090044 0.000000 0.479291 0.875636 0.059513 0.000000 0.107584 0.008681 -0.994158 0.000000 -28.679518 11.547771 -39.229599 1.000000
aniFrame
  m_time 1.468000
  m_vertexTransformMat -0.867146 0.492677 -0.072984 0.000000 0.496114 0.867365 -0.039354 0.000000 0.043916 -0.070334 -0.996557 0.000000 -29.877169 9.689239 -38.547211 1.000000
aniFrame
  m_time 1.507000
  m_vertexTransformMat -0.864712 0.498367 -0.062485 0.000000 0.501959 0.853097 -0.142347 0.000000 -0.017635 -0.154454 -0.987843 0.000000 -30.980618 7.687418 -37.933426 1.000000
aniFrame
  m_time 1.546000
  m_vertexTransformMat -0.865956 0.496827 -0.057292 0.000000 0.494753 0.834289 -0.243273 0.000000 -0.073066 -0.239009 -0.968265 0.000000 -31.973715 5.584026 -37.346764 1.000000
aniFrame
  m_time 1.585000
  m_vertexTransformMat -0.872349 0.485803 -0.054797 0.000000 0.474373 0.814019 -0.335176 0.000000 -0.118223 -0.318385 -0.940561 0.000000 -32.838150 3.454473 -36.741608 1.000000
aniFrame
  m_time 1.624000
  m_vertexTransformMat -0.890981 0.451353 -0.049339 0.000000 0.426924 0.795814 -0.429437 0.000000 -0.154563 -0.403684 -0.901748 0.000000 -33.707603 0.760612 -35.941582 1.000000
aniFrame
  m_time 1.663000
  m_vertexTransformMat -0.924070 0.380700 -0.034093 0.000000 0.336886 0.769079 -0.543163 0.000000 -0.180562 -0.513405 -0.838935 0.000000 -34.557331 -3.131059 -34.599102 1.000000
aniFrame
  m_time 1.702000
  m_vertexTransformMat -0.955000 0.296525 -0.006943 0.000000 0.229012 0.722284 -0.652579 0.000000 -0.188491 -0.624803 -0.757689 0.000000 -35.011490 -7.205608 -32.657589 1.000000
aniFrame
  m_time 1.741000
  m_vertexTransformMat -0.974076 0.225101 0.022489 0.000000 0.136968 0.665958 -0.733308 0.000000 -0.180045 -0.711217 -0.679525 0.000000 -35.059345 -10.310959 -30.603273 1.000000
aniFrame
  m_time 1.780000
  m_vertexTransformMat -0.981848 0.186163 0.036294 0.000000 0.090955 0.630061 -0.771201 0.000000 -0.166436 -0.753901 -0.635557 0.000000 -34.917553 -11.606098 -29.445065 1.000000
aniFrame
  m_time 1.819000
  m_vertexTransformMat -0.981204 0.192292 0.016168 0.000000 0.112111 0.636246 -0.763296 0.000000 -0.157063 -0.747138 -0.645846 0.000000 -34.692310 -10.664451 -30.113209 1.000000
aniFrame
  m_time 1.858000
  m_vertexTransformMat -0.974793 0.221606 -0.025845 0.000000 0.170456 0.664990 -0.727140 0.000000 -0.143952 -0.713218 -0.686002 0.000000 -34.211090 -8.597793 -31.854418 1.000000
aniFrame
  m_time 1.897000
  m_vertexTransformMat -0.960491 0.267401 -0.077164 0.000000 0.248709 0.700242 -0.669183 0.000000 -0.124907 -0.661935 -0.739081 0.000000 -33.382015 -5.732961 -34.070156 1.000000
aniFrame
  m_time 1.936000
  m_vertexTransformMat -0.934729 0.329309 -0.133561 0.000000 0.342128 0.732317 -0.588780 0.000000 -0.096081 -0.596044 -0.797183 0.000000 -32.024963 -2.129237 -36.551434 1.000000
aniFrame
  m_time 1.975000
  m_vertexTransformMat -0.894743 0.404782 -0.188646 0.000000 0.443077 0.751803 -0.488339 0.000000 -0.055847 -0.520523 -0.852020 0.000000 -30.037010 2.039533 -39.025009 1.000000
aniFrame
  m_time 2.014000
  m_vertexTransformMat -0.839500 0.489095 -0.236699 0.000000 0.543343 0.752124 -0.372947 0.000000 -0.004380 -0.441698 -0.897153 0.000000 -27.441570 6.517144 -41.261272 1.000000
aniFrame
  m_time 2.053000
  m_vertexTransformMat -0.770311 0.575895 -0.273800 0.000000 0.635199 0.730746 -0.250066 0.000000 0.056066 -0.366546 -0.928710 0.000000 -24.323376 10.990983 -43.040325 1.000000
aniFrame
  m_time 2.092000
  m_vertexTransformMat -0.691060 0.658262 -0.298543 0.000000 0.712537 0.689771 -0.128476 0.000000 0.121356 -0.301507 -0.945709 0.000000 -20.827148 15.141532 -44.232750 1.000000
aniFrame
  m_time 2.131000
  m_vertexTransformMat -0.608575 0.729875 -0.311319 0.000000 0.771676 0.635761 -0.017977 0.000000 0.184804 -0.251178 -0.950136 0.000000 -17.225527 18.694054 -44.806145 1.000000
aniFrame
  m_time 2.133000
  m_vertexTransformMat -0.604204 0.733202 -0.312013 0.000000 0.774336 0.632645 -0.012818 0.000000 0.187996 -0.249347 -0.949992 0.000000 -17.036129 18.855448 -44.829823 1.000000
