m_aniFrameList.size 202
aniFrame
  m_time -1.066000
  m_vertexTransformMat -0.604204 0.733202 -0.312013 0.000000 0.774336 0.632645 -0.012818 0.000000 0.187996 -0.249347 -0.949992 0.000000 -17.036131 18.855446 -44.829819 1.000000
aniFrame
  m_time -1.050000
  m_vertexTransformMat -0.625627 0.718783 -0.303218 0.000000 0.750148 0.660994 0.019123 0.000000 0.214171 -0.215494 -0.952730 0.000000 -17.413441 18.887075 -44.839108 1.000000
aniFrame
  m_time -1.034000
  m_vertexTransformMat -0.647528 0.702629 -0.294992 0.000000 0.723433 0.688450 0.051803 0.000000 0.239485 -0.179863 -0.954095 0.000000 -17.811735 18.900688 -44.849964 1.000000
aniFrame
  m_time -1.018000
  m_vertexTransformMat -0.670277 0.684698 -0.286214 0.000000 0.692827 0.715556 0.089284 0.000000 0.265934 -0.138451 -0.953997 0.000000 -18.205168 18.965666 -44.847214 1.000000
aniFrame
  m_time -1.002000
  m_vertexTransformMat -0.693403 0.664940 -0.277573 0.000000 0.659103 0.740982 0.128562 0.000000 0.291163 -0.093803 -0.952064 0.000000 -18.615644 19.036383 -44.825905 1.000000
aniFrame
  m_time -0.986000
  m_vertexTransformMat -0.716209 0.643942 -0.269043 0.000000 0.623630 0.763576 0.167442 0.000000 0.313257 -0.047860 -0.948462 0.000000 -19.046179 19.094687 -44.767212 1.000000
aniFrame
  m_time -0.970000
  m_vertexTransformMat -0.738541 0.621787 -0.260648 0.000000 0.586877 0.783185 0.205417 0.000000 0.331861 -0.001260 -0.943328 0.000000 -19.498245 19.132061 -44.669159 1.000000
aniFrame
  m_time -0.954000
  m_vertexTransformMat -0.759712 0.599248 -0.252466 0.000000 0.550846 0.799400 0.239852 0.000000 0.345552 0.043148 -0.937407 0.000000 -19.964663 19.119787 -44.518436 1.000000
aniFrame
  m_time -0.938000
  m_vertexTransformMat -0.779625 0.576674 -0.244195 0.000000 0.516184 0.812531 0.270830 0.000000 0.354596 0.085096 -0.931140 0.000000 -20.444681 19.062485 -44.315701 1.000000
aniFrame
  m_time -0.922000
  m_vertexTransformMat -0.797684 0.555000 -0.235958 0.000000 0.485175 0.822967 0.295519 0.000000 0.358198 0.121250 -0.925739 0.000000 -20.945765 18.926538 -44.067944 1.000000
aniFrame
  m_time -0.906000
  m_vertexTransformMat -0.813877 0.534740 -0.227282 0.000000 0.458403 0.831298 0.314342 0.000000 0.357030 0.151649 -0.921701 0.000000 -21.459131 18.726160 -43.772991 1.000000
aniFrame
  m_time -0.890000
  m_vertexTransformMat -0.827609 0.517101 -0.218334 0.000000 0.438399 0.838397 0.323878 0.000000 0.350529 0.172327 -0.920562 0.000000 -22.007919 18.423323 -43.470360 1.000000
aniFrame
  m_time -0.874000
  m_vertexTransformMat -0.838979 0.502545 -0.208720 0.000000 0.425243 0.844808 0.324761 0.000000 0.339535 0.183710 -0.922479 0.000000 -22.578659 18.037752 -43.149715 1.000000
aniFrame
  m_time -0.858000
  m_vertexTransformMat -0.848255 0.491028 -0.198382 0.000000 0.417986 0.850772 0.318552 0.000000 0.325196 0.187292 -0.926915 0.000000 -23.165190 17.585478 -42.814087 1.000000
aniFrame
  m_time -0.842000
  m_vertexTransformMat -0.855388 0.482957 -0.187256 0.000000 0.416749 0.856353 0.304926 0.000000 0.307623 0.182791 -0.933786 0.000000 -23.765976 17.074339 -42.457508 1.000000
aniFrame
  m_time -0.826000
  m_vertexTransformMat -0.861219 0.476926 -0.175623 0.000000 0.418279 0.861412 0.288118 0.000000 0.288694 0.174673 -0.941353 0.000000 -24.362221 16.534578 -42.080883 1.000000
aniFrame
  m_time -0.810000
  m_vertexTransformMat -0.865727 0.473153 -0.163229 0.000000 0.422639 0.865762 0.268018 0.000000 0.268131 0.163044 -0.949486 0.000000 -24.963556 15.975576 -41.672413 1.000000
aniFrame
  m_time -0.794000
  m_vertexTransformMat -0.869107 0.470969 -0.151134 0.000000 0.428661 0.869632 0.244929 0.000000 0.246785 0.148085 -0.957689 0.000000 -25.545229 15.383573 -41.271709 1.000000
aniFrame
  m_time -0.778000
  m_vertexTransformMat -0.871302 0.470798 -0.138498 0.000000 0.436847 0.872665 0.218222 0.000000 0.223602 0.129635 -0.966021 0.000000 -26.137186 14.771839 -40.851955 1.000000
aniFrame
  m_time -0.762000
  m_vertexTransformMat -0.872600 0.471587 -0.127176 0.000000 0.445383 0.875128 0.189169 0.000000 0.200505 0.108427 -0.973674 0.000000 -26.689833 14.124097 -40.473572 1.000000
aniFrame
  m_time -0.746000
  m_vertexTransformMat -0.873176 0.473471 -0.115709 0.000000 0.454663 0.876777 0.156667 0.000000 0.175628 0.084189 -0.980850 0.000000 -27.262848 13.444201 -40.095516 1.000000
aniFrame
  m_time -0.730000
  m_vertexTransformMat -0.872508 0.477107 -0.105348 0.000000 0.464757 0.876942 0.122365 0.000000 0.150765 0.057803 -0.986879 0.000000 -27.792233 12.773949 -39.750874 1.000000
aniFrame
  m_time -0.714000
  m_vertexTransformMat -0.871942 0.480043 -0.096310 0.000000 0.473265 0.876769 0.085420 0.000000 0.125446 0.028901 -0.991679 0.000000 -28.319431 12.031547 -39.445580 1.000000
aniFrame
  m_time -0.698000
  m_vertexTransformMat -0.870240 0.484853 -0.087178 0.000000 0.482604 0.874595 0.046667 0.000000 0.098872 -0.001461 -0.995099 0.000000 -28.843546 11.323136 -39.127415 1.000000
aniFrame
  m_time -0.682000
  m_vertexTransformMat -0.868351 0.489359 -0.080583 0.000000 0.490468 0.871433 0.006769 0.000000 0.073535 -0.033646 -0.996725 0.000000 -29.310770 10.578563 -38.868256 1.000000
aniFrame
  m_time -0.666000
  m_vertexTransformMat -0.867294 0.492308 -0.073718 0.000000 0.495598 0.867846 -0.035017 0.000000 0.046737 -0.066905 -0.996664 0.000000 -29.823965 9.770344 -38.578873 1.000000
aniFrame
  m_time -0.650000
  m_vertexTransformMat -0.865841 0.495579 -0.068713 0.000000 0.499869 0.862690 -0.076788 0.000000 0.021224 -0.100834 -0.994677 0.000000 -30.287630 8.973518 -38.327408 1.000000
aniFrame
  m_time -0.634000
  m_vertexTransformMat -0.864932 0.497674 -0.064910 0.000000 0.501875 0.856666 -0.119352 0.000000 -0.003792 -0.135808 -0.990728 0.000000 -30.730032 8.140988 -38.085186 1.000000
aniFrame
  m_time -0.618000
  m_vertexTransformMat -0.864549 0.498795 -0.061313 0.000000 0.501744 0.849814 -0.161460 0.000000 -0.028431 -0.170353 -0.984973 0.000000 -31.172354 7.301414 -37.829086 1.000000
aniFrame
  m_time -0.602000
  m_vertexTransformMat -0.864758 0.498630 -0.059675 0.000000 0.499588 0.842107 -0.203147 0.000000 -0.051042 -0.205486 -0.977328 0.000000 -31.572643 6.439720 -37.608624 1.000000
aniFrame
  m_time -0.586000
  m_vertexTransformMat -0.865988 0.496775 -0.057260 0.000000 0.494633 0.834118 -0.244102 0.000000 -0.073502 -0.239712 -0.968057 0.000000 -31.981718 5.565809 -37.341713 1.000000
aniFrame
  m_time -0.570000
  m_vertexTransformMat -0.868015 0.493315 -0.056480 0.000000 0.487723 0.825733 -0.283355 0.000000 -0.093146 -0.273503 -0.957350 0.000000 -32.349392 4.680302 -37.111622 1.000000
aniFrame
  m_time -0.554000
  m_vertexTransformMat -0.870918 0.488296 -0.055389 0.000000 0.478663 0.817371 -0.320601 0.000000 -0.111275 -0.305730 -0.945593 0.000000 -32.700172 3.809228 -36.852615 1.000000
aniFrame
  m_time -0.538000
  m_vertexTransformMat -0.875094 0.480934 -0.053978 0.000000 0.466849 0.809507 -0.356020 0.000000 -0.127526 -0.336750 -0.932918 0.000000 -33.034531 2.917852 -36.580719 1.000000
aniFrame
  m_time -0.522000
  m_vertexTransformMat -0.882547 0.467324 -0.052135 0.000000 0.448045 0.802089 -0.394853 0.000000 -0.142707 -0.371835 -0.917264 0.000000 -33.394932 1.822678 -36.264130 1.000000
aniFrame
  m_time -0.506000
  m_vertexTransformMat -0.892607 0.448187 -0.048806 0.000000 0.422825 0.794662 -0.435583 0.000000 -0.156439 -0.409441 -0.898825 0.000000 -33.760536 0.564376 -35.881897 1.000000
aniFrame
  m_time -0.490000
  m_vertexTransformMat -0.905358 0.422339 -0.044232 0.000000 0.389867 0.785395 -0.480790 0.000000 -0.168316 -0.452531 -0.875720 0.000000 -34.125633 -0.934289 -35.409184 1.000000
aniFrame
  m_time -0.474000
  m_vertexTransformMat -0.919917 0.390409 -0.036508 0.000000 0.349183 0.773285 -0.529247 0.000000 -0.178391 -0.499611 -0.847682 0.000000 -34.473816 -2.631640 -34.791584 1.000000
aniFrame
  m_time -0.458000
  m_vertexTransformMat -0.933816 0.356687 -0.027598 0.000000 0.306388 0.757532 -0.576431 0.000000 -0.184698 -0.546736 -0.816680 0.000000 -34.735321 -4.340375 -34.095856 1.000000
aniFrame
  m_time -0.442000
  m_vertexTransformMat -0.946941 0.321053 -0.015138 0.000000 0.260187 0.738065 -0.622546 0.000000 -0.188697 -0.593453 -0.782437 0.000000 -34.945606 -6.062008 -33.249687 1.000000
aniFrame
  m_time -0.426000
  m_vertexTransformMat -0.957703 0.287734 -0.003701 0.000000 0.217701 0.716071 -0.663212 0.000000 -0.188178 -0.635966 -0.748423 0.000000 -35.032108 -7.609074 -32.426437 1.000000
aniFrame
  m_time -0.410000
  m_vertexTransformMat -0.966560 0.256235 0.010239 0.000000 0.176067 0.692124 -0.699975 0.000000 -0.186445 -0.674765 -0.714094 0.000000 -35.104961 -9.015003 -31.498211 1.000000
aniFrame
  m_time -0.394000
  m_vertexTransformMat -0.973190 0.229026 0.021164 0.000000 0.141724 0.669596 -0.729079 0.000000 -0.181149 -0.706533 -0.684103 0.000000 -35.072414 -10.151944 -30.715000 1.000000
aniFrame
  m_time -0.378000
  m_vertexTransformMat -0.977726 0.207800 0.029518 0.000000 0.115207 0.648898 -0.752104 0.000000 -0.175442 -0.731950 -0.658384 0.000000 -35.020779 -10.985621 -30.046150 1.000000
aniFrame
  m_time -0.362000
  m_vertexTransformMat -0.980758 0.191712 0.036887 0.000000 0.095240 0.634767 -0.766812 0.000000 -0.170422 -0.748544 -0.640811 0.000000 -34.986565 -11.503778 -29.525091 1.000000
aniFrame
  m_time -0.346000
  m_vertexTransformMat -0.982242 0.184419 0.034512 0.000000 0.090800 0.628220 -0.772720 0.000000 -0.164185 -0.755864 -0.633809 0.000000 -34.871216 -11.591389 -29.457527 1.000000
aniFrame
  m_time -0.330000
  m_vertexTransformMat -0.982213 0.185573 0.028645 0.000000 0.096198 0.628325 -0.771981 0.000000 -0.161257 -0.755494 -0.635000 0.000000 -34.810921 -11.283065 -29.616323 1.000000
aniFrame
  m_time -0.314000
  m_vertexTransformMat -0.981075 0.192997 0.015661 0.000000 0.112900 0.635867 -0.763497 0.000000 -0.157310 -0.747279 -0.645622 0.000000 -34.693771 -10.642163 -30.129410 1.000000
aniFrame
  m_time -0.298000
  m_vertexTransformMat -0.978754 0.205020 -0.002660 0.000000 0.137265 0.645546 -0.751285 0.000000 -0.152311 -0.735689 -0.659972 0.000000 -34.513203 -9.819221 -30.846075 1.000000
aniFrame
  m_time -0.282000
  m_vertexTransformMat -0.975068 0.220752 -0.022607 0.000000 0.165834 0.657199 -0.735247 0.000000 -0.147451 -0.720665 -0.677422 0.000000 -34.299385 -8.809308 -31.659296 1.000000
aniFrame
  m_time -0.266000
  m_vertexTransformMat -0.969633 0.240155 -0.046246 0.000000 0.200012 0.669863 -0.715038 0.000000 -0.140742 -0.702574 -0.697555 0.000000 -33.984684 -7.631367 -32.620136 1.000000
aniFrame
  m_time -0.250000
  m_vertexTransformMat -0.962098 0.263316 -0.070939 0.000000 0.237739 0.682430 -0.691209 0.000000 -0.133596 -0.681876 -0.719165 0.000000 -33.608994 -6.291589 -33.634487 1.000000
aniFrame
  m_time -0.234000
  m_vertexTransformMat -0.952066 0.289918 -0.097561 0.000000 0.279506 0.694920 -0.662543 0.000000 -0.124286 -0.658053 -0.742643 0.000000 -33.107647 -4.783519 -34.738407 1.000000
aniFrame
  m_time -0.218000
  m_vertexTransformMat -0.939325 0.319517 -0.124813 0.000000 0.323783 0.705683 -0.630220 0.000000 -0.113287 -0.632393 -0.766320 0.000000 -32.492077 -3.157862 -35.865726 1.000000
aniFrame
  m_time -0.202000
  m_vertexTransformMat -0.923685 0.351958 -0.151434 0.000000 0.369648 0.714561 -0.593939 0.000000 -0.100833 -0.604589 -0.790130 0.000000 -31.765621 -1.409866 -36.983326 1.000000
aniFrame
  m_time -0.186000
  m_vertexTransformMat -0.905052 0.386369 -0.177763 0.000000 0.416523 0.720753 -0.554097 0.000000 -0.085963 -0.575529 -0.813251 0.000000 -30.895838 0.412675 -38.090370 1.000000
aniFrame
  m_time -0.170000
  m_vertexTransformMat -0.883432 0.422569 -0.202444 0.000000 0.463396 0.723971 -0.511010 0.000000 -0.069373 -0.545254 -0.835395 0.000000 -29.908897 2.305136 -39.146076 1.000000
aniFrame
  m_time -0.154000
  m_vertexTransformMat -0.859176 0.459490 -0.225134 0.000000 0.509163 0.724158 -0.465133 0.000000 -0.050691 -0.514261 -0.856135 0.000000 -28.805157 4.219279 -40.139927 1.000000
aniFrame
  m_time -0.138000
  m_vertexTransformMat -0.832314 0.496806 -0.245841 0.000000 0.553488 0.720821 -0.417216 0.000000 -0.030068 -0.483325 -0.874925 0.000000 -27.597734 6.138092 -41.063961 1.000000
aniFrame
  m_time -0.122000
  m_vertexTransformMat -0.803800 0.533522 -0.263172 0.000000 0.594846 0.714859 -0.367609 0.000000 -0.007997 -0.452031 -0.891967 0.000000 -26.322447 8.026381 -41.876034 1.000000
aniFrame
  m_time -0.106000
  m_vertexTransformMat -0.773724 0.569116 -0.278314 0.000000 0.633327 0.705761 -0.317488 0.000000 0.015736 -0.421912 -0.906500 0.000000 -24.984825 9.852995 -42.602242 1.000000
aniFrame
  m_time -0.090000
  m_vertexTransformMat -0.743160 0.602793 -0.290439 0.000000 0.667853 0.694870 -0.266698 0.000000 0.041054 -0.392170 -0.918976 0.000000 -23.616856 11.594704 -43.218636 1.000000
aniFrame
  m_time -0.074000
  m_vertexTransformMat -0.712964 0.634098 -0.299337 0.000000 0.698038 0.682327 -0.217195 0.000000 0.066522 -0.363801 -0.929099 0.000000 -22.264217 13.228081 -43.712662 1.000000
aniFrame
  m_time -0.058000
  m_vertexTransformMat -0.683823 0.662190 -0.306416 0.000000 0.723623 0.669336 -0.168406 0.000000 0.093579 -0.336889 -0.936883 0.000000 -20.933229 14.720461 -44.126083 1.000000
aniFrame
  m_time -0.042000
  m_vertexTransformMat -0.657029 0.687149 -0.310064 0.000000 0.744275 0.656659 -0.121872 0.000000 0.119862 -0.310846 -0.942872 0.000000 -19.691992 16.082424 -44.414738 1.000000
aniFrame
  m_time -0.026000
  m_vertexTransformMat -0.633508 0.707836 -0.312469 0.000000 0.759876 0.645265 -0.078874 0.000000 0.145795 -0.287405 -0.946648 0.000000 -18.566578 17.254436 -44.633205 1.000000
aniFrame
  m_time -0.010000
  m_vertexTransformMat -0.613462 0.725120 -0.312836 0.000000 0.771055 0.635586 -0.038795 0.000000 0.170703 -0.265013 -0.949015 0.000000 -17.572767 18.281374 -44.766350 1.000000
aniFrame
  m_time 0.005000
  m_vertexTransformMat -0.601167 0.735964 -0.311377 0.000000 0.774441 0.632646 0.000116 0.000000 0.197076 -0.241073 -0.950287 0.000000 -16.814634 19.104561 -44.859341 1.000000
aniFrame
  m_time 0.021000
  m_vertexTransformMat -0.597601 0.740212 -0.308154 0.000000 0.769553 0.637408 0.038720 0.000000 0.225081 -0.214002 -0.950548 0.000000 -16.324440 19.739685 -44.919941 1.000000
aniFrame
  m_time 0.037000
  m_vertexTransformMat -0.603124 0.737806 -0.303123 0.000000 0.755947 0.649976 0.077944 0.000000 0.254530 -0.182135 -0.949759 0.000000 -16.110096 20.212677 -44.952953 1.000000
aniFrame
  m_time 0.053000
  m_vertexTransformMat -0.618800 0.727458 -0.296463 0.000000 0.731864 0.670999 0.118889 0.000000 0.285413 -0.143402 -0.947616 0.000000 -16.207689 20.513721 -44.969643 1.000000
aniFrame
  m_time 0.069000
  m_vertexTransformMat -0.640818 0.711264 -0.288886 0.000000 0.700650 0.695661 0.158573 0.000000 0.313754 -0.100792 -0.944139 0.000000 -16.540436 20.671158 -44.951035 1.000000
aniFrame
  m_time 0.085000
  m_vertexTransformMat -0.668264 0.689116 -0.280254 0.000000 0.662682 0.722615 0.196673 0.000000 0.338047 -0.054290 -0.939562 0.000000 -17.099089 20.683477 -44.889698 1.000000
aniFrame
  m_time 0.101000
  m_vertexTransformMat -0.698235 0.662551 -0.271096 0.000000 0.620848 0.748987 0.231447 0.000000 0.356393 -0.006705 -0.934312 0.000000 -17.810659 20.559155 -44.778103 1.000000
aniFrame
  m_time 0.117000
  m_vertexTransformMat -0.729354 0.632389 -0.261013 0.000000 0.576870 0.773580 0.262288 0.000000 0.367782 0.040730 -0.929020 0.000000 -18.635952 20.306082 -44.597759 1.000000
aniFrame
  m_time 0.133000
  m_vertexTransformMat -0.759404 0.600487 -0.250441 0.000000 0.533695 0.795090 0.288098 0.000000 0.372123 0.085124 -0.924272 0.000000 -19.521389 19.937340 -44.362007 1.000000
aniFrame
  m_time 0.149000
  m_vertexTransformMat -0.786897 0.568815 -0.239253 0.000000 0.494056 0.813037 0.308025 0.000000 0.369731 0.124179 -0.920803 0.000000 -20.416462 19.478258 -44.063034 1.000000
aniFrame
  m_time 0.165000
  m_vertexTransformMat -0.810648 0.539445 -0.227705 0.000000 0.460385 0.827501 0.321385 0.000000 0.361795 0.155698 -0.919165 0.000000 -21.284485 18.956778 -43.726051 1.000000
aniFrame
  m_time 0.181000
  m_vertexTransformMat -0.828541 0.516313 -0.216661 0.000000 0.437072 0.838225 0.326107 0.000000 0.349984 0.175497 -0.920170 0.000000 -22.058533 18.430269 -43.391075 1.000000
aniFrame
  m_time 0.197000
  m_vertexTransformMat -0.842009 0.498784 -0.205514 0.000000 0.422520 0.846608 0.323623 0.000000 0.335408 0.185659 -0.923598 0.000000 -22.760359 17.905081 -43.043552 1.000000
aniFrame
  m_time 0.213000
  m_vertexTransformMat -0.851327 0.487256 -0.194485 0.000000 0.416408 0.853061 0.314470 0.000000 0.319135 0.186731 -0.929131 0.000000 -23.389223 17.395596 -42.693432 1.000000
aniFrame
  m_time 0.229000
  m_vertexTransformMat -0.857486 0.480700 -0.183432 0.000000 0.417000 0.858144 0.299500 0.000000 0.301380 0.180326 -0.936297 0.000000 -23.967123 16.893806 -42.334698 1.000000
aniFrame
  m_time 0.245000
  m_vertexTransformMat -0.862872 0.475437 -0.171503 0.000000 0.419458 0.862928 0.281798 0.000000 0.281972 0.171217 -0.944022 0.000000 -24.563736 16.351522 -41.945847 1.000000
aniFrame
  m_time 0.261000
  m_vertexTransformMat -0.866964 0.472276 -0.159152 0.000000 0.424505 0.867102 0.260635 0.000000 0.261093 0.158400 -0.952229 0.000000 -25.159599 15.782084 -41.537148 1.000000
aniFrame
  m_time 0.277000
  m_vertexTransformMat -0.869971 0.470710 -0.146911 0.000000 0.431205 0.870736 0.236394 0.000000 0.239194 0.142308 -0.960487 0.000000 -25.743408 15.182198 -41.131954 1.000000
aniFrame
  m_time 0.293000
  m_vertexTransformMat -0.871803 0.471025 -0.134516 0.000000 0.439747 0.873527 0.208741 0.000000 0.215825 0.122828 -0.968675 0.000000 -26.326954 14.561030 -40.718674 1.000000
aniFrame
  m_time 0.309000
  m_vertexTransformMat -0.872911 0.472013 -0.123408 0.000000 0.448321 0.875823 0.178723 0.000000 0.192443 0.100683 -0.976129 0.000000 -26.878485 13.898266 -40.349133 1.000000
aniFrame
  m_time 0.325000
  m_vertexTransformMat -0.873081 0.474540 -0.111986 0.000000 0.458026 0.876985 0.145293 0.000000 0.167157 0.075560 -0.983031 0.000000 -27.449186 13.219774 -39.972420 1.000000
aniFrame
  m_time 0.341000
  m_vertexTransformMat -0.872304 0.478126 -0.102380 0.000000 0.467709 0.876953 0.110466 0.000000 0.142599 0.048476 -0.988593 0.000000 -27.961561 12.533652 -39.650959 1.000000
aniFrame
  m_time 0.357000
  m_vertexTransformMat -0.871594 0.481297 -0.093153 0.000000 0.476179 0.876355 0.072493 0.000000 0.116526 0.018827 -0.993010 0.000000 -28.502192 11.784701 -39.337616 1.000000
aniFrame
  m_time 0.373000
  m_vertexTransformMat -0.869453 0.486689 -0.084767 0.000000 0.485668 0.873495 0.033675 0.000000 0.090433 -0.011890 -0.995832 0.000000 -28.997774 11.090288 -39.037048 1.000000
aniFrame
  m_time 0.389000
  m_vertexTransformMat -0.867998 0.490335 -0.078438 0.000000 0.492323 0.870384 -0.007075 0.000000 0.064802 -0.044758 -0.996894 0.000000 -29.477179 10.307824 -38.778419 1.000000
aniFrame
  m_time 0.405000
  m_vertexTransformMat -0.866806 0.493481 -0.071587 0.000000 0.497205 0.866255 -0.048892 0.000000 0.037885 -0.077973 -0.996235 0.000000 -29.989025 9.509468 -38.483425 1.000000
aniFrame
  m_time 0.421000
  m_vertexTransformMat -0.865443 0.496429 -0.067582 0.000000 0.500838 0.860757 -0.090881 0.000000 0.013056 -0.112500 -0.993566 0.000000 -30.430971 8.698625 -38.254169 1.000000
aniFrame
  m_time 0.437000
  m_vertexTransformMat -0.864801 0.498114 -0.063272 0.000000 0.501962 0.854513 -0.133578 0.000000 -0.012470 -0.147278 -0.989017 0.000000 -30.887770 7.861806 -37.987545 1.000000
aniFrame
  m_time 0.453000
  m_vertexTransformMat -0.864504 0.498938 -0.060776 0.000000 0.501337 0.847305 -0.175319 0.000000 -0.035977 -0.182033 -0.982634 0.000000 -31.305273 7.017348 -37.759636 1.000000
aniFrame
  m_time 0.469000
  m_vertexTransformMat -0.865107 0.498138 -0.058726 0.000000 0.498125 0.839493 -0.217079 0.000000 -0.058835 -0.217049 -0.974386 0.000000 -31.714060 6.147717 -37.515404 1.000000
aniFrame
  m_time 0.485000
  m_vertexTransformMat -0.866545 0.495848 -0.056869 0.000000 0.492597 0.831354 -0.257291 0.000000 -0.080299 -0.250968 -0.964659 0.000000 -32.107162 5.273303 -37.263786 1.000000
aniFrame
  m_time 0.501000
  m_vertexTransformMat -0.868973 0.491655 -0.056218 0.000000 0.484771 0.822925 -0.296298 0.000000 -0.099414 -0.284727 -0.953440 0.000000 -32.470650 4.379877 -37.027832 1.000000
aniFrame
  m_time 0.517000
  m_vertexTransformMat -0.872036 0.486351 -0.054916 0.000000 0.475286 0.814680 -0.332264 0.000000 -0.116857 -0.315847 -0.941587 0.000000 -32.810593 3.526541 -36.763962 1.000000
aniFrame
  m_time 0.533000
  m_vertexTransformMat -0.877233 0.477071 -0.053532 0.000000 0.461363 0.806980 -0.368683 0.000000 -0.132689 -0.348118 -0.928013 0.000000 -33.152142 2.572962 -36.482754 1.000000
aniFrame
  m_time 0.549000
  m_vertexTransformMat -0.885618 0.461591 -0.051136 0.000000 0.440372 0.799693 -0.408122 0.000000 -0.147492 -0.383959 -0.911494 0.000000 -33.517162 1.424275 -36.143692 1.000000
aniFrame
  m_time 0.565000
  m_vertexTransformMat -0.896526 0.440430 -0.047568 0.000000 0.412882 0.791846 -0.450010 0.000000 -0.160531 -0.423086 -0.891756 0.000000 -33.880447 0.096481 -35.739971 1.000000
aniFrame
  m_time 0.581000
  m_vertexTransformMat -0.910164 0.412125 -0.041892 0.000000 0.376841 0.781735 -0.496871 0.000000 -0.172025 -0.468020 -0.866813 0.000000 -34.248989 -1.489080 -35.215206 1.000000
aniFrame
  m_time 0.597000
  m_vertexTransformMat -0.924651 0.379315 -0.033755 0.000000 0.335139 0.768453 -0.545126 0.000000 -0.180836 -0.515364 -0.837674 0.000000 -34.568363 -3.201847 -34.571564 1.000000
aniFrame
  m_time 0.613000
  m_vertexTransformMat -0.938366 0.344834 -0.023626 0.000000 0.291043 0.751416 -0.592172 0.000000 -0.186448 -0.562551 -0.805465 0.000000 -34.816689 -4.921777 -33.821812 1.000000
aniFrame
  m_time 0.629000
  m_vertexTransformMat -0.950819 0.309548 -0.011152 0.000000 0.245440 0.730964 -0.636751 0.000000 -0.188953 -0.608172 -0.770989 0.000000 -34.985443 -6.602204 -32.971287 1.000000
aniFrame
  m_time 0.645000
  m_vertexTransformMat -0.960871 0.276995 0.000778 0.000000 0.203599 0.708167 -0.676053 0.000000 -0.187814 -0.649441 -0.736853 0.000000 -35.060909 -8.096556 -32.122028 1.000000
aniFrame
  m_time 0.661000
  m_vertexTransformMat -0.969038 0.246481 0.014610 0.000000 0.163346 0.684316 -0.710655 0.000000 -0.185160 -0.686265 -0.703389 0.000000 -35.109871 -9.432213 -31.205708 1.000000
aniFrame
  m_time 0.677000
  m_vertexTransformMat -0.974906 0.221341 0.023809 0.000000 0.132371 0.662355 -0.737404 0.000000 -0.178987 -0.715747 -0.675033 0.000000 -35.047546 -10.462070 -30.491947 1.000000
aniFrame
  m_time 0.693000
  m_vertexTransformMat -0.978877 0.201847 0.032517 0.000000 0.107440 0.643176 -0.758143 0.000000 -0.173943 -0.738635 -0.651277 0.000000 -35.015831 -11.196923 -29.835600 1.000000
aniFrame
  m_time 0.709000
  m_vertexTransformMat -0.981452 0.188094 0.037061 0.000000 0.092033 0.631855 -0.769603 0.000000 -0.168175 -0.751918 -0.637446 0.000000 -34.950165 -11.585561 -29.458765 1.000000
aniFrame
  m_time 0.725000
  m_vertexTransformMat -0.982358 0.184153 0.032577 0.000000 0.091989 0.627487 -0.773174 0.000000 -0.162824 -0.756537 -0.633356 0.000000 -34.841801 -11.523190 -29.496624 1.000000
aniFrame
  m_time 0.741000
  m_vertexTransformMat -0.981965 0.187338 0.025499 0.000000 0.100233 0.630189 -0.769945 0.000000 -0.160309 -0.753502 -0.637601 0.000000 -34.786774 -11.103268 -29.738886 1.000000
aniFrame
  m_time 0.757000
  m_vertexTransformMat -0.980429 0.196641 0.009571 0.000000 0.120770 0.639117 -0.759569 0.000000 -0.155479 -0.743548 -0.650357 0.000000 -34.631783 -10.379390 -30.368137 1.000000
aniFrame
  m_time 0.773000
  m_vertexTransformMat -0.977705 0.209800 -0.008772 0.000000 0.145980 0.649073 -0.746589 0.000000 -0.150940 -0.731224 -0.665228 0.000000 -34.454575 -9.508985 -31.092278 1.000000
aniFrame
  m_time 0.789000
  m_vertexTransformMat -0.973459 0.226852 -0.030260 0.000000 0.176807 0.661491 -0.728814 0.000000 -0.145317 -0.714821 -0.684044 0.000000 -34.202320 -8.429543 -31.972162 1.000000
aniFrame
  m_time 0.805000
  m_vertexTransformMat -0.967390 0.247409 -0.054274 0.000000 0.212064 0.673942 -0.707695 0.000000 -0.138512 -0.696126 -0.704432 0.000000 -33.870453 -7.209463 -32.946667 1.000000
aniFrame
  m_time 0.821000
  m_vertexTransformMat -0.959035 0.271870 -0.079615 0.000000 0.251297 0.686709 -0.682115 0.000000 -0.130774 -0.674179 -0.726898 0.000000 -33.457214 -5.802182 -33.994919 1.000000
aniFrame
  m_time 0.837000
  m_vertexTransformMat -0.948150 0.299376 -0.106700 0.000000 0.294010 0.698706 -0.652203 0.000000 -0.120702 -0.649757 -0.750498 0.000000 -32.912373 -4.259126 -35.114899 1.000000
aniFrame
  m_time 0.853000
  m_vertexTransformMat -0.934425 0.330093 -0.133745 0.000000 0.338949 0.708869 -0.618562 0.000000 -0.109376 -0.623333 -0.774270 0.000000 -32.264618 -2.585135 -36.239162 1.000000
aniFrame
  m_time 0.869000
  m_vertexTransformMat -0.917840 0.363151 -0.160285 0.000000 0.385151 0.717005 -0.581002 0.000000 -0.096067 -0.595001 -0.797963 0.000000 -31.489677 -0.812824 -37.355717 1.000000
aniFrame
  m_time 0.885000
  m_vertexTransformMat -0.898145 0.398310 -0.186240 0.000000 0.432242 0.722119 -0.540103 0.000000 -0.080641 -0.565592 -0.820733 0.000000 -30.579514 1.038514 -38.449432 1.000000
aniFrame
  m_time 0.901000
  m_vertexTransformMat -0.875677 0.434776 -0.210143 0.000000 0.478721 0.724484 -0.495933 0.000000 -0.063374 -0.534877 -0.842550 0.000000 -29.554319 2.940943 -39.482834 1.000000
aniFrame
  m_time 0.917000
  m_vertexTransformMat -0.850461 0.471944 -0.232348 0.000000 0.524194 0.723365 -0.449405 0.000000 -0.044022 -0.503996 -0.862584 0.000000 -28.412464 4.860218 -40.458122 1.000000
aniFrame
  m_time 0.933000
  m_vertexTransformMat -0.822988 0.509119 -0.251970 0.000000 0.567600 0.719181 -0.400761 0.000000 -0.022823 -0.472840 -0.880853 0.000000 -27.179117 6.771915 -41.347099 1.000000
aniFrame
  m_time 0.949000
  m_vertexTransformMat -0.793916 0.545567 -0.268431 0.000000 0.608028 0.712117 -0.350986 0.000000 -0.000332 -0.441867 -0.897081 0.000000 -25.883232 8.644170 -42.126698 1.000000
aniFrame
  m_time 0.965000
  m_vertexTransformMat -0.763521 0.580552 -0.282836 0.000000 0.645332 0.702293 -0.300553 0.000000 0.024147 -0.412001 -0.910864 0.000000 -24.528383 10.442410 -42.824272 1.000000
aniFrame
  m_time 0.981000
  m_vertexTransformMat -0.733030 0.613562 -0.293615 0.000000 0.678398 0.690841 -0.250030 0.000000 0.049432 -0.382467 -0.922646 0.000000 -23.164486 12.154689 -43.392918 1.000000
aniFrame
  m_time 0.997000
  m_vertexTransformMat -0.703084 0.643796 -0.301993 0.000000 0.707098 0.677974 -0.200907 0.000000 0.075401 -0.354793 -0.931900 0.000000 -21.816204 13.739183 -43.861622 1.000000
aniFrame
  m_time 1.013000
  m_vertexTransformMat -0.674559 0.670936 -0.307922 0.000000 0.731076 0.665037 -0.152495 0.000000 0.102465 -0.327981 -0.939111 0.000000 -20.506737 15.192978 -44.234161 1.000000
aniFrame
  m_time 1.029000
  m_vertexTransformMat -0.648839 0.694497 -0.310935 0.000000 0.749995 0.652701 -0.107185 0.000000 0.128509 -0.302746 -0.944367 0.000000 -19.304712 16.493757 -44.493637 1.000000
aniFrame
  m_time 1.045000
  m_vertexTransformMat -0.626265 0.714082 -0.312858 0.000000 0.764220 0.641646 -0.065256 0.000000 0.154146 -0.279960 -0.947555 0.000000 -18.216057 17.614351 -44.686363 1.000000
aniFrame
  m_time 1.061000
  m_vertexTransformMat -0.608290 0.729608 -0.312496 0.000000 0.773224 0.633608 -0.025789 0.000000 0.179184 -0.257317 -0.949569 0.000000 -17.288879 18.581758 -44.798527 1.000000
aniFrame
  m_time 1.077000
  m_vertexTransformMat -0.599032 0.738062 -0.310523 0.000000 0.773700 0.633419 0.012984 0.000000 0.206275 -0.232474 -0.950477 0.000000 -16.621838 19.334425 -44.883904 1.000000
aniFrame
  m_time 1.093000
  m_vertexTransformMat -0.598370 0.740213 -0.306657 0.000000 0.766070 0.640677 0.051669 0.000000 0.234714 -0.204004 -0.950417 0.000000 -16.220976 19.915724 -44.932774 1.000000
aniFrame
  m_time 1.109000
  m_vertexTransformMat -0.607333 0.735195 -0.301056 0.000000 0.749013 0.656209 0.091482 0.000000 0.264813 -0.169935 -0.949208 0.000000 -16.109621 20.331390 -44.961029 1.000000
aniFrame
  m_time 1.125000
  m_vertexTransformMat -0.625672 0.722560 -0.294009 0.000000 0.722009 0.679088 0.132446 0.000000 0.295358 -0.129409 -0.946581 0.000000 -16.297800 20.580240 -44.968491 1.000000
aniFrame
  m_time 1.141000
  m_vertexTransformMat -0.649364 0.704598 -0.286125 0.000000 0.688791 0.704404 0.171412 0.000000 0.322324 -0.085772 -0.942735 0.000000 -16.701077 20.692471 -44.935230 1.000000
aniFrame
  m_time 1.157000
  m_vertexTransformMat -0.678224 0.680558 -0.277222 0.000000 0.648860 0.731695 0.208817 0.000000 0.344954 -0.038254 -0.937840 0.000000 -17.326199 20.655317 -44.858879 1.000000
aniFrame
  m_time 1.173000
  m_vertexTransformMat -0.708430 0.652969 -0.267876 0.000000 0.606502 0.757331 0.242085 0.000000 0.360945 0.009033 -0.932544 0.000000 -18.071337 20.490150 -44.725777 1.000000
aniFrame
  m_time 1.189000
  m_vertexTransformMat -0.739719 0.621708 -0.257478 0.000000 0.562056 0.781230 0.271612 0.000000 0.370013 0.056200 -0.927325 0.000000 -18.930702 20.193600 -44.524025 1.000000
aniFrame
  m_time 1.205000
  m_vertexTransformMat -0.768736 0.590001 -0.246866 0.000000 0.520217 0.801363 0.295283 0.000000 0.372046 0.098571 -0.922966 0.000000 -19.816145 19.795029 -44.271278 1.000000
aniFrame
  m_time 1.221000
  m_vertexTransformMat -0.795420 0.558494 -0.235353 0.000000 0.481847 0.818309 0.313359 0.000000 0.367601 0.135848 -0.920009 0.000000 -20.714100 19.307951 -43.951115 1.000000
aniFrame
  m_time 1.237000
  m_vertexTransformMat -0.817178 0.531063 -0.224035 0.000000 0.451514 0.831405 0.323885 0.000000 0.358267 0.163517 -0.919189 0.000000 -21.551559 18.781147 -43.616425 1.000000
aniFrame
  m_time 1.253000
  m_vertexTransformMat -0.833467 0.509888 -0.212951 0.000000 0.431350 0.841233 0.325983 0.000000 0.345355 0.179839 -0.921080 0.000000 -22.299719 18.255116 -43.275990 1.000000
aniFrame
  m_time 1.269000
  m_vertexTransformMat -0.845659 0.494100 -0.201809 0.000000 0.419342 0.849007 0.321465 0.000000 0.330173 0.187222 -0.925167 0.000000 -22.980167 17.730671 -42.927200 1.000000
aniFrame
  m_time 1.285000
  m_vertexTransformMat -0.853566 0.484777 -0.190835 0.000000 0.416207 0.854828 0.309906 0.000000 0.313366 0.185098 -0.931418 0.000000 -23.583511 17.230925 -42.575386 1.000000
aniFrame
  m_time 1.301000
  m_vertexTransformMat -0.859404 0.478714 -0.179604 0.000000 0.417498 0.859806 0.293988 0.000000 0.295160 0.177670 -0.938783 0.000000 -24.162745 16.716059 -42.210503 1.000000
aniFrame
  m_time 1.317000
  m_vertexTransformMat -0.864369 0.474194 -0.167353 0.000000 0.420937 0.864374 0.275083 0.000000 0.275098 0.167328 -0.946743 0.000000 -24.764702 16.165361 -41.808994 1.000000
aniFrame
  m_time 1.333000
  m_vertexTransformMat -0.868096 0.471516 -0.155184 0.000000 0.426461 0.868408 0.252981 0.000000 0.254048 0.153432 -0.954945 0.000000 -25.351528 15.584013 -41.405613 1.000000
aniFrame
  m_time 1.349000
  m_vertexTransformMat -0.870698 0.470674 -0.142660 0.000000 0.433968 0.871741 0.227465 0.000000 0.231424 0.136143 -0.963280 0.000000 -25.941854 14.978622 -40.990776 1.000000
aniFrame
  m_time 1.365000
  m_vertexTransformMat -0.872227 0.471294 -0.130777 0.000000 0.442588 0.874345 0.199087 0.000000 0.208173 0.115768 -0.971217 0.000000 -26.509575 14.345416 -40.593502 1.000000
aniFrame
  m_time 1.381000
  m_vertexTransformMat -0.873114 0.472630 -0.119552 0.000000 0.451417 0.876384 0.167850 0.000000 0.184104 0.092584 -0.978537 0.000000 -27.071104 13.670862 -40.222164 1.000000
aniFrame
  m_time 1.397000
  m_vertexTransformMat -0.872835 0.475802 -0.108499 0.000000 0.461443 0.877015 0.133847 0.000000 0.158840 0.066760 -0.985045 0.000000 -27.625984 12.997814 -39.856468 1.000000
aniFrame
  m_time 1.413000
  m_vertexTransformMat -0.872150 0.479036 -0.099395 0.000000 0.470483 0.876937 0.098121 0.000000 0.134167 0.038813 -0.990199 0.000000 -28.137779 12.283406 -39.550175 1.000000
aniFrame
  m_time 1.429000
  m_vertexTransformMat -0.871038 0.482893 -0.090044 0.000000 0.479291 0.875636 0.059513 0.000000 0.107584 0.008681 -0.994158 0.000000 -28.679518 11.547771 -39.229599 1.000000
aniFrame
  m_time 1.445000
  m_vertexTransformMat -0.868823 0.488178 -0.082642 0.000000 0.488279 0.872450 0.020370 0.000000 0.082045 -0.022655 -0.996371 0.000000 -29.151724 10.841105 -38.952930 1.000000
aniFrame
  m_time 1.461000
  m_vertexTransformMat -0.867681 0.491257 -0.076141 0.000000 0.493976 0.869220 -0.021058 0.000000 0.055839 -0.055883 -0.996875 0.000000 -29.649734 10.035707 -38.681545 1.000000
aniFrame
  m_time 1.477000
  m_vertexTransformMat -0.866306 0.494588 -0.069982 0.000000 0.498646 0.864528 -0.062799 0.000000 0.029442 -0.089299 -0.995570 0.000000 -30.141932 9.244003 -38.401695 1.000000
aniFrame
  m_time 1.493000
  m_vertexTransformMat -0.865135 0.497127 -0.066383 0.000000 0.501517 0.858743 -0.105076 0.000000 0.004770 -0.124197 -0.992246 0.000000 -30.576778 8.420556 -38.175522 1.000000
aniFrame
  m_time 1.509000
  m_vertexTransformMat -0.864661 0.498505 -0.062097 0.000000 0.501933 0.852224 -0.147577 0.000000 -0.020647 -0.158772 -0.987100 0.000000 -31.034399 7.582553 -37.903263 1.000000
aniFrame
  m_time 1.525000
  m_vertexTransformMat -0.864562 0.498895 -0.060304 0.000000 0.500644 0.844723 -0.189207 0.000000 -0.043454 -0.193772 -0.980084 0.000000 -31.437223 6.730017 -37.688557 1.000000
aniFrame
  m_time 1.541000
  m_vertexTransformMat -0.865517 0.497525 -0.057878 0.000000 0.496465 0.836833 -0.230723 0.000000 -0.066356 -0.228429 -0.971297 0.000000 -31.851009 5.856804 -37.425213 1.000000
aniFrame
  m_time 1.557000
  m_vertexTransformMat -0.867212 0.494707 -0.056646 0.000000 0.490314 0.828553 -0.270357 0.000000 -0.086813 -0.262231 -0.961093 0.000000 -32.228989 4.978332 -37.188538 1.000000
aniFrame
  m_time 1.573000
  m_vertexTransformMat -0.869934 0.489997 -0.055834 0.000000 0.481757 0.820129 -0.308706 0.000000 -0.105474 -0.295452 -0.949518 0.000000 -32.587719 4.090373 -36.940521 1.000000
aniFrame
  m_time 1.589000
  m_vertexTransformMat -0.873394 0.483962 -0.054441 0.000000 0.471418 0.812063 -0.343975 0.000000 -0.122261 -0.326090 -0.937399 0.000000 -32.921326 3.232604 -36.673782 1.000000
aniFrame
  m_time 1.605000
  m_vertexTransformMat -0.879755 0.472470 -0.052953 0.000000 0.455031 0.804500 -0.381742 0.000000 -0.137761 -0.359934 -0.922751 0.000000 -33.273094 2.204452 -36.377331 1.000000
aniFrame
  m_time 1.621000
  m_vertexTransformMat -0.888970 0.455227 -0.050009 0.000000 0.431976 0.797245 -0.421660 0.000000 -0.152081 -0.396446 -0.905374 0.000000 -33.639236 1.005941 -36.016293 1.000000
aniFrame
  m_time 1.637000
  m_vertexTransformMat -0.900768 0.431842 -0.046159 0.000000 0.401969 0.788743 -0.465087 0.000000 -0.164436 -0.437489 -0.884061 0.000000 -34.001060 -0.402703 -35.585316 1.000000
aniFrame
  m_time 1.653000
  m_vertexTransformMat -0.915055 0.401413 -0.039270 0.000000 0.363182 0.777709 -0.513096 0.000000 -0.175422 -0.483773 -0.857433 0.000000 -34.366348 -2.057849 -35.007774 1.000000
aniFrame
  m_time 1.669000
  m_vertexTransformMat -0.929221 0.368220 -0.031018 0.000000 0.321153 0.763214 -0.560683 0.000000 -0.182781 -0.530960 -0.827449 0.000000 -34.650864 -3.765040 -34.347691 1.000000
aniFrame
  m_time 1.685000
  m_vertexTransformMat -0.942769 0.332884 -0.019383 0.000000 0.275514 0.744908 -0.607623 0.000000 -0.187830 -0.578188 -0.793989 0.000000 -34.888378 -5.498862 -33.536358 1.000000
aniFrame
  m_time 1.701000
  m_vertexTransformMat -0.954362 0.298554 -0.007623 0.000000 0.231583 0.723683 -0.650118 0.000000 -0.188579 -0.622213 -0.759795 0.000000 -35.007580 -7.112005 -32.708015 1.000000
aniFrame
  m_time 1.717000
  m_vertexTransformMat -0.963832 0.266454 0.005523 0.000000 0.189608 0.700130 -0.688380 0.000000 -0.187288 -0.662435 -0.725330 0.000000 -35.087070 -8.567448 -31.808207 1.000000
aniFrame
  m_time 1.733000
  m_vertexTransformMat -0.971245 0.237380 0.018279 0.000000 0.151876 0.676867 -0.720267 0.000000 -0.183349 -0.696779 -0.693456 0.000000 -35.097794 -9.810835 -30.945353 1.000000
aniFrame
  m_time 1.749000
  m_vertexTransformMat -0.976410 0.214285 0.026564 0.000000 0.123558 0.655373 -0.745131 0.000000 -0.177079 -0.724271 -0.666389 0.000000 -35.030029 -10.740209 -30.268387 1.000000
aniFrame
  m_time 1.765000
  m_vertexTransformMat -0.979886 0.196429 0.035203 0.000000 0.100570 0.638445 -0.763069 0.000000 -0.172364 -0.744180 -0.645358 0.000000 -35.007896 -11.371440 -29.653923 1.000000
aniFrame
  m_time 1.781000
  m_vertexTransformMat -0.981923 0.185813 0.036047 0.000000 0.090840 0.629710 -0.771501 0.000000 -0.166054 -0.754280 -0.635206 0.000000 -34.909969 -11.606806 -29.445101 1.000000
aniFrame
  m_time 1.797000
  m_vertexTransformMat -0.982319 0.184705 0.030559 0.000000 0.093944 0.627504 -0.772925 0.000000 -0.161939 -0.756388 -0.633761 0.000000 -34.823284 -11.413844 -29.551722 1.000000
aniFrame
  m_time 1.813000
  m_vertexTransformMat -0.981702 0.189171 0.021791 0.000000 0.104896 0.632738 -0.767228 0.000000 -0.158925 -0.750904 -0.641004 0.000000 -34.749393 -10.920424 -29.887379 1.000000
aniFrame
  m_time 1.829000
  m_vertexTransformMat -0.980086 0.198489 0.005688 0.000000 0.125759 0.642624 -0.755790 0.000000 -0.153671 -0.740025 -0.654789 0.000000 -34.581120 -10.200761 -30.531883 1.000000
aniFrame
  m_time 1.845000
  m_vertexTransformMat -0.977622 0.210102 -0.010557 0.000000 0.148545 0.653917 -0.741840 0.000000 -0.148959 -0.726808 -0.670493 0.000000 -34.407860 -9.380604 -31.204113 1.000000
aniFrame
  m_time 1.861000
  m_vertexTransformMat -0.974022 0.224515 -0.029563 0.000000 0.175842 0.667600 -0.723456 0.000000 -0.142691 -0.709861 -0.689737 0.000000 -34.159950 -8.406529 -32.012218 1.000000
aniFrame
  m_time 1.877000
  m_vertexTransformMat -0.969065 0.241751 -0.049682 0.000000 0.206035 0.681605 -0.702114 0.000000 -0.135873 -0.690631 -0.710329 0.000000 -33.868729 -7.314743 -32.872452 1.000000
aniFrame
  m_time 1.893000
  m_vertexTransformMat -0.962431 0.261954 -0.071465 0.000000 0.239802 0.696551 -0.676249 0.000000 -0.127367 -0.667980 -0.733199 0.000000 -33.492153 -6.063822 -33.821877 1.000000
aniFrame
  m_time 1.909000
  m_vertexTransformMat -0.953938 0.284751 -0.094443 0.000000 0.276232 0.710872 -0.646806 0.000000 -0.117042 -0.643101 -0.756785 0.000000 -33.022385 -4.700283 -34.823013 1.000000
aniFrame
  m_time 1.925000
  m_vertexTransformMat -0.943321 0.310384 -0.117509 0.000000 0.314705 0.724115 -0.613693 0.000000 -0.105390 -0.615890 -0.780752 0.000000 -32.470921 -3.210205 -35.839817 1.000000
aniFrame
  m_time 1.941000
  m_vertexTransformMat -0.930434 0.338293 -0.140892 0.000000 0.354844 0.735667 -0.576958 0.000000 -0.091531 -0.586816 -0.804531 0.000000 -31.804340 -1.622719 -36.875591 1.000000
aniFrame
  m_time 1.957000
  m_vertexTransformMat -0.915035 0.368581 -0.163889 0.000000 0.396174 0.744747 -0.537027 0.000000 -0.075882 -0.556327 -0.827492 0.000000 -31.032917 0.061230 -37.900021 1.000000
aniFrame
  m_time 1.973000
  m_vertexTransformMat -0.897167 0.400651 -0.185930 0.000000 0.437839 0.751239 -0.493899 0.000000 -0.058203 -0.524517 -0.849408 0.000000 -30.154572 1.816016 -38.901333 1.000000
aniFrame
  m_time 1.989000
  m_vertexTransformMat -0.876588 0.434365 -0.207173 0.000000 0.479698 0.754212 -0.448392 0.000000 -0.038514 -0.492436 -0.869497 0.000000 -29.168930 3.626363 -39.873295 1.000000
aniFrame
  m_time 2.005000
  m_vertexTransformMat -0.853555 0.469170 -0.226549 0.000000 0.520724 0.753972 -0.400468 0.000000 -0.017076 -0.459791 -0.887864 0.000000 -28.088116 5.472584 -40.780903 1.000000
aniFrame
  m_time 2.021000
  m_vertexTransformMat -0.828004 0.504689 -0.244332 0.000000 0.560691 0.749817 -0.351284 0.000000 0.005915 -0.427859 -0.903826 0.000000 -26.917458 7.328811 -41.622204 1.000000
aniFrame
  m_time 2.037000
  m_vertexTransformMat -0.800085 0.540401 -0.260444 0.000000 0.599097 0.742080 -0.300667 0.000000 0.030790 -0.396591 -0.917479 0.000000 -25.651396 9.174877 -42.388493 1.000000
aniFrame
  m_time 2.053000
  m_vertexTransformMat -0.770311 0.575895 -0.273800 0.000000 0.635199 0.730746 -0.250066 0.000000 0.056066 -0.366546 -0.928710 0.000000 -24.323376 10.990983 -43.040325 1.000000
