m_aniFrameList.size 84
aniFrame
  m_time -1.066000
  m_vertexTransformMat -0.223878 0.047680 -0.973451 0.000000 0.771225 0.619348 -0.147034 0.000000 0.595894 -0.783667 -0.175430 0.000000 -3.362377 -3.769462 -53.678612 1.000000
aniFrame
  m_time -1.027000
  m_vertexTransformMat -0.185899 0.096456 -0.977823 0.000000 0.714421 0.696491 -0.067118 0.000000 0.674571 -0.711054 -0.198386 0.000000 -1.857746 -1.656898 -54.520630 1.000000
aniFrame
  m_time -0.988000
  m_vertexTransformMat -0.149719 0.160232 -0.975659 0.000000 0.638666 0.768964 0.028280 0.000000 0.754778 -0.618886 -0.217463 0.000000 -0.340279 1.161998 -55.167885 1.000000
aniFrame
  m_time -0.949000
  m_vertexTransformMat -0.129793 0.224989 -0.965678 0.000000 0.554217 0.824038 0.117499 0.000000 0.822191 -0.519945 -0.231647 0.000000 0.660007 4.068413 -55.388901 1.000000
aniFrame
  m_time -0.910000
  m_vertexTransformMat -0.133071 0.273449 -0.952638 0.000000 0.479379 0.859031 0.179616 0.000000 0.867461 -0.432773 -0.245398 0.000000 0.833392 6.276074 -55.231049 1.000000
aniFrame
  m_time -0.871000
  m_vertexTransformMat -0.160348 0.287547 -0.944249 0.000000 0.434879 0.879357 0.193937 0.000000 0.886098 -0.379536 -0.266051 0.000000 -0.040217 6.928549 -55.030453 1.000000
aniFrame
  m_time -0.832000
  m_vertexTransformMat -0.204059 0.269653 -0.941088 0.000000 0.422958 0.891247 0.163661 0.000000 0.882874 -0.364645 -0.295919 0.000000 -1.749103 6.011890 -54.908443 1.000000
aniFrame
  m_time -0.793000
  m_vertexTransformMat -0.254416 0.237519 -0.937474 0.000000 0.427607 0.897094 0.111243 0.000000 0.867425 -0.372568 -0.329799 0.000000 -3.852431 4.245513 -54.727573 1.000000
aniFrame
  m_time -0.754000
  m_vertexTransformMat -0.308608 0.193508 -0.931298 0.000000 0.440590 0.896802 0.040339 0.000000 0.842995 -0.397872 -0.362018 0.000000 -6.185548 1.793810 -54.470135 1.000000
aniFrame
  m_time -0.715000
  m_vertexTransformMat -0.364400 0.139608 -0.920719 0.000000 0.455334 0.889163 -0.045388 0.000000 0.812332 -0.435774 -0.387579 0.000000 -8.618714 -1.176510 -54.117973 1.000000
aniFrame
  m_time -0.676000
  m_vertexTransformMat -0.420292 0.078510 -0.903986 0.000000 0.466833 0.872996 -0.141227 0.000000 0.778089 -0.481367 -0.403564 0.000000 -11.046352 -4.470354 -53.575191 1.000000
aniFrame
  m_time -0.637000
  m_vertexTransformMat -0.474640 0.011017 -0.880112 0.000000 0.467871 0.850111 -0.241679 0.000000 0.745530 -0.526490 -0.408650 0.000000 -13.329010 -7.935873 -52.761417 1.000000
aniFrame
  m_time -0.598000
  m_vertexTransformMat -0.524686 -0.060165 -0.849167 0.000000 0.457152 0.821555 -0.340675 0.000000 0.718134 -0.566946 -0.403553 0.000000 -15.317360 -11.379924 -51.669891 1.000000
aniFrame
  m_time -0.559000
  m_vertexTransformMat -0.567455 -0.132837 -0.812618 0.000000 0.433815 0.790590 -0.432171 0.000000 0.699857 -0.597764 -0.390997 0.000000 -16.875582 -14.631301 -50.359818 1.000000
aniFrame
  m_time -0.520000
  m_vertexTransformMat -0.602868 -0.211943 -0.769175 0.000000 0.392326 0.760709 -0.517110 0.000000 0.694716 -0.613516 -0.375457 0.000000 -17.931047 -17.749844 -48.839962 1.000000
aniFrame
  m_time -0.481000
  m_vertexTransformMat -0.632876 -0.326934 -0.701842 0.000000 0.310377 0.723325 -0.616820 0.000000 0.709319 -0.608206 -0.356302 0.000000 -18.377028 -21.592211 -46.651276 1.000000
aniFrame
  m_time -0.442000
  m_vertexTransformMat -0.647135 -0.461086 -0.607139 0.000000 0.201042 0.664978 -0.719297 0.000000 0.735391 -0.587542 -0.337632 0.000000 -18.103867 -25.682014 -43.669418 1.000000
aniFrame
  m_time -0.403000
  m_vertexTransformMat -0.641280 -0.574259 -0.508907 0.000000 0.101125 0.594201 -0.797935 0.000000 0.760614 -0.563163 -0.322977 0.000000 -17.331829 -28.859390 -40.528069 1.000000
aniFrame
  m_time -0.364000
  m_vertexTransformMat -0.626454 -0.642000 -0.442031 0.000000 0.040463 0.539551 -0.840981 0.000000 0.778407 -0.544721 -0.312027 0.000000 -16.534798 -30.442839 -38.280579 1.000000
aniFrame
  m_time -0.325000
  m_vertexTransformMat -0.618137 -0.649907 -0.442186 0.000000 0.044739 0.532528 -0.845229 0.000000 0.784797 -0.542250 -0.300099 0.000000 -16.123457 -30.051178 -38.108967 1.000000
aniFrame
  m_time -0.286000
  m_vertexTransformMat -0.612957 -0.614090 -0.497170 0.000000 0.104007 0.561050 -0.821223 0.000000 0.783241 -0.555083 -0.280030 0.000000 -15.846480 -28.271357 -39.562962 1.000000
aniFrame
  m_time -0.247000
  m_vertexTransformMat -0.602239 -0.552496 -0.576244 0.000000 0.193223 0.599482 -0.776716 0.000000 0.774579 -0.579112 -0.254277 0.000000 -15.390985 -25.674238 -41.706657 1.000000
aniFrame
  m_time -0.208000
  m_vertexTransformMat -0.578889 -0.467795 -0.667874 0.000000 0.303723 0.636426 -0.709024 0.000000 0.756730 -0.613295 -0.226340 0.000000 -14.544262 -22.369446 -44.225780 1.000000
aniFrame
  m_time -0.169000
  m_vertexTransformMat -0.538425 -0.366403 -0.758846 0.000000 0.423155 0.661188 -0.619492 0.000000 0.728723 -0.654660 -0.200955 0.000000 -13.179340 -18.604952 -46.775272 1.000000
aniFrame
  m_time -0.130000
  m_vertexTransformMat -0.479604 -0.256850 -0.839052 0.000000 0.538965 0.668349 -0.512668 0.000000 0.692458 -0.698097 -0.182109 0.000000 -11.286018 -14.658987 -49.121983 1.000000
aniFrame
  m_time -0.091000
  m_vertexTransformMat -0.405778 -0.149303 -0.901695 0.000000 0.639569 0.658388 -0.396833 0.000000 0.652913 -0.737723 -0.171670 0.000000 -8.992680 -10.842177 -51.068058 1.000000
aniFrame
  m_time -0.052000
  m_vertexTransformMat -0.324668 -0.053006 -0.944342 0.000000 0.715894 0.638737 -0.281979 0.000000 0.618132 -0.767598 -0.169431 0.000000 -6.501588 -7.425677 -52.508385 1.000000
aniFrame
  m_time -0.013000
  m_vertexTransformMat -0.248329 0.024581 -0.968365 0.000000 0.763079 0.620754 -0.179928 0.000000 0.596693 -0.783620 -0.172908 0.000000 -4.140533 -4.628011 -53.432171 1.000000
aniFrame
  m_time 0.025000
  m_vertexTransformMat -0.181450 0.087366 -0.979512 0.000000 0.769966 0.632230 -0.086242 0.000000 0.611742 -0.769839 -0.181987 0.000000 -1.942954 -2.222572 -54.117264 1.000000
aniFrame
  m_time 0.064000
  m_vertexTransformMat -0.127235 0.150295 -0.980420 0.000000 0.722663 0.691093 0.012158 0.000000 0.679389 -0.706966 -0.196544 0.000000 0.084637 0.418001 -54.765900 1.000000
aniFrame
  m_time 0.103000
  m_vertexTransformMat -0.101281 0.213308 -0.971721 0.000000 0.632701 0.767576 0.102550 0.000000 0.767745 -0.604422 -0.212701 0.000000 1.330022 3.247021 -55.163544 1.000000
aniFrame
  m_time 0.142000
  m_vertexTransformMat -0.110607 0.264605 -0.957993 0.000000 0.528427 0.832028 0.168802 0.000000 0.841743 -0.487558 -0.231852 0.000000 1.428396 5.697910 -55.214493 1.000000
aniFrame
  m_time 0.181000
  m_vertexTransformMat -0.145060 0.287962 -0.946592 0.000000 0.450499 0.871011 0.195934 0.000000 0.880914 -0.398017 -0.256076 0.000000 0.480888 6.913942 -55.074772 1.000000
aniFrame
  m_time 0.220000
  m_vertexTransformMat -0.187990 0.278250 -0.941933 0.000000 0.423991 0.888059 0.177716 0.000000 0.885941 -0.365963 -0.284921 0.000000 -1.100837 6.461818 -54.952900 1.000000
aniFrame
  m_time 0.259000
  m_vertexTransformMat -0.236429 0.250193 -0.938885 0.000000 0.424815 0.895650 0.131695 0.000000 0.873861 -0.367716 -0.318043 0.000000 -3.093751 4.947694 -54.797340 1.000000
aniFrame
  m_time 0.298000
  m_vertexTransformMat -0.289528 0.210281 -0.933785 0.000000 0.435900 0.897501 0.066955 0.000000 0.852153 -0.387652 -0.351513 0.000000 -5.362609 2.722099 -54.565983 1.000000
aniFrame
  m_time 0.337000
  m_vertexTransformMat -0.344828 0.159966 -0.924936 0.000000 0.450990 0.892423 -0.013792 0.000000 0.823227 -0.421892 -0.379875 0.000000 -7.771756 -0.074961 -54.254128 1.000000
aniFrame
  m_time 0.376000
  m_vertexTransformMat -0.400943 0.101388 -0.910476 0.000000 0.464367 0.879206 -0.106586 0.000000 0.789689 -0.465530 -0.399592 0.000000 -10.221774 -3.268738 -53.793053 1.000000
aniFrame
  m_time 0.415000
  m_vertexTransformMat -0.456348 0.035488 -0.889094 0.000000 0.468633 0.858979 -0.206251 0.000000 0.756393 -0.510781 -0.408624 0.000000 -12.577878 -6.705411 -53.076328 1.000000
aniFrame
  m_time 0.454000
  m_vertexTransformMat -0.507805 -0.034642 -0.860775 0.000000 0.462402 0.832093 -0.306277 0.000000 0.726855 -0.553553 -0.406523 0.000000 -14.665155 -10.178085 -52.085464 1.000000
aniFrame
  m_time 0.493000
  m_vertexTransformMat -0.553495 -0.107222 -0.825922 0.000000 0.443386 0.801532 -0.401193 0.000000 0.705019 -0.588260 -0.396104 0.000000 -16.386606 -13.522659 -50.842113 1.000000
aniFrame
  m_time 0.532000
  m_vertexTransformMat -0.590720 -0.180282 -0.786478 0.000000 0.411291 0.771306 -0.485723 0.000000 0.694183 -0.610398 -0.381478 0.000000 -17.621342 -16.580645 -49.432358 1.000000
aniFrame
  m_time 0.571000
  m_vertexTransformMat -0.623157 -0.281488 -0.729685 0.000000 0.344741 0.738595 -0.579337 0.000000 0.702018 -0.612570 -0.363220 0.000000 -18.294212 -20.130104 -47.537472 1.000000
aniFrame
  m_time 0.610000
  m_vertexTransformMat -0.644244 -0.414195 -0.642955 0.000000 0.241012 0.687886 -0.684636 0.000000 0.725852 -0.596033 -0.343341 0.000000 -18.265287 -24.287388 -44.789665 1.000000
aniFrame
  m_time 0.649000
  m_vertexTransformMat -0.644936 -0.538319 -0.542467 0.000000 0.134156 0.619047 -0.773811 0.000000 0.752370 -0.571834 -0.327027 0.000000 -17.618910 -27.886806 -41.608215 1.000000
aniFrame
  m_time 0.688000
  m_vertexTransformMat -0.631118 -0.624233 -0.460459 0.000000 0.057570 0.554283 -0.830334 0.000000 0.773547 -0.550548 -0.313881 0.000000 -16.749573 -30.095173 -38.903980 1.000000
aniFrame
  m_time 0.727000
  m_vertexTransformMat -0.619150 -0.653508 -0.435409 0.000000 0.037220 0.529424 -0.847541 0.000000 0.784390 -0.540961 -0.303469 0.000000 -16.167559 -30.397133 -37.951626 1.000000
aniFrame
  m_time 0.766000
  m_vertexTransformMat -0.614609 -0.629466 -0.475425 0.000000 0.080304 0.549636 -0.831536 0.000000 0.784734 -0.549248 -0.287263 0.000000 -15.927154 -28.982641 -38.980202 1.000000
aniFrame
  m_time 0.805000
  m_vertexTransformMat -0.606836 -0.577015 -0.546631 0.000000 0.159197 0.585563 -0.794842 0.000000 0.778722 -0.569360 -0.263481 0.000000 -15.569177 -26.677353 -40.898033 1.000000
aniFrame
  m_time 0.844000
  m_vertexTransformMat -0.588591 -0.499848 -0.635384 0.000000 0.263456 0.624445 -0.735296 0.000000 0.764298 -0.600184 -0.235855 0.000000 -14.879976 -23.596123 -43.327770 1.000000
aniFrame
  m_time 0.883000
  m_vertexTransformMat -0.554636 -0.403453 -0.727739 0.000000 0.381075 0.654321 -0.653181 0.000000 0.739703 -0.639601 -0.209164 0.000000 -13.715738 -19.964098 -45.894047 1.000000
aniFrame
  m_time 0.922000
  m_vertexTransformMat -0.502156 -0.295672 -0.812661 0.000000 0.499651 0.667806 -0.551711 0.000000 0.705825 -0.683092 -0.187610 0.000000 -12.002395 -16.046722 -48.334827 1.000000
aniFrame
  m_time 0.961000
  m_vertexTransformMat -0.433172 -0.186281 -0.881852 0.000000 0.606677 0.663318 -0.438123 0.000000 0.666562 -0.724782 -0.174318 0.000000 -9.838720 -12.150269 -50.436886 1.000000
aniFrame
  m_time 1.000000
  m_vertexTransformMat -0.353567 -0.085254 -0.931516 0.000000 0.692244 0.645912 -0.321864 0.000000 0.629117 -0.758637 -0.169356 0.000000 -7.389002 -8.571308 -52.058216 1.000000
aniFrame
  m_time 1.039000
  m_vertexTransformMat -0.273910 -0.000390 -0.961755 0.000000 0.749666 0.626344 -0.213761 0.000000 0.602473 -0.779547 -0.171269 0.000000 -4.934346 -5.533647 -53.163555 1.000000
aniFrame
  m_time 1.078000
  m_vertexTransformMat -0.203740 0.066137 -0.976789 0.000000 0.773155 0.622936 -0.119088 0.000000 0.600601 -0.779472 -0.178051 0.000000 -2.700156 -3.059564 -53.884148 1.000000
aniFrame
  m_time 1.117000
  m_vertexTransformMat -0.143947 0.127798 -0.981299 0.000000 0.745377 0.666261 -0.022570 0.000000 0.650917 -0.734686 -0.191164 0.000000 -0.575442 -0.549925 -54.553768 1.000000
aniFrame
  m_time 1.156000
  m_vertexTransformMat -0.106410 0.191978 -0.975613 0.000000 0.667309 0.741189 0.073065 0.000000 0.737140 -0.643260 -0.206979 0.000000 1.016314 2.269927 -55.065735 1.000000
aniFrame
  m_time 1.195000
  m_vertexTransformMat -0.103728 0.249260 -0.962866 0.000000 0.563689 0.812333 0.149565 0.000000 0.819448 -0.527243 -0.224767 0.000000 1.528669 4.946632 -55.232174 1.000000
aniFrame
  m_time 1.234000
  m_vertexTransformMat -0.131502 0.284198 -0.949705 0.000000 0.471461 0.860671 0.192274 0.000000 0.872027 -0.422464 -0.247169 0.000000 0.908318 6.698508 -55.123634 1.000000
aniFrame
  m_time 1.273000
  m_vertexTransformMat -0.172547 0.284930 -0.942891 0.000000 0.427583 0.884021 0.188893 0.000000 0.887356 -0.370571 -0.274366 0.000000 -0.495032 6.797993 -54.993404 1.000000
aniFrame
  m_time 1.312000
  m_vertexTransformMat -0.218682 0.261379 -0.940138 0.000000 0.423045 0.893601 0.150038 0.000000 0.879325 -0.364910 -0.305989 0.000000 -2.350398 5.563920 -54.861900 1.000000
aniFrame
  m_time 1.351000
  m_vertexTransformMat -0.270684 0.225558 -0.935871 0.000000 0.431220 0.897584 0.091608 0.000000 0.860686 -0.378770 -0.340226 0.000000 -4.551339 3.576387 -54.656334 1.000000
aniFrame
  m_time 1.390000
  m_vertexTransformMat -0.325700 0.178277 -0.928514 0.000000 0.445228 0.895279 0.015721 0.000000 0.834081 -0.408280 -0.370966 0.000000 -6.933759 0.948499 -54.374310 1.000000
aniFrame
  m_time 1.429000
  m_vertexTransformMat -0.381800 0.121971 -0.916162 0.000000 0.459319 0.885220 -0.073565 0.000000 0.802032 -0.448898 -0.394001 0.000000 -9.382140 -2.137660 -53.976795 1.000000
aniFrame
  m_time 1.468000
  m_vertexTransformMat -0.437597 0.058883 -0.897241 0.000000 0.467830 0.867067 -0.171264 0.000000 0.767883 -0.494701 -0.406973 0.000000 -11.784577 -5.495533 -53.353989 1.000000
aniFrame
  m_time 1.507000
  m_vertexTransformMat -0.490805 -0.009806 -0.871215 0.000000 0.465689 0.842167 -0.271828 0.000000 0.736373 -0.539129 -0.408773 0.000000 -13.985783 -8.969434 -52.455299 1.000000
aniFrame
  m_time 1.546000
  m_vertexTransformMat -0.538722 -0.081707 -0.838512 0.000000 0.451287 0.812465 -0.369109 0.000000 0.711420 -0.577257 -0.400820 0.000000 -15.846539 -12.376029 -51.293442 1.000000
aniFrame
  m_time 1.585000
  m_vertexTransformMat -0.578410 -0.153403 -0.801192 0.000000 0.424994 0.781667 -0.456483 0.000000 0.696291 -0.604537 -0.386929 0.000000 -17.246584 -15.507942 -49.951046 1.000000
aniFrame
  m_time 1.624000
  m_vertexTransformMat -0.612683 -0.241629 -0.752486 0.000000 0.372610 0.751348 -0.544646 0.000000 0.696981 -0.614079 -0.370305 0.000000 -18.136988 -18.792597 -48.286121 1.000000
aniFrame
  m_time 1.663000
  m_vertexTransformMat -0.639236 -0.367164 -0.675698 0.000000 0.278880 0.708163 -0.648638 0.000000 0.716661 -0.603071 -0.350288 0.000000 -18.362637 -22.850401 -45.825779 1.000000
aniFrame
  m_time 1.702000
  m_vertexTransformMat -0.646699 -0.497948 -0.577779 0.000000 0.169903 0.644424 -0.745554 0.000000 0.743582 -0.580316 -0.332146 0.000000 -17.875673 -26.747787 -42.738590 1.000000
aniFrame
  m_time 1.741000
  m_vertexTransformMat -0.636354 -0.599685 -0.485212 0.000000 0.079148 0.574927 -0.814368 0.000000 0.767326 -0.556630 -0.318394 0.000000 -17.029337 -29.508034 -39.743858 1.000000
aniFrame
  m_time 1.780000
  m_vertexTransformMat -0.622173 -0.650616 -0.435429 0.000000 0.035062 0.532474 -0.845720 0.000000 0.782094 -0.541451 -0.308479 0.000000 -16.323502 -30.522709 -38.023048 1.000000
aniFrame
  m_time 1.819000
  m_vertexTransformMat -0.616471 -0.642631 -0.454961 0.000000 0.057268 0.539692 -0.839912 0.000000 0.785292 -0.543837 -0.295902 0.000000 -16.033129 -29.626411 -38.446163 1.000000
aniFrame
  m_time 1.858000
  m_vertexTransformMat -0.609642 -0.602957 -0.514567 0.000000 0.117007 0.573589 -0.810744 0.000000 0.783993 -0.554472 -0.279134 0.000000 -15.686386 -27.747410 -40.057247 1.000000
aniFrame
  m_time 1.897000
  m_vertexTransformMat -0.596508 -0.541204 -0.592686 0.000000 0.197515 0.616756 -0.761972 0.000000 0.777925 -0.571586 -0.261004 0.000000 -15.139391 -25.169271 -42.230808 1.000000
aniFrame
  m_time 1.936000
  m_vertexTransformMat -0.571408 -0.458678 -0.680521 0.000000 0.294714 0.659225 -0.691785 0.000000 0.765923 -0.595850 -0.241508 0.000000 -14.209826 -21.953920 -44.722282 1.000000
aniFrame
  m_time 1.975000
  m_vertexTransformMat -0.530616 -0.359690 -0.767509 0.000000 0.401344 0.690936 -0.601273 0.000000 0.746572 -0.627081 -0.222262 0.000000 -12.801147 -18.267654 -47.253170 1.000000
aniFrame
  m_time 2.014000
  m_vertexTransformMat -0.472723 -0.251132 -0.844670 0.000000 0.509279 0.704387 -0.494444 0.000000 0.719145 -0.663907 -0.205084 0.000000 -10.932857 -14.343683 -49.594810 1.000000
aniFrame
  m_time 2.053000
  m_vertexTransformMat -0.399302 -0.141756 -0.905795 0.000000 0.610525 0.695943 -0.378052 0.000000 0.683972 -0.703967 -0.191345 0.000000 -8.670293 -10.461104 -51.522598 1.000000
aniFrame
  m_time 2.092000
  m_vertexTransformMat -0.314995 -0.040727 -0.948219 0.000000 0.698357 0.666613 -0.260623 0.000000 0.642709 -0.744291 -0.181538 0.000000 -6.119024 -6.901143 -52.890160 1.000000
aniFrame
  m_time 2.131000
  m_vertexTransformMat -0.228381 0.044101 -0.972573 0.000000 0.768026 0.622084 -0.152141 0.000000 0.598313 -0.781707 -0.175943 0.000000 -3.498658 -3.899028 -53.654022 1.000000
aniFrame
  m_time 2.133000
  m_vertexTransformMat -0.223878 0.047680 -0.973451 0.000000 0.771226 0.619349 -0.147034 0.000000 0.595894 -0.783667 -0.175430 0.000000 -3.362377 -3.769464 -53.678612 1.000000
