m_aniFrameList.size 84
aniFrame
  m_time -1.066000
  m_vertexTransformMat 1.000000 -0.000000 -0.000000 0.000000 0.000000 0.996195 0.087156 0.000000 0.000000 -0.087156 0.996195 0.000000 0.200002 -2.419804 -1.176514 1.000000
aniFrame
  m_time -1.027000
  m_vertexTransformMat 0.999730 -0.000149 -0.023223 0.000000 0.002019 0.996750 0.080538 0.000000 0.023136 -0.080563 0.996481 0.000000 0.215768 -2.284490 -1.459182 1.000000
aniFrame
  m_time -0.988000
  m_vertexTransformMat 0.998755 -0.000504 -0.049884 0.000000 0.004142 0.997334 0.072846 0.000000 0.049714 -0.072962 0.996095 0.000000 0.283265 -2.128352 -1.778718 1.000000
aniFrame
  m_time -0.949000
  m_vertexTransformMat 0.997069 -0.001065 -0.076499 0.000000 0.006062 0.997859 0.065124 0.000000 0.076266 -0.065397 0.994941 0.000000 0.463641 -1.973003 -1.975824 1.000000
aniFrame
  m_time -0.910000
  m_vertexTransformMat 0.995023 -0.001715 -0.099632 0.000000 0.007563 0.998268 0.058347 0.000000 0.099359 -0.058810 0.993312 0.000000 0.757839 -1.837686 -1.927932 1.000000
aniFrame
  m_time -0.871000
  m_vertexTransformMat 0.993262 -0.002265 -0.115867 0.000000 0.008524 0.998529 0.053553 0.000000 0.115575 -0.054180 0.991820 0.000000 1.016754 -1.742574 -1.682941 1.000000
aniFrame
  m_time -0.832000
  m_vertexTransformMat 0.992544 -0.002487 -0.121862 0.000000 0.008862 0.998618 0.051796 0.000000 0.121565 -0.052490 0.991195 0.000000 1.129238 -1.707840 -1.332686 1.000000
aniFrame
  m_time -0.793000
  m_vertexTransformMat 0.992988 -0.002316 -0.118191 0.000000 0.008696 0.998530 0.053497 0.000000 0.117894 -0.054150 0.991549 0.000000 1.093924 -1.741958 -0.964910 1.000000
aniFrame
  m_time -0.754000
  m_vertexTransformMat 0.994111 -0.001890 -0.108347 0.000000 0.008197 0.998295 0.057793 0.000000 0.108053 -0.058341 0.992432 0.000000 0.967119 -1.827914 -0.681581 1.000000
aniFrame
  m_time -0.715000
  m_vertexTransformMat 0.995604 -0.001355 -0.093650 0.000000 0.007352 0.997941 0.063723 0.000000 0.093370 -0.064131 0.993564 0.000000 0.766349 -1.946503 -0.561688 1.000000
aniFrame
  m_time -0.676000
  m_vertexTransformMat 0.997160 -0.000846 -0.075308 0.000000 0.006173 0.997491 0.070524 0.000000 0.075059 -0.070789 0.994663 0.000000 0.526151 -2.083171 -0.582354 1.000000
aniFrame
  m_time -0.637000
  m_vertexTransformMat 0.998503 -0.000447 -0.054694 0.000000 0.004682 0.996995 0.077323 0.000000 0.054495 -0.077463 0.995505 0.000000 0.278715 -2.220696 -0.694136 1.000000
aniFrame
  m_time -0.598000
  m_vertexTransformMat 0.999428 -0.000165 -0.033809 0.000000 0.002968 0.996557 0.082864 0.000000 0.033679 -0.082917 0.995987 0.000000 0.063858 -2.332729 -0.863855 1.000000
aniFrame
  m_time -0.559000
  m_vertexTransformMat 0.999914 -0.000050 -0.013141 0.000000 0.001182 0.996280 0.086162 0.000000 0.013087 -0.086170 0.996194 0.000000 -0.115478 -2.398879 -1.052649 1.000000
aniFrame
  m_time -0.520000
  m_vertexTransformMat 0.999977 0.000014 0.006779 0.000000 -0.000601 0.996241 0.086623 0.000000 -0.006752 -0.086625 0.996218 0.000000 -0.224944 -2.408415 -1.250387 1.000000
aniFrame
  m_time -0.481000
  m_vertexTransformMat 0.999520 0.000165 0.030984 0.000000 -0.002730 0.996564 0.082780 0.000000 -0.030864 -0.082824 0.996086 0.000000 -0.272457 -2.330959 -1.547726 1.000000
aniFrame
  m_time -0.442000
  m_vertexTransformMat 0.998235 0.000529 0.059392 0.000000 -0.005013 0.997143 0.075376 0.000000 -0.059183 -0.075540 0.995385 0.000000 -0.359656 -2.181511 -1.867879 1.000000
aniFrame
  m_time -0.403000
  m_vertexTransformMat 0.996171 0.001151 0.087417 0.000000 -0.006996 0.997756 0.066588 0.000000 -0.087144 -0.066945 0.993944 0.000000 -0.608634 -2.005053 -2.013739 1.000000
aniFrame
  m_time -0.364000
  m_vertexTransformMat 0.993832 0.001896 0.110882 0.000000 -0.008423 0.998256 0.058427 0.000000 -0.110577 -0.059001 0.992115 0.000000 -0.961149 -1.841875 -1.926359 1.000000
aniFrame
  m_time -0.325000
  m_vertexTransformMat 0.992065 0.002486 0.125699 0.000000 -0.009214 0.998553 0.052970 0.000000 -0.125385 -0.053708 0.990653 0.000000 -1.201456 -1.733238 -1.710335 1.000000
aniFrame
  m_time -0.286000
  m_vertexTransformMat 0.991689 0.002613 0.128629 0.000000 -0.009362 0.998609 0.051894 0.000000 -0.128314 -0.052667 0.990334 0.000000 -1.248533 -1.711849 -1.409031 1.000000
aniFrame
  m_time -0.247000
  m_vertexTransformMat 0.992511 0.002316 0.122130 0.000000 -0.009045 0.998469 0.054573 0.000000 -0.121816 -0.055269 0.991013 0.000000 -1.144051 -1.765181 -1.081178 1.000000
aniFrame
  m_time -0.208000
  m_vertexTransformMat 0.993976 0.001805 0.109584 0.000000 -0.008372 0.998193 0.059498 0.000000 -0.109279 -0.060057 0.992195 0.000000 -0.948956 -1.863195 -0.792474 1.000000
aniFrame
  m_time -0.169000
  m_vertexTransformMat 0.995729 0.001231 0.092313 0.000000 -0.007344 0.997799 0.065901 0.000000 -0.092029 -0.066298 0.993547 0.000000 -0.680675 -1.991276 -0.605558 1.000000
aniFrame
  m_time -0.130000
  m_vertexTransformMat 0.997421 0.000717 0.071768 0.000000 -0.005974 0.997310 0.073053 0.000000 -0.071523 -0.073293 0.994742 0.000000 -0.394076 -2.135735 -0.578470 1.000000
aniFrame
  m_time -0.091000
  m_vertexTransformMat 0.998759 0.000321 0.049804 0.000000 -0.004290 0.996818 0.079595 0.000000 -0.049620 -0.079710 0.995582 0.000000 -0.152052 -2.267908 -0.694211 1.000000
aniFrame
  m_time -0.052000
  m_vertexTransformMat 0.999610 0.000078 0.027933 0.000000 -0.002441 0.996413 0.084586 0.000000 -0.027826 -0.084621 0.996025 0.000000 0.032598 -2.368704 -0.892563 1.000000
aniFrame
  m_time -0.013000
  m_vertexTransformMat 0.999975 0.000018 0.007057 0.000000 -0.000632 0.996209 0.086989 0.000000 -0.007029 -0.086992 0.996184 0.000000 0.169233 -2.416431 -1.101850 1.000000
aniFrame
  m_time 0.025000
  m_vertexTransformMat 0.999907 -0.000048 -0.013627 0.000000 0.001220 0.996295 0.085986 0.000000 0.013573 -0.085995 0.996203 0.000000 0.225456 -2.396009 -1.340189 1.000000
aniFrame
  m_time 0.064000
  m_vertexTransformMat 0.999252 -0.000242 -0.038666 0.000000 0.003362 0.996737 0.080647 0.000000 0.038520 -0.080716 0.995992 0.000000 0.256062 -2.287684 -1.662733 1.000000
aniFrame
  m_time 0.103000
  m_vertexTransformMat 0.997838 -0.000666 -0.065716 0.000000 0.005444 0.997350 0.072552 0.000000 0.065493 -0.072753 0.995197 0.000000 0.361008 -2.123996 -1.931949 1.000000
aniFrame
  m_time 0.142000
  m_vertexTransformMat 0.995853 -0.001314 -0.090968 0.000000 0.007144 0.997938 0.063786 0.000000 0.090696 -0.064172 0.993809 0.000000 0.621426 -1.947754 -1.979808 1.000000
aniFrame
  m_time 0.181000
  m_vertexTransformMat 0.993856 -0.002009 -0.110665 0.000000 0.008286 0.998380 0.056291 0.000000 0.110373 -0.056862 0.992263 0.000000 0.928131 -1.797632 -1.786721 1.000000
aniFrame
  m_time 0.220000
  m_vertexTransformMat 0.992664 -0.002442 -0.120881 0.000000 0.008808 0.998600 0.052164 0.000000 0.120584 -0.052846 0.991295 0.000000 1.106322 -1.715125 -1.461960 1.000000
aniFrame
  m_time 0.259000
  m_vertexTransformMat 0.992739 -0.002408 -0.120264 0.000000 0.008784 0.998581 0.052517 0.000000 0.119967 -0.053192 0.991352 0.000000 1.117950 -1.722185 -1.087627 1.000000
aniFrame
  m_time 0.298000
  m_vertexTransformMat 0.993661 -0.002056 -0.112400 0.000000 0.008406 0.998393 0.056052 0.000000 0.112104 -0.056642 0.992081 0.000000 1.021380 -1.793084 -0.762807 1.000000
aniFrame
  m_time 0.337000
  m_vertexTransformMat 0.995063 -0.001548 -0.099229 0.000000 0.007704 0.998066 0.061686 0.000000 0.098942 -0.062146 0.993151 0.000000 0.842204 -1.906430 -0.582957 1.000000
aniFrame
  m_time 0.376000
  m_vertexTransformMat 0.996633 -0.001015 -0.081992 0.000000 0.006645 0.997635 0.068419 0.000000 0.081728 -0.068733 0.994282 0.000000 0.610457 -2.041952 -0.563289 1.000000
aniFrame
  m_time 0.415000
  m_vertexTransformMat 0.998083 -0.000572 -0.061887 0.000000 0.005246 0.997141 0.075381 0.000000 0.061667 -0.075561 0.995232 0.000000 0.359808 -2.182616 -0.646599 1.000000
aniFrame
  m_time 0.454000
  m_vertexTransformMat 0.999161 -0.000244 -0.040957 0.000000 0.003584 0.996669 0.081477 0.000000 0.040800 -0.081556 0.995833 0.000000 0.131150 -2.305875 -0.800874 1.000000
aniFrame
  m_time 0.493000
  m_vertexTransformMat 0.999796 -0.000060 -0.020180 0.000000 0.001791 0.996315 0.085749 0.000000 0.020101 -0.085767 0.996112 0.000000 -0.059426 -2.392179 -0.989132 1.000000
aniFrame
  m_time 0.532000
  m_vertexTransformMat 1.000000 -0.000001 -0.000533 0.000000 0.000047 0.996191 0.087198 0.000000 0.000531 -0.087198 0.996191 0.000000 -0.197395 -2.420784 -1.171097 1.000000
aniFrame
  m_time 0.571000
  m_vertexTransformMat 0.999764 0.000090 0.021701 0.000000 -0.001927 0.996410 0.084635 0.000000 -0.021616 -0.084656 0.996176 0.000000 -0.258846 -2.368337 -1.428051 1.000000
aniFrame
  m_time 0.610000
  m_vertexTransformMat 0.998788 0.000362 0.049214 0.000000 -0.004212 0.996932 0.078154 0.000000 -0.049035 -0.078267 0.995726 0.000000 -0.319471 -2.237167 -1.762154 1.000000
aniFrame
  m_time 0.649000
  m_vertexTransformMat 0.996963 0.000904 0.077866 0.000000 -0.006344 0.997551 0.069656 0.000000 -0.077612 -0.069938 0.994528 0.000000 -0.502175 -2.066333 -1.988392 1.000000
aniFrame
  m_time 0.688000
  m_vertexTransformMat 0.994631 0.001639 0.103469 0.000000 -0.007997 0.998102 0.061065 0.000000 -0.103172 -0.061565 0.992756 0.000000 -0.841406 -1.894502 -1.976156 1.000000
aniFrame
  m_time 0.727000
  m_vertexTransformMat 0.992544 0.002328 0.121861 0.000000 -0.009020 0.998479 0.054392 0.000000 -0.121549 -0.055085 0.991056 0.000000 -1.138973 -1.761513 -1.797099 1.000000
aniFrame
  m_time 0.766000
  m_vertexTransformMat 0.991650 0.002631 0.128932 0.000000 -0.009375 0.998617 0.051730 0.000000 -0.128618 -0.052507 0.990303 0.000000 -1.254187 -1.708594 -1.520608 1.000000
aniFrame
  m_time 0.805000
  m_vertexTransformMat 0.992135 0.002456 0.125150 0.000000 -0.009204 0.998532 0.053371 0.000000 -0.124835 -0.054103 0.990701 0.000000 -1.191528 -1.741405 -1.195380 1.000000
aniFrame
  m_time 0.844000
  m_vertexTransformMat 0.993410 0.002007 0.114599 0.000000 -0.008664 0.998301 0.057624 0.000000 -0.114289 -0.058237 0.991739 0.000000 -1.026522 -1.826146 -0.886325 1.000000
aniFrame
  m_time 0.883000
  m_vertexTransformMat 0.995104 0.001438 0.098818 0.000000 -0.007749 0.997951 0.063518 0.000000 -0.098524 -0.063973 0.993076 0.000000 -0.780560 -1.943477 -0.656146 1.000000
aniFrame
  m_time 0.922000
  m_vertexTransformMat 0.996858 0.000895 0.079206 0.000000 -0.006482 0.997504 0.070314 0.000000 -0.078945 -0.070606 0.994375 0.000000 -0.491653 -2.079510 -0.569930 1.000000
aniFrame
  m_time 0.961000
  m_vertexTransformMat 0.998361 0.000475 0.057229 0.000000 -0.004896 0.997008 0.077147 0.000000 -0.057021 -0.077301 0.995376 0.000000 -0.223394 -2.217412 -0.641271 1.000000
aniFrame
  m_time 1.000000
  m_vertexTransformMat 0.999381 0.000178 0.035176 0.000000 -0.003091 0.996565 0.082755 0.000000 -0.035041 -0.082813 0.995949 0.000000 -0.017562 -2.330659 -0.817057 1.000000
aniFrame
  m_time 1.039000
  m_vertexTransformMat 0.999904 0.000049 0.013835 0.000000 -0.001240 0.996285 0.086112 0.000000 -0.013780 -0.086121 0.996189 0.000000 0.133393 -2.397904 -1.032134 1.000000
aniFrame
  m_time 1.078000
  m_vertexTransformMat 0.999981 -0.000012 -0.006167 0.000000 0.000546 0.996242 0.086616 0.000000 0.006143 -0.086618 0.996223 0.000000 0.215365 -2.408118 -1.247935 1.000000
aniFrame
  m_time 1.117000
  m_vertexTransformMat 0.999567 -0.000152 -0.029424 0.000000 0.002591 0.996556 0.082876 0.000000 0.029310 -0.082917 0.996125 0.000000 0.242951 -2.332673 -1.544746 1.000000
aniFrame
  m_time 1.156000
  m_vertexTransformMat 0.998414 -0.000495 -0.056291 0.000000 0.004755 0.997129 0.075566 0.000000 0.056092 -0.075714 0.995551 0.000000 0.308156 -2.184912 -1.857095 1.000000
aniFrame
  m_time 1.195000
  m_vertexTransformMat 0.996580 -0.001080 -0.082621 0.000000 0.006621 0.997743 0.066820 0.000000 0.082362 -0.067139 0.994338 0.000000 0.517320 -2.008826 -1.994638 1.000000
aniFrame
  m_time 1.234000
  m_vertexTransformMat 0.994509 -0.001781 -0.104639 0.000000 0.007960 0.998246 0.058661 0.000000 0.104351 -0.059172 0.992779 0.000000 0.831575 -1.845107 -1.872647 1.000000
aniFrame
  m_time 1.273000
  m_vertexTransformMat 0.992935 -0.002343 -0.118639 0.000000 0.008703 0.998550 0.053119 0.000000 0.118342 -0.053776 0.991516 0.000000 1.063993 -1.734238 -1.587365 1.000000
aniFrame
  m_time 1.312000
  m_vertexTransformMat 0.992572 -0.002474 -0.121633 0.000000 0.008852 0.998612 0.051923 0.000000 0.121335 -0.052614 0.991216 0.000000 1.131887 -1.710335 -1.220102 1.000000
aniFrame
  m_time 1.351000
  m_vertexTransformMat 0.993266 -0.002204 -0.115833 0.000000 0.008573 0.998476 0.054515 0.000000 0.115536 -0.055141 0.991772 0.000000 1.065367 -1.762144 -0.865307 1.000000
aniFrame
  m_time 1.390000
  m_vertexTransformMat 0.994533 -0.001730 -0.104407 0.000000 0.007970 0.998204 0.059377 0.000000 0.104117 -0.059885 0.992761 0.000000 0.913559 -1.859326 -0.626991 1.000000
aniFrame
  m_time 1.429000
  m_vertexTransformMat 0.996075 -0.001190 -0.088509 0.000000 0.007033 0.997813 0.065728 0.000000 0.088237 -0.066092 0.993905 0.000000 0.697136 -1.986775 -0.557214 1.000000
aniFrame
  m_time 1.468000
  m_vertexTransformMat 0.997587 -0.000698 -0.069431 0.000000 0.005767 0.997327 0.072838 0.000000 0.069195 -0.073062 0.994924 0.000000 0.454357 -2.130718 -0.607687 1.000000
aniFrame
  m_time 1.507000
  m_vertexTransformMat 0.998807 -0.000315 -0.048836 0.000000 0.004196 0.996835 0.079385 0.000000 0.048657 -0.079495 0.995647 0.000000 0.219771 -2.263253 -0.740759 1.000000
aniFrame
  m_time 1.546000
  m_vertexTransformMat 0.999612 -0.000084 -0.027855 0.000000 0.002436 0.996429 0.084400 0.000000 0.027748 -0.084435 0.996043 0.000000 0.013064 -2.364619 -0.921124 1.000000
aniFrame
  m_time 1.585000
  m_vertexTransformMat 0.999972 -0.000025 -0.007475 0.000000 0.000674 0.996219 0.086874 0.000000 0.007445 -0.086876 0.996191 0.000000 -0.155953 -2.413834 -1.104323 1.000000
aniFrame
  m_time 1.624000
  m_vertexTransformMat 0.999912 0.000045 0.013291 0.000000 -0.001189 0.996290 0.086048 0.000000 -0.013238 -0.086056 0.996202 0.000000 -0.240484 -2.397244 -1.326905 1.000000
aniFrame
  m_time 1.663000
  m_vertexTransformMat 0.999228 0.000243 0.039281 0.000000 -0.003421 0.996721 0.080840 0.000000 -0.039133 -0.080912 0.995953 0.000000 -0.288739 -2.291805 -1.650633 1.000000
aniFrame
  m_time 1.702000
  m_vertexTransformMat 0.997689 0.000681 0.067948 0.000000 -0.005636 0.997334 0.072755 0.000000 -0.067717 -0.072970 0.995032 0.000000 -0.413128 -2.128547 -1.935886 1.000000
aniFrame
  m_time 1.741000
  m_vertexTransformMat 0.995472 0.001363 0.095044 0.000000 -0.007471 0.997925 0.063948 0.000000 -0.094760 -0.064368 0.993417 0.000000 -0.709351 -1.951943 -2.009795 1.000000
aniFrame
  m_time 1.780000
  m_vertexTransformMat 0.993197 0.002105 0.116428 0.000000 -0.008725 0.998371 0.056379 0.000000 -0.116120 -0.057011 0.991597 0.000000 -1.050101 -1.800990 -1.872966 1.000000
aniFrame
  m_time 1.819000
  m_vertexTransformMat 0.991799 0.002577 0.127781 0.000000 -0.009315 0.998595 0.052165 0.000000 -0.127467 -0.052928 0.990430 0.000000 -1.235501 -1.717181 -1.626021 1.000000
aniFrame
  m_time 1.858000
  m_vertexTransformMat 0.991865 0.002567 0.127269 0.000000 -0.009276 0.998596 0.052151 0.000000 -0.126957 -0.052908 0.990496 0.000000 -1.225438 -1.716724 -1.309110 1.000000
aniFrame
  m_time 1.897000
  m_vertexTransformMat 0.992950 0.002248 0.118510 0.000000 -0.008780 0.998468 0.054628 0.000000 -0.118206 -0.055284 0.991449 0.000000 -1.085464 -1.765507 -0.984921 1.000000
aniFrame
  m_time 1.936000
  m_vertexTransformMat 0.994589 0.001768 0.103871 0.000000 -0.007914 0.998239 0.058787 0.000000 -0.103584 -0.059291 0.992852 0.000000 -0.855414 -1.847985 -0.717838 1.000000
aniFrame
  m_time 1.975000
  m_vertexTransformMat 0.996386 0.001233 0.084935 0.000000 -0.006698 0.997922 0.064086 0.000000 -0.084680 -0.064423 0.994323 0.000000 -0.565407 -1.953514 -0.571758 1.000000
aniFrame
  m_time 2.014000
  m_vertexTransformMat 0.997997 0.000749 0.063260 0.000000 -0.005190 0.997529 0.070068 0.000000 -0.063052 -0.070256 0.995534 0.000000 -0.294111 -2.073440 -0.598089 1.000000
aniFrame
  m_time 2.053000
  m_vertexTransformMat 0.999167 0.000369 0.040809 0.000000 -0.003482 0.997082 0.076254 0.000000 -0.040662 -0.076333 0.996253 0.000000 -0.083718 -2.198403 -0.757007 1.000000
aniFrame
  m_time 2.092000
  m_vertexTransformMat 0.999805 0.000102 0.019732 0.000000 -0.001722 0.996622 0.082104 0.000000 -0.019657 -0.082122 0.996428 0.000000 0.068735 -2.317298 -0.973114 1.000000
aniFrame
  m_time 2.131000
  m_vertexTransformMat 0.999999 -0.000022 0.001047 0.000000 -0.000070 0.996171 0.087420 0.000000 -0.001045 -0.087420 0.996171 0.000000 0.191319 -2.426753 -1.167936 1.000000
aniFrame
  m_time 2.133000
  m_vertexTransformMat 1.000000 -0.000000 -0.000000 0.000000 0.000000 0.996195 0.087156 0.000000 0.000000 -0.087156 0.996195 0.000000 0.200002 -2.419805 -1.176514 1.000000
