m_aniFrameList.size 202
aniFrame
  m_time -1.066000
  m_vertexTransformMat 1.000000 -0.000000 -0.000000 0.000000 0.000000 0.996195 0.087156 0.000000 0.000000 -0.087156 0.996195 0.000000 0.200002 -2.419804 -1.176514 1.000000
aniFrame
  m_time -1.050000
  m_vertexTransformMat 0.999958 -0.000072 -0.009138 0.000000 0.000847 0.996397 0.084802 0.000000 0.009099 -0.084806 0.996356 0.000000 0.201173 -2.372525 -1.288068 1.000000
aniFrame
  m_time -1.034000
  m_vertexTransformMat 0.999824 -0.000105 -0.018753 0.000000 0.001639 0.996646 0.081812 0.000000 0.018682 -0.081828 0.996471 0.000000 0.210162 -2.310446 -1.403401 1.000000
aniFrame
  m_time -1.018000
  m_vertexTransformMat 0.999573 -0.000215 -0.029210 0.000000 0.002519 0.996883 0.078856 0.000000 0.029102 -0.078896 0.996458 0.000000 0.224062 -2.250368 -1.536333 1.000000
aniFrame
  m_time -1.002000
  m_vertexTransformMat 0.999192 -0.000351 -0.040187 0.000000 0.003394 0.997127 0.075675 0.000000 0.040045 -0.075750 0.996322 0.000000 0.248603 -2.185705 -1.671837 1.000000
aniFrame
  m_time -0.986000
  m_vertexTransformMat 0.998684 -0.000530 -0.051284 0.000000 0.004250 0.997363 0.072450 0.000000 0.051111 -0.072573 0.996053 0.000000 0.288959 -2.120398 -1.793642 1.000000
aniFrame
  m_time -0.970000
  m_vertexTransformMat 0.998050 -0.000745 -0.062416 0.000000 0.005076 0.997586 0.069257 0.000000 0.062214 -0.069438 0.995644 0.000000 0.346284 -2.056119 -1.898134 1.000000
aniFrame
  m_time -0.954000
  m_vertexTransformMat 0.997317 -0.000981 -0.073194 0.000000 0.005830 0.997798 0.066062 0.000000 0.072968 -0.066312 0.995127 0.000000 0.431800 -1.991726 -1.962710 1.000000
aniFrame
  m_time -0.938000
  m_vertexTransformMat 0.996504 -0.001249 -0.083540 0.000000 0.006541 0.997986 0.063099 0.000000 0.083293 -0.063425 0.994505 0.000000 0.538944 -1.932591 -1.990728 1.000000
aniFrame
  m_time -0.922000
  m_vertexTransformMat 0.995660 -0.001508 -0.093049 0.000000 0.007142 0.998158 0.060241 0.000000 0.092787 -0.060644 0.993838 0.000000 0.659402 -1.875246 -1.971620 1.000000
aniFrame
  m_time -0.906000
  m_vertexTransformMat 0.994816 -0.001782 -0.101674 0.000000 0.007691 0.998301 0.057757 0.000000 0.101399 -0.058239 0.993140 0.000000 0.789543 -1.825999 -1.909583 1.000000
aniFrame
  m_time -0.890000
  m_vertexTransformMat 0.994043 -0.002018 -0.108969 0.000000 0.008118 0.998422 0.055569 0.000000 0.108685 -0.056123 0.992491 0.000000 0.902918 -1.782427 -1.821666 1.000000
aniFrame
  m_time -0.874000
  m_vertexTransformMat 0.993370 -0.002231 -0.114940 0.000000 0.008470 0.998515 0.053820 0.000000 0.114649 -0.054437 0.991913 0.000000 1.001081 -1.747839 -1.706458 1.000000
aniFrame
  m_time -0.858000
  m_vertexTransformMat 0.992885 -0.002381 -0.119051 0.000000 0.008702 0.998577 0.052608 0.000000 0.118757 -0.053270 0.991493 0.000000 1.071815 -1.723837 -1.575394 1.000000
aniFrame
  m_time -0.842000
  m_vertexTransformMat 0.992613 -0.002466 -0.121298 0.000000 0.008824 0.998613 0.051899 0.000000 0.121002 -0.052586 0.991258 0.000000 1.115097 -1.709800 -1.427093 1.000000
aniFrame
  m_time -0.826000
  m_vertexTransformMat 0.992544 -0.002484 -0.121862 0.000000 0.008866 0.998615 0.051852 0.000000 0.121564 -0.052545 0.991192 0.000000 1.132369 -1.708962 -1.275430 1.000000
aniFrame
  m_time -0.810000
  m_vertexTransformMat 0.992690 -0.002425 -0.120670 0.000000 0.008803 0.998590 0.052352 0.000000 0.120373 -0.053031 0.991311 0.000000 1.122387 -1.718880 -1.119342 1.000000
aniFrame
  m_time -0.794000
  m_vertexTransformMat 0.992967 -0.002323 -0.118367 0.000000 0.008704 0.998534 0.053419 0.000000 0.118069 -0.054073 0.991532 0.000000 1.095996 -1.740389 -0.973692 1.000000
aniFrame
  m_time -0.778000
  m_vertexTransformMat 0.993356 -0.002169 -0.115059 0.000000 0.008533 0.998458 0.054849 0.000000 0.114762 -0.055467 0.991843 0.000000 1.055688 -1.768817 -0.838470 1.000000
aniFrame
  m_time -0.762000
  m_vertexTransformMat 0.993842 -0.001992 -0.110791 0.000000 0.008332 0.998351 0.056793 0.000000 0.110495 -0.057366 0.992220 0.000000 0.999941 -1.808101 -0.727006 1.000000
aniFrame
  m_time -0.746000
  m_vertexTransformMat 0.994397 -0.001781 -0.105694 0.000000 0.008043 0.998235 0.058846 0.000000 0.105403 -0.059367 0.992656 0.000000 0.931146 -1.848723 -0.642563 1.000000
aniFrame
  m_time -0.730000
  m_vertexTransformMat 0.995011 -0.001566 -0.099755 0.000000 0.007733 0.998079 0.061465 0.000000 0.099467 -0.061930 0.993112 0.000000 0.849432 -1.901946 -0.586209 1.000000
aniFrame
  m_time -0.714000
  m_vertexTransformMat 0.995644 -0.001341 -0.093225 0.000000 0.007325 0.997931 0.063874 0.000000 0.092946 -0.064279 0.993594 0.000000 0.760618 -1.949479 -0.560885 1.000000
aniFrame
  m_time -0.698000
  m_vertexTransformMat 0.996294 -0.001119 -0.086005 0.000000 0.006894 0.997737 0.066878 0.000000 0.085736 -0.067224 0.994048 0.000000 0.663439 -2.010714 -0.558052 1.000000
aniFrame
  m_time -0.682000
  m_vertexTransformMat 0.996933 -0.000921 -0.078255 0.000000 0.006384 0.997555 0.069592 0.000000 0.078000 -0.069878 0.994501 0.000000 0.562751 -2.064882 -0.572466 1.000000
aniFrame
  m_time -0.666000
  m_vertexTransformMat 0.997526 -0.000719 -0.070298 0.000000 0.005825 0.997354 0.072459 0.000000 0.070059 -0.072689 0.994891 0.000000 0.465023 -2.122762 -0.603610 1.000000
aniFrame
  m_time -0.650000
  m_vertexTransformMat 0.998106 -0.000567 -0.061518 0.000000 0.005219 0.997134 0.075482 0.000000 0.061299 -0.075660 0.995248 0.000000 0.355308 -2.184603 -0.648732 1.000000
aniFrame
  m_time -0.634000
  m_vertexTransformMat 0.998582 -0.000411 -0.053243 0.000000 0.004558 0.996959 0.077800 0.000000 0.053049 -0.077933 0.995546 0.000000 0.264538 -2.230362 -0.705591 1.000000
aniFrame
  m_time -0.618000
  m_vertexTransformMat 0.999003 -0.000269 -0.044644 0.000000 0.003871 0.996737 0.080623 0.000000 0.044477 -0.080716 0.995744 0.000000 0.172505 -2.288768 -0.772517 1.000000
aniFrame
  m_time -0.602000
  m_vertexTransformMat 0.999362 -0.000199 -0.035714 0.000000 0.003145 0.996589 0.082463 0.000000 0.035576 -0.082522 0.995954 0.000000 0.078781 -2.324869 -0.845191 1.000000
aniFrame
  m_time -0.586000
  m_vertexTransformMat 0.999617 -0.000083 -0.027673 0.000000 0.002420 0.996425 0.084444 0.000000 0.027567 -0.084478 0.996044 0.000000 0.011375 -2.365543 -0.922797 1.000000
aniFrame
  m_time -0.570000
  m_vertexTransformMat 0.999825 -0.000060 -0.018714 0.000000 0.001667 0.996305 0.085868 0.000000 0.018640 -0.085884 0.996131 0.000000 -0.072466 -2.394297 -1.002017 1.000000
aniFrame
  m_time -0.554000
  m_vertexTransformMat 0.999943 -0.000040 -0.010716 0.000000 0.000967 0.996256 0.086446 0.000000 0.010672 -0.086451 0.996199 0.000000 -0.133207 -2.404679 -1.074678 1.000000
aniFrame
  m_time -0.538000
  m_vertexTransformMat 0.999996 -0.000005 -0.002797 0.000000 0.000249 0.996186 0.087251 0.000000 0.002786 -0.087251 0.996182 0.000000 -0.185308 -2.422039 -1.148601 1.000000
aniFrame
  m_time -0.522000
  m_vertexTransformMat 0.999984 0.000010 0.005699 0.000000 -0.000505 0.996234 0.086701 0.000000 -0.005676 -0.086703 0.996218 0.000000 -0.221808 -2.409981 -1.238091 1.000000
aniFrame
  m_time -0.506000
  m_vertexTransformMat 0.999893 0.000052 0.014656 0.000000 -0.001311 0.996305 0.085880 0.000000 -0.014597 -0.085890 0.996198 0.000000 -0.243454 -2.393908 -1.343194 1.000000
aniFrame
  m_time -0.490000
  m_vertexTransformMat 0.999693 0.000112 0.024792 0.000000 -0.002196 0.996460 0.084034 0.000000 -0.024695 -0.084063 0.996154 0.000000 -0.263790 -2.356147 -1.467412 1.000000
aniFrame
  m_time -0.474000
  m_vertexTransformMat 0.999354 0.000211 0.035942 0.000000 -0.003148 0.996655 0.081669 0.000000 -0.035805 -0.081729 0.996011 0.000000 -0.280986 -2.308620 -1.610478 1.000000
aniFrame
  m_time -0.458000
  m_vertexTransformMat 0.998872 0.000337 0.047490 0.000000 -0.004074 0.996897 0.078615 0.000000 -0.047316 -0.078719 0.995773 0.000000 -0.313936 -2.246442 -1.742956 1.000000
aniFrame
  m_time -0.442000
  m_vertexTransformMat 0.998235 0.000529 0.059392 0.000000 -0.005013 0.997143 0.075376 0.000000 -0.059183 -0.075540 0.995385 0.000000 -0.359656 -2.181511 -1.867879 1.000000
aniFrame
  m_time -0.426000
  m_vertexTransformMat 0.997469 0.000746 0.071102 0.000000 -0.005861 0.997405 0.071759 0.000000 -0.070864 -0.071994 0.994884 0.000000 -0.438725 -2.108443 -1.955241 1.000000
aniFrame
  m_time -0.410000
  m_vertexTransformMat 0.996582 0.001025 0.082602 0.000000 -0.006676 0.997652 0.068166 0.000000 -0.082338 -0.068484 0.994249 0.000000 -0.552694 -2.036609 -2.004393 1.000000
aniFrame
  m_time -0.394000
  m_vertexTransformMat 0.995635 0.001312 0.093327 0.000000 -0.007364 0.997888 0.064539 0.000000 -0.093045 -0.064945 0.993542 0.000000 -0.684749 -1.963796 -2.013077 1.000000
aniFrame
  m_time -0.378000
  m_vertexTransformMat 0.994652 0.001632 0.103273 0.000000 -0.007985 0.998098 0.061132 0.000000 -0.102977 -0.061630 0.992773 0.000000 -0.838208 -1.895841 -1.977234 1.000000
aniFrame
  m_time -0.362000
  m_vertexTransformMat 0.993720 0.001932 0.111876 0.000000 -0.008477 0.998277 0.058060 0.000000 -0.111571 -0.058644 0.992025 0.000000 -0.976895 -1.834527 -1.918117 1.000000
aniFrame
  m_time -0.346000
  m_vertexTransformMat 0.992878 0.002214 0.119118 0.000000 -0.008872 0.998425 0.055392 0.000000 -0.118808 -0.056054 0.991334 0.000000 -1.094004 -1.781356 -1.839294 1.000000
aniFrame
  m_time -0.330000
  m_vertexTransformMat 0.992219 0.002436 0.124484 0.000000 -0.009155 0.998529 0.053436 0.000000 -0.124171 -0.054160 0.990782 0.000000 -1.181702 -1.742514 -1.743678 1.000000
aniFrame
  m_time -0.314000
  m_vertexTransformMat 0.991812 0.002574 0.127679 0.000000 -0.009308 0.998594 0.052176 0.000000 -0.127365 -0.052937 0.990442 0.000000 -1.233794 -1.717372 -1.630969 1.000000
aniFrame
  m_time -0.298000
  m_vertexTransformMat 0.991643 0.002633 0.128983 0.000000 -0.009380 0.998617 0.051727 0.000000 -0.128669 -0.052504 0.990297 0.000000 -1.254976 -1.708552 -1.507558 1.000000
aniFrame
  m_time -0.282000
  m_vertexTransformMat 0.991735 0.002596 0.128274 0.000000 -0.009343 0.998602 0.052026 0.000000 -0.127960 -0.052795 0.990373 0.000000 -1.242497 -1.714432 -1.375068 1.000000
aniFrame
  m_time -0.266000
  m_vertexTransformMat 0.992016 0.002498 0.126088 0.000000 -0.009244 0.998554 0.052949 0.000000 -0.125774 -0.053692 0.990605 0.000000 -1.206501 -1.732927 -1.239709 1.000000
aniFrame
  m_time -0.250000
  m_vertexTransformMat 0.992421 0.002349 0.122863 0.000000 -0.009084 0.998484 0.054286 0.000000 -0.122549 -0.054991 0.990938 0.000000 -1.155531 -1.759510 -1.106043 1.000000
aniFrame
  m_time -0.234000
  m_vertexTransformMat 0.992946 0.002166 0.118551 0.000000 -0.008869 0.998389 0.056044 0.000000 -0.118238 -0.056700 0.991365 0.000000 -1.088019 -1.794626 -0.977718 1.000000
aniFrame
  m_time -0.218000
  m_vertexTransformMat 0.993557 0.001953 0.113319 0.000000 -0.008588 0.998274 0.058093 0.000000 -0.113010 -0.058692 0.991859 0.000000 -1.006736 -1.835365 -0.860062 1.000000
aniFrame
  m_time -0.202000
  m_vertexTransformMat 0.994238 0.001719 0.107179 0.000000 -0.008246 0.998136 0.060477 0.000000 -0.106875 -0.061012 0.992399 0.000000 -0.911483 -1.883000 -0.755794 1.000000
aniFrame
  m_time -0.186000
  m_vertexTransformMat 0.994954 0.001490 0.100318 0.000000 -0.007849 0.997981 0.063030 0.000000 -0.100022 -0.063499 0.992957 0.000000 -0.803938 -1.933983 -0.671472 1.000000
aniFrame
  m_time -0.170000
  m_vertexTransformMat 0.995683 0.001245 0.092811 0.000000 -0.007372 0.997813 0.065695 0.000000 -0.092526 -0.066096 0.993514 0.000000 -0.688217 -1.987031 -0.608478 1.000000
aniFrame
  m_time -0.154000
  m_vertexTransformMat 0.996414 0.001034 0.084608 0.000000 -0.006872 0.997611 0.068745 0.000000 -0.084335 -0.069080 0.994040 0.000000 -0.566880 -2.049036 -0.576208 1.000000
aniFrame
  m_time -0.138000
  m_vertexTransformMat 0.997093 0.000818 0.076188 0.000000 -0.006267 0.997435 0.071307 0.000000 -0.075934 -0.071577 0.994540 0.000000 -0.451412 -2.099425 -0.571173 1.000000
aniFrame
  m_time -0.122000
  m_vertexTransformMat 0.997748 0.000640 0.067071 0.000000 -0.005655 0.997197 0.074612 0.000000 -0.066836 -0.074823 0.994954 0.000000 -0.334216 -2.167681 -0.592336 1.000000
aniFrame
  m_time -0.106000
  m_vertexTransformMat 0.998320 0.000490 0.057939 0.000000 -0.004955 0.997022 0.076952 0.000000 -0.057729 -0.077109 0.995350 0.000000 -0.230389 -2.213537 -0.636742 1.000000
aniFrame
  m_time -0.090000
  m_vertexTransformMat 0.998789 0.000314 0.049203 0.000000 -0.004244 0.996804 0.079776 0.000000 -0.049021 -0.079888 0.995598 0.000000 -0.145800 -2.271642 -0.698583 1.000000
aniFrame
  m_time -0.074000
  m_vertexTransformMat 0.999218 0.000241 0.039532 0.000000 -0.003483 0.996630 0.081959 0.000000 -0.039379 -0.082032 0.995851 0.000000 -0.049215 -2.315373 -0.774662 1.000000
aniFrame
  m_time -0.058000
  m_vertexTransformMat 0.999511 0.000110 0.031281 0.000000 -0.002731 0.996484 0.083746 0.000000 -0.031162 -0.083790 0.995996 0.000000 0.007303 -2.351051 -0.858514 1.000000
aniFrame
  m_time -0.042000
  m_vertexTransformMat 0.999757 0.000062 0.022058 0.000000 -0.001951 0.996325 0.085630 0.000000 -0.021971 -0.085652 0.996083 0.000000 0.080051 -2.390113 -0.949732 1.000000
aniFrame
  m_time -0.026000
  m_vertexTransformMat 0.999909 0.000047 0.013505 0.000000 -0.001210 0.996282 0.086144 0.000000 -0.013450 -0.086153 0.996191 0.000000 0.135190 -2.398536 -1.035542 1.000000
aniFrame
  m_time -0.010000
  m_vertexTransformMat 0.999985 0.000012 0.005542 0.000000 -0.000495 0.996195 0.087152 0.000000 -0.005520 -0.087153 0.996180 0.000000 0.176690 -2.419969 -1.117529 1.000000
aniFrame
  m_time 0.005000
  m_vertexTransformMat 0.999996 -0.000003 -0.002822 0.000000 0.000248 0.996219 0.086874 0.000000 0.002811 -0.086874 0.996215 0.000000 0.208362 -2.413489 -1.208349 1.000000
aniFrame
  m_time 0.021000
  m_vertexTransformMat 0.999935 -0.000036 -0.011388 0.000000 0.001018 0.996275 0.086222 0.000000 0.011342 -0.086228 0.996211 0.000000 0.222721 -2.400573 -1.312216 1.000000
aniFrame
  m_time 0.037000
  m_vertexTransformMat 0.999784 -0.000085 -0.020781 0.000000 0.001845 0.996405 0.084696 0.000000 0.020699 -0.084716 0.996190 0.000000 0.235351 -2.369528 -1.429676 1.000000
aniFrame
  m_time 0.053000
  m_vertexTransformMat 0.999513 -0.000168 -0.031210 0.000000 0.002743 0.996589 0.082481 0.000000 0.031089 -0.082527 0.996104 0.000000 0.244637 -2.324748 -1.568501 1.000000
aniFrame
  m_time 0.069000
  m_vertexTransformMat 0.999114 -0.000278 -0.042074 0.000000 0.003633 0.996814 0.079676 0.000000 0.041918 -0.079758 0.995932 0.000000 0.264558 -2.267820 -1.701953 1.000000
aniFrame
  m_time 0.085000
  m_vertexTransformMat 0.998581 -0.000442 -0.053248 0.000000 0.004519 0.997062 0.076467 0.000000 0.053058 -0.076599 0.995649 0.000000 0.296479 -2.203012 -1.826569 1.000000
aniFrame
  m_time 0.101000
  m_vertexTransformMat 0.997927 -0.000640 -0.064351 0.000000 0.005347 0.997317 0.073007 0.000000 0.064132 -0.073200 0.995253 0.000000 0.351534 -2.133228 -1.923130 1.000000
aniFrame
  m_time 0.117000
  m_vertexTransformMat 0.997167 -0.000885 -0.075218 0.000000 0.006119 0.997572 0.069370 0.000000 0.074974 -0.069633 0.994751 0.000000 0.440630 -2.059968 -1.979011 1.000000
aniFrame
  m_time 0.133000
  m_vertexTransformMat 0.996335 -0.001157 -0.085528 0.000000 0.006805 0.997811 0.065777 0.000000 0.085265 -0.066118 0.994162 0.000000 0.550688 -1.987812 -1.994143 1.000000
aniFrame
  m_time 0.149000
  m_vertexTransformMat 0.995472 -0.001446 -0.095048 0.000000 0.007397 0.998031 0.062282 0.000000 0.094771 -0.062703 0.993523 0.000000 0.681380 -1.917610 -1.957914 1.000000
aniFrame
  m_time 0.165000
  m_vertexTransformMat 0.994625 -0.001743 -0.103530 0.000000 0.007900 0.998221 0.059090 0.000000 0.103243 -0.059590 0.992870 0.000000 0.814413 -1.853723 -1.884898 1.000000
aniFrame
  m_time 0.181000
  m_vertexTransformMat 0.993856 -0.002009 -0.110665 0.000000 0.008286 0.998380 0.056291 0.000000 0.110373 -0.056862 0.992263 0.000000 0.928131 -1.797632 -1.786721 1.000000
aniFrame
  m_time 0.197000
  m_vertexTransformMat 0.993212 -0.002244 -0.116299 0.000000 0.008586 0.998501 0.054057 0.000000 0.116003 -0.054688 0.991742 0.000000 1.023165 -1.753016 -1.664871 1.000000
aniFrame
  m_time 0.213000
  m_vertexTransformMat 0.992783 -0.002398 -0.119899 0.000000 0.008762 0.998578 0.052586 0.000000 0.119603 -0.053257 0.991392 0.000000 1.087138 -1.723574 -1.527445 1.000000
aniFrame
  m_time 0.229000
  m_vertexTransformMat 0.992569 -0.002478 -0.121661 0.000000 0.008848 0.998616 0.051847 0.000000 0.121364 -0.052538 0.991217 0.000000 1.123545 -1.708826 -1.376511 1.000000
aniFrame
  m_time 0.245000
  m_vertexTransformMat 0.992570 -0.002475 -0.121653 0.000000 0.008853 0.998612 0.051914 0.000000 0.121356 -0.052605 0.991214 0.000000 1.132026 -1.710161 -1.223372 1.000000
aniFrame
  m_time 0.261000
  m_vertexTransformMat 0.992771 -0.002395 -0.119996 0.000000 0.008772 0.998575 0.052640 0.000000 0.119699 -0.053312 0.991378 0.000000 1.114901 -1.724670 -1.068933 1.000000
aniFrame
  m_time 0.277000
  m_vertexTransformMat 0.993084 -0.002278 -0.117381 0.000000 0.008655 0.998511 0.053852 0.000000 0.117084 -0.054495 0.991626 0.000000 1.084272 -1.748995 -0.927172 1.000000
aniFrame
  m_time 0.293000
  m_vertexTransformMat 0.993509 -0.002111 -0.113734 0.000000 0.008467 0.998426 0.055437 0.000000 0.113438 -0.056040 0.991963 0.000000 1.038797 -1.780615 -0.797804 1.000000
aniFrame
  m_time 0.309000
  m_vertexTransformMat 0.994020 -0.001925 -0.109184 0.000000 0.008245 0.998314 0.057460 0.000000 0.108890 -0.058016 0.992359 0.000000 0.978402 -1.821349 -0.696042 1.000000
aniFrame
  m_time 0.325000
  m_vertexTransformMat 0.994596 -0.001707 -0.103807 0.000000 0.007937 0.998189 0.059632 0.000000 0.103518 -0.060133 0.992808 0.000000 0.905332 -1.864450 -0.620414 1.000000
aniFrame
  m_time 0.341000
  m_vertexTransformMat 0.995221 -0.001493 -0.097635 0.000000 0.007610 0.998028 0.062309 0.000000 0.097349 -0.062754 0.993270 0.000000 0.820386 -1.918837 -0.574555 1.000000
aniFrame
  m_time 0.357000
  m_vertexTransformMat 0.995858 -0.001264 -0.090911 0.000000 0.007177 0.997877 0.064736 0.000000 0.090636 -0.065120 0.993753 0.000000 0.729455 -1.966601 -0.558018 1.000000
aniFrame
  m_time 0.373000
  m_vertexTransformMat 0.996512 -0.001052 -0.083444 0.000000 0.006740 0.997669 0.067913 0.000000 0.083178 -0.068239 0.994196 0.000000 0.629426 -2.031875 -0.560819 1.000000
aniFrame
  m_time 0.389000
  m_vertexTransformMat 0.997135 -0.000855 -0.075637 0.000000 0.006197 0.997499 0.070416 0.000000 0.075387 -0.070683 0.994646 0.000000 0.530198 -2.081021 -0.581141 1.000000
aniFrame
  m_time 0.405000
  m_vertexTransformMat 0.997722 -0.000658 -0.067458 0.000000 0.005636 0.997270 0.073620 0.000000 0.067225 -0.073832 0.995002 0.000000 0.429616 -2.146978 -0.617192 1.000000
aniFrame
  m_time 0.421000
  m_vertexTransformMat 0.998280 -0.000523 -0.058620 0.000000 0.004999 0.997077 0.076242 0.000000 0.058409 -0.076404 0.995365 0.000000 0.321048 -2.199467 -0.666489 1.000000
aniFrame
  m_time 0.437000
  m_vertexTransformMat 0.998718 -0.000345 -0.050626 0.000000 0.004338 0.996884 0.078768 0.000000 0.050441 -0.078887 0.995607 0.000000 0.238980 -2.250414 -0.726867 1.000000
aniFrame
  m_time 0.453000
  m_vertexTransformMat 0.999137 -0.000248 -0.041533 0.000000 0.003629 0.996678 0.081356 0.000000 0.041375 -0.081437 0.995819 0.000000 0.137489 -2.303492 -0.796356 1.000000
aniFrame
  m_time 0.469000
  m_vertexTransformMat 0.999450 -0.000154 -0.033174 0.000000 0.002909 0.996544 0.083018 0.000000 0.033046 -0.083069 0.995996 0.000000 0.058964 -2.335847 -0.870194 1.000000
aniFrame
  m_time 0.485000
  m_vertexTransformMat 0.999695 -0.000066 -0.024700 0.000000 0.002169 0.996371 0.085090 0.000000 0.024605 -0.085118 0.996067 0.000000 -0.016756 -2.379008 -0.949554 1.000000
aniFrame
  m_time 0.501000
  m_vertexTransformMat 0.999873 -0.000058 -0.015937 0.000000 0.001428 0.996297 0.085970 0.000000 0.015873 -0.085982 0.996170 0.000000 -0.094643 -2.395488 -1.027120 1.000000
aniFrame
  m_time 0.517000
  m_vertexTransformMat 0.999967 -0.000028 -0.008127 0.000000 0.000733 0.996226 0.086791 0.000000 0.008094 -0.086794 0.996193 0.000000 -0.151498 -2.412036 -1.098316 1.000000
aniFrame
  m_time 0.533000
  m_vertexTransformMat 1.000000 -0.000000 -0.000000 0.000000 0.000000 0.996195 0.087156 0.000000 0.000000 -0.087156 0.996195 0.000000 -0.199997 -2.419804 -1.176513 1.000000
aniFrame
  m_time 0.549000
  m_vertexTransformMat 0.999963 0.000022 0.008597 0.000000 -0.000765 0.996253 0.086487 0.000000 -0.008563 -0.086490 0.996216 0.000000 -0.229742 -2.405752 -1.271409 1.000000
aniFrame
  m_time 0.565000
  m_vertexTransformMat 0.999840 0.000069 0.017881 0.000000 -0.001596 0.996347 0.085376 0.000000 -0.017810 -0.085391 0.996188 0.000000 -0.250694 -2.383654 -1.381657 1.000000
aniFrame
  m_time 0.581000
  m_vertexTransformMat 0.999596 0.000142 0.028431 0.000000 -0.002511 0.996520 0.083310 0.000000 -0.028320 -0.083348 0.996118 0.000000 -0.268843 -2.341593 -1.514622 1.000000
aniFrame
  m_time 0.597000
  m_vertexTransformMat 0.999209 0.000248 0.039759 0.000000 -0.003459 0.996731 0.080715 0.000000 -0.039609 -0.080789 0.995944 0.000000 -0.290027 -2.289255 -1.656187 1.000000
aniFrame
  m_time 0.613000
  m_vertexTransformMat 0.998676 0.000396 0.051442 0.000000 -0.004390 0.996978 0.077559 0.000000 -0.051255 -0.077683 0.995660 0.000000 -0.326975 -2.225226 -1.786627 1.000000
aniFrame
  m_time 0.629000
  m_vertexTransformMat 0.997992 0.000598 0.063335 0.000000 -0.005308 0.997228 0.074214 0.000000 -0.063115 -0.074401 0.995229 0.000000 -0.381259 -2.158145 -1.902445 1.000000
aniFrame
  m_time 0.645000
  m_vertexTransformMat 0.997185 0.000833 0.074978 0.000000 -0.006139 0.997489 0.070552 0.000000 -0.074731 -0.070814 0.994686 0.000000 -0.473757 -2.084241 -1.975662 1.000000
aniFrame
  m_time 0.661000
  m_vertexTransformMat 0.996270 0.001122 0.086288 0.000000 -0.006923 0.997731 0.066966 0.000000 -0.086017 -0.067314 0.994017 0.000000 -0.595130 -2.012632 -2.012234 1.000000
aniFrame
  m_time 0.677000
  m_vertexTransformMat 0.995308 0.001415 0.096743 0.000000 -0.007578 0.997962 0.063365 0.000000 -0.096456 -0.063801 0.993290 0.000000 -0.734650 -1.940305 -2.005270 1.000000
aniFrame
  m_time 0.693000
  m_vertexTransformMat 0.994330 0.001738 0.106323 0.000000 -0.008168 0.998160 0.060073 0.000000 -0.106023 -0.060600 0.992515 0.000000 -0.888173 -1.874758 -1.958989 1.000000
aniFrame
  m_time 0.709000
  m_vertexTransformMat 0.993427 0.002027 0.114446 0.000000 -0.008617 0.998331 0.057110 0.000000 -0.114139 -0.057721 0.991786 0.000000 -1.018019 -1.815562 -1.894233 1.000000
aniFrame
  m_time 0.725000
  m_vertexTransformMat 0.992631 0.002298 0.121157 0.000000 -0.008982 0.998465 0.054648 0.000000 -0.120845 -0.055333 0.991128 0.000000 -1.127432 -1.766591 -1.808903 1.000000
aniFrame
  m_time 0.741000
  m_vertexTransformMat 0.992056 0.002489 0.125773 0.000000 -0.009218 0.998555 0.052942 0.000000 -0.125459 -0.053680 0.990645 0.000000 -1.202660 -1.732660 -1.708043 1.000000
aniFrame
  m_time 0.757000
  m_vertexTransformMat 0.991730 0.002603 0.128314 0.000000 -0.009339 0.998607 0.051925 0.000000 -0.128001 -0.052694 0.990373 0.000000 -1.244184 -1.712374 -1.590432 1.000000
aniFrame
  m_time 0.773000
  m_vertexTransformMat 0.991645 0.002631 0.128972 0.000000 -0.009381 0.998615 0.051759 0.000000 -0.128658 -0.052537 0.990296 0.000000 -1.254556 -1.709219 -1.464613 1.000000
aniFrame
  m_time 0.789000
  m_vertexTransformMat 0.991815 0.002567 0.127661 0.000000 -0.009312 0.998590 0.052263 0.000000 -0.127347 -0.053024 0.990440 0.000000 -1.232214 -1.719107 -1.329548 1.000000
aniFrame
  m_time 0.805000
  m_vertexTransformMat 0.992135 0.002456 0.125150 0.000000 -0.009204 0.998532 0.053371 0.000000 -0.124835 -0.054103 0.990701 0.000000 -1.191528 -1.741405 -1.195380 1.000000
aniFrame
  m_time 0.821000
  m_vertexTransformMat 0.992585 0.002289 0.121534 0.000000 -0.009014 0.998456 0.054808 0.000000 -0.121221 -0.055497 0.991073 0.000000 -1.134731 -1.769838 -1.062027 1.000000
aniFrame
  m_time 0.837000
  m_vertexTransformMat 0.993140 0.002102 0.116910 0.000000 -0.008793 0.998350 0.056742 0.000000 -0.116597 -0.057380 0.991520 0.000000 -1.062342 -1.808712 -0.937819 1.000000
aniFrame
  m_time 0.853000
  m_vertexTransformMat 0.993777 0.001874 0.111371 0.000000 -0.008473 0.998233 0.058813 0.000000 -0.111063 -0.059391 0.992037 0.000000 -0.976632 -1.849554 -0.823153 1.000000
aniFrame
  m_time 0.869000
  m_vertexTransformMat 0.994476 0.001648 0.104948 0.000000 -0.008135 0.998079 0.061419 0.000000 -0.104645 -0.061934 0.992579 0.000000 -0.876484 -1.902265 -0.726040 1.000000
aniFrame
  m_time 0.885000
  m_vertexTransformMat 0.995195 0.001406 0.097903 0.000000 -0.007688 0.997932 0.063821 0.000000 -0.097611 -0.064267 0.993147 0.000000 -0.766355 -1.949397 -0.647442 1.000000
aniFrame
  m_time 0.901000
  m_vertexTransformMat 0.995931 0.001174 0.090114 0.000000 -0.007225 0.997737 0.066853 0.000000 -0.089831 -0.067232 0.993685 0.000000 -0.647567 -2.011066 -0.594499 1.000000
aniFrame
  m_time 0.917000
  m_vertexTransformMat 0.996646 0.000962 0.081830 0.000000 -0.006673 0.997557 0.069543 0.000000 -0.081564 -0.069856 0.994217 0.000000 -0.527678 -2.064475 -0.571576 1.000000
aniFrame
  m_time 0.933000
  m_vertexTransformMat 0.997312 0.000749 0.073275 0.000000 -0.006072 0.997354 0.072444 0.000000 -0.073027 -0.072694 0.994677 0.000000 -0.413525 -2.122989 -0.575311 1.000000
aniFrame
  m_time 0.949000
  m_vertexTransformMat 0.997954 0.000593 0.063927 0.000000 -0.005427 0.997134 0.075458 0.000000 -0.063699 -0.075651 0.995098 0.000000 -0.295967 -2.184450 -0.604895 1.000000
aniFrame
  m_time 0.965000
  m_vertexTransformMat 0.998478 0.000425 0.055146 0.000000 -0.004720 0.996959 0.077788 0.000000 -0.054945 -0.077930 0.995443 0.000000 -0.203882 -2.230353 -0.655478 1.000000
aniFrame
  m_time 0.981000
  m_vertexTransformMat 0.998944 0.000285 0.045936 0.000000 -0.003994 0.996734 0.080657 0.000000 -0.045763 -0.080756 0.995683 0.000000 -0.111632 -2.289733 -0.722818 1.000000
aniFrame
  m_time 0.997000
  m_vertexTransformMat 0.999328 0.000207 0.036649 0.000000 -0.003230 0.996589 0.082462 0.000000 -0.036507 -0.082525 0.995920 0.000000 -0.026563 -2.324940 -0.801665 1.000000
aniFrame
  m_time 1.013000
  m_vertexTransformMat 0.999599 0.000080 0.028315 0.000000 -0.002474 0.996421 0.084497 0.000000 -0.028207 -0.084533 0.996022 0.000000 0.029587 -2.366832 -0.888744 1.000000
aniFrame
  m_time 1.029000
  m_vertexTransformMat 0.999819 0.000063 0.018998 0.000000 -0.001694 0.996303 0.085892 0.000000 -0.018923 -0.085908 0.996123 0.000000 0.103116 -2.394870 -0.979409 1.000000
aniFrame
  m_time 1.045000
  m_vertexTransformMat 0.999941 0.000035 0.010869 0.000000 -0.000975 0.996254 0.086468 0.000000 -0.010825 -0.086474 0.996195 0.000000 0.149384 -2.405217 -1.062663 1.000000
aniFrame
  m_time 1.061000
  m_vertexTransformMat 0.999996 0.000004 0.002804 0.000000 -0.000248 0.996182 0.087296 0.000000 -0.002793 -0.087297 0.996178 0.000000 0.189148 -2.423080 -1.146264 1.000000
aniFrame
  m_time 1.077000
  m_vertexTransformMat 0.999984 -0.000010 -0.005637 0.000000 0.000498 0.996238 0.086654 0.000000 0.005615 -0.086655 0.996222 0.000000 0.214422 -2.408869 -1.241553 1.000000
aniFrame
  m_time 1.093000
  m_vertexTransformMat 0.999896 -0.000052 -0.014388 0.000000 0.001288 0.996304 0.085890 0.000000 0.014330 -0.085900 0.996201 0.000000 0.226408 -2.394104 -1.349688 1.000000
aniFrame
  m_time 1.109000
  m_vertexTransformMat 0.999708 -0.000108 -0.024169 0.000000 0.002138 0.996464 0.083990 0.000000 0.024075 -0.084017 0.996173 0.000000 0.238665 -2.355106 -1.474249 1.000000
aniFrame
  m_time 1.125000
  m_vertexTransformMat 0.999394 -0.000203 -0.034813 0.000000 0.003047 0.996657 0.081640 0.000000 0.034680 -0.081697 0.996054 0.000000 0.249054 -2.307824 -1.615331 1.000000
aniFrame
  m_time 1.141000
  m_vertexTransformMat 0.998952 -0.000326 -0.045764 0.000000 0.003927 0.996897 0.078620 0.000000 0.045597 -0.078717 0.995854 0.000000 0.274038 -2.246369 -1.744241 1.000000
aniFrame
  m_time 1.157000
  m_vertexTransformMat 0.998375 -0.000507 -0.056991 0.000000 0.004808 0.997145 0.075355 0.000000 0.056790 -0.075506 0.995527 0.000000 0.311139 -2.180671 -1.863765 1.000000
aniFrame
  m_time 1.173000
  m_vertexTransformMat 0.997686 -0.000713 -0.067991 0.000000 0.005606 0.997404 0.071792 0.000000 0.067764 -0.072007 0.995100 0.000000 0.377967 -2.108654 -1.945568 1.000000
aniFrame
  m_time 1.189000
  m_vertexTransformMat 0.996894 -0.000977 -0.078752 0.000000 0.006363 0.997654 0.068167 0.000000 0.078501 -0.068456 0.994561 0.000000 0.475740 -2.035852 -1.989167 1.000000
aniFrame
  m_time 1.205000
  m_vertexTransformMat 0.996051 -0.001248 -0.088772 0.000000 0.007007 0.997887 0.064592 0.000000 0.088504 -0.064959 0.993956 0.000000 0.591387 -1.963932 -1.987744 1.000000
aniFrame
  m_time 1.221000
  m_vertexTransformMat 0.995183 -0.001549 -0.098026 0.000000 0.007579 0.998098 0.061174 0.000000 0.097745 -0.061622 0.993302 0.000000 0.727539 -1.895448 -1.936399 1.000000
aniFrame
  m_time 1.237000
  m_vertexTransformMat 0.994361 -0.001831 -0.106032 0.000000 0.008036 0.998277 0.058118 0.000000 0.105743 -0.058642 0.992663 0.000000 0.853361 -1.834210 -1.855824 1.000000
aniFrame
  m_time 1.253000
  m_vertexTransformMat 0.993622 -0.002094 -0.112746 0.000000 0.008398 0.998425 0.055465 0.000000 0.112452 -0.056058 0.992075 0.000000 0.962761 -1.781132 -1.747899 1.000000
aniFrame
  m_time 1.269000
  m_vertexTransformMat 0.993044 -0.002304 -0.117721 0.000000 0.008658 0.998531 0.053494 0.000000 0.117425 -0.054141 0.991605 0.000000 1.047756 -1.741745 -1.621569 1.000000
aniFrame
  m_time 1.285000
  m_vertexTransformMat 0.992689 -0.002432 -0.120678 0.000000 0.008799 0.998595 0.052251 0.000000 0.120381 -0.052931 0.991316 0.000000 1.102219 -1.716866 -1.477706 1.000000
aniFrame
  m_time 1.301000
  m_vertexTransformMat 0.992542 -0.002488 -0.121881 0.000000 0.008863 0.998619 0.051788 0.000000 0.121584 -0.052482 0.991193 0.000000 1.129901 -1.707678 -1.326421 1.000000
aniFrame
  m_time 1.317000
  m_vertexTransformMat 0.992620 -0.002454 -0.121243 0.000000 0.008831 0.998603 0.052088 0.000000 0.120945 -0.052774 0.991255 0.000000 1.128468 -1.713601 -1.171081 1.000000
aniFrame
  m_time 1.333000
  m_vertexTransformMat 0.992864 -0.002362 -0.119229 0.000000 0.008741 0.998556 0.053011 0.000000 0.118931 -0.053675 0.991451 0.000000 1.106057 -1.732183 -1.020662 1.000000
aniFrame
  m_time 1.349000
  m_vertexTransformMat 0.993214 -0.002225 -0.116277 0.000000 0.008597 0.998486 0.054324 0.000000 0.115980 -0.054955 0.991730 0.000000 1.070847 -1.758367 -0.881844 1.000000
aniFrame
  m_time 1.365000
  m_vertexTransformMat 0.993671 -0.002052 -0.112308 0.000000 0.008402 0.998390 0.056096 0.000000 0.112013 -0.056684 0.992089 0.000000 1.020164 -1.793966 -0.760593 1.000000
aniFrame
  m_time 1.381000
  m_vertexTransformMat 0.994205 -0.001854 -0.107486 0.000000 0.008147 0.998276 0.058132 0.000000 0.107193 -0.058671 0.992506 0.000000 0.955490 -1.834598 -0.667832 1.000000
aniFrame
  m_time 1.397000
  m_vertexTransformMat 0.994801 -0.001635 -0.101825 0.000000 0.007834 0.998137 0.060512 0.000000 0.101536 -0.060995 0.992960 0.000000 0.878041 -1.882358 -0.601561 1.000000
aniFrame
  m_time 1.413000
  m_vertexTransformMat 0.995432 -0.001418 -0.095462 0.000000 0.007471 0.997980 0.063087 0.000000 0.095180 -0.063512 0.993432 0.000000 0.790852 -1.934079 -0.566254 1.000000
aniFrame
  m_time 1.429000
  m_vertexTransformMat 0.996075 -0.001190 -0.088509 0.000000 0.007033 0.997813 0.065728 0.000000 0.088237 -0.066092 0.993905 0.000000 0.697136 -1.986775 -0.557214 1.000000
aniFrame
  m_time 1.445000
  m_vertexTransformMat 0.996725 -0.000987 -0.080858 0.000000 0.006568 0.997610 0.068787 0.000000 0.080597 -0.069093 0.994349 0.000000 0.595812 -2.049201 -0.565656 1.000000
aniFrame
  m_time 1.461000
  m_vertexTransformMat 0.997332 -0.000787 -0.072993 0.000000 0.006009 0.997434 0.071344 0.000000 0.072750 -0.071592 0.994777 0.000000 0.497845 -2.099654 -0.591565 1.000000
aniFrame
  m_time 1.477000
  m_vertexTransformMat 0.997918 -0.000610 -0.064493 0.000000 0.005432 0.997197 0.074623 0.000000 0.064267 -0.074818 0.995124 0.000000 0.392171 -2.167481 -0.632268 1.000000
aniFrame
  m_time 1.493000
  m_vertexTransformMat 0.998439 -0.000472 -0.055855 0.000000 0.004778 0.997021 0.076981 0.000000 0.055652 -0.077128 0.995467 0.000000 0.290658 -2.213907 -0.685470 1.000000
aniFrame
  m_time 1.509000
  m_vertexTransformMat 0.998861 -0.000300 -0.047719 0.000000 0.004109 0.996807 0.079744 0.000000 0.047543 -0.079849 0.995673 0.000000 0.207366 -2.270702 -0.749274 1.000000
aniFrame
  m_time 1.525000
  m_vertexTransformMat 0.999258 -0.000228 -0.038516 0.000000 0.003386 0.996631 0.081949 0.000000 0.038367 -0.082019 0.995892 0.000000 0.105295 -2.315046 -0.820611 1.000000
aniFrame
  m_time 1.541000
  m_vertexTransformMat 0.999534 -0.000112 -0.030513 0.000000 0.002668 0.996486 0.083716 0.000000 0.030396 -0.083758 0.996022 0.000000 0.036970 -2.350294 -0.896189 1.000000
aniFrame
  m_time 1.557000
  m_vertexTransformMat 0.999765 -0.000061 -0.021677 0.000000 0.001916 0.996330 0.085578 0.000000 0.021592 -0.085600 0.996096 0.000000 -0.045552 -2.388896 -0.976068 1.000000
aniFrame
  m_time 1.573000
  m_vertexTransformMat 0.999911 -0.000050 -0.013303 0.000000 0.001196 0.996282 0.086146 0.000000 0.013249 -0.086155 0.996194 0.000000 -0.114276 -2.398568 -1.051171 1.000000
aniFrame
  m_time 1.589000
  m_vertexTransformMat 0.999985 -0.000016 -0.005498 0.000000 0.000494 0.996200 0.087092 0.000000 0.005476 -0.087094 0.996185 0.000000 -0.168978 -2.418591 -1.122744 1.000000
aniFrame
  m_time 1.605000
  m_vertexTransformMat 0.999996 0.000003 0.002845 0.000000 -0.000251 0.996216 0.086915 0.000000 -0.002834 -0.086915 0.996212 0.000000 -0.212154 -2.414433 -1.206470 1.000000
aniFrame
  m_time 1.621000
  m_vertexTransformMat 0.999933 0.000036 0.011571 0.000000 -0.001034 0.996275 0.086230 0.000000 -0.011525 -0.086236 0.996208 0.000000 -0.236710 -2.400793 -1.306444 1.000000
aniFrame
  m_time 1.637000
  m_vertexTransformMat 0.999774 0.000087 0.021268 0.000000 -0.001889 0.996403 0.084719 0.000000 -0.021184 -0.084740 0.996178 0.000000 -0.258056 -2.370057 -1.422639 1.000000
aniFrame
  m_time 1.653000
  m_vertexTransformMat 0.999483 0.000175 0.032156 0.000000 -0.002830 0.996585 0.082528 0.000000 -0.032032 -0.082576 0.996070 0.000000 -0.274243 -2.325907 -1.562799 1.000000
aniFrame
  m_time 1.669000
  m_vertexTransformMat 0.999049 0.000288 0.043592 0.000000 -0.003763 0.996814 0.079667 0.000000 -0.043430 -0.079755 0.995868 0.000000 -0.301778 -2.267793 -1.699244 1.000000
aniFrame
  m_time 1.685000
  m_vertexTransformMat 0.998463 0.000460 0.055418 0.000000 -0.004705 0.997060 0.076485 0.000000 -0.055220 -0.076628 0.995529 0.000000 -0.341887 -2.203725 -1.828769 1.000000
aniFrame
  m_time 1.701000
  m_vertexTransformMat 0.997738 0.000668 0.067222 0.000000 -0.005585 0.997317 0.072987 0.000000 -0.066992 -0.073197 0.995065 0.000000 -0.407628 -2.133257 -1.931081 1.000000
aniFrame
  m_time 1.717000
  m_vertexTransformMat 0.996888 0.000927 0.078822 0.000000 -0.006412 0.997571 0.069358 0.000000 -0.078566 -0.069647 0.994473 0.000000 -0.511992 -2.060387 -1.992123 1.000000
aniFrame
  m_time 1.733000
  m_vertexTransformMat 0.995954 0.001215 0.089852 0.000000 -0.007149 0.997810 0.065750 0.000000 -0.089576 -0.066126 0.993782 0.000000 -0.638571 -1.988165 -2.015404 1.000000
aniFrame
  m_time 1.749000
  m_vertexTransformMat 0.994979 0.001523 0.100069 0.000000 -0.007786 0.998031 0.062230 0.000000 -0.099777 -0.062696 0.993033 0.000000 -0.786420 -1.917669 -1.992989 1.000000
aniFrame
  m_time 1.765000
  m_vertexTransformMat 0.994019 0.001838 0.109189 0.000000 -0.008332 0.998220 0.059049 0.000000 -0.108886 -0.059606 0.992265 0.000000 -0.934483 -1.854338 -1.939237 1.000000
aniFrame
  m_time 1.781000
  m_vertexTransformMat 0.993145 0.002122 0.116871 0.000000 -0.008749 0.998380 0.056216 0.000000 -0.116562 -0.056854 0.991555 0.000000 -1.057292 -1.797752 -1.867845 1.000000
aniFrame
  m_time 1.797000
  m_vertexTransformMat 0.992410 0.002373 0.122954 0.000000 -0.009077 0.998500 0.053995 0.000000 -0.122641 -0.054701 0.990942 0.000000 -1.156848 -1.753638 -1.776996 1.000000
aniFrame
  m_time 1.813000
  m_vertexTransformMat 0.991920 0.002535 0.126842 0.000000 -0.009270 0.998576 0.052536 0.000000 -0.126529 -0.053287 0.990531 0.000000 -1.220139 -1.724567 -1.670365 1.000000
aniFrame
  m_time 1.829000
  m_vertexTransformMat 0.991673 0.002622 0.128755 0.000000 -0.009365 0.998614 0.051790 0.000000 -0.128441 -0.052565 0.990323 0.000000 -1.251380 -1.709747 -1.549209 1.000000
aniFrame
  m_time 1.845000
  m_vertexTransformMat 0.991681 0.002623 0.128694 0.000000 -0.009360 0.998615 0.051774 0.000000 -0.128380 -0.052547 0.990332 0.000000 -1.249570 -1.709400 -1.420068 1.000000
aniFrame
  m_time 1.861000
  m_vertexTransformMat 0.991922 0.002551 0.126822 0.000000 -0.009253 0.998589 0.052286 0.000000 -0.126510 -0.053037 0.990546 0.000000 -1.218029 -1.719395 -1.283577 1.000000
aniFrame
  m_time 1.877000
  m_vertexTransformMat 0.992298 0.002440 0.123847 0.000000 -0.009092 0.998544 0.053180 0.000000 -0.123537 -0.053896 0.990875 0.000000 -1.170013 -1.737117 -1.149150 1.000000
aniFrame
  m_time 1.893000
  m_vertexTransformMat 0.992807 0.002288 0.119703 0.000000 -0.008845 0.998487 0.054276 0.000000 -0.119398 -0.054944 0.991325 0.000000 -1.104351 -1.758472 -1.016432 1.000000
aniFrame
  m_time 1.909000
  m_vertexTransformMat 0.993412 0.002115 0.114581 0.000000 -0.008558 0.998407 0.055768 0.000000 -0.114281 -0.056381 0.991847 0.000000 -1.023523 -1.788122 -0.894516 1.000000
aniFrame
  m_time 1.925000
  m_vertexTransformMat 0.994092 0.001907 0.108521 0.000000 -0.008176 0.998320 0.057356 0.000000 -0.108230 -0.057905 0.992438 0.000000 -0.928744 -1.819073 -0.782876 1.000000
aniFrame
  m_time 1.941000
  m_vertexTransformMat 0.994818 0.001702 0.101658 0.000000 -0.007776 0.998205 0.059386 0.000000 -0.101374 -0.059869 0.993045 0.000000 -0.820159 -1.859810 -0.690919 1.000000
aniFrame
  m_time 1.957000
  m_vertexTransformMat 0.995555 0.001472 0.094166 0.000000 -0.007271 0.998095 0.061268 0.000000 -0.093896 -0.061680 0.993669 0.000000 -0.701994 -1.896311 -0.617737 1.000000
aniFrame
  m_time 1.973000
  m_vertexTransformMat 0.996296 0.001260 0.085986 0.000000 -0.006769 0.997939 0.063813 0.000000 -0.085729 -0.064159 0.994251 0.000000 -0.580372 -1.948138 -0.574894 1.000000
aniFrame
  m_time 1.989000
  m_vertexTransformMat 0.996994 0.001043 0.077477 0.000000 -0.006163 0.997809 0.065874 0.000000 -0.077238 -0.066154 0.994816 0.000000 -0.464078 -1.988144 -0.562266 1.000000
aniFrame
  m_time 2.005000
  m_vertexTransformMat 0.997648 0.000842 0.068545 0.000000 -0.005562 0.997622 0.068693 0.000000 -0.068324 -0.068913 0.995280 0.000000 -0.353849 -2.045952 -0.577323 1.000000
aniFrame
  m_time 2.021000
  m_vertexTransformMat 0.998244 0.000675 0.059224 0.000000 -0.004887 0.997464 0.071003 0.000000 -0.059026 -0.071168 0.995716 0.000000 -0.252506 -2.091645 -0.619395 1.000000
aniFrame
  m_time 2.037000
  m_vertexTransformMat 0.998726 0.000483 0.050451 0.000000 -0.004203 0.997275 0.073655 0.000000 -0.050278 -0.073773 0.996007 0.000000 -0.173742 -2.145567 -0.680291 1.000000
aniFrame
  m_time 2.053000
  m_vertexTransformMat 0.999167 0.000369 0.040809 0.000000 -0.003482 0.997082 0.076254 0.000000 -0.040662 -0.076333 0.996253 0.000000 -0.083718 -2.198403 -0.757007 1.000000
aniFrame
  m_time 2.069000
  m_vertexTransformMat 0.999474 0.000221 0.032432 0.000000 -0.002768 0.996911 0.078492 0.000000 -0.032314 -0.078541 0.996387 0.000000 -0.026612 -2.243098 -0.841961 1.000000
aniFrame
  m_time 2.085000
  m_vertexTransformMat 0.999719 0.000116 0.023697 0.000000 -0.002041 0.996696 0.081200 0.000000 -0.023609 -0.081225 0.996416 0.000000 0.037019 -2.299212 -0.933440 1.000000
aniFrame
  m_time 2.101000
  m_vertexTransformMat 0.999885 0.000073 0.015171 0.000000 -0.001333 0.996544 0.083055 0.000000 -0.015112 -0.083065 0.996430 0.000000 0.099235 -2.335749 -1.021306 1.000000
aniFrame
  m_time 2.117000
  m_vertexTransformMat 0.999968 -0.000033 0.007960 0.000000 -0.000654 0.996278 0.086200 0.000000 -0.007933 -0.086203 0.996246 0.000000 0.139504 -2.403326 -1.102553 1.000000
aniFrame
