m_aniFrameList.size 202
aniFrame
  m_time -1.066000
  m_vertexTransformMat 0.968774 0.134464 -0.208315 0.000000 -0.069822 0.954122 0.291161 0.000000 0.237909 -0.267525 0.933718 0.000000 5.868177 -6.879499 -2.368804 1.000000
aniFrame
  m_time -1.050000
  m_vertexTransformMat 0.970639 0.129853 -0.202481 0.000000 -0.058935 0.944495 0.323196 0.000000 0.233210 -0.301773 0.924417 0.000000 5.562816 -7.691551 -2.767882 1.000000
aniFrame
  m_time -1.034000
  m_vertexTransformMat 0.972344 0.124110 -0.197846 0.000000 -0.048188 0.935502 0.350020 0.000000 0.228526 -0.330806 0.915611 0.000000 5.254772 -8.376630 -3.155229 1.000000
aniFrame
  m_time -1.018000
  m_vertexTransformMat 0.973758 0.117965 -0.194626 0.000000 -0.038822 0.928742 0.368688 0.000000 0.224250 -0.351457 0.908950 0.000000 4.944152 -8.861538 -3.503610 1.000000
aniFrame
  m_time -1.002000
  m_vertexTransformMat 0.975150 0.110102 -0.192250 0.000000 -0.031620 0.928050 0.371112 0.000000 0.219277 -0.355811 0.908469 0.000000 4.616457 -8.957705 -3.701405 1.000000
aniFrame
  m_time -0.986000
  m_vertexTransformMat 0.976924 0.098902 -0.189309 0.000000 -0.030290 0.941527 0.335573 0.000000 0.211429 -0.322095 0.922796 0.000000 4.233898 -8.149963 -3.525688 1.000000
aniFrame
  m_time -0.970000
  m_vertexTransformMat 0.978822 0.086563 -0.185508 0.000000 -0.033182 0.961302 0.273489 0.000000 0.202004 -0.261542 0.943817 0.000000 3.830637 -6.708315 -3.166992 1.000000
aniFrame
  m_time -0.954000
  m_vertexTransformMat 0.980769 0.073307 -0.180881 0.000000 -0.036031 0.978857 0.201347 0.000000 0.191816 -0.190958 0.962674 0.000000 3.444911 -5.029417 -2.813317 1.000000
aniFrame
  m_time -0.938000
  m_vertexTransformMat 0.982739 0.059280 -0.175239 0.000000 -0.038793 0.992243 0.118105 0.000000 0.180881 -0.109269 0.977416 0.000000 3.072553 -3.087960 -2.513987 1.000000
aniFrame
  m_time -0.922000
  m_vertexTransformMat 0.984646 0.041412 -0.169580 0.000000 -0.036021 0.998747 0.034747 0.000000 0.170806 -0.028105 0.984904 0.000000 2.751239 -1.149907 -2.330231 1.000000
aniFrame
  m_time -0.906000
  m_vertexTransformMat 0.986495 0.019303 -0.162649 0.000000 -0.027671 0.998398 -0.049342 0.000000 0.161436 0.053176 0.985450 0.000000 2.474901 0.800986 -2.263015 1.000000
aniFrame
  m_time -0.890000
  m_vertexTransformMat 0.987797 -0.013107 -0.155193 0.000000 -0.007651 0.991166 -0.132408 0.000000 0.155557 0.131980 0.978971 0.000000 2.291947 2.718161 -2.331266 1.000000
aniFrame
  m_time -0.874000
  m_vertexTransformMat 0.987984 -0.055364 -0.144301 0.000000 0.023487 0.976577 -0.213882 0.000000 0.152762 0.207923 0.966143 0.000000 2.196216 4.591782 -2.526931 1.000000
aniFrame
  m_time -0.858000
  m_vertexTransformMat 0.986290 -0.101043 -0.130473 0.000000 0.058629 0.953600 -0.295312 0.000000 0.154258 0.283614 0.946450 0.000000 2.217465 6.465405 -2.875726 1.000000
aniFrame
  m_time -0.842000
  m_vertexTransformMat 0.982159 -0.151074 -0.111988 0.000000 0.098793 0.921216 -0.376299 0.000000 0.160014 0.358522 0.919705 0.000000 2.356609 8.329101 -3.386397 1.000000
aniFrame
  m_time -0.826000
  m_vertexTransformMat 0.977323 -0.190912 -0.091615 0.000000 0.130559 0.883885 -0.449112 0.000000 0.166718 0.426966 0.888766 0.000000 2.530461 10.009358 -3.998049 1.000000
aniFrame
  m_time -0.810000
  m_vertexTransformMat 0.972387 -0.221851 -0.072428 0.000000 0.154274 0.843931 -0.513791 0.000000 0.175109 0.488430 0.854853 0.000000 2.754642 11.496768 -4.671972 1.000000
aniFrame
  m_time -0.794000
  m_vertexTransformMat 0.969996 -0.236816 -0.055004 0.000000 0.163507 0.802877 -0.573284 0.000000 0.179924 0.547090 0.817509 0.000000 2.896356 12.872962 -5.429624 1.000000
aniFrame
  m_time -0.778000
  m_vertexTransformMat 0.971123 -0.234610 -0.043351 0.000000 0.155954 0.761737 -0.628836 0.000000 0.180553 0.603916 0.776328 0.000000 2.938734 14.156734 -6.268122 1.000000
aniFrame
  m_time -0.762000
  m_vertexTransformMat 0.973995 -0.223717 -0.035835 0.000000 0.140674 0.721117 -0.678382 0.000000 0.177607 0.655700 0.733835 0.000000 2.898119 15.302419 -7.146151 1.000000
aniFrame
  m_time -0.746000
  m_vertexTransformMat 0.978366 -0.204227 -0.033046 0.000000 0.117418 0.679662 -0.724067 0.000000 0.170334 0.704522 0.688938 0.000000 2.756772 16.360910 -8.091002 1.000000
aniFrame
  m_time -0.730000
  m_vertexTransformMat 0.982041 -0.185428 -0.034806 0.000000 0.095071 0.645712 -0.757639 0.000000 0.162962 0.740724 0.651745 0.000000 2.620669 17.130083 -8.865182 1.000000
aniFrame
  m_time -0.714000
  m_vertexTransformMat 0.984680 -0.169841 -0.039489 0.000000 0.076424 0.623914 -0.777748 0.000000 0.156732 0.762814 0.627335 0.000000 2.519461 17.582258 -9.357212 1.000000
aniFrame
  m_time -0.698000
  m_vertexTransformMat 0.986260 -0.158700 -0.045897 0.000000 0.062317 0.614685 -0.786308 0.000000 0.152999 0.772643 0.616128 0.000000 2.485995 17.761457 -9.550681 1.000000
aniFrame
  m_time -0.682000
  m_vertexTransformMat 0.986631 -0.154170 -0.052821 0.000000 0.055000 0.620109 -0.782585 0.000000 0.153406 0.769218 0.620298 0.000000 2.559786 17.648483 -9.393137 1.000000
aniFrame
  m_time -0.666000
  m_vertexTransformMat 0.986485 -0.152211 -0.060657 0.000000 0.050534 0.634777 -0.771041 0.000000 0.155864 0.757555 0.633890 0.000000 2.688980 17.350775 -9.023755 1.000000
aniFrame
  m_time -0.650000
  m_vertexTransformMat 0.986208 -0.150491 -0.068889 0.000000 0.047099 0.654197 -0.754857 0.000000 0.158666 0.741201 0.652262 0.000000 2.832081 16.945349 -8.549732 1.000000
aniFrame
  m_time -0.634000
  m_vertexTransformMat 0.985672 -0.149295 -0.078496 0.000000 0.044176 0.677623 -0.734081 0.000000 0.162785 0.720096 0.674510 0.000000 3.011925 16.431482 -7.991380 1.000000
aniFrame
  m_time -0.618000
  m_vertexTransformMat 0.984944 -0.148373 -0.088714 0.000000 0.042259 0.704258 -0.708685 0.000000 0.167628 0.694266 0.699925 0.000000 3.213753 15.808627 -7.364180 1.000000
aniFrame
  m_time -0.602000
  m_vertexTransformMat 0.984078 -0.147433 -0.099268 0.000000 0.041089 0.732089 -0.679969 0.000000 0.172923 0.665063 0.726491 0.000000 3.430923 15.107765 -6.714476 1.000000
aniFrame
  m_time -0.586000
  m_vertexTransformMat 0.983000 -0.146053 -0.111267 0.000000 0.039529 0.760136 -0.648560 0.000000 0.179302 0.633136 0.752987 0.000000 3.678456 14.342614 -6.069446 1.000000
aniFrame
  m_time -0.570000
  m_vertexTransformMat 0.981903 -0.144149 -0.122832 0.000000 0.038642 0.787431 -0.615189 0.000000 0.185401 0.599310 0.778752 0.000000 3.923265 13.532121 -5.444102 1.000000
aniFrame
  m_time -0.554000
  m_vertexTransformMat 0.980794 -0.141277 -0.134477 0.000000 0.036865 0.811307 -0.583456 0.000000 0.191531 0.567293 0.800933 0.000000 4.169822 12.762284 -4.902359 1.000000
aniFrame
  m_time -0.538000
  m_vertexTransformMat 0.979528 -0.137505 -0.147026 0.000000 0.034414 0.833989 -0.550706 0.000000 0.198342 0.534372 0.821649 0.000000 4.439291 11.968692 -4.396227 1.000000
aniFrame
  m_time -0.522000
  m_vertexTransformMat 0.977200 -0.132286 -0.166075 0.000000 0.029305 0.858733 -0.511585 0.000000 0.210290 0.495053 0.843030 0.000000 4.860019 11.018472 -3.875305 1.000000
aniFrame
  m_time -0.506000
  m_vertexTransformMat 0.973905 -0.124391 -0.189834 0.000000 0.021992 0.884213 -0.466565 0.000000 0.225890 0.450215 0.863875 0.000000 5.393337 9.929152 -3.371561 1.000000
aniFrame
  m_time -0.490000
  m_vertexTransformMat 0.970747 -0.114937 -0.210806 0.000000 0.016549 0.907919 -0.418818 0.000000 0.239533 0.403078 0.883262 0.000000 5.904362 8.781787 -2.929985 1.000000
aniFrame
  m_time -0.474000
  m_vertexTransformMat 0.967716 -0.103819 -0.229669 0.000000 0.011879 0.929000 -0.369890 0.000000 0.251764 0.355220 0.900241 0.000000 6.404421 7.613417 -2.569597 1.000000
aniFrame
  m_time -0.458000
  m_vertexTransformMat 0.964871 -0.096938 -0.244186 0.000000 -0.000723 0.928457 -0.371440 0.000000 0.262722 0.358568 0.895771 0.000000 6.868236 7.672286 -2.707506 1.000000
aniFrame
  m_time -0.442000
  m_vertexTransformMat 0.961745 -0.098611 -0.255581 0.000000 -0.019566 0.905857 -0.423132 0.000000 0.273246 0.411946 0.869274 0.000000 7.318466 8.943711 -3.355928 1.000000
aniFrame
  m_time -0.426000
  m_vertexTransformMat 0.959063 -0.097905 -0.265729 0.000000 -0.032990 0.893324 -0.448200 0.000000 0.281263 0.438619 0.853525 0.000000 7.671035 9.580077 -3.725924 1.000000
aniFrame
  m_time -0.410000
  m_vertexTransformMat 0.957358 -0.091053 -0.274182 0.000000 -0.041461 0.895912 -0.442292 0.000000 0.285915 0.434799 0.853934 0.000000 7.902222 9.479507 -3.691171 1.000000
aniFrame
  m_time -0.394000
  m_vertexTransformMat 0.956162 -0.082904 -0.280857 0.000000 -0.047614 0.902313 -0.428444 0.000000 0.288941 0.423034 0.858810 0.000000 8.061339 9.192432 -3.523669 1.000000
aniFrame
  m_time -0.378000
  m_vertexTransformMat 0.955516 -0.073616 -0.285605 0.000000 -0.051760 0.911467 -0.408103 0.000000 0.290363 0.404732 0.867111 0.000000 8.145712 8.752500 -3.244565 1.000000
aniFrame
  m_time -0.362000
  m_vertexTransformMat 0.955124 -0.063603 -0.289299 0.000000 -0.054664 0.922050 -0.383191 0.000000 0.291120 0.381809 0.877195 0.000000 8.203390 8.209867 -2.912668 1.000000
aniFrame
  m_time -0.346000
  m_vertexTransformMat 0.954882 -0.053197 -0.292183 0.000000 -0.056481 0.933343 -0.354515 0.000000 0.291566 0.355023 0.888227 0.000000 8.249998 7.584858 -2.551353 1.000000
aniFrame
  m_time -0.330000
  m_vertexTransformMat 0.954836 -0.042176 -0.294125 0.000000 -0.057367 0.945084 -0.321753 0.000000 0.291543 0.324094 0.899981 0.000000 8.277603 6.868639 -2.169566 1.000000
aniFrame
  m_time -0.314000
  m_vertexTransformMat 0.954949 -0.030918 -0.295155 0.000000 -0.057205 0.956729 -0.285302 0.000000 0.291204 0.289334 0.911859 0.000000 8.289777 6.070486 -1.781886 1.000000
aniFrame
  m_time -0.298000
  m_vertexTransformMat 0.955230 -0.019092 -0.295249 0.000000 -0.056093 0.968131 -0.244082 0.000000 0.290500 0.249716 0.923716 0.000000 8.285390 5.160970 -1.397770 1.000000
aniFrame
  m_time -0.282000
  m_vertexTransformMat 0.955667 -0.006685 -0.294372 0.000000 -0.053464 0.979184 -0.195805 0.000000 0.289554 0.202863 0.935417 0.000000 8.266884 4.082519 -1.023128 1.000000
aniFrame
  m_time -0.266000
  m_vertexTransformMat 0.956186 0.005635 -0.292707 0.000000 -0.050578 0.987961 -0.146202 0.000000 0.288359 0.154601 0.944959 0.000000 8.235204 2.971890 -0.707788 1.000000
aniFrame
  m_time -0.250000
  m_vertexTransformMat 0.956822 0.017460 -0.290149 0.000000 -0.048391 0.993833 -0.099775 0.000000 0.286617 0.109508 0.951766 0.000000 8.183379 1.936305 -0.467858 1.000000
aniFrame
  m_time -0.234000
  m_vertexTransformMat 0.957503 0.028680 -0.286992 0.000000 -0.046743 0.997320 -0.056284 0.000000 0.284609 0.067307 0.956278 0.000000 8.119050 0.967087 -0.295296 1.000000
aniFrame
  m_time -0.218000
  m_vertexTransformMat 0.958178 0.039151 -0.283482 0.000000 -0.046209 0.998765 -0.018251 0.000000 0.282417 0.030587 0.958804 0.000000 8.045217 0.121322 -0.185245 1.000000
aniFrame
  m_time -0.202000
  m_vertexTransformMat 0.958843 0.049054 -0.279667 0.000000 -0.046356 0.998793 0.016256 0.000000 0.280127 -0.002622 0.959960 0.000000 7.964344 -0.646438 -0.126975 1.000000
aniFrame
  m_time -0.186000
  m_vertexTransformMat 0.959431 0.058705 -0.275765 0.000000 -0.046732 0.997665 0.049796 0.000000 0.278044 -0.034889 0.959935 0.000000 7.886634 -1.397715 -0.123310 1.000000
aniFrame
  m_time -0.170000
  m_vertexTransformMat 0.959992 0.067873 -0.271678 0.000000 -0.047481 0.995587 0.080949 0.000000 0.275974 -0.064811 0.958978 0.000000 7.804413 -2.097382 -0.169035 1.000000
aniFrame
  m_time -0.154000
  m_vertexTransformMat 0.960450 0.076490 -0.267740 0.000000 -0.048982 0.992948 0.107962 0.000000 0.274110 -0.090578 0.957423 0.000000 7.717896 -2.698564 -0.264934 1.000000
aniFrame
  m_time -0.138000
  m_vertexTransformMat 0.960972 0.084429 -0.263448 0.000000 -0.051097 0.990077 0.130911 0.000000 0.271886 -0.112341 0.955750 0.000000 7.612709 -3.205456 -0.396095 1.000000
aniFrame
  m_time -0.122000
  m_vertexTransformMat 0.961458 0.092487 -0.258931 0.000000 -0.053607 0.986711 0.153385 0.000000 0.269677 -0.133593 0.953639 0.000000 7.492865 -3.703389 -0.566714 1.000000
aniFrame
  m_time -0.106000
  m_vertexTransformMat 0.962085 0.100038 -0.253742 0.000000 -0.056520 0.983239 0.173339 0.000000 0.266830 -0.152425 0.951613 0.000000 7.343405 -4.145388 -0.762771 1.000000
aniFrame
  m_time -0.090000
  m_vertexTransformMat 0.962921 0.107416 -0.247478 0.000000 -0.059793 0.979477 0.192484 0.000000 0.263075 -0.170549 0.949581 0.000000 7.160563 -4.573381 -0.975181 1.000000
aniFrame
  m_time -0.074000
  m_vertexTransformMat 0.963619 0.114407 -0.241557 0.000000 -0.063254 0.975700 0.209784 0.000000 0.259688 -0.186873 0.947439 0.000000 6.975385 -4.960617 -1.206614 1.000000
aniFrame
  m_time -0.058000
  m_vertexTransformMat 0.964725 0.120508 -0.234060 0.000000 -0.066464 0.971769 0.226379 0.000000 0.254732 -0.202837 0.945499 0.000000 6.743495 -5.340260 -1.437338 1.000000
aniFrame
  m_time -0.042000
  m_vertexTransformMat 0.965651 0.126013 -0.227242 0.000000 -0.069122 0.967602 0.242836 0.000000 0.250480 -0.218788 0.943076 0.000000 6.519956 -5.720773 -1.684446 1.000000
aniFrame
  m_time -0.026000
  m_vertexTransformMat 0.966719 0.130124 -0.220276 0.000000 -0.070854 0.963488 0.258208 0.000000 0.245832 -0.234007 0.940642 0.000000 6.282500 -6.083370 -1.921617 1.000000
aniFrame
  m_time -0.010000
  m_vertexTransformMat 0.967878 0.133388 -0.213118 0.000000 -0.071900 0.959108 0.273756 0.000000 0.240919 -0.249640 0.937890 0.000000 6.036416 -6.456222 -2.154215 1.000000
aniFrame
  m_time 0.005000
  m_vertexTransformMat 0.969244 0.133801 -0.206551 0.000000 -0.068766 0.953105 0.294724 0.000000 0.236299 -0.271456 0.932992 0.000000 5.777334 -6.970525 -2.442827 1.000000
aniFrame
  m_time 0.021000
  m_vertexTransformMat 0.970919 0.130974 -0.200405 0.000000 -0.060114 0.943639 0.325473 0.000000 0.231738 -0.303960 0.924070 0.000000 5.496707 -7.730766 -2.834113 1.000000
aniFrame
  m_time 0.037000
  m_vertexTransformMat 0.972527 0.125243 -0.196226 0.000000 -0.050088 0.935775 0.349023 0.000000 0.227336 -0.329606 0.916340 0.000000 5.201183 -8.325922 -3.200589 1.000000
aniFrame
  m_time 0.053000
  m_vertexTransformMat 0.973879 0.117272 -0.194443 0.000000 -0.038861 0.929759 0.366113 0.000000 0.223719 -0.348993 0.910029 0.000000 4.900540 -8.772326 -3.543016 1.000000
aniFrame
  m_time 0.069000
  m_vertexTransformMat 0.975410 0.106631 -0.192888 0.000000 -0.031176 0.933127 0.358192 0.000000 0.218183 -0.343370 0.913506 0.000000 4.556777 -8.627338 -3.638263 1.000000
aniFrame
  m_time 0.085000
  m_vertexTransformMat 0.977293 0.094904 -0.189453 0.000000 -0.031776 0.949621 0.311784 0.000000 0.209498 -0.298684 0.931074 0.000000 4.145656 -7.564977 -3.383837 1.000000
aniFrame
  m_time 0.101000
  m_vertexTransformMat 0.979252 0.082231 -0.185212 0.000000 -0.034590 0.968382 0.247062 0.000000 0.199672 -0.235529 0.951135 0.000000 3.732906 -6.068254 -3.034524 1.000000
aniFrame
  m_time 0.117000
  m_vertexTransformMat 0.981297 0.068977 -0.179718 0.000000 -0.037835 0.984497 0.171271 0.000000 0.188745 -0.161268 0.968694 0.000000 3.333519 -4.310590 -2.698178 1.000000
aniFrame
  m_time 0.133000
  m_vertexTransformMat 0.983291 0.053704 -0.173937 0.000000 -0.038710 0.995326 0.088476 0.000000 0.177876 -0.080264 0.980774 0.000000 2.968138 -2.389372 -2.442673 1.000000
aniFrame
  m_time 0.149000
  m_vertexTransformMat 0.985259 0.034779 -0.167495 0.000000 -0.034268 0.999395 0.005943 0.000000 0.167601 -0.000115 0.985855 0.000000 2.653331 -0.477208 -2.296003 1.000000
aniFrame
  m_time 0.165000
  m_vertexTransformMat 0.987008 0.009966 -0.160361 0.000000 -0.022621 0.996752 -0.077285 0.000000 0.159070 0.079908 0.984028 0.000000 2.403330 1.447535 -2.271398 1.000000
aniFrame
  m_time 0.181000
  m_vertexTransformMat 0.988039 -0.026525 -0.151903 0.000000 0.002001 0.987217 -0.159366 0.000000 0.154188 0.157156 0.975463 0.000000 2.248063 3.337439 -2.379902 1.000000
aniFrame
  m_time 0.197000
  m_vertexTransformMat 0.987675 -0.070130 -0.139929 0.000000 0.034814 0.970040 -0.240439 0.000000 0.152599 0.232604 0.960526 0.000000 2.185850 5.202470 -2.621945 1.000000
aniFrame
  m_time 0.213000
  m_vertexTransformMat 0.985150 -0.117910 -0.124809 0.000000 0.072131 0.943868 -0.322352 0.000000 0.155811 0.308562 0.938356 0.000000 2.253370 7.086967 -3.026597 1.000000
aniFrame
  m_time 0.229000
  m_vertexTransformMat 0.980522 -0.165956 -0.105051 0.000000 0.110852 0.909115 -0.401525 0.000000 0.162139 0.382059 0.909803 0.000000 2.410899 8.910996 -3.580996 1.000000
aniFrame
  m_time 0.245000
  m_vertexTransformMat 0.975607 -0.202353 -0.085109 0.000000 0.139518 0.870880 -0.471277 0.000000 0.169484 0.447907 0.877869 0.000000 2.603542 10.519253 -4.213516 1.000000
aniFrame
  m_time 0.261000
  m_vertexTransformMat 0.971144 -0.229097 -0.066283 0.000000 0.159417 0.830285 -0.534053 0.000000 0.177383 0.508076 0.842849 0.000000 2.817949 11.963940 -4.913585 1.000000
aniFrame
  m_time 0.277000
  m_vertexTransformMat 0.970065 -0.237548 -0.050441 0.000000 0.162442 0.789139 -0.592345 0.000000 0.180515 0.566419 0.804104 0.000000 2.919409 13.314052 -5.702384 1.000000
aniFrame
  m_time 0.293000
  m_vertexTransformMat 0.971959 -0.231623 -0.040568 0.000000 0.151315 0.748122 -0.646079 0.000000 0.179997 0.621824 0.762192 0.000000 2.935060 14.554737 -6.557788 1.000000
aniFrame
  m_time 0.309000
  m_vertexTransformMat 0.975355 -0.217969 -0.034242 0.000000 0.133673 0.707215 -0.694246 0.000000 0.175541 0.672559 0.718922 0.000000 2.859074 15.670500 -7.459338 1.000000
aniFrame
  m_time 0.325000
  m_vertexTransformMat 0.979783 -0.197272 -0.033301 0.000000 0.109218 0.666883 -0.737115 0.000000 0.167620 0.718575 0.674947 0.000000 2.704211 16.661480 -8.384693 1.000000
aniFrame
  m_time 0.341000
  m_vertexTransformMat 0.982998 -0.180046 -0.036042 0.000000 0.088641 0.637212 -0.765574 0.000000 0.160805 0.749363 0.642337 0.000000 2.584244 17.309687 -9.057267 1.000000
aniFrame
  m_time 0.357000
  m_vertexTransformMat 0.985352 -0.165393 -0.041545 0.000000 0.070985 0.619318 -0.781925 0.000000 0.155055 0.767522 0.621987 0.000000 2.496980 17.673489 -9.458683 1.000000
aniFrame
  m_time 0.373000
  m_vertexTransformMat 0.986487 -0.156611 -0.048124 0.000000 0.059268 0.614952 -0.786334 0.000000 0.152743 0.772856 0.615925 0.000000 2.500396 17.753849 -9.534262 1.000000
aniFrame
  m_time 0.389000
  m_vertexTransformMat 0.986605 -0.153458 -0.055326 0.000000 0.053418 0.624387 -0.779286 0.000000 0.154133 0.765893 0.624221 0.000000 2.600008 17.562094 -9.283463 1.000000
aniFrame
  m_time 0.405000
  m_vertexTransformMat 0.986417 -0.151545 -0.063373 0.000000 0.049195 0.640642 -0.766262 0.000000 0.156723 0.752736 0.639396 0.000000 2.734218 17.230015 -8.879324 1.000000
aniFrame
  m_time 0.421000
  m_vertexTransformMat 0.986062 -0.150058 -0.071864 0.000000 0.046150 0.661666 -0.748377 0.000000 0.159850 0.734629 0.659369 0.000000 2.886990 16.784679 -8.370264 1.000000
aniFrame
  m_time 0.437000
  m_vertexTransformMat 0.985436 -0.148950 -0.082034 0.000000 0.043253 0.686113 -0.726209 0.000000 0.164453 0.712084 0.682563 0.000000 3.079942 16.237669 -7.791427 1.000000
aniFrame
  m_time 0.453000
  m_vertexTransformMat 0.984680 -0.148094 -0.092053 0.000000 0.041942 0.713567 -0.699331 0.000000 0.169253 0.684756 0.708846 0.000000 3.282300 15.580218 -7.145732 1.000000
aniFrame
  m_time 0.469000
  m_vertexTransformMat 0.983726 -0.147008 -0.103307 0.000000 0.040414 0.741260 -0.670001 0.000000 0.175073 0.654922 0.735137 0.000000 3.513528 14.864502 -6.503309 1.000000
aniFrame
  m_time 0.485000
  m_vertexTransformMat 0.982638 -0.145498 -0.115122 0.000000 0.039264 0.769520 -0.637415 0.000000 0.181331 0.621827 0.761872 0.000000 3.759524 14.071804 -5.853940 1.000000
aniFrame
  m_time 0.501000
  m_vertexTransformMat 0.981512 -0.143319 -0.126857 0.000000 0.038078 0.795762 -0.604411 0.000000 0.187572 0.588407 0.786507 0.000000 4.009071 13.270327 -5.255078 1.000000
aniFrame
  m_time 0.517000
  m_vertexTransformMat 0.980431 -0.140108 -0.138294 0.000000 0.036203 0.818821 -0.572906 0.000000 0.193507 0.556688 0.807870 0.000000 4.250586 12.506773 -4.732647 1.000000
aniFrame
  m_time 0.533000
  m_vertexTransformMat 0.978914 -0.136029 -0.152393 0.000000 0.033126 0.841862 -0.538675 0.000000 0.201569 0.522268 0.828617 0.000000 4.558074 11.676600 -4.226764 1.000000
aniFrame
  m_time 0.549000
  m_vertexTransformMat 0.976152 -0.129924 -0.173918 0.000000 0.026935 0.867431 -0.496828 0.000000 0.215412 0.480295 0.850244 0.000000 5.033368 10.660561 -3.699508 1.000000
aniFrame
  m_time 0.565000
  m_vertexTransformMat 0.972816 -0.121405 -0.197207 0.000000 0.019714 0.891892 -0.451819 0.000000 0.230740 0.435649 0.870039 0.000000 5.567552 9.574238 -3.227203 1.000000
aniFrame
  m_time 0.581000
  m_vertexTransformMat 0.969713 -0.111279 -0.217423 0.000000 0.015362 0.916209 -0.400406 0.000000 0.243762 0.384939 0.890170 0.000000 6.073741 8.340502 -2.779425 1.000000
aniFrame
  m_time 0.597000
  m_vertexTransformMat 0.966765 -0.100553 -0.235063 0.000000 0.008922 0.932120 -0.362038 0.000000 0.255511 0.347909 0.902039 0.000000 6.562223 7.430371 -2.539621 1.000000
aniFrame
  m_time 0.613000
  m_vertexTransformMat 0.963858 -0.096874 -0.248179 0.000000 -0.006956 0.922080 -0.386938 0.000000 0.266325 0.374679 0.888080 0.000000 7.022274 8.054008 -2.898426 1.000000
aniFrame
  m_time 0.629000
  m_vertexTransformMat 0.960730 -0.099346 -0.259092 0.000000 -0.025012 0.898908 -0.437423 0.000000 0.276356 0.426726 0.861123 0.000000 7.452271 9.297727 -3.551016 1.000000
aniFrame
  m_time 0.645000
  m_vertexTransformMat 0.958406 -0.096065 -0.268754 0.000000 -0.036164 0.893185 -0.448232 0.000000 0.283106 0.439308 0.852560 0.000000 7.759015 9.593893 -3.742875 1.000000
aniFrame
  m_time 0.661000
  m_vertexTransformMat 0.956923 -0.088275 -0.276596 0.000000 -0.043729 0.897973 -0.437872 0.000000 0.287028 0.431105 0.855432 0.000000 7.961442 9.388330 -3.641835 1.000000
aniFrame
  m_time 0.677000
  m_vertexTransformMat 0.955889 -0.079991 -0.282627 0.000000 -0.049203 0.905002 -0.422551 0.000000 0.289579 0.417818 0.861146 0.000000 8.096589 9.066589 -3.443449 1.000000
aniFrame
  m_time 0.693000
  m_vertexTransformMat 0.955379 -0.070298 -0.286896 0.000000 -0.052845 0.914920 -0.400160 0.000000 0.290618 0.397466 0.870380 0.000000 8.164709 8.579352 -3.136221 1.000000
aniFrame
  m_time 0.709000
  m_vertexTransformMat 0.955019 -0.060221 -0.290367 0.000000 -0.055412 0.925678 -0.374233 0.000000 0.291323 0.373489 0.880702 0.000000 8.221092 8.015155 -2.797149 1.000000
aniFrame
  m_time 0.725000
  m_vertexTransformMat 0.954845 -0.049604 -0.292934 0.000000 -0.056893 0.937190 -0.344149 0.000000 0.291606 0.345275 0.892049 0.000000 8.261224 7.358739 -2.426296 1.000000
aniFrame
  m_time 0.741000
  m_vertexTransformMat 0.954854 -0.038471 -0.294572 0.000000 -0.057468 0.948929 -0.310211 0.000000 0.291462 0.313134 0.903879 0.000000 8.283316 6.616582 -2.042101 1.000000
aniFrame
  m_time 0.757000
  m_vertexTransformMat 0.955021 -0.027099 -0.295297 0.000000 -0.056966 0.960503 -0.272378 0.000000 0.291015 0.276948 0.915757 0.000000 8.290279 5.786823 -1.654171 1.000000
aniFrame
  m_time 0.773000
  m_vertexTransformMat 0.955359 -0.015014 -0.295066 0.000000 -0.055448 0.971851 -0.228979 0.000000 0.290198 0.235118 0.927634 0.000000 8.280496 4.825233 -1.271972 1.000000
aniFrame
  m_time 0.789000
  m_vertexTransformMat 0.955829 -0.002587 -0.293911 0.000000 -0.052457 0.982406 -0.179240 0.000000 0.289203 0.186741 0.938877 0.000000 8.258187 3.711758 -0.909991 1.000000
aniFrame
  m_time 0.805000
  m_vertexTransformMat 0.956375 0.009606 -0.291983 0.000000 -0.049910 0.990138 -0.130904 0.000000 0.287846 0.139767 0.947423 0.000000 8.220446 2.631218 -0.622124 1.000000
aniFrame
  m_time 0.821000
  m_vertexTransformMat 0.957048 0.021211 -0.289151 0.000000 -0.047806 0.995214 -0.085224 0.000000 0.285959 0.095386 0.953482 0.000000 8.162771 1.612681 -0.403299 1.000000
aniFrame
  m_time 0.837000
  m_vertexTransformMat 0.957712 0.032237 -0.285916 0.000000 -0.046541 0.997974 -0.043373 0.000000 0.283939 0.054845 0.957272 0.000000 8.096644 0.680506 -0.253517 1.000000
aniFrame
  m_time 0.853000
  m_vertexTransformMat 0.958405 0.042423 -0.282240 0.000000 -0.046279 0.998904 -0.007006 0.000000 0.281634 0.019776 0.959318 0.000000 8.018180 -0.127736 -0.159761 1.000000
aniFrame
  m_time 0.869000
  m_vertexTransformMat 0.959028 0.052302 -0.278441 0.000000 -0.046543 0.998544 0.027260 0.000000 0.279461 -0.013184 0.960066 0.000000 7.939288 -0.891531 -0.120396 1.000000
aniFrame
  m_time 0.885000
  m_vertexTransformMat 0.959625 0.061754 -0.274421 0.000000 -0.046975 0.997086 0.060110 0.000000 0.277333 -0.044792 0.959729 0.000000 7.859617 -1.628929 -0.132130 1.000000
aniFrame
  m_time 0.901000
  m_vertexTransformMat 0.960140 0.070848 -0.270391 0.000000 -0.047950 0.994752 0.090378 0.000000 0.275375 -0.073811 0.958499 0.000000 7.777017 -2.307647 -0.195910 1.000000
aniFrame
  m_time 0.917000
  m_vertexTransformMat 0.960615 0.079128 -0.266378 0.000000 -0.049660 0.992053 0.115606 0.000000 0.273409 -0.097825 0.956911 0.000000 7.685218 -2.867032 -0.304215 1.000000
aniFrame
  m_time 0.933000
  m_vertexTransformMat 0.961149 0.087131 -0.261918 0.000000 -0.051894 0.988992 0.138572 0.000000 0.271108 -0.119596 0.955090 0.000000 7.573528 -3.375262 -0.448371 1.000000
aniFrame
  m_time 0.949000
  m_vertexTransformMat 0.961630 0.095102 -0.257338 0.000000 -0.054468 0.985505 0.160665 0.000000 0.268888 -0.140484 0.952871 0.000000 7.448314 -3.865132 -0.632085 1.000000
aniFrame
  m_time 0.965000
  m_vertexTransformMat 0.962391 0.102581 -0.251556 0.000000 -0.057418 0.981857 0.180718 0.000000 0.265531 -0.159478 0.950821 0.000000 7.282480 -4.311788 -0.834833 1.000000
aniFrame
  m_time 0.981000
  m_vertexTransformMat 0.963147 0.110004 -0.245451 0.000000 -0.060691 0.977892 0.200110 0.000000 0.262037 -0.177839 0.948530 0.000000 7.102078 -4.746396 -1.059845 1.000000
aniFrame
  m_time 0.997000
  m_vertexTransformMat 0.963970 0.116738 -0.239026 0.000000 -0.063986 0.973936 0.217613 0.000000 0.258200 -0.194478 0.946315 0.000000 6.902799 -5.141422 -1.295595 1.000000
aniFrame
  m_time 1.013000
  m_vertexTransformMat 0.965080 0.122753 -0.231414 0.000000 -0.066955 0.969657 0.235124 0.000000 0.253254 -0.211419 0.944015 0.000000 6.668157 -5.544805 -1.537157 1.000000
aniFrame
  m_time 1.029000
  m_vertexTransformMat 0.965995 0.127879 -0.224724 0.000000 -0.069168 0.965263 0.251961 0.000000 0.249138 -0.227850 0.941284 0.000000 6.445646 -5.936579 -1.790392 1.000000
aniFrame
  m_time 1.045000
  m_vertexTransformMat 0.967131 0.131756 -0.217481 0.000000 -0.070735 0.960930 0.267603 0.000000 0.244243 -0.243424 0.938664 0.000000 6.202342 -6.307833 -2.026746 1.000000
aniFrame
  m_time 1.061000
  m_vertexTransformMat 0.968324 0.134350 -0.210473 0.000000 -0.070812 0.956059 0.284494 0.000000 0.239446 -0.260578 0.935288 0.000000 5.954483 -6.715782 -2.274098 1.000000
aniFrame
  m_time 1.077000
  m_vertexTransformMat 0.969811 0.133526 -0.204051 0.000000 -0.065699 0.948894 0.308679 0.000000 0.234839 -0.285955 0.929021 0.000000 5.687190 -7.311630 -2.598229 1.000000
aniFrame
  m_time 1.093000
  m_vertexTransformMat 0.971505 0.129581 -0.198459 0.000000 -0.056270 0.939476 0.337962 0.000000 0.230241 -0.317165 0.919998 0.000000 5.399410 -8.039535 -2.992560 1.000000
aniFrame
  m_time 1.109000
  m_vertexTransformMat 0.973007 0.122974 -0.195283 0.000000 -0.046154 0.932796 0.357438 0.000000 0.226115 -0.338776 0.913292 0.000000 5.102442 -8.539010 -3.337493 1.000000
aniFrame
  m_time 1.125000
  m_vertexTransformMat 0.974345 0.114052 -0.194019 0.000000 -0.035445 0.929090 0.368153 0.000000 0.222250 -0.351831 0.909297 0.000000 4.792882 -8.835238 -3.622972 1.000000
aniFrame
  m_time 1.141000
  m_vertexTransformMat 0.976013 0.102732 -0.191951 0.000000 -0.030654 0.937731 0.346008 0.000000 0.215544 -0.331825 0.918386 0.000000 4.425161 -8.351598 -3.578031 1.000000
aniFrame
  m_time 1.157000
  m_vertexTransformMat 0.977943 0.090853 -0.188075 0.000000 -0.032947 0.956269 0.290626 0.000000 0.206255 -0.278019 0.938171 0.000000 4.004313 -7.075440 -3.263419 1.000000
aniFrame
  m_time 1.173000
  m_vertexTransformMat 0.979921 0.077753 -0.183598 0.000000 -0.035509 0.974163 0.223035 0.000000 0.196196 -0.212038 0.957365 0.000000 3.599972 -5.511674 -2.917733 1.000000
aniFrame
  m_time 1.189000
  m_vertexTransformMat 0.981976 0.064329 -0.177720 0.000000 -0.038825 0.988899 0.143429 0.000000 0.184974 -0.133944 0.973573 0.000000 3.204708 -3.663839 -2.598936 1.000000
aniFrame
  m_time 1.205000
  m_vertexTransformMat 0.983939 0.047653 -0.172024 0.000000 -0.037641 0.997427 0.061006 0.000000 0.174489 -0.053551 0.983202 0.000000 2.859792 -1.752850 -2.382232 1.000000
aniFrame
  m_time 1.221000
  m_vertexTransformMat 0.985894 0.027485 -0.165097 0.000000 -0.031525 0.999263 -0.021898 0.000000 0.164373 0.026794 0.986035 0.000000 2.559659 0.167421 -2.272638 1.000000
aniFrame
  m_time 1.237000
  m_vertexTransformMat 0.987446 -0.000832 -0.157954 0.000000 -0.015926 0.994366 -0.104793 0.000000 0.157151 0.105993 0.981870 0.000000 2.343079 2.081716 -2.294087 1.000000
aniFrame
  m_time 1.253000
  m_vertexTransformMat 0.988111 -0.040724 -0.148248 0.000000 0.012515 0.982385 -0.186449 0.000000 0.153229 0.182377 0.971216 0.000000 2.215460 3.960244 -2.444392 1.000000
aniFrame
  m_time 1.269000
  m_vertexTransformMat 0.987139 -0.084966 -0.135414 0.000000 0.046148 0.962457 -0.267483 0.000000 0.153057 0.257793 0.954000 0.000000 2.191856 5.824998 -2.737585 1.000000
aniFrame
  m_time 1.285000
  m_vertexTransformMat 0.983744 -0.134829 -0.118614 0.000000 0.085733 0.933002 -0.349511 0.000000 0.157791 0.333660 0.929394 0.000000 2.301284 7.711889 -3.197765 1.000000
aniFrame
  m_time 1.301000
  m_vertexTransformMat 0.978957 -0.178871 -0.098223 0.000000 0.121119 0.896687 -0.425773 0.000000 0.164234 0.404917 0.899483 0.000000 2.465392 9.471164 -3.785603 1.000000
aniFrame
  m_time 1.317000
  m_vertexTransformMat 0.973920 -0.212800 -0.078716 0.000000 0.147533 0.857519 -0.492845 0.000000 0.172377 0.468378 0.866550 0.000000 2.680685 11.014985 -4.438275 1.000000
aniFrame
  m_time 1.333000
  m_vertexTransformMat 0.970329 -0.234131 -0.060362 0.000000 0.162578 0.816581 -0.553862 0.000000 0.178967 0.527615 0.830418 0.000000 2.864691 12.422577 -5.166335 1.000000
aniFrame
  m_time 1.349000
  m_vertexTransformMat 0.970466 -0.236695 -0.046595 0.000000 0.159792 0.775417 -0.610897 0.000000 0.180727 0.585410 0.790338 0.000000 2.933557 13.742687 -5.982469 1.000000
aniFrame
  m_time 1.365000
  m_vertexTransformMat 0.972906 -0.228044 -0.038069 0.000000 0.146272 0.734637 -0.662505 0.000000 0.179047 0.638987 0.748089 0.000000 2.922333 14.934451 -6.848928 1.000000
aniFrame
  m_time 1.381000
  m_vertexTransformMat 0.976854 -0.211296 -0.033326 0.000000 0.125744 0.693261 -0.709633 0.000000 0.173046 0.689017 0.703784 0.000000 2.810179 16.027145 -7.778282 1.000000
aniFrame
  m_time 1.397000
  m_vertexTransformMat 0.981020 -0.190914 -0.033937 0.000000 0.101664 0.655435 -0.748378 0.000000 0.165120 0.730723 0.662404 0.000000 2.657811 16.919504 -8.645953 1.000000
aniFrame
  m_time 1.413000
  m_vertexTransformMat 0.983887 -0.174787 -0.037628 0.000000 0.082368 0.629911 -0.772288 0.000000 0.158688 0.756744 0.634158 0.000000 2.549513 17.460707 -9.222390 1.000000
aniFrame
  m_time 1.429000
  m_vertexTransformMat 0.985884 -0.161622 -0.043709 0.000000 0.066225 0.616213 -0.784791 0.000000 0.153774 0.770818 0.618218 0.000000 2.484927 17.733578 -9.524040 1.000000
aniFrame
  m_time 1.445000
  m_vertexTransformMat 0.986601 -0.155163 -0.050426 0.000000 0.056891 0.616861 -0.785014 0.000000 0.152910 0.771627 0.617423 0.000000 2.525789 17.714296 -9.479261 1.000000
aniFrame
  m_time 1.461000
  m_vertexTransformMat 0.986548 -0.152859 -0.057942 0.000000 0.051980 0.629381 -0.775357 0.000000 0.154988 0.761915 0.628860 0.000000 2.643943 17.460888 -9.157839 1.000000
aniFrame
  m_time 1.477000
  m_vertexTransformMat 0.986326 -0.150980 -0.066084 0.000000 0.048085 0.647156 -0.760840 0.000000 0.157638 0.747258 0.645567 0.000000 2.781496 17.094257 -8.720254 1.000000
aniFrame
  m_time 1.493000
  m_vertexTransformMat 0.985883 -0.149665 -0.075061 0.000000 0.045184 0.669493 -0.741443 0.000000 0.161221 0.727585 0.666805 0.000000 2.946876 16.613201 -8.183729 1.000000
aniFrame
  m_time 1.509000
  m_vertexTransformMat 0.985194 -0.148651 -0.085410 0.000000 0.042654 0.695054 -0.717691 0.000000 0.166050 0.703422 0.691104 0.000000 3.146817 16.028845 -7.580769 1.000000
aniFrame
  m_time 1.525000
  m_vertexTransformMat 0.984394 -0.147789 -0.095534 0.000000 0.041588 0.722867 -0.689734 0.000000 0.170994 0.674997 0.717732 0.000000 3.354116 15.346052 -6.928468 1.000000
aniFrame
  m_time 1.541000
  m_vertexTransformMat 0.983363 -0.146551 -0.107333 0.000000 0.039888 0.750655 -0.659488 0.000000 0.177219 0.644235 0.744012 0.000000 3.596513 14.608419 -6.287323 1.000000
aniFrame
  m_time 1.557000
  m_vertexTransformMat 0.982275 -0.144869 -0.118950 0.000000 0.039004 0.778657 -0.626236 0.000000 0.183343 0.610497 0.770505 0.000000 3.840613 13.800361 -5.644485 1.000000
aniFrame
  m_time 1.573000
  m_vertexTransformMat 0.981144 -0.142354 -0.130735 0.000000 0.037471 0.803673 -0.593891 0.000000 0.189611 0.577794 0.793853 0.000000 4.091038 13.015097 -5.075598 1.000000
aniFrame
  m_time 1.589000
  m_vertexTransformMat 0.980021 -0.138855 -0.142403 0.000000 0.035415 0.826355 -0.562035 0.000000 0.195717 0.545763 0.814763 0.000000 4.338616 12.243406 -4.564191 1.000000
aniFrame
  m_time 1.605000
  m_vertexTransformMat 0.978134 -0.134321 -0.158779 0.000000 0.031410 0.850110 -0.525667 0.000000 0.205588 0.509186 0.835741 0.000000 4.699457 11.360521 -4.053263 1.000000
aniFrame
  m_time 1.621000
  m_vertexTransformMat 0.975037 -0.127275 -0.181945 0.000000 0.024411 0.875892 -0.481890 0.000000 0.220697 0.465419 0.857134 0.000000 5.213222 10.299046 -3.532655 1.000000
aniFrame
  m_time 1.637000
  m_vertexTransformMat 0.971787 -0.118346 -0.204020 0.000000 0.017820 0.899372 -0.436820 0.000000 0.235186 0.420860 0.876107 0.000000 5.735044 9.213998 -3.089272 1.000000
aniFrame
  m_time 1.653000
  m_vertexTransformMat 0.968700 -0.107506 -0.223748 0.000000 0.013902 0.923434 -0.383505 0.000000 0.247845 0.368391 0.896025 0.000000 6.241063 7.936721 -2.655143 1.000000
aniFrame
  m_time 1.669000
  m_vertexTransformMat 0.965835 -0.098115 -0.239866 0.000000 0.004751 0.932111 -0.362141 0.000000 0.259113 0.348629 0.900732 0.000000 6.714509 7.440270 -2.580489 1.000000
aniFrame
  m_time 1.685000
  m_vertexTransformMat 0.962806 -0.097596 -0.251951 0.000000 -0.013389 0.914105 -0.405255 0.000000 0.269862 0.393556 0.878799 0.000000 7.173597 8.503934 -3.125430 1.000000
aniFrame
  m_time 1.701000
  m_vertexTransformMat 0.959831 -0.099117 -0.262489 0.000000 -0.029352 0.894923 -0.445254 0.000000 0.279039 0.435073 0.856066 0.000000 7.569719 9.497067 -3.669504 1.000000
aniFrame
  m_time 1.717000
  m_vertexTransformMat 0.957844 -0.093750 -0.271561 0.000000 -0.038933 0.894177 -0.446019 0.000000 0.284638 0.437789 0.852832 0.000000 7.835533 9.554424 -3.728206 1.000000
aniFrame
  m_time 1.733000
  m_vertexTransformMat 0.956516 -0.085626 -0.278827 0.000000 -0.045749 0.900065 -0.433348 0.000000 0.288068 0.427260 0.857010 0.000000 8.015594 9.294713 -3.587397 1.000000
aniFrame
  m_time 1.749000
  m_vertexTransformMat 0.955679 -0.076912 -0.284187 0.000000 -0.050521 0.908113 -0.415666 0.000000 0.290044 0.411601 0.863979 0.000000 8.124070 8.917182 -3.348581 1.000000
aniFrame
  m_time 1.765000
  m_vertexTransformMat 0.955250 -0.066990 -0.288114 0.000000 -0.053754 0.918486 -0.391782 0.000000 0.290874 0.389737 0.873783 0.000000 8.183867 8.396465 -3.024607 1.000000
aniFrame
  m_time 1.781000
  m_vertexTransformMat 0.954938 -0.056790 -0.291320 0.000000 -0.055946 0.929488 -0.364586 0.000000 0.291484 0.364455 0.884426 0.000000 8.236895 7.804464 -2.675546 1.000000
aniFrame
  m_time 1.797000
  m_vertexTransformMat 0.954831 -0.045960 -0.293574 0.000000 -0.057115 0.941158 -0.333107 0.000000 0.291609 0.334828 0.896021 0.000000 8.270658 7.116848 -2.297745 1.000000
aniFrame
  m_time 1.813000
  m_vertexTransformMat 0.954893 -0.034759 -0.294908 0.000000 -0.057328 0.952864 -0.297933 0.000000 0.291363 0.301400 0.907891 0.000000 8.287668 6.347247 -1.911540 1.000000
aniFrame
  m_time 1.829000
  m_vertexTransformMat 0.955116 -0.023191 -0.295321 0.000000 -0.056504 0.964365 -0.258471 0.000000 0.290792 0.263557 0.919770 0.000000 8.289080 5.479446 -1.524627 1.000000
aniFrame
  m_time 1.845000
  m_vertexTransformMat 0.955505 -0.010926 -0.294771 0.000000 -0.054498 0.975571 -0.212818 0.000000 0.289895 0.219414 0.931568 0.000000 8.274582 4.463938 -1.146193 1.000000
aniFrame
  m_time 1.861000
  m_vertexTransformMat 0.956003 0.001463 -0.293352 0.000000 -0.051432 0.985335 -0.162698 0.000000 0.288812 0.170628 0.942058 0.000000 8.247757 3.341194 -0.804734 1.000000
aniFrame
  m_time 1.877000
  m_vertexTransformMat 0.956607 0.013753 -0.291057 0.000000 -0.048714 0.992375 -0.113217 0.000000 0.287280 0.122483 0.949983 0.000000 8.203321 2.232312 -0.535853 1.000000
aniFrame
  m_time 1.893000
  m_vertexTransformMat 0.957310 0.025558 -0.287932 0.000000 -0.046038 0.996850 -0.064582 0.000000 0.285375 0.075081 0.955471 0.000000 8.142927 1.140663 -0.336075 1.000000
aniFrame
  m_time 1.909000
  m_vertexTransformMat 0.957975 0.036528 -0.284516 0.000000 -0.044771 0.998744 -0.022520 0.000000 0.283336 0.034312 0.958407 0.000000 8.074559 0.200710 -0.212401 1.000000
aniFrame
  m_time 1.925000
  m_vertexTransformMat 0.958672 0.046591 -0.280672 0.000000 -0.044645 0.998914 0.013326 0.000000 0.280988 -0.000245 0.959711 0.000000 7.993471 -0.596938 -0.143126 1.000000
aniFrame
  m_time 1.941000
  m_vertexTransformMat 0.959280 0.056488 -0.276750 0.000000 -0.044805 0.997825 0.048360 0.000000 0.278880 -0.033991 0.959724 0.000000 7.915741 -1.382696 -0.129622 1.000000
aniFrame
  m_time 1.957000
  m_vertexTransformMat 0.959875 0.065926 -0.272567 0.000000 -0.045130 0.995620 0.081880 0.000000 0.276771 -0.066293 0.958647 0.000000 7.835342 -2.140695 -0.166413 1.000000
aniFrame
  m_time 1.973000
  m_vertexTransformMat 0.960396 0.074914 -0.268380 0.000000 -0.046180 0.992654 0.111827 0.000000 0.274786 -0.095005 0.956800 0.000000 7.746810 -2.816363 -0.255595 1.000000
aniFrame
  m_time 1.989000
  m_vertexTransformMat 0.960950 0.083110 -0.263946 0.000000 -0.048028 0.989448 0.136697 0.000000 0.272522 -0.118682 0.954802 0.000000 7.640014 -3.374442 -0.383185 1.000000
aniFrame
  m_time 2.005000
  m_vertexTransformMat 0.961529 0.090888 -0.259234 0.000000 -0.050060 0.985853 0.159962 0.000000 0.270105 -0.140831 0.952476 0.000000 7.513425 -3.898005 -0.548335 1.000000
aniFrame
  m_time 2.021000
  m_vertexTransformMat 0.962160 0.097855 -0.254309 0.000000 -0.052163 0.982177 0.180574 0.000000 0.267446 -0.160475 0.950116 0.000000 7.362821 -4.362728 -0.745083 1.000000
aniFrame
  m_time 2.037000
  m_vertexTransformMat 0.963021 0.104261 -0.248436 0.000000 -0.054429 0.978364 0.199605 0.000000 0.263872 -0.178702 0.947860 0.000000 7.178838 -4.794090 -0.957835 1.000000
aniFrame
  m_time 2.053000
  m_vertexTransformMat 0.963744 0.110078 -0.243063 0.000000 -0.056660 0.974589 0.216717 0.000000 0.260742 -0.195088 0.945492 0.000000 6.995109 -5.181690 -1.190652 1.000000
aniFrame
  m_time 2.069000
  m_vertexTransformMat 0.964801 0.115341 -0.236339 0.000000 -0.059198 0.970876 0.232155 0.000000 0.256233 -0.209992 0.943530 0.000000 6.772369 -5.533353 -1.420916 1.000000
aniFrame
  m_time 2.085000
  m_vertexTransformMat 0.965770 0.120422 -0.229752 0.000000 -0.061841 0.967060 0.246923 0.000000 0.251919 -0.224263 0.941405 0.000000 6.550013 -5.869722 -1.660336 1.000000
aniFrame
  m_time 2.101000
  m_vertexTransformMat 0.966724 0.125104 -0.223145 0.000000 -0.064595 0.963375 0.260264 0.000000 0.247532 -0.237189 0.939398 0.000000 6.326193 -6.172504 -1.892641 1.000000
aniFrame
  m_time 2.117000
  m_vertexTransformMat 0.967845 0.129912 -0.215403 0.000000 -0.067653 0.959196 0.274528 0.000000 0.242278 -0.251128 0.937143 0.000000 6.086432 -6.497618 -2.118231 1.000000
aniFrame
  m_time 2.133000
