m_aniFrameList.size 202
aniFrame
  m_time -1.066000
  m_vertexTransformMat 0.998534 -0.052271 0.014057 0.000000 0.053438 0.993317 -0.102304 0.000000 -0.008616 0.102905 0.994654 0.000000 -0.255778 -1.878407 -0.986350 1.000000
aniFrame
  m_time -1.050000
  m_vertexTransformMat 0.998382 -0.053523 0.019219 0.000000 0.055143 0.993752 -0.097039 0.000000 -0.013905 0.097942 0.995095 0.000000 -0.381880 -1.821742 -1.118170 1.000000
aniFrame
  m_time -1.034000
  m_vertexTransformMat 0.998204 -0.054767 0.024266 0.000000 0.056783 0.994128 -0.092116 0.000000 -0.019079 0.093329 0.995453 0.000000 -0.505972 -1.753496 -1.253597 1.000000
aniFrame
  m_time -1.018000
  m_vertexTransformMat 0.997957 -0.056496 0.029841 0.000000 0.058883 0.994528 -0.086298 0.000000 -0.024802 0.087878 0.995822 0.000000 -0.640896 -1.683923 -1.407886 1.000000
aniFrame
  m_time -1.002000
  m_vertexTransformMat 0.997665 -0.058268 0.035627 0.000000 0.060974 0.994905 -0.080287 0.000000 -0.030767 0.082271 0.996135 0.000000 -0.773106 -1.610211 -1.565056 1.000000
aniFrame
  m_time -0.986000
  m_vertexTransformMat 0.997347 -0.059760 0.041566 0.000000 0.062733 0.995259 -0.074327 0.000000 -0.036927 0.076737 0.996367 0.000000 -0.889974 -1.537221 -1.708359 1.000000
aniFrame
  m_time -0.970000
  m_vertexTransformMat 0.997008 -0.060871 0.047638 0.000000 0.064055 0.995597 -0.068436 0.000000 -0.043263 0.071282 0.996518 0.000000 -0.988691 -1.466590 -1.834075 1.000000
aniFrame
  m_time -0.954000
  m_vertexTransformMat 0.996680 -0.061163 0.053731 0.000000 0.064519 0.995919 -0.063106 0.000000 -0.049652 0.066363 0.996560 0.000000 -1.050016 -1.399539 -1.919077 1.000000
aniFrame
  m_time -0.938000
  m_vertexTransformMat 0.996361 -0.060645 0.059885 0.000000 0.064137 0.996241 -0.058225 0.000000 -0.056129 0.061854 0.996506 0.000000 -1.079634 -1.340352 -1.966737 1.000000
aniFrame
  m_time -0.922000
  m_vertexTransformMat 0.996092 -0.058650 0.066043 0.000000 0.062309 0.996553 -0.054776 0.000000 -0.062603 0.058677 0.996312 0.000000 -1.076812 -1.290668 -1.965762 1.000000
aniFrame
  m_time -0.906000
  m_vertexTransformMat 0.995852 -0.055404 0.072178 0.000000 0.059261 0.996865 -0.052438 0.000000 -0.069046 0.056498 0.996013 0.000000 -1.045522 -1.254004 -1.920372 1.000000
aniFrame
  m_time -0.890000
  m_vertexTransformMat 0.995677 -0.051041 0.077601 0.000000 0.055146 0.997138 -0.051719 0.000000 -0.074739 0.055775 0.995642 0.000000 -1.006035 -1.226819 -1.845662 1.000000
aniFrame
  m_time -0.874000
  m_vertexTransformMat 0.995554 -0.045645 0.082395 0.000000 0.050068 0.997369 -0.052435 0.000000 -0.079784 0.056327 0.995220 0.000000 -0.957211 -1.211432 -1.740554 1.000000
aniFrame
  m_time -0.858000
  m_vertexTransformMat 0.995471 -0.039960 0.086258 0.000000 0.044711 0.997546 -0.053874 0.000000 -0.083894 0.057487 0.994815 0.000000 -0.904968 -1.206388 -1.616472 1.000000
aniFrame
  m_time -0.842000
  m_vertexTransformMat 0.995429 -0.033954 0.089260 0.000000 0.039062 0.997660 -0.056116 0.000000 -0.087146 0.059346 0.994426 0.000000 -0.849400 -1.211343 -1.472332 1.000000
aniFrame
  m_time -0.826000
  m_vertexTransformMat 0.995401 -0.028532 0.091445 0.000000 0.033923 0.997743 -0.057953 0.000000 -0.089585 0.060788 0.994122 0.000000 -0.793090 -1.227281 -1.322885 1.000000
aniFrame
  m_time -0.810000
  m_vertexTransformMat 0.995389 -0.023647 0.092959 0.000000 0.029257 0.997802 -0.059459 0.000000 -0.091349 0.061905 0.993893 0.000000 -0.736001 -1.252921 -1.167489 1.000000
aniFrame
  m_time -0.794000
  m_vertexTransformMat 0.995455 -0.019761 0.093162 0.000000 0.025437 0.997866 -0.060134 0.000000 -0.091775 0.062230 0.993833 0.000000 -0.681023 -1.283914 -1.019532 1.000000
aniFrame
  m_time -0.778000
  m_vertexTransformMat 0.995622 -0.016916 0.091922 0.000000 0.022499 0.997943 -0.060038 0.000000 -0.090717 0.061843 0.993955 0.000000 -0.627675 -1.316062 -0.878515 1.000000
aniFrame
  m_time -0.762000
  m_vertexTransformMat 0.995852 -0.014712 0.089785 0.000000 0.020083 0.998043 -0.059214 0.000000 -0.088738 0.060771 0.994199 0.000000 -0.577249 -1.353900 -0.759913 1.000000
aniFrame
  m_time -0.746000
  m_vertexTransformMat 0.996161 -0.013000 0.086569 0.000000 0.018073 0.998149 -0.058075 0.000000 -0.085654 0.059416 0.994552 0.000000 -0.528746 -1.390712 -0.666277 1.000000
aniFrame
  m_time -0.730000
  m_vertexTransformMat 0.996454 -0.011510 0.083348 0.000000 0.016231 0.998289 -0.056187 0.000000 -0.082559 0.057340 0.994936 0.000000 -0.479769 -1.435549 -0.602534 1.000000
aniFrame
  m_time -0.714000
  m_vertexTransformMat 0.996740 -0.010018 0.080064 0.000000 0.014399 0.998419 -0.054337 0.000000 -0.079393 0.055313 0.995308 0.000000 -0.425795 -1.475392 -0.571519 1.000000
aniFrame
  m_time -0.698000
  m_vertexTransformMat 0.996945 -0.008305 0.077670 0.000000 0.012350 0.998584 -0.051738 0.000000 -0.077131 0.052539 0.995636 0.000000 -0.365944 -1.525258 -0.567897 1.000000
aniFrame
  m_time -0.682000
  m_vertexTransformMat 0.997066 -0.006079 0.076309 0.000000 0.009880 0.998724 -0.049531 0.000000 -0.075911 0.050140 0.995853 0.000000 -0.295891 -1.571687 -0.586391 1.000000
aniFrame
  m_time -0.666000
  m_vertexTransformMat 0.997070 -0.003237 0.076429 0.000000 0.006812 0.998892 -0.046562 0.000000 -0.076194 0.046946 0.995987 0.000000 -0.209887 -1.619715 -0.629832 1.000000
aniFrame
  m_time -0.650000
  m_vertexTransformMat 0.996826 0.000390 0.079613 0.000000 0.002990 0.999099 -0.042324 0.000000 -0.079558 0.042428 0.995927 0.000000 -0.115625 -1.667908 -0.699678 1.000000
aniFrame
  m_time -0.634000
  m_vertexTransformMat 0.996463 0.004678 0.083904 0.000000 -0.001515 0.999287 -0.037729 0.000000 -0.084020 0.037469 0.995760 0.000000 0.004050 -1.700804 -0.789810 1.000000
aniFrame
  m_time -0.618000
  m_vertexTransformMat 0.995894 0.009232 0.090054 0.000000 -0.006448 0.999494 -0.031160 0.000000 -0.090296 0.030452 0.995450 0.000000 0.131510 -1.736342 -0.899032 1.000000
aniFrame
  m_time -0.602000
  m_vertexTransformMat 0.995145 0.013997 0.097415 0.000000 -0.011642 0.999627 -0.024702 0.000000 -0.097725 0.023448 0.994937 0.000000 0.262066 -1.751290 -1.018609 1.000000
aniFrame
  m_time -0.586000
  m_vertexTransformMat 0.994428 0.018677 0.103746 0.000000 -0.016911 0.999697 -0.017874 0.000000 -0.104048 0.016020 0.994443 0.000000 0.407363 -1.766992 -1.143137 1.000000
aniFrame
  m_time -0.570000
  m_vertexTransformMat 0.993598 0.023112 0.110580 0.000000 -0.021966 0.999692 -0.011573 0.000000 -0.110813 0.009070 0.993800 0.000000 0.534913 -1.772287 -1.267048 1.000000
aniFrame
  m_time -0.554000
  m_vertexTransformMat 0.992997 0.027091 0.114987 0.000000 -0.026460 0.999625 -0.007013 0.000000 -0.115134 0.003921 0.993342 0.000000 0.659761 -1.765585 -1.376012 1.000000
aniFrame
  m_time -0.538000
  m_vertexTransformMat 0.992597 0.030571 0.117546 0.000000 -0.030449 0.999532 -0.002840 0.000000 -0.117578 -0.000760 0.993064 0.000000 0.776474 -1.765163 -1.479456 1.000000
aniFrame
  m_time -0.522000
  m_vertexTransformMat 0.992599 0.033649 0.116685 0.000000 -0.033836 0.999427 -0.000379 0.000000 -0.116631 -0.003572 0.993169 0.000000 0.897779 -1.748029 -1.590804 1.000000
aniFrame
  m_time -0.506000
  m_vertexTransformMat 0.992970 0.036276 0.112676 0.000000 -0.036686 0.999326 0.001562 0.000000 -0.112543 -0.005684 0.993631 0.000000 1.023305 -1.731748 -1.711231 1.000000
aniFrame
  m_time -0.490000
  m_vertexTransformMat 0.993577 0.038785 0.106306 0.000000 -0.039345 0.999221 0.003172 0.000000 -0.106100 -0.007334 0.994328 0.000000 1.155244 -1.702359 -1.849106 1.000000
aniFrame
  m_time -0.474000
  m_vertexTransformMat 0.994379 0.041094 0.097582 0.000000 -0.041772 0.999116 0.004908 0.000000 -0.097294 -0.008956 0.995216 0.000000 1.293162 -1.668366 -2.003844 1.000000
aniFrame
  m_time -0.458000
  m_vertexTransformMat 0.995194 0.043231 0.087861 0.000000 -0.043959 0.999013 0.006359 0.000000 -0.087500 -0.010191 0.996113 0.000000 1.412902 -1.624191 -2.146175 1.000000
aniFrame
  m_time -0.442000
  m_vertexTransformMat 0.995999 0.045198 0.077096 0.000000 -0.045956 0.998911 0.008092 0.000000 -0.076647 -0.011602 0.996991 0.000000 1.517175 -1.578250 -2.279473 1.000000
aniFrame
  m_time -0.426000
  m_vertexTransformMat 0.996673 0.046920 0.066646 0.000000 -0.047676 0.998815 0.009795 0.000000 -0.066108 -0.012940 0.997729 0.000000 1.581384 -1.524047 -2.374532 1.000000
aniFrame
  m_time -0.410000
  m_vertexTransformMat 0.997225 0.048428 0.056552 0.000000 -0.049180 0.998718 0.011989 0.000000 -0.055899 -0.014737 0.998328 0.000000 1.604207 -1.467654 -2.431422 1.000000
aniFrame
  m_time -0.394000
  m_vertexTransformMat 0.997639 0.049759 0.047342 0.000000 -0.050452 0.998635 0.013557 0.000000 -0.046602 -0.015913 0.998787 0.000000 1.595092 -1.409458 -2.444611 1.000000
aniFrame
  m_time -0.378000
  m_vertexTransformMat 0.997936 0.050984 0.039050 0.000000 -0.051595 0.998559 0.014799 0.000000 -0.038239 -0.016783 0.999128 0.000000 1.551115 -1.353212 -2.410530 1.000000
aniFrame
  m_time -0.362000
  m_vertexTransformMat 0.998140 0.051953 0.031886 0.000000 -0.052436 0.998519 0.014488 0.000000 -0.031086 -0.016133 0.999387 0.000000 1.499988 -1.302299 -2.345649 1.000000
aniFrame
  m_time -0.346000
  m_vertexTransformMat 0.998275 0.052710 0.025862 0.000000 -0.053039 0.998518 0.012208 0.000000 -0.025180 -0.013558 0.999591 0.000000 1.448053 -1.257424 -2.251714 1.000000
aniFrame
  m_time -0.330000
  m_vertexTransformMat 0.998375 0.052994 0.020941 0.000000 -0.053184 0.998547 0.008636 0.000000 -0.020453 -0.009736 0.999743 0.000000 1.396818 -1.226078 -2.134670 1.000000
aniFrame
  m_time -0.314000
  m_vertexTransformMat 0.998461 0.052743 0.017143 0.000000 -0.052811 0.998598 0.003533 0.000000 -0.016933 -0.004433 0.999847 0.000000 1.349101 -1.208566 -1.994318 1.000000
aniFrame
  m_time -0.298000
  m_vertexTransformMat 0.998555 0.051871 0.014060 0.000000 -0.051846 0.998653 -0.002133 0.000000 -0.014152 0.001401 0.999899 0.000000 1.302236 -1.208405 -1.840531 1.000000
aniFrame
  m_time -0.282000
  m_vertexTransformMat 0.998670 0.050276 0.011401 0.000000 -0.050187 0.998708 -0.008022 0.000000 -0.011790 0.007439 0.999903 0.000000 1.256499 -1.227663 -1.677176 1.000000
aniFrame
  m_time -0.266000
  m_vertexTransformMat 0.998811 0.047876 0.009254 0.000000 -0.047744 0.998761 -0.014060 0.000000 -0.009915 0.013602 0.999858 0.000000 1.208878 -1.259412 -1.510046 1.000000
aniFrame
  m_time -0.250000
  m_vertexTransformMat 0.998982 0.044451 0.007655 0.000000 -0.044289 0.998816 -0.020121 0.000000 -0.008540 0.019762 0.999768 0.000000 1.155841 -1.296777 -1.344021 1.000000
aniFrame
  m_time -0.234000
  m_vertexTransformMat 0.999171 0.040190 0.006477 0.000000 -0.040007 0.998855 -0.026231 0.000000 -0.007524 0.025950 0.999635 0.000000 1.099497 -1.340801 -1.183014 1.000000
aniFrame
  m_time -0.218000
  m_vertexTransformMat 0.999365 0.035175 0.005670 0.000000 -0.034973 0.998861 -0.032447 0.000000 -0.006805 0.032228 0.999457 0.000000 1.039725 -1.388558 -1.032309 1.000000
aniFrame
  m_time -0.202000
  m_vertexTransformMat 0.999551 0.029522 0.005172 0.000000 -0.029301 0.998823 -0.038656 0.000000 -0.006307 0.038487 0.999239 0.000000 0.977942 -1.441064 -0.895157 1.000000
aniFrame
  m_time -0.186000
  m_vertexTransformMat 0.999711 0.023535 0.005005 0.000000 -0.023287 0.998720 -0.044905 0.000000 -0.006056 0.044775 0.998979 0.000000 0.916417 -1.495371 -0.778427 1.000000
aniFrame
  m_time -0.170000
  m_vertexTransformMat 0.999838 0.017203 0.005169 0.000000 -0.016916 0.998545 -0.051210 0.000000 -0.006042 0.051115 0.998674 0.000000 0.851994 -1.550675 -0.683472 1.000000
aniFrame
  m_time -0.154000
  m_vertexTransformMat 0.999924 0.011029 0.005432 0.000000 -0.010700 0.998307 -0.057164 0.000000 -0.006053 0.057102 0.998350 0.000000 0.785194 -1.612107 -0.620712 1.000000
aniFrame
  m_time -0.138000
  m_vertexTransformMat 0.999970 0.004730 0.006178 0.000000 -0.004327 0.997965 -0.063624 0.000000 -0.006466 0.063595 0.997955 0.000000 0.707304 -1.664409 -0.585190 1.000000
aniFrame
  m_time -0.122000
  m_vertexTransformMat 0.999978 -0.001823 0.006451 0.000000 0.002265 0.997599 -0.069225 0.000000 -0.006309 0.069238 0.997580 0.000000 0.624333 -1.726638 -0.576875 1.000000
aniFrame
  m_time -0.106000
  m_vertexTransformMat 0.999938 -0.008711 0.006994 0.000000 0.009215 0.997092 -0.075648 0.000000 -0.006315 0.075708 0.997110 0.000000 0.525817 -1.769846 -0.591139 1.000000
aniFrame
  m_time -0.090000
  m_vertexTransformMat 0.999840 -0.016056 0.007901 0.000000 0.016644 0.996571 -0.081047 0.000000 -0.006573 0.081166 0.996679 0.000000 0.411331 -1.816775 -0.623712 1.000000
aniFrame
  m_time -0.074000
  m_vertexTransformMat 0.999688 -0.023697 0.007929 0.000000 0.024296 0.995947 -0.086606 0.000000 -0.005844 0.086772 0.996211 0.000000 0.303643 -1.848389 -0.671573 1.000000
aniFrame
  m_time -0.058000
  m_vertexTransformMat 0.999471 -0.031138 0.009403 0.000000 0.031869 0.995292 -0.091532 0.000000 -0.006508 0.091783 0.995758 0.000000 0.171245 -1.870236 -0.729509 1.000000
aniFrame
  m_time -0.042000
  m_vertexTransformMat 0.999221 -0.038197 0.009954 0.000000 0.038974 0.994671 -0.095448 0.000000 -0.006255 0.095762 0.995385 0.000000 0.054905 -1.890621 -0.797924 1.000000
aniFrame
  m_time -0.026000
  m_vertexTransformMat 0.998956 -0.044314 0.011128 0.000000 0.045202 0.994025 -0.099358 0.000000 -0.006659 0.099757 0.994990 0.000000 -0.062774 -1.886073 -0.864987 1.000000
aniFrame
  m_time -0.010000
  m_vertexTransformMat 0.998698 -0.049423 0.012647 0.000000 0.050454 0.993554 -0.101508 0.000000 -0.007549 0.102013 0.994755 0.000000 -0.177408 -1.888540 -0.932818 1.000000
aniFrame
  m_time 0.005000
  m_vertexTransformMat 0.998456 -0.053498 0.014995 0.000000 0.054757 0.993226 -0.102485 0.000000 -0.009410 0.103148 0.994622 0.000000 -0.297599 -1.868428 -1.016966 1.000000
aniFrame
  m_time 0.021000
  m_vertexTransformMat 0.998236 -0.056442 0.018427 0.000000 0.058024 0.993177 -0.101163 0.000000 -0.012591 0.102053 0.994699 0.000000 -0.429281 -1.841405 -1.122612 1.000000
aniFrame
  m_time 0.037000
  m_vertexTransformMat 0.998015 -0.058698 0.022851 0.000000 0.060671 0.993312 -0.098237 0.000000 -0.016931 0.099428 0.994901 0.000000 -0.566948 -1.799680 -1.248903 1.000000
aniFrame
  m_time 0.053000
  m_vertexTransformMat 0.997773 -0.060363 0.028381 0.000000 0.062765 0.993666 -0.093212 0.000000 -0.022574 0.094786 0.995242 0.000000 -0.715947 -1.746214 -1.404382 1.000000
aniFrame
  m_time 0.069000
  m_vertexTransformMat 0.997517 -0.061398 0.034514 0.000000 0.064209 0.994111 -0.087297 0.000000 -0.028951 0.089296 0.995584 0.000000 -0.853611 -1.683947 -1.558798 1.000000
aniFrame
  m_time 0.085000
  m_vertexTransformMat 0.997236 -0.061867 0.041156 0.000000 0.065027 0.994632 -0.080492 0.000000 -0.035956 0.082945 0.995906 0.000000 -0.977061 -1.616280 -1.708395 1.000000
aniFrame
  m_time 0.101000
  m_vertexTransformMat 0.996940 -0.061751 0.047944 0.000000 0.065179 0.995158 -0.073578 0.000000 -0.043168 0.076477 0.996137 0.000000 -1.070066 -1.546393 -1.831500 1.000000
aniFrame
  m_time 0.117000
  m_vertexTransformMat 0.996625 -0.061223 0.054690 0.000000 0.064831 0.995655 -0.066838 0.000000 -0.050360 0.070158 0.996264 0.000000 -1.120157 -1.475311 -1.914325 1.000000
aniFrame
  m_time 0.133000
  m_vertexTransformMat 0.996322 -0.059886 0.061289 0.000000 0.063617 0.996117 -0.060853 0.000000 -0.057407 0.064528 0.996264 0.000000 -1.134932 -1.408690 -1.955684 1.000000
aniFrame
  m_time 0.149000
  m_vertexTransformMat 0.996045 -0.057440 0.067784 0.000000 0.061302 0.996527 -0.056354 0.000000 -0.064311 0.060287 0.996107 0.000000 -1.110710 -1.349820 -1.943777 1.000000
aniFrame
  m_time 0.165000
  m_vertexTransformMat 0.995807 -0.053987 0.073856 0.000000 0.057999 0.996893 -0.053299 0.000000 -0.070749 0.057359 0.995844 0.000000 -1.063306 -1.299985 -1.892185 1.000000
aniFrame
  m_time 0.181000
  m_vertexTransformMat 0.995641 -0.049278 0.079196 0.000000 0.053519 0.997194 -0.052350 0.000000 -0.076394 0.056360 0.995484 0.000000 -1.010110 -1.259107 -1.810358 1.000000
aniFrame
  m_time 0.197000
  m_vertexTransformMat 0.995522 -0.043770 0.083789 0.000000 0.048305 0.997432 -0.052886 0.000000 -0.081259 0.056696 0.995079 0.000000 -0.950021 -1.230243 -1.700413 1.000000
aniFrame
  m_time 0.213000
  m_vertexTransformMat 0.995453 -0.037962 0.087360 0.000000 0.042826 0.997595 -0.054495 0.000000 -0.085081 0.057988 0.994685 0.000000 -0.890696 -1.216285 -1.570152 1.000000
aniFrame
  m_time 0.229000
  m_vertexTransformMat 0.995419 -0.032050 0.090072 0.000000 0.037263 0.997690 -0.056809 0.000000 -0.088044 0.059905 0.994314 0.000000 -0.831202 -1.216726 -1.422621 1.000000
aniFrame
  m_time 0.245000
  m_vertexTransformMat 0.995394 -0.026835 0.092042 0.000000 0.032308 0.997765 -0.058499 0.000000 -0.090267 0.061203 0.994035 0.000000 -0.773372 -1.233514 -1.271359 1.000000
aniFrame
  m_time 0.261000
  m_vertexTransformMat 0.995399 -0.022212 0.093208 0.000000 0.027866 0.997821 -0.059804 0.000000 -0.091676 0.062126 0.993849 0.000000 -0.717217 -1.262737 -1.116741 1.000000
aniFrame
  m_time 0.277000
  m_vertexTransformMat 0.995501 -0.018719 0.092880 0.000000 0.024379 0.997890 -0.060180 0.000000 -0.091558 0.062173 0.993857 0.000000 -0.663050 -1.294316 -0.971368 1.000000
aniFrame
  m_time 0.293000
  m_vertexTransformMat 0.995694 -0.016127 0.091291 0.000000 0.021651 0.997973 -0.059840 0.000000 -0.090140 0.061559 0.994025 0.000000 -0.610454 -1.327923 -0.835537 1.000000
aniFrame
  m_time 0.309000
  m_vertexTransformMat 0.995949 -0.014093 0.088809 0.000000 0.019373 0.998077 -0.058877 0.000000 -0.087808 0.060359 0.994307 0.000000 -0.561002 -1.366167 -0.726033 1.000000
aniFrame
  m_time 0.325000
  m_vertexTransformMat 0.996266 -0.012498 0.085426 0.000000 0.017457 0.998190 -0.057550 0.000000 -0.084552 0.058826 0.994682 0.000000 -0.512604 -1.404255 -0.641208 1.000000
aniFrame
  m_time 0.341000
  m_vertexTransformMat 0.996549 -0.011018 0.082273 0.000000 0.015624 0.998334 -0.055550 0.000000 -0.081524 0.056643 0.995061 0.000000 -0.462502 -1.449686 -0.588835 1.000000
aniFrame
  m_time 0.357000
  m_vertexTransformMat 0.996824 -0.009488 0.079073 0.000000 0.013757 0.998467 -0.053624 0.000000 -0.078443 0.054542 0.995426 0.000000 -0.406436 -1.489532 -0.567542 1.000000
aniFrame
  m_time 0.373000
  m_vertexTransformMat 0.996989 -0.007627 0.077162 0.000000 0.011577 0.998639 -0.050865 0.000000 -0.076669 0.051605 0.995720 0.000000 -0.344289 -1.542838 -0.571639 1.000000
aniFrame
  m_time 0.389000
  m_vertexTransformMat 0.997088 -0.005204 0.076086 0.000000 0.008937 0.998769 -0.048801 0.000000 -0.075738 0.049339 0.995906 0.000000 -0.268873 -1.585749 -0.597828 1.000000
aniFrame
  m_time 0.405000
  m_vertexTransformMat 0.997015 -0.002128 0.077186 0.000000 0.005623 0.998967 -0.045090 0.000000 -0.077010 0.045389 0.995997 0.000000 -0.179534 -1.638580 -0.650505 1.000000
aniFrame
  m_time 0.421000
  m_vertexTransformMat 0.996710 0.001771 0.081036 0.000000 0.001553 0.999161 -0.040942 0.000000 -0.081040 0.040933 0.995870 0.000000 -0.079441 -1.679172 -0.727697 1.000000
aniFrame
  m_time 0.437000
  m_vertexTransformMat 0.996320 0.006163 0.085491 0.000000 -0.003119 0.999358 -0.035686 0.000000 -0.085656 0.035288 0.995700 0.000000 0.048783 -1.713810 -0.823997 1.000000
aniFrame
  m_time 0.453000
  m_vertexTransformMat 0.995641 0.010811 0.092639 0.000000 -0.008162 0.999549 -0.028924 0.000000 -0.092910 0.028042 0.995280 0.000000 0.172632 -1.743570 -0.938483 1.000000
aniFrame
  m_time 0.469000
  m_vertexTransformMat 0.994933 0.015575 0.099331 0.000000 -0.013392 0.999655 -0.022601 0.000000 -0.099649 0.021156 0.994798 0.000000 0.312241 -1.755114 -1.058907 1.000000
aniFrame
  m_time 0.485000
  m_vertexTransformMat 0.994145 0.020191 0.106149 0.000000 -0.018644 0.999706 -0.015546 0.000000 -0.106431 0.013476 0.994229 0.000000 0.451179 -1.771524 -1.185517 1.000000
aniFrame
  m_time 0.501000
  m_vertexTransformMat 0.993379 0.024503 0.112238 0.000000 -0.023524 0.999673 -0.010042 0.000000 -0.112448 0.007336 0.993631 0.000000 0.577480 -1.768406 -1.305051 1.000000
aniFrame
  m_time 0.517000
  m_vertexTransformMat 0.992832 0.028296 0.116116 0.000000 -0.027846 0.999597 -0.005500 0.000000 -0.116225 0.002227 0.993221 0.000000 0.699018 -1.766266 -1.410256 1.000000
aniFrame
  m_time 0.533000
  m_vertexTransformMat 0.992546 0.031658 0.117686 0.000000 -0.031657 0.999497 -0.001870 0.000000 -0.117686 -0.001870 0.993049 0.000000 0.816120 -1.760178 -1.515630 1.000000
aniFrame
  m_time 0.549000
  m_vertexTransformMat 0.992690 0.034556 0.115642 0.000000 -0.034825 0.999393 0.000305 0.000000 -0.115561 -0.004330 0.993291 0.000000 0.939243 -1.743090 -1.629678 1.000000
aniFrame
  m_time 0.565000
  m_vertexTransformMat 0.993145 0.037123 0.110835 0.000000 -0.037588 0.999291 0.002107 0.000000 -0.110678 -0.006259 0.993837 0.000000 1.065881 -1.723325 -1.754341 1.000000
aniFrame
  m_time 0.581000
  m_vertexTransformMat 0.993833 0.039577 0.103586 0.000000 -0.040182 0.999186 0.003759 0.000000 -0.103353 -0.007898 0.994613 0.000000 1.201909 -1.691794 -1.900438 1.000000
aniFrame
  m_time 0.597000
  m_vertexTransformMat 0.994652 0.041823 0.094433 0.000000 -0.042524 0.999081 0.005413 0.000000 -0.094120 -0.009400 0.995517 0.000000 1.335373 -1.654615 -2.053019 1.000000
aniFrame
  m_time 0.613000
  m_vertexTransformMat 0.995470 0.043909 0.084331 0.000000 -0.044650 0.998979 0.006916 0.000000 -0.083941 -0.010650 0.996414 0.000000 1.450340 -1.609264 -2.192775 1.000000
aniFrame
  m_time 0.629000
  m_vertexTransformMat 0.996241 0.045802 0.073528 0.000000 -0.046563 0.998878 0.008659 0.000000 -0.073048 -0.012050 0.997256 0.000000 1.544174 -1.561303 -2.316605 1.000000
aniFrame
  m_time 0.645000
  m_vertexTransformMat 0.996871 0.047444 0.063229 0.000000 -0.048201 0.998783 0.010508 0.000000 -0.062653 -0.013523 0.997944 0.000000 1.592957 -1.505307 -2.397664 1.000000
aniFrame
  m_time 0.661000
  m_vertexTransformMat 0.997378 0.048889 0.053355 0.000000 -0.049629 0.998688 0.012631 0.000000 -0.052668 -0.015246 0.998496 0.000000 1.604596 -1.448524 -2.441251 1.000000
aniFrame
  m_time 0.677000
  m_vertexTransformMat 0.997750 0.050183 0.044474 0.000000 -0.050851 0.998608 0.014027 0.000000 -0.043708 -0.016257 0.998912 0.000000 1.583404 -1.390229 -2.437819 1.000000
aniFrame
  m_time 0.693000
  m_vertexTransformMat 0.998013 0.051344 0.036522 0.000000 -0.051918 0.998539 0.014957 0.000000 -0.035700 -0.016823 0.999221 0.000000 1.533270 -1.335591 -2.391520 1.000000
aniFrame
  m_time 0.709000
  m_vertexTransformMat 0.998191 0.052233 0.029757 0.000000 -0.052665 0.998515 0.013902 0.000000 -0.028987 -0.015444 0.999460 0.000000 1.483107 -1.286391 -2.317611 1.000000
aniFrame
  m_time 0.725000
  m_vertexTransformMat 0.998310 0.052876 0.024098 0.000000 -0.053156 0.998524 0.011141 0.000000 -0.023474 -0.012403 0.999647 0.000000 1.430498 -1.245080 -2.214744 1.000000
aniFrame
  m_time 0.741000
  m_vertexTransformMat 0.998405 0.052964 0.019562 0.000000 -0.053112 0.998563 0.007098 0.000000 -0.019158 -0.008126 0.999783 0.000000 1.380689 -1.218785 -2.090475 1.000000
aniFrame
  m_time 0.757000
  m_vertexTransformMat 0.998490 0.052533 0.016063 0.000000 -0.052566 0.998616 0.001628 0.000000 -0.015955 -0.002470 0.999870 0.000000 1.333477 -1.206220 -1.943674 1.000000
aniFrame
  m_time 0.773000
  m_vertexTransformMat 0.998591 0.051419 0.013122 0.000000 -0.051370 0.998672 -0.004032 0.000000 -0.013312 0.003352 0.999906 0.000000 1.286854 -1.212991 -1.787447 1.000000
aniFrame
  m_time 0.789000
  m_vertexTransformMat 0.998714 0.049574 0.010625 0.000000 -0.049467 0.998725 -0.010057 0.000000 -0.011110 0.009518 0.999893 0.000000 1.241107 -1.237215 -1.621127 1.000000
aniFrame
  m_time 0.805000
  m_vertexTransformMat 0.998864 0.046856 0.008663 0.000000 -0.046713 0.998780 -0.016042 0.000000 -0.009404 0.015619 0.999834 0.000000 1.191754 -1.271411 -1.455012 1.000000
aniFrame
  m_time 0.821000
  m_vertexTransformMat 0.999045 0.043101 0.007224 0.000000 -0.042931 0.998832 -0.022179 0.000000 -0.008172 0.021847 0.999728 0.000000 1.137269 -1.310501 -1.289111 1.000000
aniFrame
  m_time 0.837000
  m_vertexTransformMat 0.999235 0.038633 0.006158 0.000000 -0.038445 0.998862 -0.028238 0.000000 -0.007242 0.027979 0.999582 0.000000 1.080258 -1.357044 -1.132201 1.000000
aniFrame
  m_time 0.853000
  m_vertexTransformMat 0.999430 0.033325 0.005482 0.000000 -0.033116 0.998854 -0.034567 0.000000 -0.006628 0.034366 0.999388 0.000000 1.018984 -1.404919 -0.984330 1.000000
aniFrame
  m_time 0.869000
  m_vertexTransformMat 0.999606 0.027605 0.005045 0.000000 -0.027377 0.998800 -0.040615 0.000000 -0.006160 0.040461 0.999162 0.000000 0.957971 -1.460819 -0.854712 1.000000
aniFrame
  m_time 0.885000
  m_vertexTransformMat 0.999757 0.021426 0.005055 0.000000 -0.021165 0.998666 -0.047097 0.000000 -0.006057 0.046979 0.998877 0.000000 0.895034 -1.512258 -0.743559 1.000000
aniFrame
  m_time 0.901000
  m_vertexTransformMat 0.999872 0.015142 0.005186 0.000000 -0.014846 0.998482 -0.053041 0.000000 -0.005981 0.052957 0.998579 0.000000 0.830665 -1.573503 -0.659354 1.000000
aniFrame
  m_time 0.917000
  m_vertexTransformMat 0.999944 0.008952 0.005664 0.000000 -0.008600 0.998198 -0.059384 0.000000 -0.006185 0.059332 0.998219 0.000000 0.760445 -1.628803 -0.605844 1.000000
aniFrame
  m_time 0.933000
  m_vertexTransformMat 0.999976 0.002574 0.006360 0.000000 -0.002152 0.997853 -0.065454 0.000000 -0.006515 0.065439 0.997835 0.000000 0.679624 -1.686007 -0.579460 1.000000
aniFrame
  m_time 0.949000
  m_vertexTransformMat 0.999970 -0.004073 0.006517 0.000000 0.004528 0.997442 -0.071342 0.000000 -0.006209 0.071369 0.997431 0.000000 0.594536 -1.742546 -0.579459 1.000000
aniFrame
  m_time 0.965000
  m_vertexTransformMat 0.999911 -0.011105 0.007423 0.000000 0.011647 0.996916 -0.077606 0.000000 -0.006538 0.077685 0.996957 0.000000 0.486719 -1.784281 -0.599903 1.000000
aniFrame
  m_time 0.981000
  m_vertexTransformMat 0.999796 -0.018595 0.007859 0.000000 0.019183 0.996379 -0.082827 0.000000 -0.006290 0.082961 0.996533 0.000000 0.376747 -1.830343 -0.638451 1.000000
aniFrame
  m_time 0.997000
  m_vertexTransformMat 0.999622 -0.026213 0.008287 0.000000 0.026844 0.995718 -0.088463 0.000000 -0.005933 0.088652 0.996045 0.000000 0.261694 -1.854410 -0.689546 1.000000
aniFrame
  m_time 1.013000
  m_vertexTransformMat 0.999390 -0.033560 0.009688 0.000000 0.034315 0.995090 -0.092833 0.000000 -0.006525 0.093109 0.995635 0.000000 0.130294 -1.879418 -0.751792 1.000000
aniFrame
  m_time 1.029000
  m_vertexTransformMat 0.999133 -0.040362 0.010166 0.000000 0.041158 0.994450 -0.096824 0.000000 -0.006202 0.097158 0.995250 0.000000 0.017385 -1.890764 -0.820818 1.000000
aniFrame
  m_time 1.045000
  m_vertexTransformMat 0.998868 -0.046124 0.011620 0.000000 0.047059 0.993847 -0.100269 0.000000 -0.006924 0.100702 0.994893 0.000000 -0.101641 -1.886830 -0.886767 1.000000
aniFrame
  m_time 1.061000
  m_vertexTransformMat 0.998616 -0.050905 0.013274 0.000000 0.051996 0.993431 -0.101933 0.000000 -0.007998 0.102482 0.994703 0.000000 -0.215796 -1.885914 -0.958338 1.000000
aniFrame
  m_time 1.077000
  m_vertexTransformMat 0.998380 -0.054587 0.016035 0.000000 0.055946 0.993177 -0.102323 0.000000 -0.010340 0.103054 0.994622 0.000000 -0.340606 -1.859410 -1.049892 1.000000
aniFrame
  m_time 1.093000
  m_vertexTransformMat 0.998164 -0.057249 0.019783 0.000000 0.058952 0.993210 -0.100291 0.000000 -0.013908 0.101272 0.994762 0.000000 -0.474565 -1.830453 -1.162293 1.000000
aniFrame
  m_time 1.109000
  m_vertexTransformMat 0.997936 -0.059325 0.024588 0.000000 0.061441 0.993405 -0.096805 0.000000 -0.018683 0.098116 0.995000 0.000000 -0.615915 -1.782380 -1.298223 1.000000
aniFrame
  m_time 1.125000
  m_vertexTransformMat 0.997689 -0.060776 0.030386 0.000000 0.063319 0.993815 -0.091228 0.000000 -0.024654 0.092941 0.995366 0.000000 -0.764561 -1.726824 -1.457965 1.000000
aniFrame
  m_time 1.141000
  m_vertexTransformMat 0.997426 -0.061616 0.036672 0.000000 0.064552 0.994273 -0.085168 0.000000 -0.031215 0.087316 0.995691 0.000000 -0.896159 -1.661487 -1.608916 1.000000
aniFrame
  m_time 1.157000
  m_vertexTransformMat 0.997137 -0.061896 0.043433 0.000000 0.065154 0.994815 -0.078096 0.000000 -0.038374 0.080702 0.996000 0.000000 -1.013016 -1.593385 -1.754520 1.000000
aniFrame
  m_time 1.173000
  m_vertexTransformMat 0.996837 -0.061617 0.050189 0.000000 0.065116 0.995323 -0.071364 0.000000 -0.045557 0.074406 0.996187 0.000000 -1.090894 -1.522477 -1.862763 1.000000
aniFrame
  m_time 1.189000
  m_vertexTransformMat 0.996520 -0.060905 0.056920 0.000000 0.064556 0.995817 -0.064663 0.000000 -0.052743 0.068112 0.996283 0.000000 -1.128834 -1.452409 -1.933494 1.000000
aniFrame
  m_time 1.205000
  m_vertexTransformMat 0.996229 -0.059172 0.063452 0.000000 0.062947 0.996257 -0.059243 0.000000 -0.059709 0.063014 0.996225 0.000000 -1.131459 -1.388105 -1.957487 1.000000
aniFrame
  m_time 1.221000
  m_vertexTransformMat 0.995959 -0.056409 0.069893 0.000000 0.060318 0.996655 -0.055134 0.000000 -0.066549 0.059127 0.996030 0.000000 -1.095866 -1.332180 -1.929909 1.000000
aniFrame
  m_time 1.237000
  m_vertexTransformMat 0.995745 -0.052568 0.075687 0.000000 0.056643 0.997000 -0.052749 0.000000 -0.072687 0.056811 0.995736 0.000000 -1.047022 -1.285373 -1.869044 1.000000
aniFrame
  m_time 1.253000
  m_vertexTransformMat 0.995596 -0.047480 0.080836 0.000000 0.051817 0.997280 -0.052418 0.000000 -0.078127 0.056376 0.995348 0.000000 -0.990265 -1.247887 -1.775998 1.000000
aniFrame
  m_time 1.269000
  m_vertexTransformMat 0.995493 -0.041912 0.085075 0.000000 0.046546 0.997497 -0.053235 0.000000 -0.082630 0.056955 0.994951 0.000000 -0.930371 -1.224093 -1.660069 1.000000
aniFrame
  m_time 1.285000
  m_vertexTransformMat 0.995440 -0.035942 0.088361 0.000000 0.040929 0.997631 -0.055285 0.000000 -0.086165 0.058650 0.994553 0.000000 -0.870757 -1.214738 -1.521833 1.000000
aniFrame
  m_time 1.301000
  m_vertexTransformMat 0.995411 -0.030265 0.090782 0.000000 0.035570 0.997717 -0.057398 0.000000 -0.088838 0.060363 0.994215 0.000000 -0.811781 -1.220382 -1.373294 1.000000
aniFrame
  m_time 1.317000
  m_vertexTransformMat 0.995388 -0.025198 0.092557 0.000000 0.030746 0.997784 -0.059011 0.000000 -0.090865 0.061585 0.993957 0.000000 -0.754412 -1.242375 -1.219306 1.000000
aniFrame
  m_time 1.333000
  m_vertexTransformMat 0.995420 -0.020916 0.093280 0.000000 0.026592 0.997843 -0.060022 0.000000 -0.091823 0.062227 0.993829 0.000000 -0.699045 -1.273423 -1.067714 1.000000
aniFrame
  m_time 1.349000
  m_vertexTransformMat 0.995558 -0.017775 0.092459 0.000000 0.023403 0.997915 -0.060150 0.000000 -0.091197 0.062046 0.993898 0.000000 -0.645232 -1.304940 -0.924075 1.000000
aniFrame
  m_time 1.365000
  m_vertexTransformMat 0.995770 -0.015394 0.090587 0.000000 0.020846 0.998007 -0.059554 0.000000 -0.089490 0.061191 0.994106 0.000000 -0.593657 -1.340723 -0.795982 1.000000
aniFrame
  m_time 1.381000
  m_vertexTransformMat 0.996054 -0.013527 0.087717 0.000000 0.018707 0.998112 -0.058508 0.000000 -0.086760 0.059918 0.994426 0.000000 -0.544854 -1.378209 -0.694683 1.000000
aniFrame
  m_time 1.397000
  m_vertexTransformMat 0.996364 -0.012006 0.084345 0.000000 0.016846 0.998237 -0.056913 0.000000 -0.083513 0.058126 0.994810 0.000000 -0.496332 -1.419312 -0.619867 1.000000
aniFrame
  m_time 1.413000
  m_vertexTransformMat 0.996646 -0.010524 0.081154 0.000000 0.015017 0.998376 -0.054958 0.000000 -0.080444 0.055992 0.995186 0.000000 -0.444499 -1.462509 -0.578555 1.000000
aniFrame
  m_time 1.429000
  m_vertexTransformMat 0.996894 -0.008922 0.078254 0.000000 0.013079 0.998521 -0.052766 0.000000 -0.077668 0.053625 0.995536 0.000000 -0.386468 -1.505957 -0.566415 1.000000
aniFrame
  m_time 1.445000
  m_vertexTransformMat 0.997031 -0.006886 0.076690 0.000000 0.010757 0.998683 -0.050175 0.000000 -0.076243 0.050851 0.995792 0.000000 -0.321008 -1.557838 -0.577731 1.000000
aniFrame
  m_time 1.461000
  m_vertexTransformMat 0.997091 -0.004257 0.076096 0.000000 0.007917 0.998823 -0.047853 0.000000 -0.075802 0.048317 0.995952 0.000000 -0.240078 -1.601335 -0.612245 1.000000
aniFrame
  m_time 1.477000
  m_vertexTransformMat 0.996930 -0.000915 0.078293 0.000000 0.004348 0.999036 -0.043686 0.000000 -0.078177 0.043893 0.995973 0.000000 -0.148624 -1.654605 -0.673878 1.000000
aniFrame
  m_time 1.493000
  m_vertexTransformMat 0.996588 0.003209 0.082480 0.000000 0.000047 0.999222 -0.039450 0.000000 -0.082543 0.039319 0.995812 0.000000 -0.039522 -1.689594 -0.757786 1.000000
aniFrame
  m_time 1.509000
  m_vertexTransformMat 0.996126 0.007681 0.087603 0.000000 -0.004765 0.999429 -0.033446 0.000000 -0.087810 0.032899 0.995594 0.000000 0.090770 -1.726201 -0.860650 1.000000
aniFrame
  m_time 1.525000
  m_vertexTransformMat 0.995385 0.012404 0.095158 0.000000 -0.009896 0.999593 -0.026776 0.000000 -0.095451 0.025711 0.995102 0.000000 0.215671 -1.748157 -0.978471 1.000000
aniFrame
  m_time 1.541000
  m_vertexTransformMat 0.994695 0.017136 0.101433 0.000000 -0.015154 0.999680 -0.020278 0.000000 -0.101748 0.018634 0.994636 0.000000 0.361107 -1.760960 -1.100635 1.000000
aniFrame
  m_time 1.557000
  m_vertexTransformMat 0.993862 0.021671 0.108488 0.000000 -0.020334 0.999704 -0.013418 0.000000 -0.108746 0.011129 0.994008 0.000000 0.493293 -1.773446 -1.227031 1.000000
aniFrame
  m_time 1.573000
  m_vertexTransformMat 0.993182 0.025829 0.113675 0.000000 -0.025019 0.999651 -0.008548 0.000000 -0.113856 0.005645 0.993482 0.000000 0.619380 -1.765916 -1.341158 1.000000
aniFrame
  m_time 1.589000
  m_vertexTransformMat 0.992696 0.029454 0.116995 0.000000 -0.029177 0.999566 -0.004082 0.000000 -0.117064 0.000638 0.993124 0.000000 0.737698 -1.766630 -1.444533 1.000000
aniFrame
  m_time 1.605000
  m_vertexTransformMat 0.992549 0.032689 0.117381 0.000000 -0.032786 0.999462 -0.001100 0.000000 -0.117354 -0.002756 0.993086 0.000000 0.856724 -1.753536 -1.552875 1.000000
aniFrame
  m_time 1.621000
  m_vertexTransformMat 0.992816 0.035426 0.114291 0.000000 -0.035769 0.999360 0.000955 0.000000 -0.114184 -0.005036 0.993447 0.000000 0.981091 -1.737970 -1.669749 1.000000
aniFrame
  m_time 1.637000
  m_vertexTransformMat 0.993345 0.037968 0.108744 0.000000 -0.038480 0.999256 0.002613 0.000000 -0.108564 -0.006780 0.994066 0.000000 1.109512 -1.712760 -1.799957 1.000000
aniFrame
  m_time 1.653000
  m_vertexTransformMat 0.994103 0.040346 0.100655 0.000000 -0.040991 0.999150 0.004347 0.000000 -0.100394 -0.008447 0.994912 0.000000 1.248284 -1.680610 -1.952501 1.000000
aniFrame
  m_time 1.669000
  m_vertexTransformMat 0.994920 0.042535 0.091241 0.000000 -0.043249 0.999047 0.005858 0.000000 -0.090905 -0.009774 0.995812 0.000000 1.374387 -1.639293 -2.099364 1.000000
aniFrame
  m_time 1.685000
  m_vertexTransformMat 0.995740 0.044566 0.080720 0.000000 -0.045317 0.998945 0.007502 0.000000 -0.080300 -0.011128 0.996709 0.000000 1.485498 -1.594093 -2.237700 1.000000
aniFrame
  m_time 1.701000
  m_vertexTransformMat 0.996463 0.046375 0.070072 0.000000 -0.047131 0.998847 0.009182 0.000000 -0.069566 -0.012452 0.997500 0.000000 1.565378 -1.542868 -2.347742 1.000000
aniFrame
  m_time 1.717000
  m_vertexTransformMat 0.997055 0.047946 0.059853 0.000000 -0.048704 0.998750 0.011260 0.000000 -0.059239 -0.014142 0.998144 0.000000 1.600446 -1.486547 -2.416758 1.000000
aniFrame
  m_time 1.733000
  m_vertexTransformMat 0.997516 0.049330 0.050292 0.000000 -0.050048 0.998661 0.013122 0.000000 -0.049578 -0.015607 0.998649 0.000000 1.601970 -1.429034 -2.445834 1.000000
aniFrame
  m_time 1.749000
  m_vertexTransformMat 0.997848 0.050594 0.041705 0.000000 -0.051236 0.998582 0.014465 0.000000 -0.040914 -0.016571 0.999026 0.000000 1.568285 -1.371450 -2.426210 1.000000
aniFrame
  m_time 1.765000
  m_vertexTransformMat 0.998081 0.051665 0.034134 0.000000 -0.052197 0.998526 0.014864 0.000000 -0.033315 -0.016618 0.999307 0.000000 1.516125 -1.318653 -2.369891 1.000000
aniFrame
  m_time 1.781000
  m_vertexTransformMat 0.998236 0.052493 0.027742 0.000000 -0.052872 0.998515 0.013109 0.000000 -0.027013 -0.014553 0.999529 0.000000 1.465676 -1.271115 -2.286034 1.000000
aniFrame
  m_time 1.797000
  m_vertexTransformMat 0.998343 0.052974 0.022453 0.000000 -0.053208 0.998534 0.009936 0.000000 -0.021894 -0.011114 0.999698 0.000000 1.413330 -1.234472 -2.175602 1.000000
aniFrame
  m_time 1.813000
  m_vertexTransformMat 0.998433 0.052875 0.018338 0.000000 -0.052983 0.998580 0.005493 0.000000 -0.018021 -0.006456 0.999817 0.000000 1.364635 -1.214434 -2.043931 1.000000
aniFrame
  m_time 1.829000
  m_vertexTransformMat 0.998521 0.052215 0.015145 0.000000 -0.052223 0.998636 0.000093 0.000000 -0.015120 -0.000883 0.999885 0.000000 1.317839 -1.209609 -1.893780 1.000000
aniFrame
  m_time 1.845000
  m_vertexTransformMat 0.998630 0.050825 0.012456 0.000000 -0.050764 0.998697 -0.005182 0.000000 -0.012703 0.004543 0.999909 0.000000 1.273213 -1.222569 -1.736482 1.000000
aniFrame
  m_time 1.861000
  m_vertexTransformMat 0.998762 0.048670 0.010295 0.000000 -0.048560 0.998764 -0.010649 0.000000 -0.010800 0.010136 0.999890 0.000000 1.229661 -1.248150 -1.571816 1.000000
aniFrame
  m_time 1.877000
  m_vertexTransformMat 0.998924 0.045548 0.008687 0.000000 -0.045405 0.998842 -0.015932 0.000000 -0.009402 0.015520 0.999835 0.000000 1.183262 -1.276366 -1.409596 1.000000
aniFrame
  m_time 1.893000
  m_vertexTransformMat 0.999111 0.041471 0.007593 0.000000 -0.041301 0.998920 -0.021294 0.000000 -0.008468 0.020961 0.999745 0.000000 1.134238 -1.305781 -1.249290 1.000000
aniFrame
  m_time 1.909000
  m_vertexTransformMat 0.999303 0.036698 0.006835 0.000000 -0.036504 0.998981 -0.026567 0.000000 -0.007803 0.026299 0.999624 0.000000 1.083450 -1.339827 -1.099686 1.000000
aniFrame
  m_time 1.925000
  m_vertexTransformMat 0.999494 0.031137 0.006449 0.000000 -0.030915 0.999008 -0.032040 0.000000 -0.007440 0.031824 0.999466 0.000000 1.029791 -1.373723 -0.960057 1.000000
aniFrame
  m_time 1.941000
  m_vertexTransformMat 0.999661 0.025267 0.006296 0.000000 -0.025015 0.998990 -0.037334 0.000000 -0.007233 0.037164 0.999283 0.000000 0.977141 -1.414029 -0.840289 1.000000
aniFrame
  m_time 1.957000
  m_vertexTransformMat 0.999799 0.018942 0.006543 0.000000 -0.018643 0.998900 -0.043033 0.000000 -0.007351 0.042902 0.999052 0.000000 0.922174 -1.450818 -0.738763 1.000000
aniFrame
  m_time 1.973000
  m_vertexTransformMat 0.999896 0.012677 0.006834 0.000000 -0.012333 0.998756 -0.048306 0.000000 -0.007438 0.048217 0.998809 0.000000 0.861481 -1.498862 -0.667992 1.000000
aniFrame
  m_time 1.989000
  m_vertexTransformMat 0.999952 0.006355 0.007518 0.000000 -0.005938 0.998506 -0.054312 0.000000 -0.007852 0.054265 0.998496 0.000000 0.788489 -1.538970 -0.626586 1.000000
aniFrame
  m_time 2.005000
  m_vertexTransformMat 0.999967 0.000094 0.008183 0.000000 0.000395 0.998219 -0.059659 0.000000 -0.008174 0.059660 0.998185 0.000000 0.704238 -1.591350 -0.613258 1.000000
aniFrame
  m_time 2.021000
  m_vertexTransformMat 0.999942 -0.006144 0.008856 0.000000 0.006712 0.997821 -0.065630 0.000000 -0.008434 0.065686 0.997804 0.000000 0.606156 -1.634678 -0.626515 1.000000
aniFrame
  m_time 2.037000
  m_vertexTransformMat 0.999870 -0.012542 0.010147 0.000000 0.013232 0.997377 -0.071160 0.000000 -0.009227 0.071284 0.997413 0.000000 0.488613 -1.681923 -0.658238 1.000000
aniFrame
  m_time 2.053000
  m_vertexTransformMat 0.999762 -0.019065 0.010620 0.000000 0.019824 0.996862 -0.076636 0.000000 -0.009125 0.076828 0.997003 0.000000 0.376364 -1.725881 -0.706429 1.000000
aniFrame
  m_time 2.069000
  m_vertexTransformMat 0.999596 -0.025736 0.012113 0.000000 0.026647 0.996256 -0.082247 0.000000 -0.009951 0.082536 0.996539 0.000000 0.241226 -1.761580 -0.762318 1.000000
aniFrame
  m_time 2.085000
  m_vertexTransformMat 0.999391 -0.032423 0.012939 0.000000 0.033430 0.995631 -0.087187 0.000000 -0.010056 0.087566 0.996108 0.000000 0.112656 -1.803089 -0.825563 1.000000
aniFrame
  m_time 2.101000
  m_vertexTransformMat 0.999146 -0.039079 0.013425 0.000000 0.040158 0.994885 -0.092694 0.000000 -0.009734 0.093154 0.995604 0.000000 -0.011748 -1.827941 -0.885311 1.000000
aniFrame
  m_time 2.117000
  m_vertexTransformMat 0.998853 -0.045718 0.014237 0.000000 0.046881 0.994231 -0.096466 0.000000 -0.009745 0.097023 0.995234 0.000000 -0.142650 -1.872390 -0.939846 1.000000
aniFrame
