m_aniFrameList.size 84
aniFrame
  m_time -1.066000
  m_vertexTransformMat 0.998534 -0.052271 0.014057 0.000000 0.053438 0.993317 -0.102304 0.000000 -0.008616 0.102905 0.994654 0.000000 -0.255778 -1.878407 -0.986350 1.000000
aniFrame
  m_time -1.027000
  m_vertexTransformMat 0.998104 -0.055471 0.026663 0.000000 0.057655 0.994303 -0.089655 0.000000 -0.021538 0.091022 0.995616 0.000000 -0.563628 -1.723643 -1.318608 1.000000
aniFrame
  m_time -0.988000
  m_vertexTransformMat 0.997389 -0.059578 0.040811 0.000000 0.062521 0.995215 -0.075090 0.000000 -0.036142 0.077445 0.996341 0.000000 -0.875825 -1.546178 -1.690742 1.000000
aniFrame
  m_time -0.949000
  m_vertexTransformMat 0.996577 -0.061126 0.055657 0.000000 0.064525 0.996021 -0.061470 0.000000 -0.051678 0.064850 0.996556 0.000000 -1.062557 -1.380208 -1.938475 1.000000
aniFrame
  m_time -0.910000
  m_vertexTransformMat 0.995907 -0.056319 0.070692 0.000000 0.060123 0.996789 -0.052894 0.000000 -0.067486 0.056927 0.996095 0.000000 -1.054696 -1.262182 -1.934824 1.000000
aniFrame
  m_time -0.871000
  m_vertexTransformMat 0.995535 -0.044592 0.083196 0.000000 0.049076 0.997406 -0.052654 0.000000 -0.080632 0.056502 0.995141 0.000000 -0.947537 -1.209775 -1.718584 1.000000
aniFrame
  m_time -0.832000
  m_vertexTransformMat 0.995412 -0.030483 0.090698 0.000000 0.035777 0.997714 -0.057330 0.000000 -0.088743 0.060312 0.994227 0.000000 -0.814282 -1.220002 -1.379458 1.000000
aniFrame
  m_time -0.793000
  m_vertexTransformMat 0.995463 -0.019558 0.093121 0.000000 0.025232 0.997871 -0.060148 0.000000 -0.091746 0.062224 0.993836 0.000000 -0.677647 -1.285859 -1.010472 1.000000
aniFrame
  m_time -0.754000
  m_vertexTransformMat 0.996001 -0.013804 0.088274 0.000000 0.019036 0.998094 -0.058698 0.000000 -0.087295 0.060144 0.994365 0.000000 -0.552920 -1.372169 -0.710016 1.000000
aniFrame
  m_time -0.715000
  m_vertexTransformMat 0.996723 -0.010114 0.080263 0.000000 0.014516 0.998411 -0.054459 0.000000 -0.079584 0.055445 0.995285 0.000000 -0.429354 -1.472914 -0.572599 1.000000
aniFrame
  m_time -0.676000
  m_vertexTransformMat 0.997089 -0.005089 0.076073 0.000000 0.008813 0.998775 -0.048697 0.000000 -0.075732 0.049226 0.995912 0.000000 -0.265366 -1.587586 -0.599466 1.000000
aniFrame
  m_time -0.637000
  m_vertexTransformMat 0.996533 0.003850 0.083107 0.000000 -0.000630 0.999250 -0.038733 0.000000 -0.083193 0.038546 0.995788 0.000000 -0.020880 -1.694293 -0.771564 1.000000
aniFrame
  m_time -0.598000
  m_vertexTransformMat 0.994987 0.015182 0.098849 0.000000 -0.012953 0.999649 -0.023147 0.000000 -0.099165 0.021751 0.994833 0.000000 0.299656 -1.753928 -1.048716 1.000000
aniFrame
  m_time -0.559000
  m_vertexTransformMat 0.993170 0.025910 0.113762 0.000000 -0.025111 0.999649 -0.008452 0.000000 -0.113941 0.005538 0.993472 0.000000 0.621944 -1.765844 -1.343370 1.000000
aniFrame
  m_time -0.520000
  m_vertexTransformMat 0.992628 0.033995 0.116333 0.000000 -0.034213 0.999415 -0.000119 0.000000 -0.116268 -0.003862 0.993210 0.000000 0.913282 -1.746147 -1.605259 1.000000
aniFrame
  m_time -0.481000
  m_vertexTransformMat 0.994018 0.040108 0.101589 0.000000 -0.040742 0.999161 0.004165 0.000000 -0.101337 -0.008279 0.994818 0.000000 1.233897 -1.684199 -1.936237 1.000000
aniFrame
  m_time -0.442000
  m_vertexTransformMat 0.995999 0.045198 0.077096 0.000000 -0.045956 0.998911 0.008092 0.000000 -0.076647 -0.011602 0.996991 0.000000 1.517175 -1.578250 -2.279473 1.000000
aniFrame
  m_time -0.403000
  m_vertexTransformMat 0.997423 0.049029 0.052383 0.000000 -0.049763 0.998679 0.012804 0.000000 -0.051686 -0.015377 0.998545 0.000000 1.604082 -1.442478 -2.443266 1.000000
aniFrame
  m_time -0.364000
  m_vertexTransformMat 0.998119 0.051846 0.032715 0.000000 -0.052347 0.998522 0.014655 0.000000 -0.031907 -0.016340 0.999357 0.000000 1.506114 -1.308399 -2.355189 1.000000
aniFrame
  m_time -0.325000
  m_vertexTransformMat 0.998403 0.052968 0.019644 0.000000 -0.053118 0.998562 0.007200 0.000000 -0.019235 -0.008232 0.999781 0.000000 1.381690 -1.219203 -2.093330 1.000000
aniFrame
  m_time -0.286000
  m_vertexTransformMat 0.998639 0.050744 0.012021 0.000000 -0.050669 0.998694 -0.006506 0.000000 -0.012336 0.005888 0.999907 0.000000 1.267892 -1.221397 -1.718973 1.000000
aniFrame
  m_time -0.247000
  m_vertexTransformMat 0.999017 0.043702 0.007407 0.000000 -0.043535 0.998825 -0.021279 0.000000 -0.008329 0.020936 0.999746 0.000000 1.145431 -1.304396 -1.313030 1.000000
aniFrame
  m_time -0.208000
  m_vertexTransformMat 0.999484 0.031670 0.005338 0.000000 -0.031455 0.998843 -0.036390 0.000000 -0.006484 0.036203 0.999323 0.000000 1.000873 -1.420064 -0.944036 1.000000
aniFrame
  m_time -0.169000
  m_vertexTransformMat 0.999845 0.016813 0.005175 0.000000 -0.016524 0.998533 -0.051565 0.000000 -0.006034 0.051472 0.998656 0.000000 0.847981 -1.554772 -0.678628 1.000000
aniFrame
  m_time -0.130000
  m_vertexTransformMat 0.999979 0.001484 0.006406 0.000000 -0.001056 0.997798 -0.066325 0.000000 -0.006490 0.066317 0.997778 0.000000 0.665877 -1.697362 -0.577745 1.000000
aniFrame
  m_time -0.091000
  m_vertexTransformMat 0.999847 -0.015583 0.007898 0.000000 0.016171 0.996606 -0.080722 0.000000 -0.006614 0.080838 0.996705 0.000000 0.417903 -1.813924 -0.621127 1.000000
aniFrame
  m_time -0.052000
  m_vertexTransformMat 0.999380 -0.033859 0.009712 0.000000 0.034616 0.995065 -0.092994 0.000000 -0.006515 0.093272 0.995620 0.000000 0.125378 -1.880465 -0.754640 1.000000
aniFrame
  m_time -0.013000
  m_vertexTransformMat 0.998745 -0.048539 0.012339 0.000000 0.049541 0.993629 -0.101222 0.000000 -0.007347 0.101706 0.994788 0.000000 -0.156142 -1.888608 -0.919326 1.000000
aniFrame
  m_time 0.025000
  m_vertexTransformMat 0.998182 -0.057053 0.019434 0.000000 0.058726 0.993201 -0.100521 0.000000 -0.013567 0.101479 0.994745 0.000000 -0.463200 -1.833415 -1.152175 1.000000
aniFrame
  m_time 0.064000
  m_vertexTransformMat 0.997598 -0.061140 0.032563 0.000000 0.063827 0.993974 -0.089119 0.000000 -0.026918 0.090983 0.995488 0.000000 -0.813403 -1.704774 -1.512830 1.000000
aniFrame
  m_time 0.103000
  m_vertexTransformMat 0.996902 -0.061703 0.048784 0.000000 0.065159 0.995219 -0.072758 0.000000 -0.044061 0.075712 0.996156 0.000000 -1.078371 -1.537419 -1.843595 1.000000
aniFrame
  m_time 0.142000
  m_vertexTransformMat 0.996165 -0.058624 0.064948 0.000000 0.062429 0.996351 -0.058193 0.000000 -0.061299 0.062024 0.996191 0.000000 -1.126095 -1.374502 -1.955169 1.000000
aniFrame
  m_time 0.181000
  m_vertexTransformMat 0.995641 -0.049278 0.079196 0.000000 0.053519 0.997194 -0.052350 0.000000 -0.076394 0.056360 0.995484 0.000000 -1.010110 -1.259107 -1.810358 1.000000
aniFrame
  m_time 0.220000
  m_vertexTransformMat 0.995436 -0.035316 0.088654 0.000000 0.040340 0.997641 -0.055537 0.000000 -0.086484 0.058859 0.994513 0.000000 -0.864534 -1.214595 -1.506460 1.000000
aniFrame
  m_time 0.259000
  m_vertexTransformMat 0.995394 -0.022735 0.093133 0.000000 0.028375 0.997814 -0.059688 0.000000 -0.091572 0.062055 0.993863 0.000000 -0.724106 -1.258761 -1.135616 1.000000
aniFrame
  m_time 0.298000
  m_vertexTransformMat 0.995765 -0.015439 0.090633 0.000000 0.020896 0.998005 -0.059575 0.000000 -0.089532 0.061216 0.994101 0.000000 -0.594693 -1.339892 -0.798340 1.000000
aniFrame
  m_time 0.337000
  m_vertexTransformMat 0.996477 -0.011387 0.083087 0.000000 0.016079 0.998300 -0.056019 0.000000 -0.082308 0.057157 0.994967 0.000000 -0.475524 -1.439287 -0.598779 1.000000
aniFrame
  m_time 0.376000
  m_vertexTransformMat 0.997014 -0.007219 0.076888 0.000000 0.011122 0.998664 -0.050463 0.000000 -0.076421 0.051167 0.995762 0.000000 -0.331408 -1.551501 -0.574761 1.000000
aniFrame
  m_time 0.415000
  m_vertexTransformMat 0.996840 0.000222 0.079441 0.000000 0.003164 0.999092 -0.042494 0.000000 -0.079378 0.042611 0.995933 0.000000 -0.119908 -1.666375 -0.696327 1.000000
aniFrame
  m_time 0.454000
  m_vertexTransformMat 0.995593 0.011108 0.093123 0.000000 -0.008486 0.999558 -0.028514 0.000000 -0.093398 0.027598 0.995247 0.000000 0.180511 -1.744608 -0.945953 1.000000
aniFrame
  m_time 0.493000
  m_vertexTransformMat 0.993726 0.022397 0.109577 0.000000 -0.021158 0.999699 -0.012456 0.000000 -0.109823 0.010059 0.993901 0.000000 0.514073 -1.773254 -1.247259 1.000000
aniFrame
  m_time 0.532000
  m_vertexTransformMat 0.992551 0.031456 0.117695 0.000000 -0.031436 0.999504 -0.002026 0.000000 -0.117700 -0.001689 0.993048 0.000000 0.808582 -1.761466 -1.508726 1.000000
aniFrame
  m_time 0.571000
  m_vertexTransformMat 0.993372 0.038071 0.108457 0.000000 -0.038589 0.999252 0.002680 0.000000 -0.108274 -0.006848 0.994098 0.000000 1.115135 -1.711454 -1.805930 1.000000
aniFrame
  m_time 0.610000
  m_vertexTransformMat 0.995315 0.043530 0.086331 0.000000 -0.044264 0.998998 0.006597 0.000000 -0.085957 -0.010388 0.996245 0.000000 1.429486 -1.617663 -2.166674 1.000000
aniFrame
  m_time 0.649000
  m_vertexTransformMat 0.997010 0.047822 0.060692 0.000000 -0.048580 0.998758 0.011072 0.000000 -0.060087 -0.013987 0.998095 0.000000 1.598936 -1.491245 -2.412385 1.000000
aniFrame
  m_time 0.688000
  m_vertexTransformMat 0.997941 0.051007 0.038888 0.000000 -0.051616 0.998557 0.014814 0.000000 -0.038076 -0.016791 0.999134 0.000000 1.550004 -1.352092 -2.409433 1.000000
aniFrame
  m_time 0.727000
  m_vertexTransformMat 0.998323 0.052921 0.023469 0.000000 -0.053183 0.998527 0.010709 0.000000 -0.022867 -0.011939 0.999667 0.000000 1.424000 -1.240913 -2.200317 1.000000
aniFrame
  m_time 0.766000
  m_vertexTransformMat 0.998544 0.051998 0.014364 0.000000 -0.051981 0.998647 -0.001559 0.000000 -0.014425 0.000810 0.999896 0.000000 1.307119 -1.207407 -1.856716 1.000000
aniFrame
  m_time 0.805000
  m_vertexTransformMat 0.998864 0.046856 0.008663 0.000000 -0.046713 0.998780 -0.016042 0.000000 -0.009404 0.015619 0.999834 0.000000 1.191754 -1.271411 -1.455012 1.000000
aniFrame
  m_time 0.844000
  m_vertexTransformMat 0.999320 0.036407 0.005818 0.000000 -0.036210 0.998864 -0.030985 0.000000 -0.006940 0.030753 0.999503 0.000000 1.053874 -1.377679 -1.066200 1.000000
aniFrame
  m_time 0.883000
  m_vertexTransformMat 0.999740 0.022220 0.005033 0.000000 -0.021964 0.998687 -0.046280 0.000000 -0.006055 0.046157 0.998916 0.000000 0.903080 -1.505834 -0.756314 1.000000
aniFrame
  m_time 0.922000
  m_vertexTransformMat 0.999958 0.006986 0.005910 0.000000 -0.006610 0.998089 -0.061437 0.000000 -0.006328 0.061395 0.998093 0.000000 0.736064 -1.644681 -0.594647 1.000000
aniFrame
  m_time 0.961000
  m_vertexTransformMat 0.999932 -0.009304 0.007091 0.000000 0.009817 0.997047 -0.076159 0.000000 -0.006361 0.076224 0.997070 0.000000 0.516305 -1.773279 -0.593158 1.000000
aniFrame
  m_time 1.000000
  m_vertexTransformMat 0.999582 -0.027606 0.008637 0.000000 0.028268 0.995592 -0.089428 0.000000 -0.006130 0.089635 0.995956 0.000000 0.235783 -1.857877 -0.700041 1.000000
aniFrame
  m_time 1.039000
  m_vertexTransformMat 0.998967 -0.044080 0.011065 0.000000 0.044962 0.994049 -0.099227 0.000000 -0.006626 0.099622 0.995003 0.000000 -0.057831 -1.886107 -0.862275 1.000000
aniFrame
  m_time 1.078000
  m_vertexTransformMat 0.998367 -0.054778 0.016242 0.000000 0.056157 0.993172 -0.102258 0.000000 -0.010529 0.103003 0.994626 0.000000 -0.348783 -1.857776 -1.056323 1.000000
aniFrame
  m_time 1.117000
  m_vertexTransformMat 0.997815 -0.060129 0.027401 0.000000 0.062461 0.993594 -0.094175 0.000000 -0.021563 0.095680 0.995178 0.000000 -0.691060 -1.755527 -1.377411 1.000000
aniFrame
  m_time 1.156000
  m_vertexTransformMat 0.997156 -0.061896 0.043006 0.000000 0.065136 0.994781 -0.078542 0.000000 -0.037920 0.081120 0.995983 0.000000 -1.006587 -1.597699 -1.746173 1.000000
aniFrame
  m_time 1.195000
  m_vertexTransformMat 0.996405 -0.060405 0.059395 0.000000 0.064100 0.995990 -0.062405 0.000000 -0.055387 0.065988 0.996282 0.000000 -1.134063 -1.427431 -1.948834 1.000000
aniFrame
  m_time 1.234000
  m_vertexTransformMat 0.995779 -0.053387 0.074663 0.000000 0.057426 0.996941 -0.053026 0.000000 -0.071604 0.057090 0.995798 0.000000 -1.056359 -1.293491 -1.882590 1.000000
aniFrame
  m_time 1.273000
  m_vertexTransformMat 0.995475 -0.040461 0.085975 0.000000 0.045177 0.997538 -0.053631 0.000000 -0.083593 0.057272 0.994853 0.000000 -0.915562 -1.220457 -1.627691 1.000000
aniFrame
  m_time 1.312000
  m_vertexTransformMat 0.995393 -0.026730 0.092077 0.000000 0.032208 0.997766 -0.058532 0.000000 -0.090307 0.061228 0.994030 0.000000 -0.772178 -1.234031 -1.268112 1.000000
aniFrame
  m_time 1.351000
  m_vertexTransformMat 0.995581 -0.017444 0.092270 0.000000 0.023056 0.997925 -0.060117 0.000000 -0.091030 0.061979 0.993918 0.000000 -0.638613 -1.309038 -0.906742 1.000000
aniFrame
  m_time 1.390000
  m_vertexTransformMat 0.996234 -0.012653 0.085779 0.000000 0.017648 0.998177 -0.057725 0.000000 -0.084892 0.059021 0.994641 0.000000 -0.517657 -1.399880 -0.648661 1.000000
aniFrame
  m_time 1.429000
  m_vertexTransformMat 0.996894 -0.008922 0.078254 0.000000 0.013079 0.998521 -0.052766 0.000000 -0.077668 0.053625 0.995536 0.000000 -0.386468 -1.505957 -0.566415 1.000000
aniFrame
  m_time 1.468000
  m_vertexTransformMat 0.997056 -0.002902 0.076619 0.000000 0.006450 0.998917 -0.046094 0.000000 -0.076402 0.046453 0.995995 0.000000 -0.200354 -1.625901 -0.635983 1.000000
aniFrame
  m_time 1.507000
  m_vertexTransformMat 0.996204 0.007107 0.086760 0.000000 -0.004143 0.999403 -0.034298 0.000000 -0.086952 0.033809 0.995639 0.000000 0.075261 -1.721753 -0.846664 1.000000
aniFrame
  m_time 1.546000
  m_vertexTransformMat 0.994446 0.018581 0.103597 0.000000 -0.016802 0.999697 -0.018024 0.000000 -0.103901 0.016183 0.994456 0.000000 0.404548 -1.766644 -1.140470 1.000000
aniFrame
  m_time 1.585000
  m_vertexTransformMat 0.992795 0.028590 0.116362 0.000000 -0.028184 0.999590 -0.005134 0.000000 -0.116461 0.001817 0.993194 0.000000 0.708718 -1.766442 -1.418797 1.000000
aniFrame
  m_time 1.624000
  m_vertexTransformMat 0.992899 0.035906 0.113413 0.000000 -0.036287 0.999341 0.001303 0.000000 -0.113291 -0.005409 0.993547 0.000000 1.004792 -1.734671 -1.692895 1.000000
aniFrame
  m_time 1.663000
  m_vertexTransformMat 0.994618 0.041733 0.094829 0.000000 -0.042431 0.999085 0.005354 0.000000 -0.094518 -0.009349 0.995480 0.000000 1.330283 -1.656431 -2.047043 1.000000
aniFrame
  m_time 1.702000
  m_vertexTransformMat 0.996503 0.046479 0.069431 0.000000 -0.047235 0.998841 0.009287 0.000000 -0.068919 -0.012534 0.997544 0.000000 1.568731 -1.539329 -2.353026 1.000000
aniFrame
  m_time 1.741000
  m_vertexTransformMat 0.997696 0.049972 0.045896 0.000000 -0.050653 0.998621 0.013792 0.000000 -0.045144 -0.016085 0.998851 0.000000 1.589762 -1.399794 -2.441864 1.000000
aniFrame
  m_time 1.780000
  m_vertexTransformMat 0.998228 0.052447 0.028110 0.000000 -0.052836 0.998515 0.013268 0.000000 -0.027372 -0.014730 0.999517 0.000000 1.468970 -1.273879 -2.292182 1.000000
aniFrame
  m_time 1.819000
  m_vertexTransformMat 0.998465 0.052706 0.017062 0.000000 -0.052772 0.998600 0.003489 0.000000 -0.016854 -0.004384 0.999848 0.000000 1.346892 -1.210663 -1.988828 1.000000
aniFrame
  m_time 1.858000
  m_vertexTransformMat 0.998735 0.049140 0.010660 0.000000 -0.049038 0.998751 -0.009637 0.000000 -0.011120 0.009102 0.999897 0.000000 1.237951 -1.242856 -1.602612 1.000000
aniFrame
  m_time 1.897000
  m_vertexTransformMat 0.999159 0.040349 0.007372 0.000000 -0.040174 0.998937 -0.022603 0.000000 -0.008276 0.022288 0.999718 0.000000 1.121790 -1.314150 -1.210892 1.000000
aniFrame
  m_time 1.936000
  m_vertexTransformMat 0.999611 0.027157 0.006297 0.000000 -0.026916 0.999003 -0.035616 0.000000 -0.007258 0.035433 0.999346 0.000000 0.993602 -1.402145 -0.875973 1.000000
aniFrame
  m_time 1.975000
  m_vertexTransformMat 0.999906 0.011892 0.006896 0.000000 -0.011540 0.998730 -0.049031 0.000000 -0.007470 0.048946 0.998773 0.000000 0.853109 -1.504137 -0.661301 1.000000
aniFrame
  m_time 2.014000
  m_vertexTransformMat 0.999958 -0.003404 0.008484 0.000000 0.003931 0.998010 -0.062938 0.000000 -0.008253 0.062968 0.997981 0.000000 0.651752 -1.617126 -0.617953 1.000000
aniFrame
  m_time 2.053000
  m_vertexTransformMat 0.999762 -0.019065 0.010620 0.000000 0.019824 0.996862 -0.076636 0.000000 -0.009125 0.076828 0.997003 0.000000 0.376364 -1.725881 -0.706429 1.000000
aniFrame
  m_time 2.092000
  m_vertexTransformMat 0.999291 -0.035333 0.013015 0.000000 0.036359 0.995318 -0.089554 0.000000 -0.009790 0.089964 0.995897 0.000000 0.060488 -1.815791 -0.852916 1.000000
aniFrame
  m_time 2.131000
  m_vertexTransformMat 0.998576 -0.051462 0.014102 0.000000 0.052628 0.993474 -0.101186 0.000000 -0.008803 0.101784 0.994768 0.000000 -0.242303 -1.884191 -0.981387 1.000000
aniFrame
  m_time 2.133000
  m_vertexTransformMat 0.998534 -0.052271 0.014057 0.000000 0.053438 0.993317 -0.102304 0.000000 -0.008616 0.102905 0.994654 0.000000 -0.255778 -1.878408 -0.986350 1.000000
