m_aniFrameList.size 202
aniFrame
  m_time -1.066000
  m_vertexTransformMat 0.983925 -0.027924 0.176387 0.000000 -0.021929 0.961333 0.274513 0.000000 -0.177232 -0.273968 0.945267 0.000000 -0.016930 -0.724488 -2.484096 1.000000
aniFrame
  m_time -1.050000
  m_vertexTransformMat 0.984711 0.008308 0.173998 0.000000 -0.055611 0.961587 0.268809 0.000000 -0.165081 -0.274375 0.947348 0.000000 0.098248 -0.672626 -2.553508 1.000000
aniFrame
  m_time -1.034000
  m_vertexTransformMat 0.984224 0.045167 0.171064 0.000000 -0.089721 0.960740 0.262544 0.000000 -0.152490 -0.273751 0.949636 0.000000 0.217514 -0.603942 -2.624748 1.000000
aniFrame
  m_time -1.018000
  m_vertexTransformMat 0.982269 0.084264 0.167475 0.000000 -0.125784 0.958614 0.255418 0.000000 -0.139022 -0.271955 0.952215 0.000000 0.339655 -0.529452 -2.704158 1.000000
aniFrame
  m_time -1.002000
  m_vertexTransformMat 0.978768 0.123116 0.163879 0.000000 -0.161673 0.955173 0.248005 0.000000 -0.126000 -0.269234 0.954797 0.000000 0.463344 -0.444440 -2.782423 1.000000
aniFrame
  m_time -0.986000
  m_vertexTransformMat 0.973972 0.158895 0.161652 0.000000 -0.195074 0.950773 0.240785 0.000000 -0.115435 -0.266051 0.957022 0.000000 0.586096 -0.353948 -2.846016 1.000000
aniFrame
  m_time -0.970000
  m_vertexTransformMat 0.968299 0.190947 0.161049 0.000000 -0.225425 0.945729 0.234053 0.000000 -0.107617 -0.262938 0.958793 0.000000 0.706811 -0.260799 -2.892831 1.000000
aniFrame
  m_time -0.954000
  m_vertexTransformMat 0.962607 0.216051 0.163428 0.000000 -0.249996 0.940849 0.228704 0.000000 -0.104349 -0.261009 0.959680 0.000000 0.825685 -0.168304 -2.907229 1.000000
aniFrame
  m_time -0.938000
  m_vertexTransformMat 0.957296 0.234316 0.169353 0.000000 -0.268985 0.936584 0.224630 0.000000 -0.105979 -0.260591 0.959615 0.000000 0.939607 -0.082783 -2.890821 1.000000
aniFrame
  m_time -0.922000
  m_vertexTransformMat 0.953019 0.242285 0.181802 0.000000 -0.279879 0.933878 0.222576 0.000000 -0.115854 -0.263002 0.957815 0.000000 1.036708 -0.006447 -2.839180 1.000000
aniFrame
  m_time -0.906000
  m_vertexTransformMat 0.949691 0.240943 0.200084 0.000000 -0.283526 0.932808 0.222451 0.000000 -0.133042 -0.267988 0.954192 0.000000 1.118072 0.055610 -2.754744 1.000000
aniFrame
  m_time -0.890000
  m_vertexTransformMat 0.946827 0.233170 0.221699 0.000000 -0.282086 0.933006 0.223444 0.000000 -0.154746 -0.274101 0.949170 0.000000 1.176144 0.107153 -2.652893 1.000000
aniFrame
  m_time -0.874000
  m_vertexTransformMat 0.944123 0.218729 0.246555 0.000000 -0.275495 0.934348 0.226046 0.000000 -0.180926 -0.281340 0.942398 0.000000 1.211800 0.146375 -2.534350 1.000000
aniFrame
  m_time -0.858000
  m_vertexTransformMat 0.941436 0.202757 0.269423 0.000000 -0.267214 0.935944 0.229362 0.000000 -0.205660 -0.287923 0.935310 0.000000 1.233176 0.173324 -2.408058 1.000000
aniFrame
  m_time -0.842000
  m_vertexTransformMat 0.938791 0.184960 0.290622 0.000000 -0.257037 0.937774 0.233476 0.000000 -0.229354 -0.293886 0.927916 0.000000 1.239509 0.188895 -2.273843 1.000000
aniFrame
  m_time -0.826000
  m_vertexTransformMat 0.936804 0.170420 0.305541 0.000000 -0.248325 0.939088 0.237586 0.000000 -0.246441 -0.298445 0.922062 0.000000 1.242703 0.190098 -2.141037 1.000000
aniFrame
  m_time -0.810000
  m_vertexTransformMat 0.935794 0.159612 0.314346 0.000000 -0.241353 0.939982 0.241211 0.000000 -0.256980 -0.301592 0.918153 0.000000 1.244040 0.177780 -2.006893 1.000000
aniFrame
  m_time -0.794000
  m_vertexTransformMat 0.936764 0.152783 0.314852 0.000000 -0.235675 0.940491 0.244815 0.000000 -0.258712 -0.303536 0.917025 0.000000 1.236038 0.152943 -1.888898 1.000000
aniFrame
  m_time -0.778000
  m_vertexTransformMat 0.939980 0.150702 0.306147 0.000000 -0.231585 0.940673 0.247997 0.000000 -0.250610 -0.304011 0.919115 0.000000 1.219192 0.118307 -1.786127 1.000000
aniFrame
  m_time -0.762000
  m_vertexTransformMat 0.944590 0.150221 0.291861 0.000000 -0.227359 0.940737 0.251637 0.000000 -0.236764 -0.304051 0.922765 0.000000 1.186667 0.072262 -1.713041 1.000000
aniFrame
  m_time -0.746000
  m_vertexTransformMat 0.950431 0.150745 0.271952 0.000000 -0.222364 0.940862 0.255602 0.000000 -0.217338 -0.303404 0.927745 0.000000 1.135119 0.020636 -1.673895 1.000000
aniFrame
  m_time -0.730000
  m_vertexTransformMat 0.956360 0.152474 0.249254 0.000000 -0.217720 0.940780 0.259868 0.000000 -0.194870 -0.302795 0.932921 0.000000 1.077283 -0.040665 -1.663588 1.000000
aniFrame
  m_time -0.714000
  m_vertexTransformMat 0.962096 0.155675 0.223912 0.000000 -0.213589 0.940646 0.263754 0.000000 -0.169562 -0.301581 0.938242 0.000000 1.018679 -0.098451 -1.684843 1.000000
aniFrame
  m_time -0.698000
  m_vertexTransformMat 0.966910 0.160101 0.198629 0.000000 -0.210685 0.940156 0.267804 0.000000 -0.143867 -0.300790 0.942777 0.000000 0.967663 -0.163459 -1.725068 1.000000
aniFrame
  m_time -0.682000
  m_vertexTransformMat 0.970590 0.165751 0.174592 0.000000 -0.209217 0.939534 0.271116 0.000000 -0.119098 -0.299670 0.946580 0.000000 0.933037 -0.220957 -1.778419 1.000000
aniFrame
  m_time -0.666000
  m_vertexTransformMat 0.973031 0.173439 0.152087 0.000000 -0.210160 0.938342 0.274495 0.000000 -0.095101 -0.299055 0.949485 0.000000 0.921448 -0.274311 -1.845106 1.000000
aniFrame
  m_time -0.650000
  m_vertexTransformMat 0.973856 0.184011 0.133205 0.000000 -0.214929 0.936219 0.278029 0.000000 -0.073549 -0.299390 0.951292 0.000000 0.930553 -0.319187 -1.922242 1.000000
aniFrame
  m_time -0.634000
  m_vertexTransformMat 0.973601 0.197118 0.115091 0.000000 -0.222267 0.933469 0.281485 0.000000 -0.051948 -0.299635 0.952639 0.000000 0.970782 -0.343798 -2.011036 1.000000
aniFrame
  m_time -0.618000
  m_vertexTransformMat 0.972223 0.212644 0.097804 0.000000 -0.232118 0.929638 0.286173 0.000000 -0.030069 -0.300926 0.953174 0.000000 1.021722 -0.366511 -2.109660 1.000000
aniFrame
  m_time -0.602000
  m_vertexTransformMat 0.969908 0.229649 0.080868 0.000000 -0.243337 0.925379 0.290623 0.000000 -0.008092 -0.301556 0.953414 0.000000 1.077887 -0.366752 -2.214559 1.000000
aniFrame
  m_time -0.586000
  m_vertexTransformMat 0.967137 0.246456 0.062500 0.000000 -0.253791 0.920850 0.296018 0.000000 0.015403 -0.302152 0.953135 0.000000 1.146448 -0.367320 -2.324041 1.000000
aniFrame
  m_time -0.570000
  m_vertexTransformMat 0.963887 0.262634 0.044106 0.000000 -0.263486 0.916426 0.301227 0.000000 0.038693 -0.301970 0.952532 0.000000 1.196897 -0.358402 -2.433058 1.000000
aniFrame
  m_time -0.554000
  m_vertexTransformMat 0.960833 0.276137 0.023408 0.000000 -0.269843 0.912995 0.305984 0.000000 0.063122 -0.300316 0.951749 0.000000 1.240851 -0.342063 -2.533762 1.000000
aniFrame
  m_time -0.538000
  m_vertexTransformMat 0.957854 0.287256 0.000477 0.000000 -0.273122 0.910207 0.311334 0.000000 0.088998 -0.298342 0.950301 0.000000 1.271691 -0.334946 -2.632480 1.000000
aniFrame
  m_time -0.522000
  m_vertexTransformMat 0.954933 0.295371 -0.029317 0.000000 -0.271381 0.908823 0.316850 0.000000 0.120232 -0.294614 0.948023 0.000000 1.290427 -0.316903 -2.747171 1.000000
aniFrame
  m_time -0.506000
  m_vertexTransformMat 0.951500 0.300737 -0.064846 0.000000 -0.265092 0.908423 0.323257 0.000000 0.156123 -0.290389 0.944087 0.000000 1.298988 -0.303605 -2.875089 1.000000
aniFrame
  m_time -0.490000
  m_vertexTransformMat 0.946608 0.304821 -0.104965 0.000000 -0.255917 0.908499 0.330357 0.000000 0.196060 -0.285857 0.938001 0.000000 1.302829 -0.277934 -3.021164 1.000000
aniFrame
  m_time -0.474000
  m_vertexTransformMat 0.939768 0.307539 -0.149184 0.000000 -0.243717 0.908896 0.338394 0.000000 0.239662 -0.281653 0.929104 0.000000 1.301856 -0.247780 -3.183158 1.000000
aniFrame
  m_time -0.458000
  m_vertexTransformMat 0.931618 0.309262 -0.190905 0.000000 -0.230973 0.909363 0.345994 0.000000 0.280604 -0.278240 0.918610 0.000000 1.292074 -0.205293 -3.330016 1.000000
aniFrame
  m_time -0.442000
  m_vertexTransformMat 0.922356 0.310199 -0.230294 0.000000 -0.217616 0.909681 0.353730 0.000000 0.319221 -0.276149 0.906554 0.000000 1.275155 -0.158101 -3.464993 1.000000
aniFrame
  m_time -0.426000
  m_vertexTransformMat 0.913940 0.310611 -0.261217 0.000000 -0.206166 0.909724 0.360416 0.000000 0.349584 -0.275545 0.895470 0.000000 1.246704 -0.099254 -3.558820 1.000000
aniFrame
  m_time -0.410000
  m_vertexTransformMat 0.907157 0.310784 -0.283691 0.000000 -0.196857 0.909295 0.366647 0.000000 0.371907 -0.276760 0.886053 0.000000 1.205672 -0.034347 -3.612426 1.000000
aniFrame
  m_time -0.394000
  m_vertexTransformMat 0.903859 0.310048 -0.294803 0.000000 -0.190667 0.908773 0.371186 0.000000 0.382994 -0.279290 0.880519 0.000000 1.174896 0.036748 -3.623485 1.000000
aniFrame
  m_time -0.378000
  m_vertexTransformMat 0.904824 0.308444 -0.293524 0.000000 -0.188112 0.908027 0.374301 0.000000 0.381979 -0.283461 0.879626 0.000000 1.155806 0.110993 -3.588993 1.000000
aniFrame
  m_time -0.362000
  m_vertexTransformMat 0.909019 0.305267 -0.283720 0.000000 -0.187701 0.907714 0.375266 0.000000 0.372093 -0.287869 0.882428 0.000000 1.161860 0.182066 -3.527782 1.000000
aniFrame
  m_time -0.346000
  m_vertexTransformMat 0.916224 0.300237 -0.265316 0.000000 -0.189323 0.908011 0.373729 0.000000 0.353116 -0.292189 0.888783 0.000000 1.199829 0.249076 -3.441876 1.000000
aniFrame
  m_time -0.330000
  m_vertexTransformMat 0.924737 0.293898 -0.241837 0.000000 -0.191946 0.908795 0.370470 0.000000 0.328661 -0.296168 0.896809 0.000000 1.254465 0.301260 -3.334797 1.000000
aniFrame
  m_time -0.314000
  m_vertexTransformMat 0.933969 0.286275 -0.213888 0.000000 -0.195323 0.910168 0.365299 0.000000 0.299250 -0.299401 0.905985 0.000000 1.325531 0.337301 -3.205911 1.000000
aniFrame
  m_time -0.298000
  m_vertexTransformMat 0.942637 0.278026 -0.184763 0.000000 -0.198524 0.911862 0.359300 0.000000 0.268373 -0.302010 0.914750 0.000000 1.396190 0.351486 -3.062981 1.000000
aniFrame
  m_time -0.282000
  m_vertexTransformMat 0.950131 0.269323 -0.157218 0.000000 -0.200631 0.913860 0.352999 0.000000 0.238746 -0.303853 0.922320 0.000000 1.455404 0.340132 -2.909526 1.000000
aniFrame
  m_time -0.266000
  m_vertexTransformMat 0.956669 0.260616 -0.129861 0.000000 -0.202506 0.915966 0.346407 0.000000 0.209227 -0.305100 0.929052 0.000000 1.507467 0.310714 -2.751765 1.000000
aniFrame
  m_time -0.250000
  m_vertexTransformMat 0.962133 0.252411 -0.102902 0.000000 -0.204529 0.918064 0.339597 0.000000 0.180189 -0.305691 0.934925 0.000000 1.549814 0.269205 -2.594539 1.000000
aniFrame
  m_time -0.234000
  m_vertexTransformMat 0.966756 0.244362 -0.075301 0.000000 -0.206693 0.920183 0.332479 0.000000 0.150536 -0.305862 0.940100 0.000000 1.588173 0.216057 -2.441342 1.000000
aniFrame
  m_time -0.218000
  m_vertexTransformMat 0.970605 0.236425 -0.045059 0.000000 -0.209567 0.922254 0.324852 0.000000 0.118359 -0.305860 0.944691 0.000000 1.630907 0.155696 -2.296846 1.000000
aniFrame
  m_time -0.202000
  m_vertexTransformMat 0.973521 0.228170 -0.013982 0.000000 -0.212112 0.924429 0.316922 0.000000 0.085237 -0.305565 0.948349 0.000000 1.670125 0.086502 -2.163961 1.000000
aniFrame
  m_time -0.186000
  m_vertexTransformMat 0.975600 0.218949 0.016295 0.000000 -0.213177 0.926888 0.308924 0.000000 0.052535 -0.304860 0.950947 0.000000 1.698258 0.011512 -2.050562 1.000000
aniFrame
  m_time -0.170000
  m_vertexTransformMat 0.976961 0.208535 0.045395 0.000000 -0.212426 0.929673 0.300972 0.000000 0.020560 -0.303681 0.952552 0.000000 1.710060 -0.068396 -1.958715 1.000000
aniFrame
  m_time -0.154000
  m_vertexTransformMat 0.977908 0.196592 0.071048 0.000000 -0.208864 0.932748 0.293868 0.000000 -0.008498 -0.302215 0.953202 0.000000 1.696282 -0.156604 -1.900035 1.000000
aniFrame
  m_time -0.138000
  m_vertexTransformMat 0.978769 0.182242 0.093813 0.000000 -0.201864 0.936431 0.286964 0.000000 -0.035553 -0.299809 0.953337 0.000000 1.645407 -0.239742 -1.872172 1.000000
aniFrame
  m_time -0.122000
  m_vertexTransformMat 0.980479 0.161435 0.112256 0.000000 -0.187250 0.940806 0.282529 0.000000 -0.060001 -0.298033 0.952668 0.000000 1.535261 -0.338429 -1.878739 1.000000
aniFrame
  m_time -0.106000
  m_vertexTransformMat 0.982648 0.135016 0.127175 0.000000 -0.166062 0.945831 0.278975 0.000000 -0.082620 -0.295254 0.951840 0.000000 1.362861 -0.422890 -1.917935 1.000000
aniFrame
  m_time -0.090000
  m_vertexTransformMat 0.984651 0.103945 0.140210 0.000000 -0.139854 0.950491 0.277502 0.000000 -0.104424 -0.292852 0.950439 0.000000 1.139124 -0.511655 -1.980520 1.000000
aniFrame
  m_time -0.074000
  m_vertexTransformMat 0.986319 0.068683 0.149860 0.000000 -0.108611 0.954620 0.277318 0.000000 -0.124013 -0.289800 0.949019 0.000000 0.886265 -0.584214 -2.066790 1.000000
aniFrame
  m_time -0.058000
  m_vertexTransformMat 0.986642 0.036010 0.158875 0.000000 -0.079610 0.957457 0.277379 0.000000 -0.142128 -0.286321 0.947534 0.000000 0.619938 -0.639920 -2.160718 1.000000
aniFrame
  m_time -0.042000
  m_vertexTransformMat 0.986290 0.005719 0.164923 0.000000 -0.052069 0.959130 0.278133 0.000000 -0.156592 -0.282908 0.946278 0.000000 0.375141 -0.687857 -2.262401 1.000000
aniFrame
  m_time -0.026000
  m_vertexTransformMat 0.985297 -0.015324 0.170160 0.000000 -0.032961 0.960209 0.277330 0.000000 -0.167639 -0.278861 0.945586 0.000000 0.179782 -0.705108 -2.353885 1.000000
aniFrame
  m_time -0.010000
  m_vertexTransformMat 0.984260 -0.027576 0.174563 0.000000 -0.022101 0.960791 0.276390 0.000000 -0.175340 -0.275898 0.945059 0.000000 0.036977 -0.724099 -2.433559 1.000000
aniFrame
  m_time 0.005000
  m_vertexTransformMat 0.983909 -0.024995 0.176916 0.000000 -0.024668 0.961682 0.273057 0.000000 -0.176962 -0.273027 0.945591 0.000000 -0.029152 -0.719737 -2.509032 1.000000
aniFrame
  m_time 0.021000
  m_vertexTransformMat 0.984184 -0.005969 0.177049 0.000000 -0.042377 0.962483 0.268015 0.000000 -0.172007 -0.271279 0.947007 0.000000 -0.013982 -0.705318 -2.581778 1.000000
aniFrame
  m_time 0.037000
  m_vertexTransformMat 0.984230 0.023644 0.175308 0.000000 -0.069652 0.962770 0.261196 0.000000 -0.162606 -0.269287 0.949234 0.000000 0.052955 -0.672180 -2.654572 1.000000
aniFrame
  m_time 0.053000
  m_vertexTransformMat 0.983177 0.064272 0.170973 0.000000 -0.106865 0.961529 0.253067 0.000000 -0.148131 -0.267081 0.952221 0.000000 0.168200 -0.618360 -2.735191 1.000000
aniFrame
  m_time 0.069000
  m_vertexTransformMat 0.980135 0.107533 0.166649 0.000000 -0.146759 0.958426 0.244709 0.000000 -0.133407 -0.264305 0.955168 0.000000 0.309409 -0.544120 -2.805487 1.000000
aniFrame
  m_time 0.085000
  m_vertexTransformMat 0.974901 0.151857 0.162812 0.000000 -0.187923 0.953408 0.236006 0.000000 -0.119387 -0.260679 0.958016 0.000000 0.471020 -0.452791 -2.860706 1.000000
aniFrame
  m_time 0.101000
  m_vertexTransformMat 0.968327 0.190517 0.161388 0.000000 -0.224505 0.947223 0.228837 0.000000 -0.109273 -0.257821 0.959994 0.000000 0.632584 -0.350343 -2.893996 1.000000
aniFrame
  m_time 0.117000
  m_vertexTransformMat 0.961723 0.219842 0.163582 0.000000 -0.253180 0.941242 0.223524 0.000000 -0.104830 -0.256384 0.960874 0.000000 0.785343 -0.245436 -2.895859 1.000000
aniFrame
  m_time 0.133000
  m_vertexTransformMat 0.955879 0.238920 0.170920 0.000000 -0.273423 0.936330 0.220287 0.000000 -0.107406 -0.257301 0.960344 0.000000 0.920792 -0.145657 -2.868043 1.000000
aniFrame
  m_time 0.149000
  m_vertexTransformMat 0.951784 0.243856 0.186123 0.000000 -0.282265 0.933764 0.220028 0.000000 -0.120139 -0.261955 0.957573 0.000000 1.026780 -0.058131 -2.806129 1.000000
aniFrame
  m_time 0.165000
  m_vertexTransformMat 0.948755 0.239419 0.206261 0.000000 -0.283602 0.933008 0.221510 0.000000 -0.139410 -0.268654 0.953095 0.000000 1.109876 0.016745 -2.718342 1.000000
aniFrame
  m_time 0.181000
  m_vertexTransformMat 0.945953 0.228949 0.229684 0.000000 -0.280255 0.933490 0.223726 0.000000 -0.163186 -0.276004 0.947202 0.000000 1.170405 0.082521 -2.612585 1.000000
aniFrame
  m_time 0.197000
  m_vertexTransformMat 0.943222 0.213499 0.254460 0.000000 -0.272865 0.934875 0.227056 0.000000 -0.189412 -0.283598 0.940051 0.000000 1.210430 0.135057 -2.492352 1.000000
aniFrame
  m_time 0.213000
  m_vertexTransformMat 0.940530 0.196807 0.276895 0.000000 -0.263904 0.936543 0.230742 0.000000 -0.213912 -0.290094 0.932785 0.000000 1.232521 0.170550 -2.363693 1.000000
aniFrame
  m_time 0.229000
  m_vertexTransformMat 0.938020 0.179521 0.296465 0.000000 -0.253819 0.938292 0.234914 0.000000 -0.235999 -0.295602 0.925702 0.000000 1.239757 0.189707 -2.229285 1.000000
aniFrame
  m_time 0.245000
  m_vertexTransformMat 0.936322 0.166435 0.309193 0.000000 -0.245853 0.939424 0.238828 0.000000 -0.250714 -0.299636 0.920522 0.000000 1.244433 0.188847 -2.095886 1.000000
aniFrame
  m_time 0.261000
  m_vertexTransformMat 0.935843 0.156830 0.315598 0.000000 -0.239307 0.940197 0.242408 0.000000 -0.258707 -0.302380 0.917408 0.000000 1.242748 0.171015 -1.965001 1.000000
aniFrame
  m_time 0.277000
  m_vertexTransformMat 0.937626 0.151674 0.312815 0.000000 -0.234191 0.940578 0.245901 0.000000 -0.256930 -0.303822 0.917431 0.000000 1.231573 0.142545 -1.852676 1.000000
aniFrame
  m_time 0.293000
  m_vertexTransformMat 0.941399 0.150538 0.301837 0.000000 -0.230296 0.940696 0.249107 0.000000 -0.246437 -0.304021 0.920239 0.000000 1.210563 0.104215 -1.757470 1.000000
aniFrame
  m_time 0.309000
  m_vertexTransformMat 0.946433 0.150235 0.285820 0.000000 -0.225726 0.940780 0.252944 0.000000 -0.230892 -0.303912 0.924298 0.000000 1.171130 0.055710 -1.696647 1.000000
aniFrame
  m_time 0.325000
  m_vertexTransformMat 0.952464 0.151203 0.264482 0.000000 -0.220722 0.940873 0.256983 0.000000 -0.209987 -0.303144 0.929522 0.000000 1.115784 0.001432 -1.667319 1.000000
aniFrame
  m_time 0.341000
  m_vertexTransformMat 0.958297 0.153370 0.241131 0.000000 -0.216289 0.940736 0.261220 0.000000 -0.186777 -0.302480 0.934677 0.000000 1.057749 -0.060554 -1.667391 1.000000
aniFrame
  m_time 0.357000
  m_vertexTransformMat 0.963858 0.157036 0.215216 0.000000 -0.212418 0.940551 0.265035 0.000000 -0.160802 -0.301172 0.939914 0.000000 1.000157 -0.118372 -1.697054 1.000000
aniFrame
  m_time 0.373000
  m_vertexTransformMat 0.968237 0.161816 0.190609 0.000000 -0.210055 0.939938 0.269062 0.000000 -0.135622 -0.300555 0.944073 0.000000 0.954025 -0.184961 -1.741045 1.000000
aniFrame
  m_time 0.389000
  m_vertexTransformMat 0.971570 0.168036 0.166779 0.000000 -0.209158 0.939260 0.272109 0.000000 -0.110925 -0.299256 0.947704 0.000000 0.926412 -0.237757 -1.799428 1.000000
aniFrame
  m_time 0.405000
  m_vertexTransformMat 0.973470 0.176635 0.145450 0.000000 -0.211353 0.937687 0.275816 0.000000 -0.087668 -0.299240 0.950142 0.000000 0.922097 -0.292805 -1.869548 1.000000
aniFrame
  m_time 0.421000
  m_vertexTransformMat 0.973863 0.188141 0.127252 0.000000 -0.217174 0.935394 0.279061 0.000000 -0.066528 -0.299403 0.951805 0.000000 0.940131 -0.328124 -1.950561 1.000000
aniFrame
  m_time 0.437000
  m_vertexTransformMat 0.973312 0.201961 0.108974 0.000000 -0.225143 0.932310 0.283036 0.000000 -0.044436 -0.300017 0.952899 0.000000 0.989159 -0.353115 -2.042996 1.000000
aniFrame
  m_time 0.453000
  m_vertexTransformMat 0.971503 0.218292 0.092365 0.000000 -0.235917 0.928221 0.287663 0.000000 -0.022941 -0.301256 0.953268 0.000000 1.038305 -0.368793 -2.144081 1.000000
aniFrame
  m_time 0.469000
  m_vertexTransformMat 0.969086 0.235178 0.074595 0.000000 -0.246725 0.923957 0.292286 0.000000 -0.000183 -0.301654 0.953418 0.000000 1.102242 -0.365845 -2.250526 1.000000
aniFrame
  m_time 0.485000
  m_vertexTransformMat 0.966059 0.252054 0.056557 0.000000 -0.257287 0.919282 0.297867 0.000000 0.023087 -0.302308 0.952931 0.000000 1.164927 -0.366673 -2.360836 1.000000
aniFrame
  m_time 0.501000
  m_vertexTransformMat 0.962863 0.267408 0.037259 0.000000 -0.265894 0.915230 0.302744 0.000000 0.046856 -0.301408 0.952344 0.000000 1.212476 -0.351038 -2.468053 1.000000
aniFrame
  m_time 0.517000
  m_vertexTransformMat 0.959826 0.280126 0.016263 0.000000 -0.271368 0.911955 0.307730 0.000000 0.071372 -0.299780 0.951335 0.000000 1.252679 -0.340047 -2.565771 1.000000
aniFrame
  m_time 0.533000
  m_vertexTransformMat 0.956882 0.290348 -0.008620 0.000000 -0.273175 0.909581 0.313110 0.000000 0.098751 -0.297254 0.949678 0.000000 1.279235 -0.328955 -2.668907 1.000000
aniFrame
  m_time 0.549000
  m_vertexTransformMat 0.953894 0.297379 -0.040640 0.000000 -0.269676 0.908614 0.318899 0.000000 0.131760 -0.293236 0.946918 0.000000 1.294169 -0.312729 -2.788318 1.000000
aniFrame
  m_time 0.565000
  m_vertexTransformMat 0.950075 0.302222 -0.077582 0.000000 -0.262386 0.908405 0.325507 0.000000 0.168851 -0.288900 0.942352 0.000000 1.300523 -0.296376 -2.920912 1.000000
aniFrame
  m_time 0.581000
  m_vertexTransformMat 0.944532 0.305866 -0.119609 0.000000 -0.252062 0.908608 0.333012 0.000000 0.210535 -0.284391 0.935306 0.000000 1.303325 -0.268742 -3.075160 1.000000
aniFrame
  m_time 0.597000
  m_vertexTransformMat 0.937169 0.308207 -0.163469 0.000000 -0.239485 0.909056 0.340976 0.000000 0.253693 -0.280404 0.925751 0.000000 1.299543 -0.234920 -3.234147 1.000000
aniFrame
  m_time 0.613000
  m_vertexTransformMat 0.928587 0.309650 -0.204555 0.000000 -0.226489 0.909492 0.348608 0.000000 0.293988 -0.277383 0.914675 0.000000 1.287359 -0.190299 -3.377527 1.000000
aniFrame
  m_time 0.629000
  m_vertexTransformMat 0.919357 0.310375 -0.241766 0.000000 -0.213482 0.909736 0.356100 0.000000 0.330468 -0.275770 0.902631 0.000000 1.267347 -0.140004 -3.502008 1.000000
aniFrame
  m_time 0.645000
  m_vertexTransformMat 0.911433 0.310718 -0.269712 0.000000 -0.202806 0.909620 0.362578 0.000000 0.357995 -0.275766 0.892072 0.000000 1.233432 -0.078128 -3.580952 1.000000
aniFrame
  m_time 0.661000
  m_vertexTransformMat 0.905564 0.310672 -0.288856 0.000000 -0.194375 0.909116 0.368411 0.000000 0.377059 -0.277473 0.883649 0.000000 1.193295 -0.011448 -3.621271 1.000000
aniFrame
  m_time 0.677000
  m_vertexTransformMat 0.903751 0.309625 -0.295580 0.000000 -0.189473 0.908533 0.372381 0.000000 0.383843 -0.280535 0.879753 0.000000 1.166990 0.061510 -3.616297 1.000000
aniFrame
  m_time 0.693000
  m_vertexTransformMat 0.905914 0.307606 -0.291028 0.000000 -0.187811 0.907831 0.374926 0.000000 0.379534 -0.284992 0.880189 0.000000 1.154057 0.135252 -3.570604 1.000000
aniFrame
  m_time 0.709000
  m_vertexTransformMat 0.911133 0.303770 -0.278496 0.000000 -0.188026 0.907760 0.374992 0.000000 0.366719 -0.289303 0.884207 0.000000 1.171616 0.205190 -3.502071 1.000000
aniFrame
  m_time 0.725000
  m_vertexTransformMat 0.919020 0.298242 -0.257788 0.000000 -0.190165 0.908217 0.372800 0.000000 0.345312 -0.293588 0.891384 0.000000 1.216964 0.268739 -3.408094 1.000000
aniFrame
  m_time 0.741000
  m_vertexTransformMat 0.927752 0.291493 -0.233040 0.000000 -0.192985 0.909192 0.368955 0.000000 0.319426 -0.297326 0.899758 0.000000 1.276417 0.314977 -3.294314 1.000000
aniFrame
  m_time 0.757000
  m_vertexTransformMat 0.937010 0.283544 -0.203997 0.000000 -0.196494 0.910717 0.363298 0.000000 0.288794 -0.300330 0.909066 0.000000 1.350530 0.345013 -3.159072 1.000000
aniFrame
  m_time 0.773000
  m_vertexTransformMat 0.945232 0.275193 -0.175515 0.000000 -0.199318 0.912485 0.357274 0.000000 0.258474 -0.302723 0.917361 0.000000 1.416692 0.350152 -3.013227 1.000000
aniFrame
  m_time 0.789000
  m_vertexTransformMat 0.952424 0.266367 -0.148114 0.000000 -0.201228 0.914574 0.350802 0.000000 0.228904 -0.304308 0.924662 0.000000 1.473572 0.331976 -2.856692 1.000000
aniFrame
  m_time 0.805000
  m_vertexTransformMat 0.958606 0.257851 -0.120785 0.000000 -0.203196 0.916647 0.344195 0.000000 0.199468 -0.305404 0.931097 0.000000 1.522777 0.298105 -2.699687 1.000000
aniFrame
  m_time 0.821000
  m_vertexTransformMat 0.963754 0.249722 -0.093902 0.000000 -0.205210 0.918781 0.337240 0.000000 0.170492 -0.305747 0.936724 0.000000 1.562439 0.252820 -2.542413 1.000000
aniFrame
  m_time 0.837000
  m_vertexTransformMat 0.968140 0.241690 -0.065511 0.000000 -0.207554 0.920863 0.330051 0.000000 0.140097 -0.305939 0.941687 0.000000 1.602069 0.196136 -2.392728 1.000000
aniFrame
  m_time 0.853000
  m_vertexTransformMat 0.971677 0.233762 -0.034633 0.000000 -0.210560 0.922967 0.322177 0.000000 0.107278 -0.305760 0.946046 0.000000 1.644969 0.134165 -2.250539 1.000000
aniFrame
  m_time 0.869000
  m_vertexTransformMat 0.974311 0.225172 -0.003932 0.000000 -0.212552 0.925194 0.314387 0.000000 0.074429 -0.305475 0.949287 0.000000 1.680498 0.060443 -2.124558 1.000000
aniFrame
  m_time 0.885000
  m_vertexTransformMat 0.976113 0.215666 0.026288 0.000000 -0.213235 0.927794 0.306151 0.000000 0.041637 -0.304443 0.951620 0.000000 1.704730 -0.013275 -2.016796 1.000000
aniFrame
  m_time 0.901000
  m_vertexTransformMat 0.977340 0.204601 0.054261 0.000000 -0.211407 0.930636 0.298703 0.000000 0.010618 -0.303406 0.952802 0.000000 1.707903 -0.099841 -1.935600 1.000000
aniFrame
  m_time 0.917000
  m_vertexTransformMat 0.978151 0.192303 0.079004 0.000000 -0.207140 0.933909 0.291390 0.000000 -0.017747 -0.301388 0.953337 0.000000 1.684964 -0.183038 -1.887278 1.000000
aniFrame
  m_time 0.933000
  m_vertexTransformMat 0.979226 0.176093 0.100540 0.000000 -0.197931 0.937784 0.285281 0.000000 -0.044049 -0.299254 0.953156 0.000000 1.615314 -0.272780 -1.870108 1.000000
aniFrame
  m_time 0.949000
  m_vertexTransformMat 0.981199 0.153148 0.117450 0.000000 -0.180765 0.942460 0.281236 0.000000 -0.067621 -0.297179 0.952424 0.000000 1.484953 -0.367781 -1.888859 1.000000
aniFrame
  m_time 0.965000
  m_vertexTransformMat 0.983314 0.125313 0.131876 0.000000 -0.158046 0.947443 0.278161 0.000000 -0.090088 -0.294362 0.951438 0.000000 1.292328 -0.451234 -1.935918 1.000000
aniFrame
  m_time 0.981000
  m_vertexTransformMat 0.985317 0.092282 0.143646 0.000000 -0.129605 0.951962 0.277439 0.000000 -0.111143 -0.291982 0.949944 0.000000 1.057589 -0.539294 -2.007540 1.000000
aniFrame
  m_time 0.997000
  m_vertexTransformMat 0.986566 0.057416 0.152945 0.000000 -0.098597 0.955736 0.277214 0.000000 -0.130259 -0.288570 0.948557 0.000000 0.797814 -0.602465 -2.097438 1.000000
aniFrame
  m_time 1.013000
  m_vertexTransformMat 0.986596 0.025343 0.161204 0.000000 -0.069988 0.958113 0.277709 0.000000 -0.147413 -0.285268 0.947044 0.000000 0.533753 -0.658932 -2.194514 1.000000
aniFrame
  m_time 1.029000
  m_vertexTransformMat 0.986021 -0.002536 0.166600 0.000000 -0.044507 0.959543 0.278024 0.000000 -0.160565 -0.281553 0.946016 0.000000 0.304409 -0.695929 -2.294813 1.000000
aniFrame
  m_time 1.045000
  m_vertexTransformMat 0.984915 -0.020560 0.171816 0.000000 -0.028289 0.960427 0.277091 0.000000 -0.170714 -0.277772 0.945357 0.000000 0.125170 -0.711760 -2.381304 1.000000
aniFrame
  m_time 1.061000
  m_vertexTransformMat 0.984042 -0.028739 0.175599 0.000000 -0.021126 0.961021 0.275667 0.000000 -0.176676 -0.274978 0.945078 0.000000 0.005344 -0.726641 -2.458913 1.000000
aniFrame
  m_time 1.077000
  m_vertexTransformMat 0.983970 -0.020193 0.177190 0.000000 -0.029150 0.961995 0.271506 0.000000 -0.175939 -0.272318 0.945986 0.000000 -0.031883 -0.715419 -2.533536 1.000000
aniFrame
  m_time 1.093000
  m_vertexTransformMat 0.984265 0.002963 0.176674 0.000000 -0.050644 0.962643 0.265997 0.000000 -0.169285 -0.270759 0.947646 0.000000 0.004027 -0.697631 -2.605755 1.000000
aniFrame
  m_time 1.109000
  m_vertexTransformMat 0.984066 0.036138 0.174095 0.000000 -0.081089 0.962591 0.258542 0.000000 -0.158239 -0.268539 0.950183 0.000000 0.086302 -0.656149 -2.680948 1.000000
aniFrame
  m_time 1.125000
  m_vertexTransformMat 0.982387 0.078968 0.169350 0.000000 -0.120370 0.960656 0.250302 0.000000 -0.142922 -0.266278 0.953242 0.000000 0.214041 -0.596068 -2.761094 1.000000
aniFrame
  m_time 1.141000
  m_vertexTransformMat 0.978641 0.122159 0.165343 0.000000 -0.160307 0.956997 0.241783 0.000000 -0.128697 -0.263124 0.956140 0.000000 0.361003 -0.515241 -2.825198 1.000000
aniFrame
  m_time 1.157000
  m_vertexTransformMat 0.972754 0.165979 0.161869 0.000000 -0.201159 0.951359 0.233349 0.000000 -0.115265 -0.259552 0.958826 0.000000 0.526639 -0.419508 -2.875222 1.000000
aniFrame
  m_time 1.173000
  m_vertexTransformMat 0.966119 0.201110 0.161766 0.000000 -0.234748 0.945203 0.226902 0.000000 -0.107270 -0.257188 0.960389 0.000000 0.683878 -0.315236 -2.897837 1.000000
aniFrame
  m_time 1.189000
  m_vertexTransformMat 0.959627 0.227595 0.165280 0.000000 -0.261064 0.939409 0.222165 0.000000 -0.104702 -0.256344 0.960898 0.000000 0.833642 -0.211268 -2.889972 1.000000
aniFrame
  m_time 1.205000
  m_vertexTransformMat 0.954316 0.242091 0.175137 0.000000 -0.277592 0.935201 0.219870 0.000000 -0.110559 -0.258442 0.959679 0.000000 0.958866 -0.114844 -2.851335 1.000000
aniFrame
  m_time 1.221000
  m_vertexTransformMat 0.950720 0.243031 0.192529 0.000000 -0.283237 0.933372 0.220439 0.000000 -0.126127 -0.264107 0.956211 0.000000 1.056868 -0.031984 -2.778908 1.000000
aniFrame
  m_time 1.237000
  m_vertexTransformMat 0.947790 0.236890 0.213487 0.000000 -0.283213 0.932992 0.222075 0.000000 -0.146574 -0.270943 0.951371 0.000000 1.132776 0.039697 -2.685547 1.000000
aniFrame
  m_time 1.253000
  m_vertexTransformMat 0.945044 0.224010 0.238143 0.000000 -0.278010 0.933912 0.224763 0.000000 -0.172056 -0.278617 0.944865 0.000000 1.185655 0.101854 -2.573455 1.000000
aniFrame
  m_time 1.269000
  m_vertexTransformMat 0.942331 0.208334 0.261934 0.000000 -0.270228 0.935358 0.228216 0.000000 -0.197457 -0.285837 0.937714 0.000000 1.220301 0.148508 -2.450955 1.000000
aniFrame
  m_time 1.285000
  m_vertexTransformMat 0.939639 0.190797 0.284034 0.000000 -0.260456 0.937171 0.232105 0.000000 -0.221904 -0.292073 0.930296 0.000000 1.235812 0.178957 -2.318800 1.000000
aniFrame
  m_time 1.301000
  m_vertexTransformMat 0.937373 0.174743 0.301324 0.000000 -0.250951 0.938718 0.236289 0.000000 -0.241568 -0.297109 0.923781 0.000000 1.241592 0.191687 -2.185562 1.000000
aniFrame
  m_time 1.317000
  m_vertexTransformMat 0.935970 0.162822 0.312168 0.000000 -0.243531 0.939723 0.240028 0.000000 -0.254270 -0.300682 0.919205 0.000000 1.244857 0.184476 -2.050857 1.000000
aniFrame
  m_time 1.333000
  m_vertexTransformMat 0.936159 0.154508 0.315806 0.000000 -0.237389 0.940367 0.243632 0.000000 -0.259330 -0.303047 0.917012 0.000000 1.239851 0.162420 -1.925989 1.000000
aniFrame
  m_time 1.349000
  m_vertexTransformMat 0.938710 0.151031 0.309859 0.000000 -0.232855 0.940637 0.246945 0.000000 -0.254169 -0.303962 0.918154 0.000000 1.226080 0.131047 -1.818140 1.000000
aniFrame
  m_time 1.365000
  m_vertexTransformMat 0.942932 0.150388 0.297091 0.000000 -0.228904 0.940713 0.250324 0.000000 -0.241832 -0.304044 0.921453 0.000000 1.199836 0.088719 -1.733001 1.000000
aniFrame
  m_time 1.381000
  m_vertexTransformMat 0.948401 0.150417 0.279124 0.000000 -0.224047 0.940827 0.254260 0.000000 -0.224362 -0.303677 0.925982 0.000000 1.153761 0.038633 -1.683637 1.000000
aniFrame
  m_time 1.397000
  m_vertexTransformMat 0.954448 0.151777 0.256892 0.000000 -0.219166 0.940845 0.258412 0.000000 -0.202474 -0.302943 0.931252 0.000000 1.096371 -0.019154 -1.663838 1.000000
aniFrame
  m_time 1.413000
  m_vertexTransformMat 0.960227 0.154446 0.232617 0.000000 -0.214896 0.940699 0.262497 0.000000 -0.178281 -0.302045 0.936475 0.000000 1.038045 -0.079466 -1.674721 1.000000
aniFrame
  m_time 1.429000
  m_vertexTransformMat 0.965472 0.158514 0.206728 0.000000 -0.211434 0.940393 0.266380 0.000000 -0.152181 -0.300892 0.941438 0.000000 0.982996 -0.139939 -1.710664 1.000000
aniFrame
  m_time 1.445000
  m_vertexTransformMat 0.969472 0.163689 0.182568 0.000000 -0.209541 0.939746 0.270133 0.000000 -0.127349 -0.300141 0.945356 0.000000 0.942341 -0.203730 -1.758895 1.000000
aniFrame
  m_time 1.461000
  m_vertexTransformMat 0.972391 0.170585 0.159237 0.000000 -0.209445 0.938878 0.273205 0.000000 -0.102899 -0.299014 0.948685 0.000000 0.922588 -0.255201 -1.821725 1.000000
aniFrame
  m_time 1.477000
  m_vertexTransformMat 0.973734 0.180166 0.139219 0.000000 -0.212966 0.936980 0.276976 0.000000 -0.080544 -0.299349 0.950738 0.000000 0.924769 -0.307677 -1.895244 1.000000
aniFrame
  m_time 1.493000
  m_vertexTransformMat 0.973774 0.192523 0.121240 0.000000 -0.219638 0.934485 0.280173 0.000000 -0.059358 -0.299454 0.952263 0.000000 0.953677 -0.335768 -1.980186 1.000000
aniFrame
  m_time 1.509000
  m_vertexTransformMat 0.972840 0.207165 0.103274 0.000000 -0.228474 0.931015 0.284624 0.000000 -0.037185 -0.300489 0.953061 0.000000 1.005754 -0.361140 -2.075921 1.000000
aniFrame
  m_time 1.525000
  m_vertexTransformMat 0.970719 0.223999 0.086776 0.000000 -0.239709 0.926795 0.289122 0.000000 -0.015661 -0.301457 0.953352 0.000000 1.056666 -0.368437 -2.179073 1.000000
aniFrame
  m_time 1.541000
  m_vertexTransformMat 0.968158 0.240797 0.068469 0.000000 -0.250225 0.922431 0.294125 0.000000 0.007666 -0.301892 0.953312 0.000000 1.125531 -0.366580 -2.287144 1.000000
aniFrame
  m_time 1.557000
  m_vertexTransformMat 0.964963 0.257483 0.050484 0.000000 -0.260570 0.917790 0.299610 0.000000 0.030810 -0.302267 0.952726 0.000000 1.181439 -0.363784 -2.397248 1.000000
aniFrame
  m_time 1.573000
  m_vertexTransformMat 0.961849 0.271892 0.030341 0.000000 -0.267993 0.914096 0.304316 0.000000 0.055007 -0.300837 0.952088 0.000000 1.227408 -0.345378 -2.501485 1.000000
aniFrame
  m_time 1.589000
  m_vertexTransformMat 0.958832 0.283840 0.008693 0.000000 -0.272490 0.911013 0.309525 0.000000 0.079936 -0.299151 0.950852 0.000000 1.262914 -0.338131 -2.598388 1.000000
aniFrame
  m_time 1.605000
  m_vertexTransformMat 0.955915 0.293051 -0.018616 0.000000 -0.272577 0.909137 0.314917 0.000000 0.109212 -0.295959 0.948937 0.000000 1.285513 -0.322067 -2.707396 1.000000
aniFrame
  m_time 1.621000
  m_vertexTransformMat 0.952762 0.299145 -0.052508 0.000000 -0.267550 0.908487 0.321043 0.000000 0.143741 -0.291829 0.945608 0.000000 1.296950 -0.308650 -2.830927 1.000000
aniFrame
  m_time 1.637000
  m_vertexTransformMat 0.948455 0.303611 -0.090854 0.000000 -0.259394 0.908428 0.327832 0.000000 0.182067 -0.287366 0.940358 0.000000 1.301806 -0.287003 -2.969251 1.000000
aniFrame
  m_time 1.653000
  m_vertexTransformMat 0.942240 0.306765 -0.134458 0.000000 -0.247953 0.908744 0.335716 0.000000 0.225173 -0.282985 0.932318 0.000000 1.303065 -0.258872 -3.129666 1.000000
aniFrame
  m_time 1.669000
  m_vertexTransformMat 0.934488 0.308783 -0.177156 0.000000 -0.235324 0.909215 0.343440 0.000000 0.267121 -0.279251 0.922315 0.000000 1.296104 -0.220146 -3.281980 1.000000
aniFrame
  m_time 1.685000
  m_vertexTransformMat 0.925469 0.309960 -0.217789 0.000000 -0.221995 0.909599 0.351210 0.000000 0.306961 -0.276686 0.910615 0.000000 1.281775 -0.174720 -3.423011 1.000000
aniFrame
  m_time 1.701000
  m_vertexTransformMat 0.916582 0.310495 -0.251934 0.000000 -0.209711 0.909762 0.358267 0.000000 0.340440 -0.275547 0.898985 0.000000 1.258170 -0.120027 -3.532753 1.000000
aniFrame
  m_time 1.717000
  m_vertexTransformMat 0.909143 0.310787 -0.277257 0.000000 -0.199685 0.909470 0.364679 0.000000 0.365494 -0.276181 0.888898 0.000000 1.219402 -0.056531 -3.598904 1.000000
aniFrame
  m_time 1.733000
  m_vertexTransformMat 0.904451 0.310412 -0.292597 0.000000 -0.192294 0.908956 0.369896 0.000000 0.380778 -0.278288 0.881796 0.000000 1.183319 0.012296 -3.625182 1.000000
aniFrame
  m_time 1.749000
  m_vertexTransformMat 0.904087 0.309103 -0.295098 0.000000 -0.188644 0.908273 0.373436 0.000000 0.383460 -0.281950 0.879468 0.000000 1.160370 0.086337 -3.604508 1.000000
aniFrame
  m_time 1.765000
  m_vertexTransformMat 0.907308 0.306555 -0.287778 0.000000 -0.187671 0.907723 0.375258 0.000000 0.376260 -0.286467 0.881116 0.000000 1.155881 0.158896 -3.550181 1.000000
aniFrame
  m_time 1.781000
  m_vertexTransformMat 0.913563 0.302081 -0.272302 0.000000 -0.188588 0.907868 0.374447 0.000000 0.360328 -0.290728 0.886364 0.000000 1.184467 0.227873 -3.473240 1.000000
aniFrame
  m_time 1.797000
  m_vertexTransformMat 0.921870 0.296123 -0.249934 0.000000 -0.191049 0.908482 0.371699 0.000000 0.337130 -0.294909 0.894076 0.000000 1.235233 0.286307 -3.372302 1.000000
aniFrame
  m_time 1.813000
  m_vertexTransformMat 0.930866 0.288959 -0.223586 0.000000 -0.194137 0.909613 0.367309 0.000000 0.309514 -0.298510 0.902825 0.000000 1.300337 0.325699 -3.251455 1.000000
aniFrame
  m_time 1.829000
  m_vertexTransformMat 0.939939 0.280833 -0.194028 0.000000 -0.197589 0.911155 0.361602 0.000000 0.278340 -0.301546 0.911919 0.000000 1.374516 0.346800 -3.112221 1.000000
aniFrame
  m_time 1.845000
  m_vertexTransformMat 0.947776 0.272365 -0.165946 0.000000 -0.200022 0.912872 0.355889 0.000000 0.248419 -0.304110 0.919677 0.000000 1.438277 0.344226 -2.964233 1.000000
aniFrame
  m_time 1.861000
  m_vertexTransformMat 0.954673 0.263566 -0.138320 0.000000 -0.201866 0.914795 0.349858 0.000000 0.218745 -0.306078 0.926535 0.000000 1.495825 0.323590 -2.808169 1.000000
aniFrame
  m_time 1.877000
  m_vertexTransformMat 0.960508 0.255222 -0.110841 0.000000 -0.203890 0.916638 0.343809 0.000000 0.189349 -0.307632 0.932475 0.000000 1.546757 0.294367 -2.653675 1.000000
aniFrame
  m_time 1.893000
  m_vertexTransformMat 0.965392 0.247115 -0.083388 0.000000 -0.205972 0.918533 0.337450 0.000000 0.159984 -0.308596 0.937643 0.000000 1.591949 0.258077 -2.500312 1.000000
aniFrame
  m_time 1.909000
  m_vertexTransformMat 0.969524 0.239037 -0.053706 0.000000 -0.208589 0.920354 0.330817 0.000000 0.128506 -0.309532 0.942166 0.000000 1.641036 0.213785 -2.355987 1.000000
aniFrame
  m_time 1.925000
  m_vertexTransformMat 0.972731 0.230871 -0.022203 0.000000 -0.211505 0.922254 0.323595 0.000000 0.095186 -0.310074 0.945935 0.000000 1.691340 0.165472 -2.219898 1.000000
aniFrame
  m_time 1.941000
  m_vertexTransformMat 0.975063 0.221765 0.008519 0.000000 -0.213003 0.924380 0.316467 0.000000 0.062307 -0.310389 0.948566 0.000000 1.731617 0.106949 -2.102167 1.000000
aniFrame
  m_time 1.957000
  m_vertexTransformMat 0.976581 0.211657 0.038624 0.000000 -0.213108 0.926891 0.308964 0.000000 0.029594 -0.309959 0.950289 0.000000 1.759673 0.047546 -2.002640 1.000000
aniFrame
  m_time 1.973000
  m_vertexTransformMat 0.977662 0.199675 0.065632 0.000000 -0.210184 0.929744 0.302322 0.000000 -0.000655 -0.309364 0.950944 0.000000 1.757883 -0.026045 -1.934451 1.000000
aniFrame
  m_time 1.989000
  m_vertexTransformMat 0.978494 0.185752 0.089698 0.000000 -0.204257 0.933211 0.295631 0.000000 -0.028793 -0.307594 0.951082 0.000000 1.720681 -0.095404 -1.899177 1.000000
aniFrame
  m_time 2.005000
  m_vertexTransformMat 0.979522 0.169031 0.109387 0.000000 -0.194130 0.936975 0.290502 0.000000 -0.053389 -0.305789 0.950602 0.000000 1.638848 -0.179741 -1.895519 1.000000
aniFrame
  m_time 2.021000
  m_vertexTransformMat 0.980984 0.149240 0.124084 0.000000 -0.179375 0.941300 0.285970 0.000000 -0.074122 -0.302790 0.950171 0.000000 1.506931 -0.258479 -1.925422 1.000000
aniFrame
  m_time 2.037000
  m_vertexTransformMat 0.982489 0.127094 0.136243 0.000000 -0.161501 0.945551 0.282577 0.000000 -0.092911 -0.299632 0.949520 0.000000 1.330848 -0.342236 -1.977358 1.000000
aniFrame
  m_time 2.053000
  m_vertexTransformMat 0.984186 0.102601 0.144398 0.000000 -0.140110 0.949666 0.280186 0.000000 -0.108383 -0.295987 0.949024 0.000000 1.132716 -0.423625 -2.051220 1.000000
aniFrame
  m_time 2.069000
  m_vertexTransformMat 0.985393 0.076863 0.151966 0.000000 -0.117240 0.953400 0.278000 0.000000 -0.123517 -0.291755 0.948485 0.000000 0.899957 -0.495589 -2.135132 1.000000
aniFrame
  m_time 2.085000
  m_vertexTransformMat 0.986222 0.050090 0.157663 0.000000 -0.092849 0.956389 0.276948 0.000000 -0.136915 -0.287771 0.947862 0.000000 0.661967 -0.570214 -2.228368 1.000000
aniFrame
  m_time 2.101000
  m_vertexTransformMat 0.986339 0.023450 0.163053 0.000000 -0.068354 0.958844 0.275585 0.000000 -0.149880 -0.282965 0.947347 0.000000 0.427422 -0.625608 -2.320005 1.000000
aniFrame
  m_time 2.117000
  m_vertexTransformMat 0.985424 -0.002559 0.170098 0.000000 -0.045118 0.960149 0.275823 0.000000 -0.164025 -0.279477 0.946038 0.000000 0.196109 -0.694548 -2.403834 1.000000
aniFrame
  m_time 2.133000
