m_aniFrameList.size 202
aniFrame
  m_time -1.066000
  m_vertexTransformMat -0.629788 -0.764699 -0.136395 0.000000 -0.637693 0.609258 -0.471330 0.000000 0.443525 -0.209859 -0.871347 0.000000 30.296150 11.092319 -30.695997 1.000000
aniFrame
  m_time -1.050000
  m_vertexTransformMat -0.649778 -0.750536 -0.120350 0.000000 -0.608414 0.608442 -0.509540 0.000000 0.455654 -0.257865 -0.851989 0.000000 30.791645 9.960667 -30.838255 1.000000
aniFrame
  m_time -1.034000
  m_vertexTransformMat -0.669898 -0.735001 -0.104932 0.000000 -0.577136 0.604418 -0.549175 0.000000 0.467067 -0.307331 -0.829094 0.000000 31.280493 8.770073 -30.909204 1.000000
aniFrame
  m_time -1.018000
  m_vertexTransformMat -0.691977 -0.716321 -0.089737 0.000000 -0.540700 0.596617 -0.593036 0.000000 0.478342 -0.361846 -0.800160 0.000000 31.803768 7.393282 -30.882744 1.000000
aniFrame
  m_time -1.002000
  m_vertexTransformMat -0.714332 -0.695708 -0.075632 0.000000 -0.501657 0.584423 -0.637801 0.000000 0.487924 -0.417660 -0.766479 0.000000 32.305805 5.941123 -30.751743 1.000000
aniFrame
  m_time -0.986000
  m_vertexTransformMat -0.735741 -0.674316 -0.063109 0.000000 -0.462245 0.568077 -0.680895 0.000000 0.494989 -0.471791 -0.729657 0.000000 32.759060 4.500042 -30.518091 1.000000
aniFrame
  m_time -0.970000
  m_vertexTransformMat -0.755936 -0.652549 -0.052343 0.000000 -0.423254 0.548175 -0.721360 0.000000 0.499415 -0.523148 -0.690579 0.000000 33.155399 3.102268 -30.191143 1.000000
aniFrame
  m_time -0.954000
  m_vertexTransformMat -0.773736 -0.632037 -0.043154 0.000000 -0.387659 0.526243 -0.756828 0.000000 0.501052 -0.568856 -0.652188 0.000000 33.482769 1.848302 -29.807514 1.000000
aniFrame
  m_time -0.938000
  m_vertexTransformMat -0.789347 -0.612909 -0.035708 0.000000 -0.355396 0.503580 -0.787466 0.000000 0.500626 -0.608893 -0.615324 0.000000 33.756573 0.740332 -29.379007 1.000000
aniFrame
  m_time -0.922000
  m_vertexTransformMat -0.801551 -0.597239 -0.028685 0.000000 -0.330698 0.482775 -0.810906 0.000000 0.498153 -0.640496 -0.584473 0.000000 33.935139 -0.105487 -29.014992 1.000000
aniFrame
  m_time -0.906000
  m_vertexTransformMat -0.810930 -0.584686 -0.023119 0.000000 -0.311722 0.465105 -0.828558 0.000000 0.495198 -0.664696 -0.559427 0.000000 34.075115 -0.721701 -28.679974 1.000000
aniFrame
  m_time -0.890000
  m_vertexTransformMat -0.816603 -0.576922 -0.017909 0.000000 -0.302879 0.454709 -0.837559 0.000000 0.491349 -0.678529 -0.546055 0.000000 34.112206 -0.992884 -28.533325 1.000000
aniFrame
  m_time -0.874000
  m_vertexTransformMat -0.818027 -0.575055 -0.011985 0.000000 -0.304455 0.450584 -0.839215 0.000000 0.487995 -0.682852 -0.543668 0.000000 34.063992 -0.911866 -28.579550 1.000000
aniFrame
  m_time -0.858000
  m_vertexTransformMat -0.816491 -0.577313 -0.007226 0.000000 -0.313182 0.453378 -0.834486 0.000000 0.485035 -0.679087 -0.550983 0.000000 33.966496 -0.541109 -28.765400 1.000000
aniFrame
  m_time -0.842000
  m_vertexTransformMat -0.810846 -0.585259 0.000395 0.000000 -0.333141 0.460994 -0.822497 0.000000 0.481192 -0.667050 -0.568769 0.000000 33.733379 0.155060 -29.201220 1.000000
aniFrame
  m_time -0.826000
  m_vertexTransformMat -0.802705 -0.596316 0.008404 0.000000 -0.356795 0.468896 -0.807981 0.000000 0.477872 -0.651570 -0.589148 0.000000 33.462063 0.994571 -29.686975 1.000000
aniFrame
  m_time -0.810000
  m_vertexTransformMat -0.792082 -0.610169 0.017295 0.000000 -0.386205 0.479004 -0.788290 0.000000 0.472706 -0.631070 -0.615061 0.000000 33.076054 2.029070 -30.300114 1.000000
aniFrame
  m_time -0.794000
  m_vertexTransformMat -0.778882 -0.626588 0.027027 0.000000 -0.419555 0.488529 -0.765058 0.000000 0.466172 -0.607229 -0.643394 0.000000 32.594090 3.191694 -30.982319 1.000000
aniFrame
  m_time -0.778000
  m_vertexTransformMat -0.762846 -0.645572 0.036107 0.000000 -0.456278 0.497918 -0.737488 0.000000 0.458122 -0.579065 -0.674394 0.000000 32.012047 4.516548 -31.704975 1.000000
aniFrame
  m_time -0.762000
  m_vertexTransformMat -0.744253 -0.666368 0.045181 0.000000 -0.496040 0.506184 -0.705495 0.000000 0.447249 -0.547478 -0.707273 0.000000 31.294445 5.955986 -32.477917 1.000000
aniFrame
  m_time -0.746000
  m_vertexTransformMat -0.722855 -0.688950 0.053171 0.000000 -0.537426 0.512169 -0.669968 0.000000 0.434342 -0.512865 -0.740484 0.000000 30.466681 7.500904 -33.248806 1.000000
aniFrame
  m_time -0.730000
  m_vertexTransformMat -0.699115 -0.712520 0.059601 0.000000 -0.579592 0.515923 -0.630790 0.000000 0.418701 -0.475540 -0.773661 0.000000 29.519396 9.118473 -33.997417 1.000000
aniFrame
  m_time -0.714000
  m_vertexTransformMat -0.672959 -0.736831 0.064861 0.000000 -0.622147 0.516418 -0.588426 0.000000 0.400075 -0.436340 -0.805945 0.000000 28.448715 10.789629 -34.722324 1.000000
aniFrame
  m_time -0.698000
  m_vertexTransformMat -0.645009 -0.761171 0.067697 0.000000 -0.663724 0.514115 -0.543284 0.000000 0.378728 -0.395355 -0.836815 0.000000 27.278025 12.485036 -35.371136 1.000000
aniFrame
  m_time -0.682000
  m_vertexTransformMat -0.615489 -0.785136 0.068808 0.000000 -0.703923 0.508351 -0.496056 0.000000 0.354493 -0.353753 -0.865560 0.000000 26.011217 14.175750 -35.945744 1.000000
aniFrame
  m_time -0.666000
  m_vertexTransformMat -0.585050 -0.808173 0.067624 0.000000 -0.741890 0.499651 -0.447156 0.000000 0.327591 -0.311779 -0.891896 0.000000 24.673403 15.836988 -36.426598 1.000000
aniFrame
  m_time -0.650000
  m_vertexTransformMat -0.554376 -0.829815 0.063829 0.000000 -0.776778 0.488356 -0.397649 0.000000 0.298804 -0.270029 -0.915314 0.000000 23.292952 17.442469 -36.791882 1.000000
aniFrame
  m_time -0.634000
  m_vertexTransformMat -0.523987 -0.849698 0.058741 0.000000 -0.808609 0.474611 -0.347702 0.000000 0.267562 -0.229690 -0.935763 0.000000 21.883402 18.964228 -37.080849 1.000000
aniFrame
  m_time -0.618000
  m_vertexTransformMat -0.494910 -0.867444 0.051047 0.000000 -0.836514 0.459717 -0.298170 0.000000 0.235179 -0.190269 -0.953147 0.000000 20.491529 20.390375 -37.250645 1.000000
aniFrame
  m_time -0.602000
  m_vertexTransformMat -0.467772 -0.882843 0.042168 0.000000 -0.860388 0.443918 -0.250339 0.000000 0.202291 -0.153383 -0.967240 0.000000 19.147919 21.693502 -37.336819 1.000000
aniFrame
  m_time -0.586000
  m_vertexTransformMat -0.443567 -0.895671 0.031972 0.000000 -0.880239 0.428660 -0.203545 0.000000 0.168604 -0.118428 -0.978544 0.000000 17.881474 22.868019 -37.345512 1.000000
aniFrame
  m_time -0.570000
  m_vertexTransformMat -0.422984 -0.905904 0.020573 0.000000 -0.895810 0.414638 -0.159998 0.000000 0.136413 -0.086106 -0.986903 0.000000 16.744110 23.903791 -37.272369 1.000000
aniFrame
  m_time -0.554000
  m_vertexTransformMat -0.406445 -0.913624 0.009723 0.000000 -0.907559 0.402472 -0.119808 0.000000 0.105546 -0.057519 -0.992749 0.000000 15.751234 24.783108 -37.169491 1.000000
aniFrame
  m_time -0.538000
  m_vertexTransformMat -0.395340 -0.918533 -0.002091 0.000000 -0.915353 0.394159 -0.082272 0.000000 0.076394 -0.030612 -0.996608 0.000000 14.950823 25.523706 -37.012344 1.000000
aniFrame
  m_time -0.522000
  m_vertexTransformMat -0.395157 -0.918492 -0.014961 0.000000 -0.917368 0.395417 -0.045631 0.000000 0.047827 -0.004307 -0.998847 0.000000 14.495429 26.071352 -36.840370 1.000000
aniFrame
  m_time -0.506000
  m_vertexTransformMat -0.405456 -0.913652 -0.029091 0.000000 -0.913886 0.405861 -0.009459 0.000000 0.020450 0.022751 -0.999532 0.000000 14.381213 26.451992 -36.645683 1.000000
aniFrame
  m_time -0.490000
  m_vertexTransformMat -0.427635 -0.902837 -0.044863 0.000000 -0.903933 0.426784 0.027576 0.000000 -0.005750 0.052346 -0.998613 0.000000 14.643650 26.661692 -36.430595 1.000000
aniFrame
  m_time -0.474000
  m_vertexTransformMat -0.461224 -0.885132 -0.061763 0.000000 -0.886785 0.457512 0.065541 0.000000 -0.029755 0.085000 -0.995937 0.000000 15.283987 26.683331 -36.202564 1.000000
aniFrame
  m_time -0.458000
  m_vertexTransformMat -0.500305 -0.862284 -0.078494 0.000000 -0.864467 0.492330 0.101529 0.000000 -0.048902 0.118651 -0.991731 0.000000 16.153429 26.549561 -35.957161 1.000000
aniFrame
  m_time -0.442000
  m_vertexTransformMat -0.544593 -0.833254 -0.095433 0.000000 -0.836360 0.531051 0.135968 0.000000 -0.062616 0.153863 -0.986106 0.000000 17.253344 26.238106 -35.686470 1.000000
aniFrame
  m_time -0.426000
  m_vertexTransformMat -0.588727 -0.800611 -0.111458 0.000000 -0.805318 0.569032 0.166331 0.000000 -0.069743 0.187682 -0.979751 0.000000 18.429222 25.785475 -35.389145 1.000000
aniFrame
  m_time -0.410000
  m_vertexTransformMat -0.632281 -0.764177 -0.127493 0.000000 -0.771560 0.606208 0.192891 0.000000 -0.070116 0.220330 -0.972902 0.000000 19.669069 25.188354 -35.041801 1.000000
aniFrame
  m_time -0.394000
  m_vertexTransformMat -0.670871 -0.727792 -0.142306 0.000000 -0.738764 0.639217 0.213612 0.000000 -0.064501 0.248436 -0.966499 0.000000 20.854227 24.506630 -34.678440 1.000000
aniFrame
  m_time -0.378000
  m_vertexTransformMat -0.704379 -0.692271 -0.156883 0.000000 -0.707815 0.668394 0.228578 0.000000 -0.053378 0.272049 -0.960802 0.000000 21.970797 23.762041 -34.272072 1.000000
aniFrame
  m_time -0.362000
  m_vertexTransformMat -0.729671 -0.662377 -0.169818 0.000000 -0.682691 0.691533 0.236042 0.000000 -0.038914 0.288166 -0.956789 0.000000 22.931797 23.042507 -33.886539 1.000000
aniFrame
  m_time -0.346000
  m_vertexTransformMat -0.746072 -0.640774 -0.181068 0.000000 -0.665490 0.708421 0.235082 0.000000 -0.022362 0.295886 -0.954962 0.000000 23.708504 22.409874 -33.530994 1.000000
aniFrame
  m_time -0.330000
  m_vertexTransformMat -0.755788 -0.626270 -0.191234 0.000000 -0.654800 0.720759 0.227474 0.000000 -0.004627 0.297142 -0.954823 0.000000 24.346001 21.850910 -33.190102 1.000000
aniFrame
  m_time -0.314000
  m_vertexTransformMat -0.758659 -0.620048 -0.199944 0.000000 -0.651345 0.728324 0.212825 0.000000 0.013662 0.291694 -0.956414 0.000000 24.836021 21.394743 -32.872860 1.000000
aniFrame
  m_time -0.298000
  m_vertexTransformMat -0.757978 -0.618206 -0.208065 0.000000 -0.651454 0.733524 0.193782 0.000000 0.032823 0.282427 -0.958727 0.000000 25.262663 20.969168 -32.555511 1.000000
aniFrame
  m_time -0.282000
  m_vertexTransformMat -0.755347 -0.618547 -0.216449 0.000000 -0.653134 0.737557 0.171538 0.000000 0.053540 0.270941 -0.961106 0.000000 25.683949 20.532091 -32.210087 1.000000
aniFrame
  m_time -0.266000
  m_vertexTransformMat -0.750700 -0.621526 -0.223952 0.000000 -0.656386 0.740122 0.146208 0.000000 0.074880 0.256758 -0.963571 0.000000 26.068258 20.094645 -31.873056 1.000000
aniFrame
  m_time -0.250000
  m_vertexTransformMat -0.743980 -0.627031 -0.230923 0.000000 -0.661056 0.741082 0.117489 0.000000 0.097463 0.240063 -0.965853 0.000000 26.430611 19.661098 -31.532986 1.000000
aniFrame
  m_time -0.234000
  m_vertexTransformMat -0.735817 -0.634610 -0.236313 0.000000 -0.666415 0.740575 0.086251 0.000000 0.120271 0.220947 -0.967841 0.000000 26.755785 19.222868 -31.223042 1.000000
aniFrame
  m_time -0.218000
  m_vertexTransformMat -0.726738 -0.643557 -0.240178 0.000000 -0.671718 0.738945 0.052502 0.000000 0.143690 0.199487 -0.969308 0.000000 27.065563 18.765697 -30.943331 1.000000
aniFrame
  m_time -0.202000
  m_vertexTransformMat -0.715905 -0.654601 -0.242852 0.000000 -0.677713 0.735147 0.016267 0.000000 0.167884 0.176230 -0.969927 0.000000 27.349529 18.326488 -30.681335 1.000000
aniFrame
  m_time -0.186000
  m_vertexTransformMat -0.705249 -0.666111 -0.242735 0.000000 -0.682689 0.730411 -0.020882 0.000000 0.191206 0.150986 -0.969868 0.000000 27.601645 17.857702 -30.496620 1.000000
aniFrame
  m_time -0.170000
  m_vertexTransformMat -0.693545 -0.678591 -0.241888 0.000000 -0.687146 0.723969 -0.060823 0.000000 0.216393 0.124029 -0.968396 0.000000 27.872755 17.383081 -30.313297 1.000000
aniFrame
  m_time -0.154000
  m_vertexTransformMat -0.681001 -0.692358 -0.238492 0.000000 -0.691796 0.715066 -0.100495 0.000000 0.240116 0.096551 -0.965931 0.000000 28.073406 16.943016 -30.210917 1.000000
aniFrame
  m_time -0.138000
  m_vertexTransformMat -0.670358 -0.704470 -0.233116 0.000000 -0.693224 0.706614 -0.141908 0.000000 0.264693 0.066472 -0.962039 0.000000 28.318489 16.409145 -30.153372 1.000000
aniFrame
  m_time -0.122000
  m_vertexTransformMat -0.659683 -0.716491 -0.226847 0.000000 -0.693593 0.696647 -0.183338 0.000000 0.289393 0.036394 -0.956519 0.000000 28.556969 15.882552 -30.114489 1.000000
aniFrame
  m_time -0.106000
  m_vertexTransformMat -0.650182 -0.728015 -0.217390 0.000000 -0.692612 0.685546 -0.224315 0.000000 0.312335 0.004721 -0.949961 0.000000 28.752300 15.332006 -30.166569 1.000000
aniFrame
  m_time -0.090000
  m_vertexTransformMat -0.641804 -0.738142 -0.207933 0.000000 -0.689342 0.674109 -0.265305 0.000000 0.336002 -0.026937 -0.941476 0.000000 28.976608 14.757578 -30.197037 1.000000
aniFrame
  m_time -0.074000
  m_vertexTransformMat -0.635011 -0.747260 -0.195869 0.000000 -0.684886 0.661877 -0.304715 0.000000 0.357342 -0.059349 -0.932086 0.000000 29.176016 14.164845 -30.304222 1.000000
aniFrame
  m_time -0.058000
  m_vertexTransformMat -0.629937 -0.754538 -0.183990 0.000000 -0.677837 0.649780 -0.343983 0.000000 0.379101 -0.091973 -0.920773 0.000000 29.403460 13.543344 -30.375092 1.000000
aniFrame
  m_time -0.042000
  m_vertexTransformMat -0.626859 -0.760140 -0.170984 0.000000 -0.669493 0.637769 -0.380829 0.000000 0.398532 -0.124253 -0.908699 0.000000 29.626133 12.905289 -30.483458 1.000000
aniFrame
  m_time -0.026000
  m_vertexTransformMat -0.625925 -0.763806 -0.157541 0.000000 -0.659297 0.626140 -0.416265 0.000000 0.416588 -0.156684 -0.895491 0.000000 29.861769 12.248528 -30.582146 1.000000
aniFrame
  m_time -0.010000
  m_vertexTransformMat -0.626740 -0.765552 -0.145355 0.000000 -0.647866 0.615586 -0.448691 0.000000 0.432975 -0.187042 -0.881787 0.000000 30.099691 11.600819 -30.647192 1.000000
aniFrame
  m_time 0.005000
  m_vertexTransformMat -0.632263 -0.763486 -0.131655 0.000000 -0.631519 0.606316 -0.483286 0.000000 0.448806 -0.222421 -0.865507 0.000000 30.410444 10.805138 -30.718786 1.000000
aniFrame
  m_time 0.021000
  m_vertexTransformMat -0.642593 -0.757078 -0.117932 0.000000 -0.609661 0.598438 -0.519795 0.000000 0.464100 -0.262118 -0.846112 0.000000 30.792006 9.857853 -30.757133 1.000000
aniFrame
  m_time 0.037000
  m_vertexTransformMat -0.657795 -0.746139 -0.102875 0.000000 -0.581946 0.590183 -0.559486 0.000000 0.478169 -0.308159 -0.822431 0.000000 31.238415 8.721885 -30.774412 1.000000
aniFrame
  m_time 0.053000
  m_vertexTransformMat -0.678119 -0.729721 -0.087542 0.000000 -0.546766 0.580488 -0.603391 0.000000 0.491124 -0.361305 -0.792626 0.000000 31.754532 7.361765 -30.720945 1.000000
aniFrame
  m_time 0.069000
  m_vertexTransformMat -0.700341 -0.710088 -0.072781 0.000000 -0.508714 0.568041 -0.646947 0.000000 0.500732 -0.416059 -0.759054 0.000000 32.250423 5.929920 -30.597052 1.000000
aniFrame
  m_time 0.085000
  m_vertexTransformMat -0.723733 -0.687484 -0.059812 0.000000 -0.467760 0.552449 -0.689929 0.000000 0.507357 -0.471346 -0.721403 0.000000 32.729446 4.447517 -30.360487 1.000000
aniFrame
  m_time 0.101000
  m_vertexTransformMat -0.746174 -0.663984 -0.048480 0.000000 -0.428026 0.534233 -0.728966 0.000000 0.509921 -0.523184 -0.682833 0.000000 33.130505 3.037874 -30.060432 1.000000
aniFrame
  m_time 0.117000
  m_vertexTransformMat -0.767074 -0.640336 -0.039595 0.000000 -0.389565 0.513928 -0.764276 0.000000 0.509743 -0.570831 -0.643673 0.000000 33.495102 1.725784 -29.659601 1.000000
aniFrame
  m_time 0.133000
  m_vertexTransformMat -0.785168 -0.618451 -0.032089 0.000000 -0.356463 0.493712 -0.793211 0.000000 0.506405 -0.611365 -0.608101 0.000000 33.759300 0.614768 -29.270039 1.000000
aniFrame
  m_time 0.149000
  m_vertexTransformMat -0.799539 -0.600092 -0.025064 0.000000 -0.330755 0.474749 -0.815608 0.000000 0.501338 -0.643820 -0.578063 0.000000 33.936760 -0.238691 -28.930019 1.000000
aniFrame
  m_time 0.165000
  m_vertexTransformMat -0.810647 -0.585162 -0.020917 0.000000 -0.310705 0.460162 -0.831693 0.000000 0.496300 -0.667710 -0.554842 0.000000 34.081238 -0.832042 -28.605511 1.000000
aniFrame
  m_time 0.181000
  m_vertexTransformMat -0.816568 -0.577042 -0.015523 0.000000 -0.303886 0.452580 -0.838347 0.000000 0.490786 -0.679849 -0.544917 0.000000 34.085239 -1.018145 -28.536627 1.000000
aniFrame
  m_time 0.197000
  m_vertexTransformMat -0.817735 -0.575504 -0.010284 0.000000 -0.306629 0.450671 -0.838377 0.000000 0.487123 -0.682416 -0.544995 0.000000 34.033005 -0.845748 -28.617393 1.000000
aniFrame
  m_time 0.213000
  m_vertexTransformMat -0.815272 -0.579054 -0.005399 0.000000 -0.318203 0.455761 -0.831282 0.000000 0.483818 -0.676003 -0.555826 0.000000 33.907516 -0.359775 -28.871752 1.000000
aniFrame
  m_time 0.229000
  m_vertexTransformMat -0.808332 -0.588718 0.003167 0.000000 -0.340831 0.463573 -0.817884 0.000000 0.480035 -0.662202 -0.575374 0.000000 33.644768 0.420767 -29.361511 1.000000
aniFrame
  m_time 0.245000
  m_vertexTransformMat -0.799469 -0.600603 0.011208 0.000000 -0.365909 0.472100 -0.802018 0.000000 0.476403 -0.645289 -0.597195 0.000000 33.348732 1.319880 -29.876575 1.000000
aniFrame
  m_time 0.261000
  m_vertexTransformMat -0.787968 -0.615371 0.020652 0.000000 -0.397170 0.482364 -0.780757 0.000000 0.470493 -0.623414 -0.624494 0.000000 32.919479 2.405616 -30.529766 1.000000
aniFrame
  m_time 0.277000
  m_vertexTransformMat -0.773849 -0.632657 0.030073 0.000000 -0.431340 0.491646 -0.756459 0.000000 0.463793 -0.598357 -0.653350 0.000000 32.415501 3.614731 -31.215416 1.000000
aniFrame
  m_time 0.293000
  m_vertexTransformMat -0.756916 -0.652341 0.039136 0.000000 -0.469307 0.500913 -0.727212 0.000000 0.454786 -0.568805 -0.685296 0.000000 31.786640 4.988110 -31.959574 1.000000
aniFrame
  m_time 0.309000
  m_vertexTransformMat -0.737433 -0.673711 0.048037 0.000000 -0.509697 0.508418 -0.694061 0.000000 0.443173 -0.536307 -0.718312 0.000000 31.030495 6.458658 -32.737064 1.000000
aniFrame
  m_time 0.325000
  m_vertexTransformMat -0.715164 -0.696754 0.055446 0.000000 -0.551422 0.513685 -0.657313 0.000000 0.429504 -0.500661 -0.751575 0.000000 30.165602 8.035502 -33.500397 1.000000
aniFrame
  m_time 0.341000
  m_vertexTransformMat -0.690672 -0.720545 0.061545 0.000000 -0.593786 0.516468 -0.616992 0.000000 0.412784 -0.462683 -0.784559 0.000000 29.174767 9.669287 -34.243927 1.000000
aniFrame
  m_time 0.357000
  m_vertexTransformMat -0.663780 -0.745000 0.066119 0.000000 -0.636186 0.515915 -0.573673 0.000000 0.393274 -0.422857 -0.816412 0.000000 28.068823 11.355021 -34.949497 1.000000
aniFrame
  m_time 0.373000
  m_vertexTransformMat -0.635364 -0.769196 0.068203 0.000000 -0.677271 0.512640 -0.527736 0.000000 0.370969 -0.381496 -0.846666 0.000000 26.866203 13.049240 -35.569458 1.000000
aniFrame
  m_time 0.389000
  m_vertexTransformMat -0.605369 -0.792970 0.068763 0.000000 -0.716907 0.505684 -0.479926 0.000000 0.345794 -0.339829 -0.874610 0.000000 25.570972 14.734852 -36.119553 1.000000
aniFrame
  m_time 0.405000
  m_vertexTransformMat -0.574880 -0.815530 0.066518 0.000000 -0.753833 0.496263 -0.430650 0.000000 0.318197 -0.297716 -0.900064 0.000000 24.218208 16.378889 -36.557957 1.000000
aniFrame
  m_time 0.421000
  m_vertexTransformMat -0.544140 -0.836678 0.062307 0.000000 -0.787762 0.483947 -0.381085 0.000000 0.288693 -0.256446 -0.922438 0.000000 22.824492 17.960680 -36.897137 1.000000
aniFrame
  m_time 0.437000
  m_vertexTransformMat -0.514160 -0.855832 0.056496 0.000000 -0.818377 0.469811 -0.330964 0.000000 0.256708 -0.216404 -0.941951 0.000000 21.415339 19.449690 -37.152760 1.000000
aniFrame
  m_time 0.453000
  m_vertexTransformMat -0.485579 -0.872868 0.048117 0.000000 -0.844910 0.454475 -0.282098 0.000000 0.224366 -0.177635 -0.958178 0.000000 20.037165 20.840605 -37.285015 1.000000
aniFrame
  m_time 0.469000
  m_vertexTransformMat -0.459392 -0.887374 0.039086 0.000000 -0.867467 0.438757 -0.234508 0.000000 0.190947 -0.141637 -0.971328 0.000000 18.715067 22.096447 -37.353653 1.000000
aniFrame
  m_time 0.485000
  m_vertexTransformMat -0.436225 -0.899397 0.028153 0.000000 -0.885909 0.423779 -0.188621 0.000000 0.157715 -0.107222 -0.981646 0.000000 17.485485 23.231733 -37.325760 1.000000
aniFrame
  m_time 0.501000
  m_vertexTransformMat -0.417187 -0.908662 0.016973 0.000000 -0.900059 0.410506 -0.146216 0.000000 0.125893 -0.076276 -0.989107 0.000000 16.400814 24.209787 -37.244286 1.000000
aniFrame
  m_time 0.517000
  m_vertexTransformMat -0.401815 -0.915702 0.005926 0.000000 -0.910706 0.398929 -0.107099 0.000000 0.095707 -0.048431 -0.994231 0.000000 15.454178 25.048653 -37.121525 1.000000
aniFrame
  m_time 0.533000
  m_vertexTransformMat -0.394038 -0.919073 -0.006283 0.000000 -0.916665 0.393484 -0.069976 0.000000 0.066786 -0.021814 -0.997529 0.000000 14.759181 25.727392 -36.956013 1.000000
aniFrame
  m_time 0.549000
  m_vertexTransformMat -0.397397 -0.917440 -0.019503 0.000000 -0.916837 0.397849 -0.033575 0.000000 0.038562 0.004538 -0.999246 0.000000 14.418888 26.216011 -36.778362 1.000000
aniFrame
  m_time 0.565000
  m_vertexTransformMat -0.411368 -0.910829 -0.034145 0.000000 -0.911396 0.411523 0.002685 0.000000 0.011606 0.032224 -0.999413 0.000000 14.422190 26.542849 -36.575714 1.000000
aniFrame
  m_time 0.581000
  m_vertexTransformMat -0.437883 -0.897614 -0.050465 0.000000 -0.898921 0.436256 0.040288 0.000000 -0.014147 0.063005 -0.997913 0.000000 14.823029 26.688290 -36.355843 1.000000
aniFrame
  m_time 0.597000
  m_vertexTransformMat -0.473749 -0.878082 -0.067344 0.000000 -0.879894 0.468760 0.077795 0.000000 -0.036743 0.096111 -0.994693 0.000000 15.550764 26.655695 -36.123524 1.000000
aniFrame
  m_time 0.613000
  m_vertexTransformMat -0.514723 -0.853214 -0.084182 0.000000 -0.855646 0.505013 0.113281 0.000000 -0.054140 0.130338 -0.989991 0.000000 16.500912 26.464716 -35.869381 1.000000
aniFrame
  m_time 0.629000
  m_vertexTransformMat -0.559503 -0.822667 -0.100873 0.000000 -0.826216 0.543937 0.146629 0.000000 -0.065759 0.165382 -0.984035 0.000000 17.642529 26.101000 -35.591537 1.000000
aniFrame
  m_time 0.645000
  m_vertexTransformMat -0.603471 -0.788777 -0.116845 0.000000 -0.794253 0.581639 0.175664 0.000000 -0.070599 0.198813 -0.977491 0.000000 18.839367 25.601101 -35.277519 1.000000
aniFrame
  m_time 0.661000
  m_vertexTransformMat -0.645888 -0.751827 -0.132605 0.000000 -0.760321 0.617812 0.200552 0.000000 -0.068856 0.230356 -0.970667 0.000000 20.075985 24.966637 -34.921574 1.000000
aniFrame
  m_time 0.677000
  m_vertexTransformMat -0.682679 -0.715737 -0.147206 0.000000 -0.728139 0.649412 0.219268 0.000000 -0.061341 0.256876 -0.964496 0.000000 21.236086 24.263224 -34.546432 1.000000
aniFrame
  m_time 0.693000
  m_vertexTransformMat -0.713917 -0.681356 -0.161480 0.000000 -0.698528 0.676919 0.232031 0.000000 -0.048788 0.278449 -0.959211 0.000000 22.313992 23.513191 -34.136986 1.000000
aniFrame
  m_time 0.709000
  m_vertexTransformMat -0.735998 -0.654323 -0.173692 0.000000 -0.676150 0.697748 0.236578 0.000000 -0.033606 0.291562 -0.955961 0.000000 23.208500 22.822538 -33.766632 1.000000
aniFrame
  m_time 0.725000
  m_vertexTransformMat -0.749971 -0.635196 -0.184580 0.000000 -0.661265 0.712985 0.233199 0.000000 -0.016525 0.296949 -0.954751 0.000000 23.934832 22.216021 -33.415413 1.000000
aniFrame
  m_time 0.741000
  m_vertexTransformMat -0.757457 -0.623305 -0.194292 0.000000 -0.652884 0.723777 0.223359 0.000000 0.001403 0.296035 -0.955176 0.000000 24.524521 21.687679 -33.082092 1.000000
aniFrame
  m_time 0.757000
  m_vertexTransformMat -0.758580 -0.619269 -0.202639 0.000000 -0.651276 0.730135 0.206744 0.000000 0.019924 0.288806 -0.957180 0.000000 24.978848 21.255745 -32.769062 1.000000
aniFrame
  m_time 0.773000
  m_vertexTransformMat -0.757410 -0.617949 -0.210876 0.000000 -0.651740 0.735075 0.186817 0.000000 0.039566 0.278933 -0.959495 0.000000 25.406029 20.822197 -32.442535 1.000000
aniFrame
  m_time 0.789000
  m_vertexTransformMat -0.753958 -0.619308 -0.219101 0.000000 -0.654117 0.738543 0.163358 0.000000 0.060647 0.266483 -0.961930 0.000000 25.816824 20.387266 -32.094677 1.000000
aniFrame
  m_time 0.805000
  m_vertexTransformMat -0.748758 -0.623025 -0.226279 0.000000 -0.657731 0.740669 0.137111 0.000000 0.082175 0.251494 -0.964364 0.000000 26.190042 19.948418 -31.762541 1.000000
aniFrame
  m_time 0.821000
  m_vertexTransformMat -0.741318 -0.629410 -0.233004 0.000000 -0.662861 0.741026 0.107215 0.000000 0.105180 0.233930 -0.966547 0.000000 26.544956 19.517126 -31.422188 1.000000
aniFrame
  m_time 0.837000
  m_vertexTransformMat -0.733018 -0.637365 -0.237594 0.000000 -0.668108 0.740222 0.075522 0.000000 0.127737 0.214098 -0.968424 0.000000 26.855679 19.071045 -31.133310 1.000000
aniFrame
  m_time 0.853000
  m_vertexTransformMat -0.723275 -0.647023 -0.241318 0.000000 -0.673653 0.737938 0.040499 0.000000 0.151874 0.191857 -0.969601 0.000000 27.167662 18.615965 -30.849310 1.000000
aniFrame
  m_time 0.869000
  m_vertexTransformMat -0.712210 -0.658540 -0.243069 0.000000 -0.679677 0.733500 0.004251 0.000000 0.175492 0.168236 -0.970000 0.000000 27.427643 18.182079 -30.614569 1.000000
aniFrame
  m_time 0.885000
  m_vertexTransformMat -0.701615 -0.670023 -0.242499 0.000000 -0.684059 0.728632 -0.034038 0.000000 0.199498 0.142002 -0.969554 0.000000 27.695660 17.691919 -30.435429 1.000000
aniFrame
  m_time 0.901000
  m_vertexTransformMat -0.689141 -0.683283 -0.241264 0.000000 -0.688971 0.721003 -0.073989 0.000000 0.224507 0.115235 -0.967635 0.000000 27.942961 17.245609 -30.263666 1.000000
aniFrame
  m_time 0.917000
  m_vertexTransformMat -0.677344 -0.696547 -0.236702 0.000000 -0.692582 0.712259 -0.114092 0.000000 0.248063 0.086656 -0.964860 0.000000 28.147770 16.771578 -30.194166 1.000000
aniFrame
  m_time 0.933000
  m_vertexTransformMat -0.666768 -0.708423 -0.231428 0.000000 -0.693369 0.703521 -0.155875 0.000000 0.273239 0.056532 -0.960284 0.000000 28.406645 16.231752 -30.127384 1.000000
aniFrame
  m_time 0.949000
  m_vertexTransformMat -0.656374 -0.720459 -0.223858 0.000000 -0.693498 0.693012 -0.196965 0.000000 0.297041 0.025962 -0.954512 0.000000 28.622213 15.702743 -30.129101 1.000000
aniFrame
  m_time 0.965000
  m_vertexTransformMat -0.647257 -0.731526 -0.214310 0.000000 -0.691708 0.681788 -0.238125 0.000000 0.320308 -0.005888 -0.947295 0.000000 28.825697 15.141877 -30.175158 1.000000
aniFrame
  m_time 0.981000
  m_vertexTransformMat -0.639350 -0.741323 -0.204135 0.000000 -0.688049 0.670094 -0.278499 0.000000 0.343247 -0.037603 -0.938492 0.000000 29.043865 14.563102 -30.228178 1.000000
aniFrame
  m_time 0.997000
  m_vertexTransformMat -0.633127 -0.749919 -0.191762 0.000000 -0.682837 0.657781 -0.317897 0.000000 0.364534 -0.070327 -0.928531 0.000000 29.247667 13.960151 -30.334835 1.000000
aniFrame
  m_time 1.013000
  m_vertexTransformMat -0.628664 -0.756591 -0.179866 0.000000 -0.675190 0.645777 -0.356497 0.000000 0.385876 -0.102673 -0.916820 0.000000 29.478323 13.333214 -30.405243 1.000000
aniFrame
  m_time 1.029000
  m_vertexTransformMat -0.626347 -0.761587 -0.166362 0.000000 -0.666316 0.633805 -0.392829 0.000000 0.404614 -0.135198 -0.904438 0.000000 29.702579 12.686264 -30.523603 1.000000
aniFrame
  m_time 1.045000
  m_vertexTransformMat -0.625881 -0.764670 -0.153472 0.000000 -0.655748 0.622474 -0.427225 0.000000 0.422218 -0.166753 -0.891025 0.000000 29.938189 12.037977 -30.604324 1.000000
aniFrame
  m_time 1.061000
  m_vertexTransformMat -0.627923 -0.765390 -0.141041 0.000000 -0.643163 0.612364 -0.459731 0.000000 0.438241 -0.197962 -0.876787 0.000000 30.191877 11.359187 -30.670580 1.000000
aniFrame
  m_time 1.077000
  m_vertexTransformMat -0.635206 -0.761819 -0.127067 0.000000 -0.624811 0.603579 -0.495281 0.000000 0.454009 -0.235213 -0.859390 0.000000 30.530945 10.505533 -30.735540 1.000000
aniFrame
  m_time 1.093000
  m_vertexTransformMat -0.647082 -0.753975 -0.113173 0.000000 -0.601147 0.595854 -0.532523 0.000000 0.468943 -0.276553 -0.838816 0.000000 30.933031 9.504174 -30.764618 1.000000
aniFrame
  m_time 1.109000
  m_vertexTransformMat -0.664118 -0.741220 -0.097676 0.000000 -0.570927 0.587157 -0.573838 0.000000 0.482691 -0.325330 -0.813124 0.000000 31.406189 8.287921 -30.766727 1.000000
aniFrame
  m_time 1.125000
  m_vertexTransformMat -0.685491 -0.723382 -0.082587 0.000000 -0.534106 0.576705 -0.618176 0.000000 0.494806 -0.379644 -0.781689 0.000000 31.926434 6.883957 -30.685471 1.000000
aniFrame
  m_time 1.141000
  m_vertexTransformMat -0.708018 -0.702896 -0.068177 0.000000 -0.495425 0.563182 -0.661347 0.000000 0.503254 -0.434469 -0.746976 0.000000 32.412041 5.441101 -30.532631 1.000000
aniFrame
  m_time 1.157000
  m_vertexTransformMat -0.731488 -0.679556 -0.055943 0.000000 -0.453992 0.546612 -0.703638 0.000000 0.508740 -0.489305 -0.708353 0.000000 32.876118 3.959378 -30.261553 1.000000
aniFrame
  m_time 1.173000
  m_vertexTransformMat -0.753253 -0.656180 -0.045146 0.000000 -0.415250 0.527665 -0.741039 0.000000 0.510076 -0.539442 -0.669944 0.000000 33.252922 2.593100 -29.941944 1.000000
aniFrame
  m_time 1.189000
  m_vertexTransformMat -0.773571 -0.632623 -0.037111 0.000000 -0.377452 0.507005 -0.774905 0.000000 0.509038 -0.585436 -0.630989 0.000000 33.600971 1.321764 -29.516289 1.000000
aniFrame
  m_time 1.205000
  m_vertexTransformMat -0.790255 -0.612069 -0.029489 0.000000 -0.347531 0.487302 -0.801100 0.000000 0.504697 -0.622824 -0.597805 0.000000 33.818020 0.310364 -29.164089 1.000000
aniFrame
  m_time 1.221000
  m_vertexTransformMat -0.803670 -0.594615 -0.023400 0.000000 -0.323143 0.469098 -0.821904 0.000000 0.499693 -0.652978 -0.569145 0.000000 33.993332 -0.473126 -28.809725 1.000000
aniFrame
  m_time 1.237000
  m_vertexTransformMat -0.813279 -0.581545 -0.019550 0.000000 -0.306757 0.457060 -0.834863 0.000000 0.494446 -0.672980 -0.550111 0.000000 34.099331 -0.941443 -28.549286 1.000000
aniFrame
  m_time 1.253000
  m_vertexTransformMat -0.817353 -0.575980 -0.013483 0.000000 -0.304154 0.451252 -0.838965 0.000000 0.489311 -0.681630 -0.544019 0.000000 34.068157 -0.993214 -28.556574 1.000000
aniFrame
  m_time 1.269000
  m_vertexTransformMat -0.817539 -0.575801 -0.009130 0.000000 -0.308718 0.451601 -0.837108 0.000000 0.486131 -0.681550 -0.546961 0.000000 34.012280 -0.732682 -28.662050 1.000000
aniFrame
  m_time 1.285000
  m_vertexTransformMat -0.813303 -0.581834 -0.002764 0.000000 -0.325104 0.458368 -0.827168 0.000000 0.482541 -0.671839 -0.561949 0.000000 33.827885 -0.117498 -29.023769 1.000000
aniFrame
  m_time 1.301000
  m_vertexTransformMat -0.805637 -0.592381 0.005870 0.000000 -0.348611 0.466051 -0.813183 0.000000 0.478978 -0.657176 -0.581978 0.000000 33.556854 0.697618 -29.521214 1.000000
aniFrame
  m_time 1.317000
  m_vertexTransformMat -0.795924 -0.605231 0.014167 0.000000 -0.375753 0.475524 -0.795416 0.000000 0.474674 -0.638414 -0.605898 0.000000 33.219555 1.666049 -30.081978 1.000000
aniFrame
  m_time 1.333000
  m_vertexTransformMat -0.783578 -0.620833 0.023915 0.000000 -0.408258 0.485499 -0.773057 0.000000 0.468328 -0.615514 -0.633887 0.000000 32.759338 2.791000 -30.756607 1.000000
aniFrame
  m_time 1.349000
  m_vertexTransformMat -0.768497 -0.638998 0.033091 0.000000 -0.443598 0.494799 -0.747258 0.000000 0.461123 -0.588945 -0.663710 0.000000 32.221741 4.057481 -31.456469 1.000000
aniFrame
  m_time 1.365000
  m_vertexTransformMat -0.750724 -0.659269 0.042176 0.000000 -0.482585 0.503691 -0.716525 0.000000 0.451139 -0.558266 -0.696286 0.000000 31.546770 5.468039 -32.218105 1.000000
aniFrame
  m_time 1.381000
  m_vertexTransformMat -0.730289 -0.681254 0.050705 0.000000 -0.523507 0.510412 -0.682218 0.000000 0.438883 -0.524760 -0.729389 0.000000 30.754725 6.974416 -32.994305 1.000000
aniFrame
  m_time 1.397000
  m_vertexTransformMat -0.707247 -0.704618 0.057568 0.000000 -0.565477 0.514951 -0.644253 0.000000 0.424307 -0.488200 -0.762643 0.000000 29.850262 8.575347 -33.749538 1.000000
aniFrame
  m_time 1.413000
  m_vertexTransformMat -0.681938 -0.728664 0.063320 0.000000 -0.607994 0.516617 -0.602869 0.000000 0.406576 -0.449617 -0.795324 0.000000 28.817595 10.227024 -34.486408 1.000000
aniFrame
  m_time 1.429000
  m_vertexTransformMat -0.654450 -0.753126 0.067065 0.000000 -0.650057 0.515141 -0.558620 0.000000 0.386163 -0.409185 -0.826708 0.000000 27.678488 11.920877 -35.166130 1.000000
aniFrame
  m_time 1.445000
  m_vertexTransformMat -0.625507 -0.777198 0.068598 0.000000 -0.690691 0.510694 -0.511995 0.000000 0.362889 -0.367636 -0.856246 0.000000 26.443485 13.613338 -35.761681 1.000000
aniFrame
  m_time 1.461000
  m_vertexTransformMat -0.595202 -0.800661 0.068393 0.000000 -0.729583 0.502761 -0.463617 0.000000 0.336814 -0.325844 -0.883392 0.000000 25.124397 15.289105 -36.280701 1.000000
aniFrame
  m_time 1.477000
  m_vertexTransformMat -0.564640 -0.822755 0.065236 0.000000 -0.765463 0.492483 -0.414159 0.000000 0.308624 -0.283787 -0.907864 0.000000 23.757862 16.914694 -36.679070 1.000000
aniFrame
  m_time 1.493000
  m_vertexTransformMat -0.533989 -0.843315 0.060635 0.000000 -0.798386 0.479336 -0.364440 0.000000 0.278273 -0.243017 -0.929251 0.000000 22.353960 18.468184 -36.994137 1.000000
aniFrame
  m_time 1.509000
  m_vertexTransformMat -0.504454 -0.861756 0.053878 0.000000 -0.827673 0.464843 -0.314450 0.000000 0.245934 -0.203220 -0.947744 0.000000 20.951170 19.925991 -37.207813 1.000000
aniFrame
  m_time 1.525000
  m_vertexTransformMat -0.476513 -0.878007 0.045153 0.000000 -0.852868 0.449182 -0.266180 0.000000 0.213426 -0.165348 -0.962865 0.000000 19.588957 21.275221 -37.313377 1.000000
aniFrame
  m_time 1.541000
  m_vertexTransformMat -0.451310 -0.891655 0.035660 0.000000 -0.874090 0.433667 -0.218863 0.000000 0.179686 -0.129945 -0.975104 0.000000 18.292057 22.488680 -37.355995 1.000000
aniFrame
  m_time 1.557000
  m_vertexTransformMat -0.429344 -0.902814 0.024321 0.000000 -0.891098 0.419082 -0.174114 0.000000 0.147000 -0.096427 -0.984425 0.000000 17.105898 23.577539 -37.300308 1.000000
aniFrame
  m_time 1.573000
  m_vertexTransformMat -0.411653 -0.911242 0.013393 0.000000 -0.903981 0.406420 -0.132823 0.000000 0.115591 -0.066784 -0.991049 0.000000 16.069071 24.502586 -37.210758 1.000000
aniFrame
  m_time 1.589000
  m_vertexTransformMat -0.398024 -0.917373 0.001987 0.000000 -0.913334 0.396066 -0.094616 0.000000 0.086011 -0.039474 -0.995512 0.000000 15.184958 25.296461 -37.068420 1.000000
aniFrame
  m_time 1.605000
  m_vertexTransformMat -0.394052 -0.919028 -0.010565 0.000000 -0.917304 0.393977 -0.057748 0.000000 0.057234 -0.013065 -0.998276 0.000000 14.609159 25.908667 -36.899475 1.000000
aniFrame
  m_time 1.621000
  m_vertexTransformMat -0.400814 -0.915840 -0.024210 0.000000 -0.915687 0.401316 -0.021532 0.000000 0.029436 0.013538 -0.999475 0.000000 14.380474 26.342901 -36.713402 1.000000
aniFrame
  m_time 1.637000
  m_vertexTransformMat -0.418710 -0.907265 -0.039394 0.000000 -0.908116 0.418452 0.014998 0.000000 0.002877 0.042054 -0.999111 0.000000 14.507899 26.613611 -36.503994 1.000000
aniFrame
  m_time 1.653000
  m_vertexTransformMat -0.449174 -0.891680 -0.056120 0.000000 -0.893169 0.446589 0.052990 0.000000 -0.022188 0.073926 -0.997017 0.000000 15.038915 26.694902 -36.279884 1.000000
aniFrame
  m_time 1.669000
  m_vertexTransformMat -0.486600 -0.870581 -0.072863 0.000000 -0.872562 0.480201 0.089683 0.000000 -0.043087 0.107217 -0.993302 0.000000 15.835457 26.613142 -36.042038 1.000000
aniFrame
  m_time 1.685000
  m_vertexTransformMat -0.529577 -0.843490 -0.089851 0.000000 -0.846227 0.518000 0.124806 0.000000 -0.058730 0.142129 -0.988104 0.000000 16.870173 26.360214 -35.779076 1.000000
aniFrame
  m_time 1.701000
  m_vertexTransformMat -0.574078 -0.811892 -0.106141 0.000000 -0.815961 0.556474 0.156667 0.000000 -0.068132 0.176546 -0.981932 0.000000 18.030687 25.951723 -35.493851 1.000000
aniFrame
  m_time 1.717000
  m_vertexTransformMat -0.618068 -0.776567 -0.122216 0.000000 -0.782938 0.594093 0.184556 0.000000 -0.070712 0.209756 -0.975194 0.000000 19.254768 25.401058 -35.161076 1.000000
aniFrame
  m_time 1.733000
  m_vertexTransformMat -0.658679 -0.739757 -0.137487 0.000000 -0.749436 0.628748 0.207419 0.000000 -0.066995 0.239660 -0.968543 0.000000 20.469383 24.740105 -34.802181 1.000000
aniFrame
  m_time 1.749000
  m_vertexTransformMat -0.693910 -0.703816 -0.152095 0.000000 -0.717755 0.659183 0.224289 0.000000 -0.057600 0.264803 -0.962581 0.000000 21.609911 24.013618 -34.409771 1.000000
aniFrame
  m_time 1.765000
  m_vertexTransformMat -0.722370 -0.671337 -0.165797 0.000000 -0.690109 0.684644 0.234545 0.000000 -0.043948 0.283846 -0.957862 0.000000 22.635029 23.272141 -34.008183 1.000000
aniFrame
  m_time 1.781000
  m_vertexTransformMat -0.741375 -0.647188 -0.177510 0.000000 -0.670504 0.703280 0.236266 0.000000 -0.028069 0.294183 -0.955337 0.000000 23.466045 22.613802 -33.646099 1.000000
aniFrame
  m_time 1.797000
  m_vertexTransformMat -0.753167 -0.630387 -0.188021 0.000000 -0.657744 0.717050 0.230679 0.000000 -0.010597 0.297409 -0.954691 0.000000 24.146877 22.030739 -33.300282 1.000000
aniFrame
  m_time 1.813000
  m_vertexTransformMat -0.758686 -0.621029 -0.196768 0.000000 -0.651415 0.726628 0.218335 0.000000 0.007385 0.293826 -0.955830 0.000000 24.688200 21.526043 -32.988308 1.000000
aniFrame
  m_time 1.829000
  m_vertexTransformMat -0.759358 -0.617836 -0.204096 0.000000 -0.650154 0.732988 0.200071 0.000000 0.025989 0.284619 -0.958288 0.000000 25.127138 21.082468 -32.698948 1.000000
aniFrame
  m_time 1.845000
  m_vertexTransformMat -0.758867 -0.616092 -0.211076 0.000000 -0.649632 0.738931 0.178775 0.000000 0.045829 0.272788 -0.960982 0.000000 25.565454 20.609316 -32.403236 1.000000
aniFrame
  m_time 1.861000
  m_vertexTransformMat -0.756563 -0.616807 -0.217171 0.000000 -0.650523 0.743730 0.153903 0.000000 0.066589 0.257712 -0.963925 0.000000 25.979940 20.128670 -32.114220 1.000000
aniFrame
  m_time 1.877000
  m_vertexTransformMat -0.752737 -0.619645 -0.222324 0.000000 -0.652409 0.747311 0.126051 0.000000 0.088038 0.239929 -0.966790 0.000000 26.368834 19.645901 -31.839268 1.000000
aniFrame
  m_time 1.893000
  m_vertexTransformMat -0.747353 -0.624678 -0.226368 0.000000 -0.655205 0.749459 0.094971 0.000000 0.110327 0.219294 -0.969401 0.000000 26.736485 19.161636 -31.578375 1.000000
aniFrame
  m_time 1.909000
  m_vertexTransformMat -0.740987 -0.631259 -0.229024 0.000000 -0.658243 0.750273 0.061711 0.000000 0.132875 0.196480 -0.971463 0.000000 27.080151 18.670286 -31.346233 1.000000
aniFrame
  m_time 1.925000
  m_vertexTransformMat -0.733311 -0.639614 -0.230540 0.000000 -0.661667 0.749359 0.025624 0.000000 0.156368 0.171331 -0.972726 0.000000 27.412451 18.178596 -31.128687 1.000000
aniFrame
  m_time 1.941000
  m_vertexTransformMat -0.725384 -0.648754 -0.230079 0.000000 -0.664577 0.747132 -0.011439 0.000000 0.179320 0.144608 -0.973105 0.000000 27.716923 17.671152 -30.962614 1.000000
aniFrame
  m_time 1.957000
  m_vertexTransformMat -0.716533 -0.659041 -0.228574 0.000000 -0.667203 0.743123 -0.051081 0.000000 0.203524 0.115904 -0.972186 0.000000 28.028643 17.155615 -30.808231 1.000000
aniFrame
  m_time 1.973000
  m_vertexTransformMat -0.706797 -0.670544 -0.225409 0.000000 -0.670047 0.736758 -0.090688 0.000000 0.226882 0.086936 -0.970035 0.000000 28.286095 16.666225 -30.704370 1.000000
aniFrame
  m_time 1.989000
  m_vertexTransformMat -0.697656 -0.681649 -0.220526 0.000000 -0.671083 0.729540 -0.131979 0.000000 0.250846 0.055916 -0.966411 0.000000 28.555630 16.124193 -30.641302 1.000000
aniFrame
  m_time 2.005000
  m_vertexTransformMat -0.687443 -0.693687 -0.214991 0.000000 -0.672227 0.719825 -0.173098 0.000000 0.274832 0.025528 -0.961153 0.000000 28.788757 15.619450 -30.591013 1.000000
aniFrame
  m_time 2.021000
  m_vertexTransformMat -0.678175 -0.705134 -0.207035 0.000000 -0.671881 0.709048 -0.214074 0.000000 0.297749 -0.006077 -0.954625 0.000000 28.995193 15.076267 -30.608252 1.000000
aniFrame
  m_time 2.037000
  m_vertexTransformMat -0.669191 -0.715840 -0.199386 0.000000 -0.669745 0.697260 -0.255481 0.000000 0.321907 -0.037428 -0.946031 0.000000 29.224737 14.514877 -30.590298 1.000000
aniFrame
  m_time 2.053000
