m_aniFrameList.size 202
aniFrame
  m_time -1.066000
  m_vertexTransformMat 0.041935 -0.102514 0.993847 0.000000 0.893930 0.448127 0.008504 0.000000 -0.446241 0.888073 0.110433 0.000000 -7.923344 10.283682 -2.667378 1.000000
aniFrame
  m_time -1.050000
  m_vertexTransformMat 0.027985 -0.128702 0.991289 0.000000 0.876184 0.480505 0.037650 0.000000 -0.481164 0.867497 0.126214 0.000000 -8.740294 9.480412 -2.762020 1.000000
aniFrame
  m_time -1.034000
  m_vertexTransformMat 0.015130 -0.155758 0.987680 0.000000 0.856033 0.512469 0.067704 0.000000 -0.516701 0.844462 0.141088 0.000000 -9.537900 8.637031 -2.892946 1.000000
aniFrame
  m_time -1.018000
  m_vertexTransformMat 0.001763 -0.187332 0.982295 0.000000 0.832322 0.544753 0.102395 0.000000 -0.554290 0.817406 0.156881 0.000000 -10.354874 7.679705 -3.071744 1.000000
aniFrame
  m_time -1.002000
  m_vertexTransformMat -0.010195 -0.221028 0.975214 0.000000 0.805592 0.575945 0.138957 0.000000 -0.592383 0.787041 0.172187 0.000000 -11.138669 6.654683 -3.293054 1.000000
aniFrame
  m_time -0.986000
  m_vertexTransformMat -0.019352 -0.255266 0.966677 0.000000 0.776936 0.604701 0.175234 0.000000 -0.629282 0.754437 0.186623 0.000000 -11.838949 5.598211 -3.535060 1.000000
aniFrame
  m_time -0.970000
  m_vertexTransformMat -0.025467 -0.289494 0.956841 0.000000 0.746761 0.630825 0.210732 0.000000 -0.664605 0.719898 0.200118 0.000000 -12.447594 4.522583 -3.790796 1.000000
aniFrame
  m_time -0.954000
  m_vertexTransformMat -0.027616 -0.321413 0.946536 0.000000 0.716804 0.653614 0.242860 0.000000 -0.696727 0.685188 0.212340 0.000000 -12.920922 3.482570 -4.020878 1.000000
aniFrame
  m_time -0.938000
  m_vertexTransformMat -0.026113 -0.350939 0.936035 0.000000 0.687689 0.673283 0.271613 0.000000 -0.725535 0.650793 0.223756 0.000000 -13.269500 2.484095 -4.217516 1.000000
aniFrame
  m_time -0.922000
  m_vertexTransformMat -0.020579 -0.375436 0.926620 0.000000 0.661479 0.689851 0.294196 0.000000 -0.749681 0.618994 0.234146 0.000000 -13.484410 1.591369 -4.343757 1.000000
aniFrame
  m_time -0.906000
  m_vertexTransformMat -0.011659 -0.395178 0.918531 0.000000 0.638773 0.703785 0.310896 0.000000 -0.769307 0.590357 0.244224 0.000000 -13.580788 0.804923 -4.390872 1.000000
aniFrame
  m_time -0.890000
  m_vertexTransformMat 0.000803 -0.407087 0.913389 0.000000 0.621884 0.715487 0.318338 0.000000 -0.783109 0.567766 0.253736 0.000000 -13.573507 0.201253 -4.342271 1.000000
aniFrame
  m_time -0.874000
  m_vertexTransformMat 0.016077 -0.411766 0.911148 0.000000 0.610954 0.725408 0.317047 0.000000 -0.791503 0.551573 0.263233 0.000000 -13.476992 -0.226283 -4.191083 1.000000
aniFrame
  m_time -0.858000
  m_vertexTransformMat 0.033272 -0.410569 0.911223 0.000000 0.605170 0.733867 0.308561 0.000000 -0.795401 0.541178 0.272881 0.000000 -13.320911 -0.514438 -3.959568 1.000000
aniFrame
  m_time -0.842000
  m_vertexTransformMat 0.052260 -0.403407 0.913527 0.000000 0.604644 0.740823 0.292553 0.000000 -0.794780 0.537070 0.282633 0.000000 -13.108912 -0.655144 -3.646661 1.000000
aniFrame
  m_time -0.826000
  m_vertexTransformMat 0.071824 -0.393766 0.916400 0.000000 0.606472 0.746659 0.273298 0.000000 -0.791854 0.536142 0.292436 0.000000 -12.872747 -0.745038 -3.304653 1.000000
aniFrame
  m_time -0.810000
  m_vertexTransformMat 0.092205 -0.381823 0.919625 0.000000 0.610699 0.751149 0.250642 0.000000 -0.786476 0.538504 0.302438 0.000000 -12.612403 -0.784153 -2.932885 1.000000
aniFrame
  m_time -0.794000
  m_vertexTransformMat 0.112761 -0.367477 0.923172 0.000000 0.616269 0.754672 0.225130 0.000000 -0.779421 0.543536 0.311562 0.000000 -12.330356 -0.775863 -2.562148 1.000000
aniFrame
  m_time -0.778000
  m_vertexTransformMat 0.134406 -0.350742 0.926777 0.000000 0.623607 0.756777 0.195966 0.000000 -0.770097 0.551605 0.320440 0.000000 -12.019311 -0.712090 -2.185149 1.000000
aniFrame
  m_time -0.762000
  m_vertexTransformMat 0.155588 -0.331863 0.930408 0.000000 0.631099 0.757988 0.164828 0.000000 -0.759938 0.561534 0.327372 0.000000 -11.694059 -0.609040 -1.843923 1.000000
aniFrame
  m_time -0.746000
  m_vertexTransformMat 0.178061 -0.310637 0.933702 0.000000 0.639075 0.758024 0.130316 0.000000 -0.748249 0.573501 0.333495 0.000000 -11.341929 -0.456610 -1.527639 1.000000
aniFrame
  m_time -0.730000
  m_vertexTransformMat 0.199974 -0.288108 0.936485 0.000000 0.647581 0.756134 0.094341 0.000000 -0.735288 0.587584 0.337781 0.000000 -10.976819 -0.262130 -1.260715 1.000000
aniFrame
  m_time -0.714000
  m_vertexTransformMat 0.222416 -0.262984 0.938813 0.000000 0.654539 0.753942 0.056130 0.000000 -0.722572 0.602006 0.339822 0.000000 -10.592213 -0.031597 -1.047458 1.000000
aniFrame
  m_time -0.698000
  m_vertexTransformMat 0.245497 -0.237211 0.939927 0.000000 0.662003 0.749326 0.016202 0.000000 -0.708155 0.618257 0.340991 0.000000 -10.186489 0.236828 -0.875651 1.000000
aniFrame
  m_time -0.682000
  m_vertexTransformMat 0.267441 -0.209607 0.940500 0.000000 0.668048 0.743724 -0.024214 0.000000 -0.694396 0.634775 0.338930 0.000000 -9.774954 0.541591 -0.765761 1.000000
aniFrame
  m_time -0.666000
  m_vertexTransformMat 0.291180 -0.180367 0.939511 0.000000 0.671534 0.737988 -0.066448 0.000000 -0.681363 0.650262 0.336010 0.000000 -9.338737 0.859997 -0.695499 1.000000
aniFrame
  m_time -0.650000
  m_vertexTransformMat 0.313625 -0.150578 0.937531 0.000000 0.674160 0.730621 -0.108175 0.000000 -0.668691 0.665972 0.330655 0.000000 -8.910332 1.204279 -0.686490 1.000000
aniFrame
  m_time -0.634000
  m_vertexTransformMat 0.335944 -0.119316 0.934294 0.000000 0.674715 0.722608 -0.150325 0.000000 -0.657192 0.680883 0.323260 0.000000 -8.467532 1.579069 -0.728632 1.000000
aniFrame
  m_time -0.618000
  m_vertexTransformMat 0.358231 -0.088006 0.929476 0.000000 0.673317 0.714017 -0.191898 0.000000 -0.646773 0.694576 0.315039 0.000000 -8.027549 1.954713 -0.816652 1.000000
aniFrame
  m_time -0.602000
  m_vertexTransformMat 0.379006 -0.055596 0.923722 0.000000 0.670167 0.704838 -0.232550 0.000000 -0.638146 0.707186 0.304397 0.000000 -7.606379 2.360612 -0.959374 1.000000
aniFrame
  m_time -0.586000
  m_vertexTransformMat 0.400190 -0.023304 0.916136 0.000000 0.664513 0.695790 -0.272576 0.000000 -0.631086 0.717867 0.293933 0.000000 -7.177051 2.763370 -1.133106 1.000000
aniFrame
  m_time -0.570000
  m_vertexTransformMat 0.419223 0.009269 0.907836 0.000000 0.657259 0.686722 -0.310522 0.000000 -0.626309 0.726861 0.281797 0.000000 -6.790562 3.178358 -1.352997 1.000000
aniFrame
  m_time -0.554000
  m_vertexTransformMat 0.437334 0.041056 0.898361 0.000000 0.648168 0.678084 -0.346525 0.000000 -0.623392 0.733836 0.269938 0.000000 -6.422470 3.590068 -1.587576 1.000000
aniFrame
  m_time -0.538000
  m_vertexTransformMat 0.454381 0.072684 0.887837 0.000000 0.636752 0.670493 -0.380771 0.000000 -0.622964 0.738347 0.258378 0.000000 -6.077234 3.996795 -1.848473 1.000000
aniFrame
  m_time -0.522000
  m_vertexTransformMat 0.472116 0.110558 0.874576 0.000000 0.619271 0.664478 -0.418296 0.000000 -0.627383 0.739084 0.245245 0.000000 -5.722650 4.503211 -2.187031 1.000000
aniFrame
  m_time -0.506000
  m_vertexTransformMat 0.489889 0.152998 0.858254 0.000000 0.596158 0.659517 -0.457856 0.000000 -0.636085 0.735954 0.231879 0.000000 -5.367746 5.075634 -2.599952 1.000000
aniFrame
  m_time -0.490000
  m_vertexTransformMat 0.507429 0.203272 0.837375 0.000000 0.566163 0.653936 -0.501824 0.000000 -0.649596 0.728731 0.216741 0.000000 -5.020750 5.771689 -3.127214 1.000000
aniFrame
  m_time -0.474000
  m_vertexTransformMat 0.524418 0.259805 0.810856 0.000000 0.529105 0.646689 -0.549401 0.000000 -0.667108 0.717144 0.201671 0.000000 -4.685472 6.562078 -3.770312 1.000000
aniFrame
  m_time -0.458000
  m_vertexTransformMat 0.537800 0.317278 0.781093 0.000000 0.490027 0.636271 -0.595847 0.000000 -0.686036 0.703203 0.186711 0.000000 -4.418691 7.383446 -4.470814 1.000000
aniFrame
  m_time -0.442000
  m_vertexTransformMat 0.548915 0.375333 0.746872 0.000000 0.447572 0.622658 -0.641854 0.000000 -0.705955 0.686602 0.173797 0.000000 -4.207303 8.220777 -5.225617 1.000000
aniFrame
  m_time -0.426000
  m_vertexTransformMat 0.554778 0.428723 0.713035 0.000000 0.408453 0.606287 -0.682337 0.000000 -0.724836 0.669786 0.161242 0.000000 -4.090553 9.019961 -5.963539 1.000000
aniFrame
  m_time -0.410000
  m_vertexTransformMat 0.558715 0.478071 0.677707 0.000000 0.369816 0.587801 -0.719533 0.000000 -0.742344 0.652640 0.151615 0.000000 -4.050717 9.778277 -6.666062 1.000000
aniFrame
  m_time -0.394000
  m_vertexTransformMat 0.558164 0.519190 0.647220 0.000000 0.337986 0.570118 -0.748820 0.000000 -0.757772 0.636716 0.142740 0.000000 -4.082034 10.445596 -7.273012 1.000000
aniFrame
  m_time -0.378000
  m_vertexTransformMat 0.556025 0.551987 0.621407 0.000000 0.313363 0.553245 -0.771832 0.000000 -0.769831 0.623883 0.134645 0.000000 -4.152872 11.038977 -7.768833 1.000000
aniFrame
  m_time -0.362000
  m_vertexTransformMat 0.553599 0.574342 0.603042 0.000000 0.294775 0.542105 -0.786912 0.000000 -0.778868 0.613395 0.130807 0.000000 -4.246579 11.507448 -8.083870 1.000000
aniFrame
  m_time -0.346000
  m_vertexTransformMat 0.548729 0.584298 0.597907 0.000000 0.291063 0.536927 -0.791829 0.000000 -0.783696 0.608527 0.124560 0.000000 -4.324862 11.859620 -8.217013 1.000000
aniFrame
  m_time -0.330000
  m_vertexTransformMat 0.545807 0.583483 0.601367 0.000000 0.296464 0.536799 -0.789909 0.000000 -0.783712 0.609421 0.120008 0.000000 -4.365383 12.125875 -8.185512 1.000000
aniFrame
  m_time -0.314000
  m_vertexTransformMat 0.540992 0.572613 0.615989 0.000000 0.312705 0.542964 -0.779363 0.000000 -0.780733 0.614251 0.114680 0.000000 -4.401265 12.292433 -7.980867 1.000000
aniFrame
  m_time -0.298000
  m_vertexTransformMat 0.534387 0.556684 0.636029 0.000000 0.336219 0.550390 -0.764217 0.000000 -0.775492 0.622233 0.106954 0.000000 -4.432932 12.406414 -7.707621 1.000000
aniFrame
  m_time -0.282000
  m_vertexTransformMat 0.527158 0.536017 0.659387 0.000000 0.363536 0.559114 -0.745140 0.000000 -0.768080 0.632517 0.099879 0.000000 -4.455816 12.492695 -7.373989 1.000000
aniFrame
  m_time -0.266000
  m_vertexTransformMat 0.517274 0.511003 0.686516 0.000000 0.396040 0.568186 -0.721331 0.000000 -0.758671 0.645013 0.091530 0.000000 -4.482244 12.545488 -6.994157 1.000000
aniFrame
  m_time -0.250000
  m_vertexTransformMat 0.505970 0.482077 0.715260 0.000000 0.431577 0.576483 -0.693837 0.000000 -0.746817 0.659750 0.083630 0.000000 -4.511971 12.571890 -6.584110 1.000000
aniFrame
  m_time -0.234000
  m_vertexTransformMat 0.491488 0.448896 0.746279 0.000000 0.470624 0.584119 -0.661300 0.000000 -0.732771 0.676238 0.075826 0.000000 -4.552282 12.567560 -6.142584 1.000000
aniFrame
  m_time -0.218000
  m_vertexTransformMat 0.474242 0.412887 0.777572 0.000000 0.511622 0.589517 -0.625070 0.000000 -0.716475 0.694258 0.068331 0.000000 -4.604345 12.537595 -5.697592 1.000000
aniFrame
  m_time -0.202000
  m_vertexTransformMat 0.454409 0.373846 0.808549 0.000000 0.553618 0.592571 -0.585121 0.000000 -0.697868 0.713512 0.062301 0.000000 -4.668813 12.479430 -5.249445 1.000000
aniFrame
  m_time -0.186000
  m_vertexTransformMat 0.431101 0.332972 0.838619 0.000000 0.596076 0.592643 -0.541727 0.000000 -0.677382 0.733419 0.057012 0.000000 -4.750948 12.398229 -4.819065 1.000000
aniFrame
  m_time -0.170000
  m_vertexTransformMat 0.405001 0.290393 0.866976 0.000000 0.637974 0.589488 -0.495473 0.000000 -0.654953 0.753775 0.053480 0.000000 -4.852715 12.295129 -4.410254 1.000000
aniFrame
  m_time -0.154000
  m_vertexTransformMat 0.375963 0.246999 0.893109 0.000000 0.678330 0.583257 -0.446855 0.000000 -0.631285 0.773824 0.051736 0.000000 -4.980385 12.166368 -4.037109 1.000000
aniFrame
  m_time -0.138000
  m_vertexTransformMat 0.344152 0.203654 0.916562 0.000000 0.716815 0.573500 -0.396579 0.000000 -0.606413 0.793488 0.051389 0.000000 -5.141227 12.030661 -3.711942 1.000000
aniFrame
  m_time -0.122000
  m_vertexTransformMat 0.310478 0.160348 0.936959 0.000000 0.752120 0.561328 -0.345292 0.000000 -0.581309 0.811911 0.053679 0.000000 -5.331114 11.863558 -3.420471 1.000000
aniFrame
  m_time -0.106000
  m_vertexTransformMat 0.274779 0.118715 0.954151 0.000000 0.784365 0.546281 -0.293851 0.000000 -0.556119 0.829146 0.056991 0.000000 -5.560908 11.701887 -3.188003 1.000000
aniFrame
  m_time -0.090000
  m_vertexTransformMat 0.237615 0.078292 0.968199 0.000000 0.812723 0.529877 -0.242306 0.000000 -0.531997 0.844453 0.062276 0.000000 -5.834257 11.514830 -2.994735 1.000000
aniFrame
  m_time -0.074000
  m_vertexTransformMat 0.200660 0.040169 0.978837 0.000000 0.836931 0.512303 -0.192593 0.000000 -0.509197 0.857865 0.069180 0.000000 -6.123940 11.326500 -2.846227 1.000000
aniFrame
  m_time -0.058000
  m_vertexTransformMat 0.162900 0.004712 0.986632 0.000000 0.856955 0.494910 -0.143853 0.000000 -0.488971 0.868932 0.076583 0.000000 -6.471482 11.129592 -2.747905 1.000000
aniFrame
  m_time -0.042000
  m_vertexTransformMat 0.127031 -0.028681 0.991484 0.000000 0.872632 0.478453 -0.097963 0.000000 -0.471569 0.877645 0.085806 0.000000 -6.827618 10.912251 -2.677867 1.000000
aniFrame
  m_time -0.026000
  m_vertexTransformMat 0.093052 -0.058009 0.993970 0.000000 0.884064 0.464036 -0.055681 0.000000 -0.458008 0.883915 0.094463 0.000000 -7.210783 10.707080 -2.652646 1.000000
aniFrame
  m_time -0.010000
  m_vertexTransformMat 0.061633 -0.085061 0.994468 0.000000 0.891878 0.451971 -0.016616 0.000000 -0.448057 0.887968 0.103721 0.000000 -7.606575 10.481604 -2.647110 1.000000
aniFrame
  m_time 0.005000
  m_vertexTransformMat 0.032414 -0.111183 0.993272 0.000000 0.893821 0.447934 0.020972 0.000000 -0.447252 0.887126 0.113897 0.000000 -8.106253 10.164360 -2.687928 1.000000
aniFrame
  m_time 0.021000
  m_vertexTransformMat 0.005666 -0.137797 0.990444 0.000000 0.889638 0.452976 0.057931 0.000000 -0.456630 0.880809 0.125156 0.000000 -8.724229 9.718616 -2.777281 1.000000
aniFrame
  m_time 0.037000
  m_vertexTransformMat -0.018271 -0.166396 0.985890 0.000000 0.878968 0.467290 0.095158 0.000000 -0.476531 0.868304 0.137719 0.000000 -9.453117 9.111704 -2.921515 1.000000
aniFrame
  m_time 0.053000
  m_vertexTransformMat -0.038873 -0.198371 0.979356 0.000000 0.860321 0.491885 0.133781 0.000000 -0.508269 0.847761 0.151541 0.000000 -10.304046 8.291588 -3.137179 1.000000
aniFrame
  m_time 0.069000
  m_vertexTransformMat -0.054235 -0.231639 0.971289 0.000000 0.835952 0.521469 0.171041 0.000000 -0.546117 0.821227 0.165358 0.000000 -11.147704 7.337315 -3.390048 1.000000
aniFrame
  m_time 0.085000
  m_vertexTransformMat -0.063376 -0.266111 0.961857 0.000000 0.805961 0.554753 0.206584 0.000000 -0.588567 0.788311 0.179317 0.000000 -11.942657 6.248082 -3.668093 1.000000
aniFrame
  m_time 0.101000
  m_vertexTransformMat -0.065890 -0.299729 0.951747 0.000000 0.772452 0.588467 0.238800 0.000000 -0.631646 0.750913 0.192752 0.000000 -12.616501 5.092533 -3.937014 1.000000
aniFrame
  m_time 0.117000
  m_vertexTransformMat -0.061501 -0.331653 0.941395 0.000000 0.736763 0.621209 0.266984 0.000000 -0.673349 0.710004 0.206145 0.000000 -13.125903 3.901469 -4.166122 1.000000
aniFrame
  m_time 0.133000
  m_vertexTransformMat -0.051167 -0.359955 0.931566 0.000000 0.701287 0.651169 0.290129 0.000000 -0.711040 0.668140 0.219113 0.000000 -13.466049 2.744858 -4.337752 1.000000
aniFrame
  m_time 0.149000
  m_vertexTransformMat -0.035911 -0.383328 0.922914 0.000000 0.668389 0.677346 0.307340 0.000000 -0.742944 0.627903 0.231888 0.000000 -13.631982 1.681546 -4.421679 1.000000
aniFrame
  m_time 0.165000
  m_vertexTransformMat -0.017413 -0.400626 0.916077 0.000000 0.640244 0.699268 0.317980 0.000000 -0.767974 0.592050 0.244322 0.000000 -13.657036 0.767448 -4.417519 1.000000
aniFrame
  m_time 0.181000
  m_vertexTransformMat 0.001741 -0.409642 0.912245 0.000000 0.620764 0.715641 0.320173 0.000000 -0.783996 0.565731 0.255537 0.000000 -13.582619 0.112929 -4.316478 1.000000
aniFrame
  m_time 0.197000
  m_vertexTransformMat 0.021203 -0.412078 0.910902 0.000000 0.608748 0.728064 0.315196 0.000000 -0.793080 0.547827 0.266289 0.000000 -13.436648 -0.333740 -4.125645 1.000000
aniFrame
  m_time 0.213000
  m_vertexTransformMat 0.040124 -0.408612 0.911826 0.000000 0.603996 0.736881 0.303637 0.000000 -0.795977 0.538556 0.276367 0.000000 -13.250623 -0.587400 -3.860322 1.000000
aniFrame
  m_time 0.229000
  m_vertexTransformMat 0.058795 -0.400316 0.914489 0.000000 0.605037 0.742935 0.286319 0.000000 -0.794024 0.536465 0.285887 0.000000 -13.031460 -0.688168 -3.534248 1.000000
aniFrame
  m_time 0.245000
  m_vertexTransformMat 0.078571 -0.390075 0.917425 0.000000 0.607652 0.748290 0.266121 0.000000 -0.790307 0.536566 0.295824 0.000000 -12.788366 -0.764150 -3.182666 1.000000
aniFrame
  m_time 0.261000
  m_vertexTransformMat 0.099038 -0.377294 0.920783 0.000000 0.612445 0.752421 0.242433 0.000000 -0.784285 0.539919 0.305590 0.000000 -12.520750 -0.786186 -2.808064 1.000000
aniFrame
  m_time 0.277000
  m_vertexTransformMat 0.119914 -0.362160 0.924371 0.000000 0.618569 0.755525 0.215764 0.000000 -0.776526 0.545914 0.314619 0.000000 -12.229401 -0.760435 -2.435780 1.000000
aniFrame
  m_time 0.293000
  m_vertexTransformMat 0.141563 -0.344675 0.927987 0.000000 0.626169 0.757241 0.185735 0.000000 -0.766728 0.554784 0.323022 0.000000 -11.911874 -0.681166 -2.065486 1.000000
aniFrame
  m_time 0.309000
  m_vertexTransformMat 0.162924 -0.325017 0.931568 0.000000 0.633643 0.758202 0.153711 0.000000 -0.756275 0.565238 0.329474 0.000000 -11.579895 -0.564354 -1.735995 1.000000
aniFrame
  m_time 0.325000
  m_vertexTransformMat 0.185584 -0.303227 0.934672 0.000000 0.641928 0.757582 0.118317 0.000000 -0.743967 0.578034 0.335245 0.000000 -11.220305 -0.395089 -1.430897 1.000000
aniFrame
  m_time 0.341000
  m_vertexTransformMat 0.207193 -0.280032 0.937365 0.000000 0.650024 0.755476 0.082014 0.000000 -0.731123 0.592316 0.338557 0.000000 -10.852403 -0.190142 -1.185758 1.000000
aniFrame
  m_time 0.357000
  m_vertexTransformMat 0.230265 -0.254306 0.939312 0.000000 0.656877 0.752784 0.042778 0.000000 -0.717977 0.607162 0.340388 0.000000 -10.457523 0.054540 -0.984213 1.000000
aniFrame
  m_time 0.373000
  m_vertexTransformMat 0.252721 -0.228417 0.940191 0.000000 0.664417 0.747356 0.002974 0.000000 -0.703337 0.623927 0.340637 0.000000 -10.051476 0.334565 -0.833090 1.000000
aniFrame
  m_time 0.389000
  m_vertexTransformMat 0.275165 -0.199841 0.940398 0.000000 0.669361 0.741955 -0.038188 0.000000 -0.690102 0.639974 0.337926 0.000000 -9.632001 0.647662 -0.738439 1.000000
aniFrame
  m_time 0.405000
  m_vertexTransformMat 0.298969 -0.170697 0.938872 0.000000 0.672571 0.735651 -0.080420 0.000000 -0.676954 0.655501 0.334742 0.000000 -9.193753 0.968817 -0.683905 1.000000
aniFrame
  m_time 0.421000
  m_vertexTransformMat 0.320857 -0.140216 0.936691 0.000000 0.674626 0.727990 -0.122113 0.000000 -0.664780 0.671097 0.328173 0.000000 -8.766834 1.328416 -0.697081 1.000000
aniFrame
  m_time 0.437000
  m_vertexTransformMat 0.343789 -0.108953 0.932705 0.000000 0.674353 0.719860 -0.164472 0.000000 -0.653497 0.685516 0.320953 0.000000 -8.314289 1.701830 -0.749360 1.000000
aniFrame
  m_time 0.453000
  m_vertexTransformMat 0.365104 -0.077316 0.927751 0.000000 0.672546 0.710975 -0.205421 0.000000 -0.643725 0.698955 0.311578 0.000000 -7.888838 2.087168 -0.860400 1.000000
aniFrame
  m_time 0.469000
  m_vertexTransformMat 0.386312 -0.044745 0.921282 0.000000 0.668439 0.701836 -0.246203 0.000000 -0.635572 0.710932 0.301037 0.000000 -7.458581 2.496680 -1.011548 1.000000
aniFrame
  m_time 0.485000
  m_vertexTransformMat 0.406700 -0.012548 0.913476 0.000000 0.662319 0.692750 -0.285363 0.000000 -0.629229 0.721069 0.290052 0.000000 -7.044778 2.898457 -1.202354 1.000000
aniFrame
  m_time 0.501000
  m_vertexTransformMat 0.425458 0.020299 0.904751 0.000000 0.654281 0.683796 -0.323016 0.000000 -0.625222 0.729391 0.277645 0.000000 -6.664221 3.322619 -1.431476 1.000000
aniFrame
  m_time 0.517000
  m_vertexTransformMat 0.443029 0.051189 0.895045 0.000000 0.644843 0.675388 -0.357811 0.000000 -0.622818 0.735684 0.266207 0.000000 -6.306593 3.719232 -1.668520 1.000000
aniFrame
  m_time 0.533000
  m_vertexTransformMat 0.460209 0.084736 0.883758 0.000000 0.631609 0.668306 -0.392984 0.000000 -0.623921 0.739044 0.254040 0.000000 -5.960573 4.157049 -1.953078 1.000000
aniFrame
  m_time 0.549000
  m_vertexTransformMat 0.478080 0.124062 0.869510 0.000000 0.612212 0.662784 -0.431177 0.000000 -0.629790 0.738462 0.240912 0.000000 -5.603429 4.684136 -2.314915 1.000000
aniFrame
  m_time 0.565000
  m_vertexTransformMat 0.495674 0.168737 0.851960 0.000000 0.587100 0.657774 -0.471855 0.000000 -0.640016 0.734072 0.226976 0.000000 -5.252593 5.292166 -2.760570 1.000000
aniFrame
  m_time 0.581000
  m_vertexTransformMat 0.513367 0.221737 0.829028 0.000000 0.554306 0.651805 -0.517585 0.000000 -0.655133 0.725246 0.211705 0.000000 -4.904207 6.028450 -3.331661 1.000000
aniFrame
  m_time 0.597000
  m_vertexTransformMat 0.529222 0.278924 0.801328 0.000000 0.516299 0.643591 -0.565000 0.000000 -0.673319 0.712735 0.196594 0.000000 -4.588773 6.833636 -3.998663 1.000000
aniFrame
  m_time 0.613000
  m_vertexTransformMat 0.541953 0.336823 0.769959 0.000000 0.475947 0.632080 -0.611514 0.000000 -0.692648 0.697871 0.182248 0.000000 -4.340004 7.663582 -4.719074 1.000000
aniFrame
  m_time 0.629000
  m_vertexTransformMat 0.551406 0.393782 0.735451 0.000000 0.434003 0.617485 -0.656014 0.000000 -0.712456 0.680918 0.169582 0.000000 -4.157248 8.492695 -5.476631 1.000000
aniFrame
  m_time 0.645000
  m_vertexTransformMat 0.556383 0.445761 0.701238 0.000000 0.395392 0.600226 -0.695266 0.000000 -0.730824 0.664098 0.157706 0.000000 -4.068931 9.279593 -6.203766 1.000000
aniFrame
  m_time 0.661000
  m_vertexTransformMat 0.559136 0.492901 0.666645 0.000000 0.357998 0.581717 -0.730372 0.000000 -0.747800 0.647035 0.148802 0.000000 -4.054238 10.012197 -6.881815 1.000000
aniFrame
  m_time 0.677000
  m_vertexTransformMat 0.557322 0.531064 0.638250 0.000000 0.329334 0.564255 -0.757071 0.000000 -0.762189 0.632129 0.139574 0.000000 -4.102860 10.652853 -7.453384 1.000000
aniFrame
  m_time 0.693000
  m_vertexTransformMat 0.555483 0.560777 0.613976 0.000000 0.306105 0.548616 -0.778023 0.000000 -0.773135 0.620120 0.133091 0.000000 -4.181944 11.211946 -7.896990 1.000000
aniFrame
  m_time 0.709000
  m_vertexTransformMat 0.551982 0.579031 0.600031 0.000000 0.291904 0.539876 -0.789510 0.000000 -0.781094 0.610947 0.128981 0.000000 -4.277726 11.634880 -8.146770 1.000000
aniFrame
  m_time 0.725000
  m_vertexTransformMat 0.547484 0.585054 0.598309 0.000000 0.292312 0.536236 -0.791836 0.000000 -0.784102 0.608410 0.122562 0.000000 -4.340525 11.958036 -8.224732 1.000000
aniFrame
  m_time 0.741000
  m_vertexTransformMat 0.544659 0.580861 0.604936 0.000000 0.300393 0.538337 -0.787374 0.000000 -0.783014 0.610569 0.118724 0.000000 -4.377362 12.191607 -8.133203 1.000000
aniFrame
  m_time 0.757000
  m_vertexTransformMat 0.538704 0.567572 0.622624 0.000000 0.320333 0.545534 -0.774455 0.000000 -0.779221 0.616649 0.112069 0.000000 -4.413076 12.332767 -7.891993 1.000000
aniFrame
  m_time 0.773000
  m_vertexTransformMat 0.532314 0.550497 0.643114 0.000000 0.344563 0.553023 -0.758580 0.000000 -0.773252 0.625396 0.104701 0.000000 -4.440580 12.439625 -7.605938 1.000000
aniFrame
  m_time 0.789000
  m_vertexTransformMat 0.524059 0.527996 0.668269 0.000000 0.373999 0.562276 -0.737543 0.000000 -0.765172 0.636448 0.097195 0.000000 -4.464151 12.513394 -7.249196 1.000000
aniFrame
  m_time 0.805000
  m_vertexTransformMat 0.513779 0.501969 0.695744 0.000000 0.407424 0.570922 -0.712779 0.000000 -0.755008 0.649673 0.088814 0.000000 -4.491484 12.557482 -6.863444 1.000000
aniFrame
  m_time 0.821000
  m_vertexTransformMat 0.501531 0.471362 0.725455 0.000000 0.444283 0.579197 -0.683479 0.000000 -0.742347 0.665093 0.081067 0.000000 -4.523933 12.573944 -6.438203 1.000000
aniFrame
  m_time 0.837000
  m_vertexTransformMat 0.485962 0.437285 0.756718 0.000000 0.484109 0.586187 -0.649634 0.000000 -0.727653 0.682031 0.073171 0.000000 -4.568575 12.559778 -5.995442 1.000000
aniFrame
  m_time 0.853000
  m_vertexTransformMat 0.467984 0.400150 0.787954 0.000000 0.525557 0.590797 -0.612168 0.000000 -0.710479 0.700599 0.066181 0.000000 -4.624141 12.521969 -5.547648 1.000000
aniFrame
  m_time 0.869000
  m_vertexTransformMat 0.446968 0.360408 0.818734 0.000000 0.567722 0.593019 -0.570982 0.000000 -0.691311 0.720024 0.060449 0.000000 -4.694288 12.452799 -5.103276 1.000000
aniFrame
  m_time 0.885000
  m_vertexTransformMat 0.422709 0.318958 0.848282 0.000000 0.610189 0.591896 -0.526620 0.000000 -0.670065 0.740220 0.055576 0.000000 -4.782413 12.367923 -4.680457 1.000000
aniFrame
  m_time 0.901000
  m_vertexTransformMat 0.395662 0.275906 0.875972 0.000000 0.651553 0.587875 -0.479460 0.000000 -0.647248 0.760447 0.052832 0.000000 -4.892011 12.251281 -4.279456 1.000000
aniFrame
  m_time 0.917000
  m_vertexTransformMat 0.365632 0.232573 0.901234 0.000000 0.691449 0.580311 -0.430277 0.000000 -0.623067 0.780480 0.051368 0.000000 -5.030128 12.124129 -3.924685 1.000000
aniFrame
  m_time 0.933000
  m_vertexTransformMat 0.333088 0.189123 0.923734 0.000000 0.728934 0.569769 -0.379499 0.000000 -0.598087 0.799748 0.051925 0.000000 -5.202125 11.975920 -3.609584 1.000000
aniFrame
  m_time 0.949000
  m_vertexTransformMat 0.298844 0.146270 0.943026 0.000000 0.763233 0.556565 -0.328195 0.000000 -0.572860 0.817827 0.054688 0.000000 -5.401579 11.809910 -3.336619 1.000000
aniFrame
  m_time 0.965000
  m_vertexTransformMat 0.262388 0.105150 0.959217 0.000000 0.794297 0.540926 -0.276572 0.000000 -0.547947 0.834472 0.058412 0.000000 -5.650383 11.643430 -3.120756 1.000000
aniFrame
  m_time 0.981000
  m_vertexTransformMat 0.225349 0.065217 0.972093 0.000000 0.821244 0.524108 -0.225541 0.000000 -0.524191 0.849151 0.064549 0.000000 -5.926390 11.450506 -2.938707 1.000000
aniFrame
  m_time 0.997000
  m_vertexTransformMat 0.188109 0.028180 0.981744 0.000000 0.844082 0.506414 -0.176269 0.000000 -0.502136 0.861830 0.071475 0.000000 -6.233912 11.264814 -2.809700 1.000000
aniFrame
  m_time 1.013000
  m_vertexTransformMat 0.150667 -0.006797 0.988562 0.000000 0.862670 0.489272 -0.128116 0.000000 -0.482805 0.872105 0.079581 0.000000 -6.589661 11.056757 -2.720340 1.000000
aniFrame
  m_time 1.029000
  m_vertexTransformMat 0.115536 -0.038897 0.992541 0.000000 0.876875 0.473408 -0.083519 0.000000 -0.466628 0.879984 0.088803 0.000000 -6.951415 10.842675 -2.664825 1.000000
aniFrame
  m_time 1.045000
  m_vertexTransformMat 0.082277 -0.067190 0.994342 0.000000 0.887153 0.459527 -0.042356 0.000000 -0.454081 0.885619 0.097416 0.000000 -7.338517 10.637706 -2.648359 1.000000
aniFrame
  m_time 1.061000
  m_vertexTransformMat 0.051688 -0.093823 0.994246 0.000000 0.893296 0.449451 -0.004027 0.000000 -0.446487 0.888364 0.107043 0.000000 -7.756362 10.389241 -2.653502 1.000000
aniFrame
  m_time 1.077000
  m_vertexTransformMat 0.023194 -0.119911 0.992514 0.000000 0.893083 0.448655 0.033334 0.000000 -0.449293 0.885624 0.117496 0.000000 -8.300528 10.031397 -2.712832 1.000000
aniFrame
  m_time 1.093000
  m_vertexTransformMat -0.002634 -0.147049 0.989126 0.000000 0.886870 0.456648 0.070249 0.000000 -0.462012 0.877410 0.129211 0.000000 -8.954126 9.536259 -2.818062 1.000000
aniFrame
  m_time 1.109000
  m_vertexTransformMat -0.025595 -0.176716 0.983929 0.000000 0.873601 0.474519 0.107950 0.000000 -0.485969 0.862324 0.142234 0.000000 -9.727514 8.860670 -2.986268 1.000000
aniFrame
  m_time 1.125000
  m_vertexTransformMat -0.044664 -0.209468 0.976795 0.000000 0.852658 0.501501 0.146532 0.000000 -0.520557 0.839417 0.156205 0.000000 -10.593563 7.982554 -3.219858 1.000000
aniFrame
  m_time 1.141000
  m_vertexTransformMat -0.057996 -0.242975 0.968297 0.000000 0.826626 0.532152 0.183043 0.000000 -0.559756 0.811035 0.169987 0.000000 -11.418393 6.990725 -3.479907 1.000000
aniFrame
  m_time 1.157000
  m_vertexTransformMat -0.064953 -0.277611 0.958495 0.000000 0.794942 0.566218 0.217864 0.000000 -0.603198 0.776099 0.183907 0.000000 -12.186486 5.862782 -3.762005 1.000000
aniFrame
  m_time 1.173000
  m_vertexTransformMat -0.065202 -0.310503 0.948334 0.000000 0.760860 0.599419 0.248574 0.000000 -0.645632 0.737756 0.197166 0.000000 -12.803322 4.701941 -4.017430 1.000000
aniFrame
  m_time 1.189000
  m_vertexTransformMat -0.058608 -0.341701 0.937980 0.000000 0.724638 0.631706 0.275405 0.000000 -0.686634 0.695836 0.210586 0.000000 -13.259038 3.503732 -4.231713 1.000000
aniFrame
  m_time 1.205000
  m_vertexTransformMat -0.046657 -0.368179 0.928584 0.000000 0.690134 0.660183 0.296436 0.000000 -0.722176 0.654678 0.223290 0.000000 -13.539948 2.384144 -4.375662 1.000000
aniFrame
  m_time 1.221000
  m_vertexTransformMat -0.029921 -0.389955 0.920348 0.000000 0.658201 0.685263 0.311747 0.000000 -0.752247 0.615102 0.236165 0.000000 -13.653248 1.352004 -4.430003 1.000000
aniFrame
  m_time 1.237000
  m_vertexTransformMat -0.011119 -0.404481 0.914479 0.000000 0.632818 0.705250 0.319631 0.000000 -0.774221 0.582253 0.248121 0.000000 -13.643194 0.522120 -4.395823 1.000000
aniFrame
  m_time 1.253000
  m_vertexTransformMat 0.008238 -0.411095 0.911556 0.000000 0.616013 0.720161 0.319212 0.000000 -0.787693 0.558900 0.259172 0.000000 -13.539587 -0.055861 -4.261148 1.000000
aniFrame
  m_time 1.269000
  m_vertexTransformMat 0.027612 -0.411687 0.910907 0.000000 0.606177 0.731483 0.312221 0.000000 -0.794851 0.543550 0.269753 0.000000 -13.379359 -0.445261 -4.047260 1.000000
aniFrame
  m_time 1.285000
  m_vertexTransformMat 0.046306 -0.406187 0.912616 0.000000 0.604001 0.739056 0.298292 0.000000 -0.795637 0.537408 0.279560 0.000000 -13.180440 -0.629164 -3.755513 1.000000
aniFrame
  m_time 1.301000
  m_vertexTransformMat 0.065225 -0.397158 0.915430 0.000000 0.605634 0.744853 0.280002 0.000000 -0.793066 0.536152 0.289115 0.000000 -12.953493 -0.718429 -3.421581 1.000000
aniFrame
  m_time 1.317000
  m_vertexTransformMat 0.085379 -0.386089 0.918502 0.000000 0.609084 0.749779 0.258550 0.000000 -0.788496 0.537370 0.299176 0.000000 -12.701509 -0.776957 -3.058164 1.000000
aniFrame
  m_time 1.333000
  m_vertexTransformMat 0.105830 -0.372516 0.921972 0.000000 0.614256 0.753618 0.233985 0.000000 -0.781978 0.541564 0.308576 0.000000 -12.427239 -0.783996 -2.685578 1.000000
aniFrame
  m_time 1.349000
  m_vertexTransformMat 0.127163 -0.356576 0.925572 0.000000 0.621046 0.756216 0.206007 0.000000 -0.773389 0.548627 0.317613 0.000000 -12.125413 -0.738837 -2.309290 1.000000
aniFrame
  m_time 1.365000
  m_vertexTransformMat 0.148577 -0.338393 0.929201 0.000000 0.628662 0.757642 0.175393 0.000000 -0.763353 0.558094 0.325303 0.000000 -11.803776 -0.647010 -1.952124 1.000000
aniFrame
  m_time 1.381000
  m_vertexTransformMat 0.170463 -0.317920 0.932668 0.000000 0.636304 0.758226 0.142161 0.000000 -0.752369 0.569228 0.331543 0.000000 -11.462162 -0.513324 -1.629947 1.000000
aniFrame
  m_time 1.397000
  m_vertexTransformMat 0.192903 -0.295733 0.935591 0.000000 0.644807 0.756916 0.106307 0.000000 -0.739602 0.582769 0.336702 0.000000 -11.098413 -0.329908 -1.341523 1.000000
aniFrame
  m_time 1.413000
  m_vertexTransformMat 0.214685 -0.271606 0.938159 0.000000 0.652290 0.754799 0.069254 0.000000 -0.726931 0.597084 0.339209 0.000000 -10.724136 -0.113292 -1.114818 1.000000
aniFrame
  m_time 1.429000
  m_vertexTransformMat 0.238039 -0.245689 0.939667 0.000000 0.659362 0.751251 0.029393 0.000000 -0.713147 0.612584 0.340825 0.000000 -10.321610 0.144322 -0.926351 1.000000
aniFrame
  m_time 1.445000
  m_vertexTransformMat 0.259983 -0.219178 0.940410 0.000000 0.666425 0.745499 -0.010487 0.000000 -0.698776 0.629439 0.339882 0.000000 -9.914645 0.436790 -0.796996 1.000000
aniFrame
  m_time 1.461000
  m_vertexTransformMat 0.283123 -0.190035 0.940068 0.000000 0.670474 0.740086 -0.052320 0.000000 -0.685789 0.645105 0.336949 0.000000 -9.486165 0.754055 -0.714830 1.000000
aniFrame
  m_time 1.477000
  m_vertexTransformMat 0.306388 -0.160759 0.938234 0.000000 0.673462 0.733183 -0.094299 0.000000 -0.672738 0.660757 0.332903 0.000000 -9.051868 1.083900 -0.681515 1.000000
aniFrame
  m_time 1.493000
  m_vertexTransformMat 0.328246 -0.129759 0.935638 0.000000 0.674822 0.725312 -0.136155 0.000000 -0.660962 0.676081 0.325645 0.000000 -8.619605 1.454197 -0.711645 1.000000
aniFrame
  m_time 1.509000
  m_vertexTransformMat 0.351180 -0.098543 0.931108 0.000000 0.673900 0.716988 -0.178288 0.000000 -0.650025 0.690085 0.318200 0.000000 -8.168412 1.826440 -0.779101 1.000000
aniFrame
  m_time 1.525000
  m_vertexTransformMat 0.371968 -0.066490 0.925861 0.000000 0.671522 0.707899 -0.218949 0.000000 -0.640858 0.703178 0.307965 0.000000 -7.749408 2.223106 -0.908604 1.000000
aniFrame
  m_time 1.541000
  m_vertexTransformMat 0.393405 -0.034010 0.918736 0.000000 0.666545 0.698823 -0.259548 0.000000 -0.633206 0.714486 0.297589 0.000000 -7.314815 2.630135 -1.069285 1.000000
aniFrame
  m_time 1.557000
  m_vertexTransformMat 0.413009 -0.001696 0.910726 0.000000 0.659920 0.689718 -0.297986 0.000000 -0.627639 0.724076 0.285978 0.000000 -6.916636 3.036650 -1.276076 1.000000
aniFrame
  m_time 1.573000
  m_vertexTransformMat 0.431508 0.030873 0.901581 0.000000 0.651255 0.680906 -0.335015 0.000000 -0.624234 0.731720 0.273710 0.000000 -6.541195 3.459695 -1.509308 1.000000
aniFrame
  m_time 1.589000
  m_vertexTransformMat 0.448683 0.061617 0.891564 0.000000 0.641099 0.672852 -0.369137 0.000000 -0.622635 0.737207 0.262395 0.000000 -6.192039 3.852857 -1.754594 1.000000
aniFrame
  m_time 1.605000
  m_vertexTransformMat 0.466149 0.097498 0.879317 0.000000 0.625727 0.666302 -0.405594 0.000000 -0.625436 0.739280 0.249589 0.000000 -5.841919 4.328393 -2.066864 1.000000
aniFrame
  m_time 1.621000
  m_vertexTransformMat 0.484015 0.138157 0.864084 0.000000 0.604518 0.661157 -0.444331 0.000000 -0.632683 0.737417 0.236491 0.000000 -5.484906 4.873968 -2.452008 1.000000
aniFrame
  m_time 1.637000
  m_vertexTransformMat 0.501465 0.185521 0.845054 0.000000 0.577174 0.655892 -0.486494 0.000000 -0.644518 0.731702 0.221829 0.000000 -5.137942 5.525295 -2.936130 1.000000
aniFrame
  m_time 1.653000
  m_vertexTransformMat 0.519086 0.240663 0.820141 0.000000 0.541864 0.649412 -0.533523 0.000000 -0.661009 0.721349 0.206694 0.000000 -4.791482 6.292811 -3.546959 1.000000
aniFrame
  m_time 1.669000
  m_vertexTransformMat 0.533501 0.297919 0.791594 0.000000 0.503540 0.640104 -0.580270 0.000000 -0.679576 0.708174 0.191482 0.000000 -4.502146 7.106124 -4.230229 1.000000
aniFrame
  m_time 1.685000
  m_vertexTransformMat 0.545720 0.356264 0.758463 0.000000 0.461673 0.627536 -0.626943 0.000000 -0.699320 0.692297 0.177981 0.000000 -4.268802 7.943595 -4.971841 1.000000
aniFrame
  m_time 1.701000
  m_vertexTransformMat 0.553145 0.411412 0.724411 0.000000 0.421262 0.612059 -0.669271 0.000000 -0.718727 0.675370 0.165245 0.000000 -4.119672 8.757522 -5.721259 1.000000
aniFrame
  m_time 1.717000
  m_vertexTransformMat 0.557752 0.462285 0.689352 0.000000 0.382402 0.594017 -0.707752 0.000000 -0.736670 0.658359 0.154535 0.000000 -4.055552 9.533284 -6.438984 1.000000
aniFrame
  m_time 1.733000
  m_vertexTransformMat 0.558911 0.506550 0.656526 0.000000 0.347368 0.575893 -0.740057 0.000000 -0.752964 0.641681 0.145913 0.000000 -4.065196 10.233142 -7.083120 1.000000
aniFrame
  m_time 1.749000
  m_vertexTransformMat 0.556599 0.542039 0.629596 0.000000 0.321150 0.558544 -0.764782 0.000000 -0.766198 0.627872 0.136809 0.000000 -4.126535 10.851680 -7.619922 1.000000
aniFrame
  m_time 1.765000
  m_vertexTransformMat 0.554769 0.568265 0.607705 0.000000 0.299695 0.544893 -0.783118 0.000000 -0.776153 0.616576 0.131984 0.000000 -4.213530 11.368135 -8.001976 1.000000
aniFrame
  m_time 1.781000
  m_vertexTransformMat 0.550299 0.582216 0.598494 0.000000 0.290943 0.538158 -0.791036 0.000000 -0.782638 0.609434 0.126756 0.000000 -4.303835 11.753729 -8.190969 1.000000
aniFrame
  m_time 1.797000
  m_vertexTransformMat 0.546573 0.584691 0.599495 0.000000 0.294255 0.536142 -0.791180 0.000000 -0.784010 0.608842 0.120992 0.000000 -4.352894 12.048247 -8.214571 1.000000
aniFrame
  m_time 1.813000
  m_vertexTransformMat 0.543081 0.577627 0.609434 0.000000 0.304953 0.540556 -0.784093 0.000000 -0.782347 0.611675 0.117417 0.000000 -4.391514 12.237438 -8.063055 1.000000
aniFrame
  m_time 1.829000
  m_vertexTransformMat 0.536691 0.563447 0.628084 0.000000 0.325214 0.548729 -0.770151 0.000000 -0.778587 0.617595 0.111257 0.000000 -4.430968 12.341602 -7.794273 1.000000
aniFrame
  m_time 1.845000
  m_vertexTransformMat 0.530360 0.546132 0.648427 0.000000 0.347144 0.557897 -0.753818 0.000000 -0.773440 0.624893 0.106300 0.000000 -4.464883 12.405890 -7.477435 1.000000
aniFrame
  m_time 1.861000
  m_vertexTransformMat 0.521941 0.524163 0.672927 0.000000 0.373306 0.568977 -0.732741 0.000000 -0.766955 0.633655 0.101299 0.000000 -4.503878 12.421834 -7.094644 1.000000
aniFrame
  m_time 1.877000
  m_vertexTransformMat 0.512336 0.498942 0.698978 0.000000 0.402029 0.579875 -0.708603 0.000000 -0.758871 0.644051 0.096502 0.000000 -4.550104 12.402775 -6.684158 1.000000
aniFrame
  m_time 1.893000
  m_vertexTransformMat 0.500341 0.469344 0.727582 0.000000 0.433961 0.591222 -0.679806 0.000000 -0.749224 0.655877 0.092136 0.000000 -4.610087 12.345989 -6.233921 1.000000
aniFrame
  m_time 1.909000
  m_vertexTransformMat 0.485807 0.436679 0.757168 0.000000 0.468180 0.601510 -0.647297 0.000000 -0.738105 0.668952 0.087773 0.000000 -4.686165 12.255770 -5.775787 1.000000
aniFrame
  m_time 1.925000
  m_vertexTransformMat 0.469101 0.400777 0.786971 0.000000 0.504003 0.610251 -0.611208 0.000000 -0.725208 0.683353 0.084277 0.000000 -4.779330 12.135776 -5.313336 1.000000
aniFrame
  m_time 1.941000
  m_vertexTransformMat 0.449377 0.362318 0.816570 0.000000 0.541071 0.616946 -0.571507 0.000000 -0.710847 0.698644 0.081202 0.000000 -4.892095 11.987075 -4.864751 1.000000
aniFrame
  m_time 1.957000
  m_vertexTransformMat 0.426937 0.321706 0.845121 0.000000 0.578848 0.620787 -0.528732 0.000000 -0.694737 0.714932 0.078818 0.000000 -5.026199 11.821576 -4.440586 1.000000
aniFrame
  m_time 1.973000
  m_vertexTransformMat 0.401621 0.279276 0.872184 0.000000 0.616522 0.621786 -0.482993 0.000000 -0.677201 0.731701 0.077542 0.000000 -5.188072 11.631830 -4.051475 1.000000
aniFrame
  m_time 1.989000
  m_vertexTransformMat 0.373352 0.236083 0.897148 0.000000 0.653901 0.619012 -0.435015 0.000000 -0.658044 0.749060 0.076734 0.000000 -5.382869 11.442942 -3.716496 1.000000
aniFrame
  m_time 2.005000
  m_vertexTransformMat 0.342520 0.192073 0.919668 0.000000 0.690026 0.612897 -0.384996 0.000000 -0.637609 0.766463 0.077394 0.000000 -5.607913 11.238776 -3.423425 1.000000
aniFrame
  m_time 2.021000
  m_vertexTransformMat 0.309287 0.148596 0.939287 0.000000 0.724654 0.602776 -0.333973 0.000000 -0.615807 0.783952 0.078750 0.000000 -5.863332 11.048367 -3.189437 1.000000
aniFrame
  m_time 2.037000
  m_vertexTransformMat 0.273437 0.105806 0.956053 0.000000 0.757342 0.589086 -0.281799 0.000000 -0.593014 0.801113 0.080947 0.000000 -6.152314 10.863077 -3.004172 1.000000
aniFrame
  m_time 2.053000
  m_vertexTransformMat 0.236564 0.064382 0.969481 0.000000 0.787405 0.571875 -0.230114 0.000000 -0.569237 0.817811 0.084590 0.000000 -6.442643 10.693636 -2.860953 1.000000
aniFrame
  m_time 2.069000
  m_vertexTransformMat 0.197477 0.025374 0.979980 0.000000 0.814918 0.551407 -0.178492 0.000000 -0.544896 0.833851 0.088212 0.000000 -6.762624 10.554616 -2.769630 1.000000
aniFrame
  m_time 2.085000
  m_vertexTransformMat 0.158131 -0.011727 0.987348 0.000000 0.839347 0.528274 -0.128153 0.000000 -0.520087 0.848993 0.093379 0.000000 -7.073431 10.429908 -2.705391 1.000000
aniFrame
  m_time 2.101000
  m_vertexTransformMat 0.118904 -0.045066 0.991882 0.000000 0.860600 0.502907 -0.080317 0.000000 -0.495206 0.863165 0.098581 0.000000 -7.371787 10.352868 -2.675823 1.000000
aniFrame
  m_time 2.117000
  m_vertexTransformMat 0.080068 -0.075972 0.993890 0.000000 0.878557 0.476399 -0.034362 0.000000 -0.470878 0.875941 0.104890 0.000000 -7.661687 10.284033 -2.656026 1.000000
aniFrame
  m_time 2.133000
