m_aniFrameList.size 84
aniFrame
  m_time -1.066000
  m_vertexTransformMat -0.587987 -0.676763 -0.443017 0.000000 -0.551929 0.736066 -0.391894 0.000000 0.591309 0.014085 -0.806322 0.000000 30.773756 11.302201 -22.600969 1.000000
aniFrame
  m_time -1.027000
  m_vertexTransformMat -0.614366 -0.674822 -0.408864 0.000000 -0.470815 0.729365 -0.496347 0.000000 0.633157 -0.112439 -0.765814 0.000000 31.562571 9.201979 -22.864000 1.000000
aniFrame
  m_time -0.988000
  m_vertexTransformMat -0.643176 -0.668540 -0.373335 0.000000 -0.370248 0.698302 -0.612610 0.000000 0.670254 -0.255789 -0.696657 0.000000 32.313915 6.666804 -22.698736 1.000000
aniFrame
  m_time -0.949000
  m_vertexTransformMat -0.669288 -0.660013 -0.341230 0.000000 -0.274236 0.646267 -0.712134 0.000000 0.690543 -0.383044 -0.613538 0.000000 32.851364 4.394656 -22.136082 1.000000
aniFrame
  m_time -0.910000
  m_vertexTransformMat -0.688584 -0.652948 -0.315455 0.000000 -0.208836 0.595144 -0.776011 0.000000 0.694436 -0.468470 -0.546165 0.000000 33.157742 2.993959 -21.533636 1.000000
aniFrame
  m_time -0.871000
  m_vertexTransformMat -0.697713 -0.650648 -0.299760 0.000000 -0.196726 0.576371 -0.793156 0.000000 0.688838 -0.494424 -0.530140 0.000000 33.195034 2.938184 -21.486378 1.000000
aniFrame
  m_time -0.832000
  m_vertexTransformMat -0.695822 -0.657250 -0.289575 0.000000 -0.239730 0.592606 -0.768992 0.000000 0.677024 -0.465661 -0.569911 0.000000 32.918297 4.259270 -22.259571 1.000000
aniFrame
  m_time -0.793000
  m_vertexTransformMat -0.685531 -0.673222 -0.277162 0.000000 -0.316481 0.618405 -0.719316 0.000000 0.655658 -0.405397 -0.636998 0.000000 32.256084 6.469487 -23.577784 1.000000
aniFrame
  m_time -0.754000
  m_vertexTransformMat -0.666608 -0.696866 -0.264598 0.000000 -0.415633 0.642155 -0.644117 0.000000 0.618777 -0.319398 -0.717705 0.000000 31.068209 9.395237 -25.211710 1.000000
aniFrame
  m_time -0.715000
  m_vertexTransformMat -0.638697 -0.725988 -0.254965 0.000000 -0.524306 0.653144 -0.546358 0.000000 0.563178 -0.215278 -0.797801 0.000000 29.284592 12.794856 -26.883900 1.000000
aniFrame
  m_time -0.676000
  m_vertexTransformMat -0.603898 -0.756577 -0.250796 0.000000 -0.629988 0.645826 -0.431304 0.000000 0.488286 -0.102465 -0.866647 0.000000 26.956051 16.357906 -28.310171 1.000000
aniFrame
  m_time -0.637000
  m_vertexTransformMat -0.566708 -0.783918 -0.253605 0.000000 -0.721084 0.620807 -0.307633 0.000000 0.398598 0.008532 -0.917086 0.000000 24.298201 19.738998 -29.282988 1.000000
aniFrame
  m_time -0.598000
  m_vertexTransformMat -0.534209 -0.803600 -0.262390 0.000000 -0.789389 0.585263 -0.185291 0.000000 0.302466 0.108143 -0.947006 0.000000 21.666599 22.622904 -29.779642 1.000000
aniFrame
  m_time -0.559000
  m_vertexTransformMat -0.514325 -0.812294 -0.275042 0.000000 -0.830851 0.551433 -0.074888 0.000000 0.212498 0.190002 -0.958511 0.000000 19.510782 24.781563 -29.877108 1.000000
aniFrame
  m_time -0.520000
  m_vertexTransformMat -0.520778 -0.802988 -0.289827 0.000000 -0.842101 0.538951 0.019932 0.000000 0.140198 0.254444 -0.956872 0.000000 18.438446 25.990170 -29.748301 1.000000
aniFrame
  m_time -0.481000
  m_vertexTransformMat -0.581210 -0.752527 -0.309675 0.000000 -0.808490 0.577220 0.114730 0.000000 0.092413 0.317051 -0.943896 0.000000 19.374344 25.838699 -29.547085 1.000000
aniFrame
  m_time -0.442000
  m_vertexTransformMat -0.676531 -0.657970 -0.330730 0.000000 -0.732177 0.649097 0.206374 0.000000 0.078888 0.381772 -0.920884 0.000000 21.875868 24.362999 -29.289762 1.000000
aniFrame
  m_time -0.403000
  m_vertexTransformMat -0.764368 -0.540424 -0.351688 0.000000 -0.636485 0.719625 0.277537 0.000000 0.103096 0.435984 -0.894030 0.000000 24.710218 21.979969 -28.804495 1.000000
aniFrame
  m_time -0.364000
  m_vertexTransformMat -0.817842 -0.436442 -0.375039 0.000000 -0.555162 0.769931 0.314646 0.000000 0.151430 0.465538 -0.871977 0.000000 26.978382 19.444838 -28.018082 1.000000
aniFrame
  m_time -0.325000
  m_vertexTransformMat -0.829856 -0.387999 -0.400993 0.000000 -0.520766 0.796618 0.306923 0.000000 0.200352 0.463525 -0.863136 0.000000 28.299219 17.745626 -27.100761 1.000000
aniFrame
  m_time -0.286000
  m_vertexTransformMat -0.816082 -0.386623 -0.429572 0.000000 -0.523215 0.809948 0.265012 0.000000 0.245471 0.441030 -0.863271 0.000000 29.037930 16.779917 -26.056568 1.000000
aniFrame
  m_time -0.247000
  m_vertexTransformMat -0.790369 -0.405536 -0.459194 0.000000 -0.537955 0.818049 0.203475 0.000000 0.293126 0.407845 -0.864719 0.000000 29.599907 15.975972 -24.899292 1.000000
aniFrame
  m_time -0.208000
  m_vertexTransformMat -0.756141 -0.440814 -0.483668 0.000000 -0.558025 0.820406 0.124670 0.000000 0.341848 0.364167 -0.866327 0.000000 29.980543 15.289777 -23.833918 1.000000
aniFrame
  m_time -0.169000
  m_vertexTransformMat -0.716497 -0.487561 -0.498916 0.000000 -0.577747 0.815560 0.032708 0.000000 0.390949 0.311682 -0.866033 0.000000 30.215343 14.689389 -23.004459 1.000000
aniFrame
  m_time -0.130000
  m_vertexTransformMat -0.675269 -0.539555 -0.502885 0.000000 -0.591576 0.803408 -0.067630 0.000000 0.440512 0.251827 -0.861703 0.000000 30.346788 14.100348 -22.500280 1.000000
aniFrame
  m_time -0.091000
  m_vertexTransformMat -0.637840 -0.590341 -0.494630 0.000000 -0.594718 0.785601 -0.170708 0.000000 0.489358 0.185282 -0.852174 0.000000 30.417797 13.426050 -22.330111 1.000000
aniFrame
  m_time -0.052000
  m_vertexTransformMat -0.608344 -0.634843 -0.476333 0.000000 -0.585455 0.764160 -0.270743 0.000000 0.535873 0.114167 -0.836544 0.000000 30.502838 12.631733 -22.389870 1.000000
aniFrame
  m_time -0.013000
  m_vertexTransformMat -0.590471 -0.668406 -0.452302 0.000000 -0.564075 0.742612 -0.361035 0.000000 0.577203 0.041951 -0.815523 0.000000 30.667387 11.709368 -22.546398 1.000000
aniFrame
  m_time 0.025000
  m_vertexTransformMat -0.590910 -0.686400 -0.423889 0.000000 -0.516874 0.725547 -0.454338 0.000000 0.619409 -0.049375 -0.783515 0.000000 31.096004 10.273831 -22.681976 1.000000
aniFrame
  m_time 0.064000
  m_vertexTransformMat -0.613606 -0.687872 -0.387711 0.000000 -0.429443 0.702766 -0.567185 0.000000 0.662620 -0.181528 -0.726624 0.000000 31.835266 7.960610 -22.690369 1.000000
aniFrame
  m_time 0.103000
  m_vertexTransformMat -0.646347 -0.677160 -0.351698 0.000000 -0.325285 0.661459 -0.675769 0.000000 0.690237 -0.322379 -0.647802 0.000000 32.525997 5.427673 -22.347912 1.000000
aniFrame
  m_time 0.142000
  m_vertexTransformMat -0.676509 -0.662056 -0.322518 0.000000 -0.237182 0.610487 -0.755680 0.000000 0.697195 -0.434728 -0.570027 0.000000 32.997620 3.475772 -21.755594 1.000000
aniFrame
  m_time 0.181000
  m_vertexTransformMat -0.695242 -0.651287 -0.304080 0.000000 -0.195593 0.578513 -0.791876 0.000000 0.691652 -0.491069 -0.529593 0.000000 33.197201 2.759702 -21.413357 1.000000
aniFrame
  m_time 0.220000
  m_vertexTransformMat -0.697833 -0.653109 -0.294072 0.000000 -0.218951 0.585422 -0.780604 0.000000 0.681975 -0.480343 -0.551525 0.000000 33.059917 3.658676 -21.892065 1.000000
aniFrame
  m_time 0.259000
  m_vertexTransformMat -0.690105 -0.666552 -0.281895 0.000000 -0.286665 0.609418 -0.739212 0.000000 0.664515 -0.429324 -0.611639 0.000000 32.538410 5.615494 -23.070242 1.000000
aniFrame
  m_time 0.298000
  m_vertexTransformMat -0.674206 -0.687794 -0.269049 0.000000 -0.379124 0.634948 -0.673132 0.000000 0.633808 -0.351826 -0.688844 0.000000 31.553080 8.307753 -24.614700 1.000000
aniFrame
  m_time 0.337000
  m_vertexTransformMat -0.649422 -0.715299 -0.258067 0.000000 -0.485782 0.651342 -0.582898 0.000000 0.585036 -0.253183 -0.770475 0.000000 29.980463 11.566066 -26.302694 1.000000
aniFrame
  m_time 0.376000
  m_vertexTransformMat -0.616716 -0.745832 -0.251788 0.000000 -0.593911 0.650785 -0.473022 0.000000 0.516654 -0.142181 -0.844307 0.000000 27.826214 15.108679 -27.846771 1.000000
aniFrame
  m_time 0.415000
  m_vertexTransformMat -0.579645 -0.774856 -0.252210 0.000000 -0.691272 0.631459 -0.351286 0.000000 0.431457 -0.029275 -0.901659 0.000000 25.250479 18.594059 -28.986324 1.000000
aniFrame
  m_time 0.454000
  m_vertexTransformMat -0.544512 -0.797740 -0.259072 0.000000 -0.768398 0.598276 -0.227225 0.000000 0.336263 0.075344 -0.938750 0.000000 22.558243 21.688007 -29.646935 1.000000
aniFrame
  m_time 0.493000
  m_vertexTransformMat -0.519359 -0.810515 -0.270799 0.000000 -0.819462 0.562244 -0.111194 0.000000 0.242379 0.164160 -0.956192 0.000000 20.181049 24.122946 -29.867538 1.000000
aniFrame
  m_time 0.532000
  m_vertexTransformMat -0.512556 -0.810274 -0.284154 0.000000 -0.843027 0.537722 -0.012682 0.000000 0.163072 0.233049 -0.958695 0.000000 18.594954 25.720400 -29.801632 1.000000
aniFrame
  m_time 0.571000
  m_vertexTransformMat -0.553149 -0.776352 -0.302164 0.000000 -0.826323 0.557410 0.080530 0.000000 0.105909 0.294230 -0.949849 0.000000 18.790392 26.067642 -29.618946 1.000000
aniFrame
  m_time 0.610000
  m_vertexTransformMat -0.641587 -0.695565 -0.323350 0.000000 -0.762958 0.622177 0.175476 0.000000 0.079126 0.359285 -0.929868 0.000000 20.884230 25.019283 -29.394499 1.000000
aniFrame
  m_time 0.649000
  m_vertexTransformMat -0.736272 -0.582642 -0.344140 0.000000 -0.670576 0.696411 0.255617 0.000000 0.090729 0.418976 -0.903453 0.000000 23.736753 22.887791 -29.010445 1.000000
aniFrame
  m_time 0.688000
  m_vertexTransformMat -0.803957 -0.468274 -0.366569 0.000000 -0.579543 0.755161 0.306367 0.000000 0.133355 0.458749 -0.878502 0.000000 26.285349 20.282207 -28.315784 1.000000
aniFrame
  m_time 0.727000
  m_vertexTransformMat -0.829332 -0.398594 -0.391576 0.000000 -0.527644 0.789255 0.314113 0.000000 0.183850 0.467117 -0.864871 0.000000 27.924850 18.237637 -27.435045 1.000000
aniFrame
  m_time 0.766000
  m_vertexTransformMat -0.822310 -0.384954 -0.419066 0.000000 -0.520852 0.805773 0.281857 0.000000 0.229170 0.450045 -0.863099 0.000000 28.792995 17.105591 -26.447367 1.000000
aniFrame
  m_time 0.805000
  m_vertexTransformMat -0.800810 -0.396591 -0.448799 0.000000 -0.531534 0.815937 0.227417 0.000000 0.276000 0.420670 -0.864212 0.000000 29.422060 16.235132 -25.315273 1.000000
aniFrame
  m_time 0.844000
  m_vertexTransformMat -0.769305 -0.426666 -0.475527 0.000000 -0.550482 0.820440 0.154427 0.000000 0.324253 0.380570 -0.866041 0.000000 29.859980 15.512992 -24.203856 1.000000
aniFrame
  m_time 0.883000
  m_vertexTransformMat -0.731332 -0.470046 -0.494177 0.000000 -0.570962 0.818266 0.066657 0.000000 0.373036 0.330905 -0.866803 0.000000 30.137455 14.887496 -23.285770 1.000000
aniFrame
  m_time 0.922000
  m_vertexTransformMat -0.689633 -0.521770 -0.502159 0.000000 -0.588395 0.807962 -0.031450 0.000000 0.422135 0.273779 -0.864203 0.000000 30.285692 14.334559 -22.666489 1.000000
aniFrame
  m_time 0.961000
  m_vertexTransformMat -0.650543 -0.573273 -0.498149 0.000000 -0.595191 0.792255 -0.134459 0.000000 0.471743 0.209022 -0.856603 0.000000 30.386461 13.678561 -22.384720 1.000000
aniFrame
  m_time 1.000000
  m_vertexTransformMat -0.617732 -0.620475 -0.483134 0.000000 -0.590374 0.771763 -0.236306 0.000000 0.519487 0.139256 -0.843055 0.000000 30.462856 12.929116 -22.371069 1.000000
aniFrame
  m_time 1.039000
  m_vertexTransformMat -0.595511 -0.658273 -0.460483 0.000000 -0.572667 0.749847 -0.331336 0.000000 0.563401 0.066389 -0.823512 0.000000 30.602160 12.039089 -22.505571 1.000000
aniFrame
  m_time 1.078000
  m_vertexTransformMat -0.588205 -0.682173 -0.434346 0.000000 -0.537625 0.731065 -0.420124 0.000000 0.604132 -0.013603 -0.796769 0.000000 30.905771 10.868560 -22.644865 1.000000
aniFrame
  m_time 1.117000
  m_vertexTransformMat -0.603674 -0.689148 -0.400814 0.000000 -0.463892 0.712524 -0.526416 0.000000 0.648368 -0.131849 -0.749823 0.000000 31.562708 8.846007 -22.721222 1.000000
aniFrame
  m_time 1.156000
  m_vertexTransformMat -0.634634 -0.681780 -0.363891 0.000000 -0.361010 0.677871 -0.640440 0.000000 0.683310 -0.275077 -0.676329 0.000000 32.313351 6.275756 -22.498409 1.000000
aniFrame
  m_time 1.195000
  m_vertexTransformMat -0.666854 -0.666981 -0.332329 0.000000 -0.262634 0.627710 -0.732806 0.000000 0.697374 -0.401393 -0.593763 0.000000 32.882378 4.024271 -21.925087 1.000000
aniFrame
  m_time 1.234000
  m_vertexTransformMat -0.690369 -0.653737 -0.309871 0.000000 -0.201394 0.585050 -0.785594 0.000000 0.694861 -0.479943 -0.535559 0.000000 33.183575 2.810672 -21.412302 1.000000
aniFrame
  m_time 1.273000
  m_vertexTransformMat -0.698401 -0.650862 -0.297685 0.000000 -0.202668 0.578756 -0.789916 0.000000 0.686413 -0.491347 -0.536112 0.000000 33.163593 3.162586 -21.590446 1.000000
aniFrame
  m_time 1.312000
  m_vertexTransformMat -0.693433 -0.661164 -0.286379 0.000000 -0.259243 0.599785 -0.757001 0.000000 0.672268 -0.450687 -0.587313 0.000000 32.775707 4.836509 -22.590776 1.000000
aniFrame
  m_time 1.351000
  m_vertexTransformMat -0.680660 -0.679639 -0.273486 0.000000 -0.344204 0.626221 -0.699551 0.000000 0.646704 -0.382021 -0.660177 0.000000 31.966713 7.282208 -24.036114 1.000000
aniFrame
  m_time 1.390000
  m_vertexTransformMat -0.659041 -0.705222 -0.261394 0.000000 -0.447695 0.647111 -0.617103 0.000000 0.604346 -0.289672 -0.742197 0.000000 30.600210 10.379619 -25.716427 1.000000
aniFrame
  m_time 1.429000
  m_vertexTransformMat -0.628823 -0.735196 -0.253120 0.000000 -0.556803 0.652996 -0.513389 0.000000 0.542728 -0.181893 -0.819977 0.000000 28.639040 13.860880 -27.348492 1.000000
aniFrame
  m_time 1.468000
  m_vertexTransformMat -0.592834 -0.765205 -0.251016 0.000000 -0.659169 0.640134 -0.394620 0.000000 0.462649 -0.068482 -0.883893 0.000000 26.183754 17.401480 -28.650520 1.000000
aniFrame
  m_time 1.507000
  m_vertexTransformMat -0.556286 -0.790693 -0.255639 0.000000 -0.744211 0.610905 -0.270083 0.000000 0.369724 0.040006 -0.928280 0.000000 23.489328 20.664196 -29.483505 1.000000
aniFrame
  m_time 1.546000
  m_vertexTransformMat -0.526661 -0.807390 -0.265987 0.000000 -0.804712 0.574372 -0.150124 0.000000 0.273984 0.134978 -0.952215 0.000000 20.948677 23.354326 -29.843914 1.000000
aniFrame
  m_time 1.585000
  m_vertexTransformMat -0.511363 -0.812838 -0.278932 0.000000 -0.838396 0.543139 -0.045741 0.000000 0.188679 0.210465 -0.959221 0.000000 19.007591 25.275108 -29.852995 1.000000
aniFrame
  m_time 1.624000
  m_vertexTransformMat -0.532716 -0.793139 -0.295202 0.000000 -0.837302 0.544665 0.047591 0.000000 0.123040 0.272526 -0.954249 0.000000 18.491339 26.097858 -29.692034 1.000000
aniFrame
  m_time 1.663000
  m_vertexTransformMat -0.608329 -0.728063 -0.316008 0.000000 -0.789198 0.597157 0.143427 0.000000 0.084282 0.336644 -0.937853 0.000000 20.019024 25.517971 -29.483356 1.000000
aniFrame
  m_time 1.702000
  m_vertexTransformMat -0.704814 -0.624377 -0.336735 0.000000 -0.704602 0.671226 0.230199 0.000000 0.082295 0.399511 -0.913027 0.000000 22.728397 23.728897 -29.181282 1.000000
aniFrame
  m_time 1.741000
  m_vertexTransformMat -0.784387 -0.506405 -0.358178 0.000000 -0.609360 0.736966 0.292511 0.000000 0.115836 0.447701 -0.886649 0.000000 25.467138 21.203337 -28.602840 1.000000
aniFrame
  m_time 1.780000
  m_vertexTransformMat -0.825015 -0.416002 -0.382483 0.000000 -0.540024 0.779791 0.316701 0.000000 0.166509 0.467833 -0.867990 0.000000 27.459324 18.841223 -27.756399 1.000000
aniFrame
  m_time 1.819000
  m_vertexTransformMat -0.827681 -0.384673 -0.408621 0.000000 -0.518956 0.801773 0.296387 0.000000 0.213609 0.457371 -0.863240 0.000000 28.545372 17.415367 -26.825232 1.000000
aniFrame
  m_time 1.858000
  m_vertexTransformMat -0.812666 -0.387555 -0.435174 0.000000 -0.521714 0.816562 0.247066 0.000000 0.259595 0.427818 -0.865784 0.000000 29.254242 16.422974 -25.829056 1.000000
aniFrame
  m_time 1.897000
  m_vertexTransformMat -0.788757 -0.408080 -0.459710 0.000000 -0.532176 0.827620 0.178422 0.000000 0.307655 0.385378 -0.869962 0.000000 29.811625 15.553859 -24.831257 1.000000
aniFrame
  m_time 1.936000
  m_vertexTransformMat -0.758039 -0.443238 -0.478453 0.000000 -0.546049 0.832470 0.093936 0.000000 0.356662 0.332466 -0.873074 0.000000 30.224554 14.803676 -23.952322 1.000000
aniFrame
  m_time 1.975000
  m_vertexTransformMat -0.722637 -0.488775 -0.488769 0.000000 -0.559378 0.828911 -0.001889 0.000000 0.406069 0.272042 -0.872411 0.000000 30.516447 14.141631 -23.285263 1.000000
aniFrame
  m_time 2.014000
  m_vertexTransformMat -0.685178 -0.539553 -0.489301 0.000000 -0.568592 0.816062 -0.103662 0.000000 0.455231 0.207185 -0.865933 0.000000 30.672770 13.513856 -22.893013 1.000000
aniFrame
  m_time 2.053000
  m_vertexTransformMat -0.648967 -0.589825 -0.480571 0.000000 -0.570325 0.795214 -0.205828 0.000000 0.503559 0.140506 -0.852459 0.000000 30.737827 12.836555 -22.714684 1.000000
aniFrame
  m_time 2.092000
  m_vertexTransformMat -0.616126 -0.636218 -0.464345 0.000000 -0.565006 0.767742 -0.302225 0.000000 0.548778 0.076149 -0.832493 0.000000 30.745062 12.122970 -22.657892 1.000000
aniFrame
  m_time 2.131000
  m_vertexTransformMat -0.589201 -0.674643 -0.444634 0.000000 -0.552642 0.737936 -0.387345 0.000000 0.589431 0.017499 -0.807629 0.000000 30.772547 11.342597 -22.593122 1.000000
aniFrame
  m_time 2.133000
  m_vertexTransformMat -0.587987 -0.676763 -0.443017 0.000000 -0.551928 0.736066 -0.391894 0.000000 0.591309 0.014085 -0.806322 0.000000 30.773750 11.302195 -22.600971 1.000000
