m_aniFrameList.size 202
aniFrame
  m_time -1.066000
  m_vertexTransformMat -0.587987 -0.676763 -0.443017 0.000000 -0.551929 0.736066 -0.391894 0.000000 0.591309 0.014085 -0.806322 0.000000 30.773756 11.302201 -22.600969 1.000000
aniFrame
  m_time -1.050000
  m_vertexTransformMat -0.598682 -0.676303 -0.429179 0.000000 -0.520551 0.735745 -0.433251 0.000000 0.608775 -0.035969 -0.792527 0.000000 31.100143 10.482191 -22.749098 1.000000
aniFrame
  m_time -1.034000
  m_vertexTransformMat -0.609347 -0.675482 -0.415235 0.000000 -0.487141 0.732126 -0.476115 0.000000 0.625611 -0.087841 -0.775174 0.000000 31.417032 9.623956 -22.843607 1.000000
aniFrame
  m_time -1.018000
  m_vertexTransformMat -0.621024 -0.673676 -0.400613 0.000000 -0.448327 0.724569 -0.523454 0.000000 0.642909 -0.145472 -0.752001 0.000000 31.751778 8.624442 -22.865063 1.000000
aniFrame
  m_time -1.002000
  m_vertexTransformMat -0.632968 -0.671137 -0.385911 0.000000 -0.406800 0.712446 -0.571782 0.000000 0.658685 -0.204931 -0.723974 0.000000 32.066959 7.573026 -22.809345 1.000000
aniFrame
  m_time -0.986000
  m_vertexTransformMat -0.644624 -0.668121 -0.371583 0.000000 -0.364919 0.696009 -0.618390 0.000000 0.671784 -0.263031 -0.692474 0.000000 32.347748 6.536442 -22.676813 1.000000
aniFrame
  m_time -0.970000
  m_vertexTransformMat -0.655907 -0.664618 -0.357867 0.000000 -0.323495 0.675849 -0.662254 0.000000 0.682010 -0.318608 -0.658295 0.000000 32.589569 5.537675 -22.474270 1.000000
aniFrame
  m_time -0.954000
  m_vertexTransformMat -0.666245 -0.661144 -0.344974 0.000000 -0.285643 0.653566 -0.700900 0.000000 0.688858 -0.368431 -0.624286 0.000000 32.791424 4.653888 -22.227789 1.000000
aniFrame
  m_time -0.938000
  m_vertexTransformMat -0.675631 -0.657591 -0.333313 0.000000 -0.251309 0.630458 -0.734417 0.000000 0.693085 -0.412430 -0.591215 0.000000 32.963795 3.882135 -21.942463 1.000000
aniFrame
  m_time -0.922000
  m_vertexTransformMat -0.683630 -0.654745 -0.322428 0.000000 -0.224861 0.609252 -0.760428 0.000000 0.694326 -0.447350 -0.563730 0.000000 33.079899 3.312458 -21.708294 1.000000
aniFrame
  m_time -0.906000
  m_vertexTransformMat -0.690061 -0.652338 -0.313482 0.000000 -0.204479 0.591213 -0.780165 0.000000 0.694266 -0.474261 -0.541362 0.000000 33.179161 2.913769 -21.483984 1.000000
aniFrame
  m_time -0.890000
  m_vertexTransformMat -0.694954 -0.650455 -0.306510 0.000000 -0.194627 0.580515 -0.790648 0.000000 0.692215 -0.489808 -0.530027 0.000000 33.216335 2.767184 -21.401638 1.000000
aniFrame
  m_time -0.874000
  m_vertexTransformMat -0.697470 -0.650548 -0.300540 0.000000 -0.195755 0.576398 -0.793376 0.000000 0.689359 -0.494524 -0.529368 0.000000 33.199734 2.891514 -21.466953 1.000000
aniFrame
  m_time -0.858000
  m_vertexTransformMat -0.698301 -0.651204 -0.297171 0.000000 -0.204431 0.579298 -0.789064 0.000000 0.685992 -0.490253 -0.537650 0.000000 33.155056 3.228727 -21.628763 1.000000
aniFrame
  m_time -0.842000
  m_vertexTransformMat -0.697396 -0.654216 -0.292642 0.000000 -0.224784 0.587391 -0.777460 0.000000 0.680522 -0.476416 -0.556702 0.000000 33.019241 3.824053 -22.001902 1.000000
aniFrame
  m_time -0.826000
  m_vertexTransformMat -0.694620 -0.659209 -0.288005 0.000000 -0.249211 0.596071 -0.763278 0.000000 0.674831 -0.458414 -0.578325 0.000000 32.852470 4.542731 -22.417820 1.000000
aniFrame
  m_time -0.810000
  m_vertexTransformMat -0.690969 -0.665133 -0.283125 0.000000 -0.279605 0.607085 -0.743821 0.000000 0.666620 -0.434794 -0.605451 0.000000 32.602810 5.417402 -22.945063 1.000000
aniFrame
  m_time -0.794000
  m_vertexTransformMat -0.685915 -0.672697 -0.277485 0.000000 -0.314217 0.617748 -0.720871 0.000000 0.656344 -0.407266 -0.635096 0.000000 32.278309 6.403536 -23.540154 1.000000
aniFrame
  m_time -0.778000
  m_vertexTransformMat -0.679157 -0.681562 -0.272434 0.000000 -0.352524 0.628441 -0.693390 0.000000 0.643796 -0.374881 -0.667077 0.000000 31.873196 7.526698 -24.173624 1.000000
aniFrame
  m_time -0.762000
  m_vertexTransformMat -0.671248 -0.691424 -0.267132 0.000000 -0.394074 0.638124 -0.661441 0.000000 0.627799 -0.338721 -0.700812 0.000000 31.360090 8.748193 -24.862091 1.000000
aniFrame
  m_time -0.746000
  m_vertexTransformMat -0.661503 -0.702561 -0.262341 0.000000 -0.437562 0.645674 -0.625816 0.000000 0.609060 -0.299188 -0.734529 0.000000 30.752928 10.066236 -25.558636 1.000000
aniFrame
  m_time -0.730000
  m_vertexTransformMat -0.650400 -0.714292 -0.258393 0.000000 -0.482038 0.651030 -0.586344 0.000000 0.587042 -0.256803 -0.767746 0.000000 30.044512 11.448699 -26.245258 1.000000
aniFrame
  m_time -0.714000
  m_vertexTransformMat -0.637871 -0.726783 -0.254771 0.000000 -0.527117 0.653186 -0.543596 0.000000 0.561489 -0.212450 -0.799747 0.000000 29.231022 12.886014 -26.925220 1.000000
aniFrame
  m_time -0.698000
  m_vertexTransformMat -0.624200 -0.739304 -0.252593 0.000000 -0.571364 0.652487 -0.497800 0.000000 0.532839 -0.166404 -0.829694 0.000000 28.329550 14.346503 -27.546116 1.000000
aniFrame
  m_time -0.682000
  m_vertexTransformMat -0.609577 -0.751899 -0.251125 0.000000 -0.614342 0.648283 -0.449793 0.000000 0.500999 -0.119907 -0.857101 0.000000 27.343893 15.811269 -28.113089 1.000000
aniFrame
  m_time -0.666000
  m_vertexTransformMat -0.594412 -0.764017 -0.250902 0.000000 -0.655115 0.641014 -0.399907 0.000000 0.466368 -0.073340 -0.881545 0.000000 26.295240 17.254278 -28.605961 1.000000
aniFrame
  m_time -0.650000
  m_vertexTransformMat -0.579000 -0.775318 -0.252272 0.000000 -0.692784 0.630977 -0.349169 0.000000 0.429895 -0.027398 -0.902463 0.000000 25.204269 18.651243 -29.001684 1.000000
aniFrame
  m_time -0.634000
  m_vertexTransformMat -0.563991 -0.785748 -0.254000 0.000000 -0.727253 0.618323 -0.297959 0.000000 0.391174 0.016676 -0.920166 0.000000 24.089344 19.981241 -29.341267 1.000000
aniFrame
  m_time -0.618000
  m_vertexTransformMat -0.549857 -0.794592 -0.257450 0.000000 -0.757577 0.604244 -0.246915 0.000000 0.351759 0.059271 -0.934213 0.000000 22.986340 21.223179 -29.577051 1.000000
aniFrame
  m_time -0.602000
  m_vertexTransformMat -0.537006 -0.802045 -0.261436 0.000000 -0.783588 0.589039 -0.197544 0.000000 0.312435 0.098775 -0.944790 0.000000 21.922014 22.359499 -29.743231 1.000000
aniFrame
  m_time -0.586000
  m_vertexTransformMat -0.526460 -0.807483 -0.266103 0.000000 -0.805113 0.574064 -0.149142 0.000000 0.273190 0.135726 -0.952337 0.000000 20.928888 23.374317 -29.844940 1.000000
aniFrame
  m_time -0.570000
  m_vertexTransformMat -0.518215 -0.810952 -0.271680 0.000000 -0.821923 0.560039 -0.103916 0.000000 0.236422 0.169450 -0.956761 0.000000 20.043125 24.259516 -29.870241 1.000000
aniFrame
  m_time -0.554000
  m_vertexTransformMat -0.512795 -0.812718 -0.276641 0.000000 -0.834389 0.547651 -0.062230 0.000000 0.202078 0.198916 -0.958956 0.000000 19.283800 25.002644 -29.870564 1.000000
aniFrame
  m_time -0.538000
  m_vertexTransformMat -0.511392 -0.811607 -0.282440 0.000000 -0.842180 0.538701 -0.023117 0.000000 0.170913 0.226043 -0.959007 0.000000 18.697859 25.598835 -29.818205 1.000000
aniFrame
  m_time -0.522000
  m_vertexTransformMat -0.519199 -0.804322 -0.288960 0.000000 -0.842544 0.538414 0.015191 0.000000 0.143362 0.251349 -0.957221 0.000000 18.446926 25.960264 -29.756943 1.000000
aniFrame
  m_time -0.506000
  m_vertexTransformMat -0.535684 -0.790711 -0.296342 0.000000 -0.835865 0.546355 0.053151 0.000000 0.119881 0.276174 -0.953602 0.000000 18.523447 26.105328 -29.679796 1.000000
aniFrame
  m_time -0.490000
  m_vertexTransformMat -0.562012 -0.768960 -0.304703 0.000000 -0.820957 0.563507 0.092135 0.000000 0.100854 0.301929 -0.947981 0.000000 18.961277 26.010784 -29.594208 1.000000
aniFrame
  m_time -0.474000
  m_vertexTransformMat -0.597338 -0.738175 -0.313504 0.000000 -0.797242 0.589027 0.132115 0.000000 0.087138 0.328856 -0.940352 0.000000 19.751038 25.657188 -29.509714 1.000000
aniFrame
  m_time -0.458000
  m_vertexTransformMat -0.635689 -0.701547 -0.322075 0.000000 -0.767825 0.617685 0.170032 0.000000 0.079655 0.355385 -0.931320 0.000000 20.724405 25.116941 -29.410753 1.000000
aniFrame
  m_time -0.442000
  m_vertexTransformMat -0.676531 -0.657970 -0.330730 0.000000 -0.732177 0.649097 0.206374 0.000000 0.078888 0.381772 -0.920884 0.000000 21.875868 24.362999 -29.289762 1.000000
aniFrame
  m_time -0.426000
  m_vertexTransformMat -0.714964 -0.611467 -0.339022 0.000000 -0.694043 0.679277 0.238512 0.000000 0.084448 0.405823 -0.910042 0.000000 23.045984 23.474771 -29.132326 1.000000
aniFrame
  m_time -0.410000
  m_vertexTransformMat -0.750576 -0.561819 -0.347844 0.000000 -0.653718 0.708118 0.266876 0.000000 0.096378 0.427702 -0.898768 0.000000 24.221813 22.447403 -28.913067 1.000000
aniFrame
  m_time -0.394000
  m_vertexTransformMat -0.780046 -0.514147 -0.356626 0.000000 -0.615489 0.733123 0.289316 0.000000 0.112700 0.445179 -0.888322 0.000000 25.297796 21.383413 -28.653332 1.000000
aniFrame
  m_time -0.378000
  m_vertexTransformMat -0.803541 -0.469150 -0.366360 0.000000 -0.580221 0.754754 0.306088 0.000000 0.132911 0.458525 -0.878687 0.000000 26.266674 20.304144 -28.323116 1.000000
aniFrame
  m_time -0.362000
  m_vertexTransformMat -0.819352 -0.432529 -0.376274 0.000000 -0.552214 0.771780 0.315303 0.000000 0.154023 0.466128 -0.871207 0.000000 27.067369 19.334463 -27.974764 1.000000
aniFrame
  m_time -0.346000
  m_vertexTransformMat -0.827531 -0.407086 -0.386618 0.000000 -0.533572 0.784474 0.316071 0.000000 0.174624 0.467847 -0.866387 0.000000 27.687111 18.547434 -27.610355 1.000000
aniFrame
  m_time -0.330000
  m_vertexTransformMat -0.830172 -0.390881 -0.397525 0.000000 -0.522493 0.794209 0.310214 0.000000 0.194461 0.465235 -0.863563 0.000000 28.175016 17.907866 -27.224138 1.000000
aniFrame
  m_time -0.314000
  m_vertexTransformMat -0.827414 -0.385140 -0.408722 0.000000 -0.519682 0.800970 0.297284 0.000000 0.212878 0.458382 -0.862884 0.000000 28.529804 17.449270 -26.823824 1.000000
aniFrame
  m_time -0.298000
  m_vertexTransformMat -0.821666 -0.384979 -0.420305 0.000000 -0.521006 0.806330 0.279973 0.000000 0.231121 0.449025 -0.863110 0.000000 28.823877 17.063864 -26.401814 1.000000
aniFrame
  m_time -0.282000
  m_vertexTransformMat -0.813923 -0.387680 -0.432705 0.000000 -0.524285 0.811023 0.259553 0.000000 0.250310 0.438117 -0.863365 0.000000 29.105103 16.690308 -25.938082 1.000000
aniFrame
  m_time -0.266000
  m_vertexTransformMat -0.804371 -0.393856 -0.444821 0.000000 -0.529473 0.814851 0.235957 0.000000 0.269530 0.425317 -0.863979 0.000000 29.348173 16.344948 -25.471212 1.000000
aniFrame
  m_time -0.250000
  m_vertexTransformMat -0.792764 -0.403374 -0.456964 0.000000 -0.536466 0.817652 0.208925 0.000000 0.289362 0.410774 -0.864601 0.000000 29.563145 16.031153 -24.989870 1.000000
aniFrame
  m_time -0.234000
  m_vertexTransformMat -0.779845 -0.415757 -0.467962 0.000000 -0.544385 0.819484 0.179139 0.000000 0.309009 0.394452 -0.865402 0.000000 29.739883 15.738432 -24.533087 1.000000
aniFrame
  m_time -0.218000
  m_vertexTransformMat -0.765887 -0.430255 -0.477805 0.000000 -0.552431 0.820566 0.146602 0.000000 0.328995 0.376235 -0.866147 0.000000 29.895361 15.449545 -24.102493 1.000000
aniFrame
  m_time -0.202000
  m_vertexTransformMat -0.750177 -0.447595 -0.486718 0.000000 -0.561488 0.819955 0.111374 0.000000 0.349237 0.356837 -0.866430 0.000000 30.019716 15.202929 -23.687403 1.000000
aniFrame
  m_time -0.186000
  m_vertexTransformMat -0.734692 -0.466067 -0.492960 0.000000 -0.569462 0.818611 0.074755 0.000000 0.368702 0.335644 -0.866835 0.000000 30.114422 14.944892 -23.354973 1.000000
aniFrame
  m_time -0.170000
  m_vertexTransformMat -0.717626 -0.486211 -0.498611 0.000000 -0.577203 0.815843 0.035186 0.000000 0.389680 0.313050 -0.866112 0.000000 30.211571 14.701140 -23.023659 1.000000
aniFrame
  m_time -0.154000
  m_vertexTransformMat -0.700188 -0.508135 -0.501534 0.000000 -0.585185 0.810887 -0.004588 0.000000 0.409018 0.290278 -0.865126 0.000000 30.247799 14.507379 -22.785194 1.000000
aniFrame
  m_time -0.138000
  m_vertexTransformMat -0.683772 -0.529109 -0.502495 0.000000 -0.589733 0.806260 -0.046480 0.000000 0.429734 0.264556 -0.863330 0.000000 30.312689 14.233325 -22.597549 1.000000
aniFrame
  m_time -0.122000
  m_vertexTransformMat -0.667112 -0.550255 -0.502178 0.000000 -0.593252 0.800124 -0.088627 0.000000 0.450572 0.238794 -0.860211 0.000000 30.365852 13.972451 -22.441097 1.000000
aniFrame
  m_time -0.106000
  m_vertexTransformMat -0.651803 -0.571550 -0.498482 0.000000 -0.595148 0.792883 -0.130904 0.000000 0.470056 0.211347 -0.856960 0.000000 30.384417 13.702351 -22.389547 1.000000
aniFrame
  m_time -0.090000
  m_vertexTransformMat -0.636972 -0.591574 -0.494274 0.000000 -0.594650 0.785084 -0.173305 0.000000 0.490570 0.183530 -0.851856 0.000000 30.419592 13.407424 -22.329603 1.000000
aniFrame
  m_time -0.074000
  m_vertexTransformMat -0.624063 -0.610980 -0.487082 0.000000 -0.592593 0.776383 -0.214623 0.000000 0.509292 0.154703 -0.846575 0.000000 30.443636 13.100976 -22.363012 1.000000
aniFrame
  m_time -0.058000
  m_vertexTransformMat -0.612229 -0.628675 -0.479526 0.000000 -0.587727 0.767529 -0.255883 0.000000 0.528917 0.125171 -0.839392 0.000000 30.485168 12.763804 -22.373611 1.000000
aniFrame
  m_time -0.042000
  m_vertexTransformMat -0.602686 -0.644674 -0.470283 0.000000 -0.581129 0.758468 -0.294984 0.000000 0.546863 0.095513 -0.831756 0.000000 30.535917 12.404745 -22.438389 1.000000
aniFrame
  m_time -0.026000
  m_vertexTransformMat -0.595227 -0.658810 -0.460081 0.000000 -0.572279 0.749480 -0.332832 0.000000 0.564094 0.065185 -0.823134 0.000000 30.605051 12.023458 -22.507599 1.000000
aniFrame
  m_time -0.010000
  m_vertexTransformMat -0.589660 -0.670389 -0.450422 0.000000 -0.561833 0.741120 -0.367539 0.000000 0.580211 0.036339 -0.813656 0.000000 30.685780 11.629652 -22.556622 1.000000
aniFrame
  m_time 0.005000
  m_vertexTransformMat -0.587864 -0.679474 -0.439011 0.000000 -0.545750 0.733698 -0.404777 0.000000 0.597137 0.001637 -0.802138 0.000000 30.830912 11.111358 -22.623657 1.000000
aniFrame
  m_time 0.021000
  m_vertexTransformMat -0.589824 -0.685358 -0.427074 0.000000 -0.523429 0.727194 -0.444085 0.000000 0.614922 -0.038389 -0.787653 0.000000 31.036064 10.458836 -22.671293 1.000000
aniFrame
  m_time 0.037000
  m_vertexTransformMat -0.595728 -0.688705 -0.413272 0.000000 -0.494480 0.719952 -0.486990 0.000000 0.632928 -0.085759 -0.769446 0.000000 31.298756 9.655724 -22.716755 1.000000
aniFrame
  m_time 0.053000
  m_vertexTransformMat -0.605507 -0.689002 -0.398293 0.000000 -0.457283 0.710817 -0.534446 0.000000 0.651348 -0.141477 -0.745474 0.000000 31.617046 8.674563 -22.717236 1.000000
aniFrame
  m_time 0.069000
  m_vertexTransformMat -0.617488 -0.687153 -0.382791 0.000000 -0.416756 0.698542 -0.581682 0.000000 0.667100 -0.199651 -0.717717 0.000000 31.929657 7.638697 -22.673737 1.000000
aniFrame
  m_time 0.085000
  m_vertexTransformMat -0.630878 -0.683168 -0.367799 0.000000 -0.373009 0.682719 -0.628300 0.000000 0.680337 -0.259187 -0.685540 0.000000 32.236187 6.563857 -22.545151 1.000000
aniFrame
  m_time 0.101000
  m_vertexTransformMat -0.644660 -0.677861 -0.353438 0.000000 -0.330382 0.663966 -0.670818 0.000000 0.689392 -0.315680 -0.651986 0.000000 32.496098 5.547094 -22.372585 1.000000
aniFrame
  m_time 0.117000
  m_vertexTransformMat -0.657932 -0.671652 -0.340601 0.000000 -0.289101 0.642891 -0.709305 0.000000 0.695375 -0.368206 -0.617154 0.000000 32.741096 4.607128 -22.114342 1.000000
aniFrame
  m_time 0.133000
  m_vertexTransformMat -0.670307 -0.665199 -0.328937 0.000000 -0.253371 0.621776 -0.741080 0.000000 0.697490 -0.413408 -0.585323 0.000000 32.924450 3.821668 -21.865953 1.000000
aniFrame
  m_time 0.149000
  m_vertexTransformMat -0.680881 -0.659714 -0.318086 0.000000 -0.225427 0.602000 -0.766016 0.000000 0.696839 -0.449860 -0.558607 0.000000 33.056664 3.238642 -21.654360 1.000000
aniFrame
  m_time 0.165000
  m_vertexTransformMat -0.689324 -0.654443 -0.310707 0.000000 -0.203587 0.586595 -0.783875 0.000000 0.695260 -0.477088 -0.537589 0.000000 33.173183 2.844663 -21.432016 1.000000
aniFrame
  m_time 0.181000
  m_vertexTransformMat -0.695242 -0.651287 -0.304080 0.000000 -0.195593 0.578513 -0.791876 0.000000 0.691652 -0.491069 -0.529593 0.000000 33.197201 2.759702 -21.413357 1.000000
aniFrame
  m_time 0.197000
  m_vertexTransformMat -0.697799 -0.650842 -0.299137 0.000000 -0.197894 0.576531 -0.792749 0.000000 0.688416 -0.493981 -0.531100 0.000000 33.182968 2.954991 -21.501675 1.000000
aniFrame
  m_time 0.213000
  m_vertexTransformMat -0.698331 -0.651621 -0.296184 0.000000 -0.209503 0.581750 -0.785924 0.000000 0.684429 -0.486783 -0.542770 0.000000 33.122593 3.382035 -21.717424 1.000000
aniFrame
  m_time 0.229000
  m_vertexTransformMat -0.696640 -0.655758 -0.290988 0.000000 -0.232699 0.590212 -0.772982 0.000000 0.678634 -0.470778 -0.563759 0.000000 32.965359 4.051492 -22.139467 1.000000
aniFrame
  m_time 0.245000
  m_vertexTransformMat -0.693506 -0.661046 -0.286476 0.000000 -0.258629 0.599558 -0.757392 0.000000 0.672429 -0.451165 -0.586762 0.000000 32.780579 4.818714 -22.580204 1.000000
aniFrame
  m_time 0.261000
  m_vertexTransformMat -0.689539 -0.667443 -0.281170 0.000000 -0.290944 0.610795 -0.736398 0.000000 0.663241 -0.425970 -0.615355 0.000000 32.498814 5.735958 -23.145090 1.000000
aniFrame
  m_time 0.277000
  m_vertexTransformMat -0.683799 -0.675547 -0.275783 0.000000 -0.326504 0.621288 -0.712319 0.000000 0.652545 -0.397038 -0.645404 0.000000 32.155273 6.762543 -23.743793 1.000000
aniFrame
  m_time 0.293000
  m_vertexTransformMat -0.676658 -0.684725 -0.270714 0.000000 -0.366126 0.631894 -0.683127 0.000000 0.638816 -0.363128 -0.678272 0.000000 31.713491 7.926250 -24.398920 1.000000
aniFrame
  m_time 0.309000
  m_vertexTransformMat -0.668212 -0.695018 -0.265414 0.000000 -0.408397 0.640868 -0.650001 0.000000 0.621857 -0.325944 -0.712078 0.000000 31.168053 9.176518 -25.095350 1.000000
aniFrame
  m_time 0.325000
  m_vertexTransformMat -0.657902 -0.706438 -0.260978 0.000000 -0.452315 0.647726 -0.613077 0.000000 0.602143 -0.285300 -0.745673 0.000000 30.528997 10.522962 -25.787931 1.000000
aniFrame
  m_time 0.341000
  m_vertexTransformMat -0.646408 -0.718371 -0.257097 0.000000 -0.497045 0.652122 -0.572436 0.000000 0.578880 -0.242238 -0.778600 0.000000 29.784073 11.921371 -26.474855 1.000000
aniFrame
  m_time 0.357000
  m_vertexTransformMat -0.633391 -0.731012 -0.253846 0.000000 -0.542038 0.653233 -0.528661 0.000000 0.552278 -0.197255 -0.809988 0.000000 28.939634 13.373357 -27.141184 1.000000
aniFrame
  m_time 0.373000
  m_vertexTransformMat -0.619450 -0.743463 -0.252081 0.000000 -0.585822 0.651532 -0.481996 0.000000 0.522584 -0.150898 -0.839128 0.000000 28.010141 14.833724 -27.739468 1.000000
aniFrame
  m_time 0.389000
  m_vertexTransformMat -0.604531 -0.756063 -0.250821 0.000000 -0.628268 0.646118 -0.433372 0.000000 0.489717 -0.104404 -0.865608 0.000000 26.999537 16.297407 -28.288895 1.000000
aniFrame
  m_time 0.405000
  m_vertexTransformMat -0.589326 -0.767816 -0.251305 0.000000 -0.667983 0.638055 -0.382995 0.000000 0.454416 -0.057842 -0.888910 0.000000 25.936483 17.724388 -28.745226 1.000000
aniFrame
  m_time 0.421000
  m_vertexTransformMat -0.573879 -0.778952 -0.252781 0.000000 -0.704677 0.626960 -0.332193 0.000000 0.417246 -0.012510 -0.908708 0.000000 24.833258 19.104277 -29.121622 1.000000
aniFrame
  m_time 0.437000
  m_vertexTransformMat -0.559248 -0.788836 -0.254913 0.000000 -0.737839 0.613818 -0.280750 0.000000 0.377936 0.031076 -0.925310 0.000000 23.719637 20.403980 -29.433876 1.000000
aniFrame
  m_time 0.453000
  m_vertexTransformMat -0.545338 -0.797258 -0.258818 0.000000 -0.766734 0.599228 -0.230317 0.000000 0.338712 0.072844 -0.938066 0.000000 22.625343 21.615837 -29.636356 1.000000
aniFrame
  m_time 0.469000
  m_vertexTransformMat -0.533305 -0.804087 -0.262737 0.000000 -0.791262 0.584010 -0.181213 0.000000 0.299152 0.111251 -0.947698 0.000000 21.582420 22.709263 -29.790293 1.000000
aniFrame
  m_time 0.485000
  m_vertexTransformMat -0.523380 -0.808859 -0.267996 0.000000 -0.811257 0.569211 -0.133643 0.000000 0.260644 0.147467 -0.954106 0.000000 20.619019 23.686182 -29.857418 1.000000
aniFrame
  m_time 0.501000
  m_vertexTransformMat -0.516257 -0.811649 -0.273321 0.000000 -0.826439 0.555847 -0.089628 0.000000 0.224671 0.179611 -0.957738 0.000000 19.780151 24.518639 -29.876358 1.000000
aniFrame
  m_time 0.517000
  m_vertexTransformMat -0.511574 -0.812867 -0.278459 0.000000 -0.837671 0.543973 -0.049010 0.000000 0.191313 0.208184 -0.959197 0.000000 19.059811 25.223005 -29.857187 1.000000
aniFrame
  m_time 0.533000
  m_vertexTransformMat -0.512951 -0.809884 -0.284554 0.000000 -0.843128 0.537616 -0.010273 0.000000 0.161300 0.234645 -0.958605 0.000000 18.575575 25.745480 -29.798052 1.000000
aniFrame
  m_time 0.549000
  m_vertexTransformMat -0.523708 -0.800544 -0.291307 0.000000 -0.841123 0.540128 0.027826 0.000000 0.135067 0.259598 -0.956225 0.000000 18.435568 26.032667 -29.733200 1.000000
aniFrame
  m_time 0.565000
  m_vertexTransformMat -0.543228 -0.784532 -0.299021 0.000000 -0.831944 0.550930 0.065925 0.000000 0.113019 0.284581 -0.951967 0.000000 18.624632 26.103928 -29.651217 1.000000
aniFrame
  m_time 0.581000
  m_vertexTransformMat -0.573115 -0.759534 -0.307648 0.000000 -0.813876 0.571377 0.105523 0.000000 0.095635 0.310864 -0.945631 0.000000 19.194510 25.917994 -29.566252 1.000000
aniFrame
  m_time 0.597000
  m_vertexTransformMat -0.609901 -0.726592 -0.316363 0.000000 -0.788022 0.598324 0.145018 0.000000 0.083918 0.337747 -0.937489 0.000000 20.058022 25.497105 -29.479431 1.000000
aniFrame
  m_time 0.613000
  m_vertexTransformMat -0.649248 -0.687648 -0.324990 0.000000 -0.756499 0.628036 0.182429 0.000000 0.078658 0.364296 -0.927956 0.000000 21.095301 24.886786 -29.372969 1.000000
aniFrame
  m_time 0.629000
  m_vertexTransformMat -0.689770 -0.642643 -0.333507 0.000000 -0.719589 0.659413 0.217638 0.000000 0.080056 0.390108 -0.917283 0.000000 22.269535 24.078558 -29.243137 1.000000
aniFrame
  m_time 0.645000
  m_vertexTransformMat -0.727277 -0.595109 -0.341926 0.000000 -0.680708 0.689138 0.248447 0.000000 0.087781 0.413442 -0.906290 0.000000 23.440931 23.144907 -29.065083 1.000000
aniFrame
  m_time 0.661000
  m_vertexTransformMat -0.761216 -0.545440 -0.350780 0.000000 -0.640516 0.716971 0.275121 0.000000 0.101437 0.434107 -0.895133 0.000000 24.596487 22.090990 -28.830809 1.000000
aniFrame
  m_time 0.677000
  m_vertexTransformMat -0.788578 -0.498712 -0.359768 0.000000 -0.603294 0.740728 0.295564 0.000000 0.119089 0.450121 -0.884991 0.000000 25.633963 21.022322 -28.550018 1.000000
aniFrame
  m_time 0.693000
  m_vertexTransformMat -0.809767 -0.455628 -0.369702 0.000000 -0.569795 0.761016 0.310142 0.000000 0.140040 0.461797 -0.875861 0.000000 26.556116 19.960106 -28.205576 1.000000
aniFrame
  m_time 0.709000
  m_vertexTransformMat -0.822811 -0.422919 -0.379634 0.000000 -0.545053 0.776403 0.316410 0.000000 0.160934 0.467266 -0.869346 0.000000 27.291311 19.053688 -27.856636 1.000000
aniFrame
  m_time 0.725000
  m_vertexTransformMat -0.828944 -0.400730 -0.390215 0.000000 -0.529115 0.788007 0.314773 0.000000 0.181353 0.467398 -0.865246 0.000000 27.862478 18.319313 -27.483217 1.000000
aniFrame
  m_time 0.741000
  m_vertexTransformMat -0.829814 -0.387848 -0.401225 0.000000 -0.520684 0.796767 0.306676 0.000000 0.200739 0.463396 -0.863116 0.000000 28.306980 17.735565 -27.092476 1.000000
aniFrame
  m_time 0.757000
  m_vertexTransformMat -0.825654 -0.384863 -0.412524 0.000000 -0.519988 0.802795 0.291775 0.000000 0.218879 0.455412 -0.862955 0.000000 28.629118 17.321712 -26.686256 1.000000
aniFrame
  m_time 0.773000
  m_vertexTransformMat -0.819375 -0.385403 -0.424370 0.000000 -0.521770 0.808019 0.273610 0.000000 0.237448 0.445612 -0.863162 0.000000 28.921064 16.934361 -26.251343 1.000000
aniFrame
  m_time 0.789000
  m_vertexTransformMat -0.810875 -0.389424 -0.436842 0.000000 -0.525889 0.812374 0.251972 0.000000 0.256755 0.434047 -0.863528 0.000000 29.190794 16.573441 -25.780190 1.000000
aniFrame
  m_time 0.805000
  m_vertexTransformMat -0.800810 -0.396591 -0.448799 0.000000 -0.531534 0.815937 0.227417 0.000000 0.276000 0.420670 -0.864212 0.000000 29.422060 16.235132 -25.315273 1.000000
aniFrame
  m_time 0.821000
  m_vertexTransformMat -0.788486 -0.407278 -0.460884 0.000000 -0.539122 0.818337 0.199181 0.000000 0.296037 0.405524 -0.864819 0.000000 29.627399 15.933353 -24.830013 1.000000
aniFrame
  m_time 0.837000
  m_vertexTransformMat -0.775487 -0.420259 -0.471172 0.000000 -0.546937 0.819978 0.168810 0.000000 0.315406 0.388611 -0.865737 0.000000 29.790752 15.639498 -24.394506 1.000000
aniFrame
  m_time 0.853000
  m_vertexTransformMat -0.760748 -0.435754 -0.481022 0.000000 -0.555371 0.820576 0.134979 0.000000 0.335897 0.369831 -0.866256 0.000000 29.943419 15.361795 -23.956760 1.000000
aniFrame
  m_time 0.869000
  m_vertexTransformMat -0.744976 -0.453748 -0.489004 0.000000 -0.564461 0.819433 0.099576 0.000000 0.355523 0.350205 -0.866580 0.000000 30.047495 15.126302 -23.571819 1.000000
aniFrame
  m_time 0.885000
  m_vertexTransformMat -0.729265 -0.472483 -0.494908 0.000000 -0.571879 0.818011 0.061739 0.000000 0.375669 0.328051 -0.866750 0.000000 30.151121 14.854195 -23.243790 1.000000
aniFrame
  m_time 0.901000
  m_vertexTransformMat -0.711594 -0.493519 -0.500073 0.000000 -0.580182 0.814188 0.022071 0.000000 0.396261 0.305839 -0.865702 0.000000 30.226295 14.643417 -22.927687 1.000000
aniFrame
  m_time 0.917000
  m_vertexTransformMat -0.694731 -0.515234 -0.501880 0.000000 -0.587010 0.809372 -0.018334 0.000000 0.415654 0.281871 -0.864743 0.000000 30.264853 14.421840 -22.724348 1.000000
aniFrame
  m_time 0.933000
  m_vertexTransformMat -0.678109 -0.536043 -0.502819 0.000000 -0.590952 0.804427 -0.060613 0.000000 0.436972 0.256039 -0.862264 0.000000 30.336956 14.142908 -22.530537 1.000000
aniFrame
  m_time 0.949000
  m_vertexTransformMat -0.661914 -0.557428 -0.501143 0.000000 -0.594136 0.797788 -0.102651 0.000000 0.457027 0.229801 -0.859255 0.000000 30.372868 13.885194 -22.419807 1.000000
aniFrame
  m_time 0.965000
  m_vertexTransformMat -0.646743 -0.578359 -0.497217 0.000000 -0.595193 0.790363 -0.145160 0.000000 0.476937 0.202059 -0.855396 0.000000 30.394722 13.605773 -22.366173 1.000000
aniFrame
  m_time 0.981000
  m_vertexTransformMat -0.632487 -0.598130 -0.492138 0.000000 -0.594193 0.782261 -0.187090 0.000000 0.496884 0.174093 -0.850175 0.000000 30.427952 13.307405 -22.334562 1.000000
aniFrame
  m_time 0.997000
  m_vertexTransformMat -0.620003 -0.617138 -0.484497 0.000000 -0.591295 0.773413 -0.228479 0.000000 0.515719 0.144823 -0.844429 0.000000 30.454630 12.992391 -22.371904 1.000000
aniFrame
  m_time 1.013000
  m_vertexTransformMat -0.608757 -0.634168 -0.476705 0.000000 -0.585718 0.764537 -0.269107 0.000000 0.535117 0.115394 -0.836860 0.000000 30.500818 12.646545 -22.387474 1.000000
aniFrame
  m_time 1.029000
  m_vertexTransformMat -0.600030 -0.649649 -0.466818 0.000000 -0.578434 0.755430 -0.307800 0.000000 0.552610 0.085335 -0.829060 0.000000 30.557001 12.279169 -22.467196 1.000000
aniFrame
  m_time 1.045000
  m_vertexTransformMat -0.593072 -0.662949 -0.456908 0.000000 -0.569115 0.746590 -0.344545 0.000000 0.569539 0.055693 -0.820076 0.000000 30.628468 11.898226 -22.523144 1.000000
aniFrame
  m_time 1.061000
  m_vertexTransformMat -0.588568 -0.673706 -0.446888 0.000000 -0.557313 0.738551 -0.379401 0.000000 0.585654 0.025753 -0.810152 0.000000 30.724779 11.475834 -22.577124 1.000000
aniFrame
  m_time 1.077000
  m_vertexTransformMat -0.588115 -0.681782 -0.435082 0.000000 -0.538967 0.731471 -0.417690 0.000000 0.603023 -0.011154 -0.797647 0.000000 30.893417 10.908156 -22.641830 1.000000
aniFrame
  m_time 1.093000
  m_vertexTransformMat -0.591327 -0.686716 -0.422793 0.000000 -0.514596 0.724980 -0.457815 0.000000 0.620905 -0.053151 -0.782082 0.000000 31.116787 10.210007 -22.685658 1.000000
aniFrame
  m_time 1.109000
  m_vertexTransformMat -0.598627 -0.689149 -0.408314 0.000000 -0.482862 0.717168 -0.502508 0.000000 0.639132 -0.103655 -0.762080 0.000000 31.401302 9.344377 -22.723999 1.000000
aniFrame
  m_time 1.125000
  m_vertexTransformMat -0.609343 -0.688542 -0.393206 0.000000 -0.443832 0.707124 -0.550445 0.000000 0.657050 -0.160893 -0.736478 0.000000 31.724594 8.328211 -22.705803 1.000000
aniFrame
  m_time 1.141000
  m_vertexTransformMat -0.621815 -0.686086 -0.377666 0.000000 -0.402568 0.693655 -0.597311 0.000000 0.671777 -0.219381 -0.707522 0.000000 32.032867 7.284781 -22.642208 1.000000
aniFrame
  m_time 1.157000
  m_vertexTransformMat -0.635501 -0.681450 -0.362993 0.000000 -0.358271 0.676724 -0.643185 0.000000 0.683945 -0.278695 -0.674203 0.000000 32.330509 6.210269 -22.487396 1.000000
aniFrame
  m_time 1.173000
  m_vertexTransformMat -0.649141 -0.675932 -0.348902 0.000000 -0.316660 0.657173 -0.683996 0.000000 0.691624 -0.333526 -0.640639 0.000000 32.577518 5.228271 -22.299864 1.000000
aniFrame
  m_time 1.189000
  m_vertexTransformMat -0.662205 -0.669428 -0.336677 0.000000 -0.276076 0.635666 -0.720910 0.000000 0.696611 -0.384441 -0.605754 0.000000 32.813633 4.319232 -22.019827 1.000000
aniFrame
  m_time 1.205000
  m_vertexTransformMat -0.674056 -0.663308 -0.325071 0.000000 -0.243650 0.615090 -0.749866 0.000000 0.697340 -0.426248 -0.576220 0.000000 32.967239 3.611771 -21.803482 1.000000
aniFrame
  m_time 1.221000
  m_vertexTransformMat -0.683933 -0.657938 -0.315205 0.000000 -0.217165 0.596076 -0.773003 0.000000 0.696474 -0.460231 -0.550557 0.000000 33.100651 3.081270 -21.572937 1.000000
aniFrame
  m_time 1.237000
  m_vertexTransformMat -0.691639 -0.652953 -0.308689 0.000000 -0.199165 0.583258 -0.787492 0.000000 0.694241 -0.483180 -0.533449 0.000000 33.192410 2.778275 -21.397863 1.000000
aniFrame
  m_time 1.253000
  m_vertexTransformMat -0.696427 -0.650983 -0.302010 0.000000 -0.195644 0.577136 -0.792867 0.000000 0.690444 -0.493088 -0.529294 0.000000 33.192577 2.800533 -21.440222 1.000000
aniFrame
  m_time 1.269000
  m_vertexTransformMat -0.698237 -0.650733 -0.298351 0.000000 -0.199927 0.577445 -0.791573 0.000000 0.687384 -0.493056 -0.533292 0.000000 33.177109 3.058847 -21.539661 1.000000
aniFrame
  m_time 1.285000
  m_vertexTransformMat -0.697988 -0.652698 -0.294616 0.000000 -0.216547 0.584527 -0.781944 0.000000 0.682584 -0.481989 -0.549332 0.000000 33.076218 3.589590 -21.847828 1.000000
aniFrame
  m_time 1.301000
  m_vertexTransformMat -0.695701 -0.657463 -0.289384 0.000000 -0.240738 0.592956 -0.768407 0.000000 0.676791 -0.464915 -0.570796 0.000000 32.911560 4.289580 -22.276693 1.000000
aniFrame
  m_time 1.317000
  m_vertexTransformMat -0.692294 -0.663010 -0.284863 0.000000 -0.268800 0.603282 -0.750864 0.000000 0.669683 -0.443248 -0.595866 0.000000 32.697052 5.111115 -22.756672 1.000000
aniFrame
  m_time 1.333000
  m_vertexTransformMat -0.687856 -0.669974 -0.279266 0.000000 -0.302452 0.614311 -0.728797 0.000000 0.659831 -0.416843 -0.625192 0.000000 32.390972 6.062982 -23.343103 1.000000
aniFrame
  m_time 1.349000
  m_vertexTransformMat -0.681539 -0.678504 -0.274113 0.000000 -0.339291 0.624877 -0.703144 0.000000 0.648372 -0.386216 -0.656088 0.000000 32.020458 7.137823 -23.954962 1.000000
aniFrame
  m_time 1.365000
  m_vertexTransformMat -0.674038 -0.688002 -0.268936 0.000000 -0.379997 0.635143 -0.672455 0.000000 0.633464 -0.351065 -0.689549 0.000000 31.542049 8.333367 -24.629198 1.000000
aniFrame
  m_time 1.381000
  m_vertexTransformMat -0.664952 -0.698743 -0.263814 0.000000 -0.422909 0.643385 -0.638125 0.000000 0.615619 -0.312753 -0.723325 0.000000 30.965776 9.616622 -25.327763 1.000000
aniFrame
  m_time 1.397000
  m_vertexTransformMat -0.654194 -0.710348 -0.259684 0.000000 -0.467141 0.649525 -0.599914 0.000000 0.594819 -0.271151 -0.756748 0.000000 30.293158 10.984258 -26.016325 1.000000
aniFrame
  m_time 1.413000
  m_vertexTransformMat -0.642221 -0.722553 -0.255869 0.000000 -0.512097 0.652827 -0.558188 0.000000 0.570359 -0.227450 -0.789276 0.000000 29.512691 12.401257 -26.702374 1.000000
aniFrame
  m_time 1.429000
  m_vertexTransformMat -0.628823 -0.735196 -0.253120 0.000000 -0.556803 0.652996 -0.513389 0.000000 0.542728 -0.181893 -0.819977 0.000000 28.639040 13.860880 -27.348492 1.000000
aniFrame
  m_time 1.445000
  m_vertexTransformMat -0.614564 -0.747681 -0.251568 0.000000 -0.600171 0.650109 -0.465999 0.000000 0.511964 -0.135402 -0.848269 0.000000 27.681206 15.322680 -27.929192 1.000000
aniFrame
  m_time 1.461000
  m_vertexTransformMat -0.599463 -0.760120 -0.250723 0.000000 -0.641881 0.643675 -0.416739 0.000000 0.478155 -0.088885 -0.873766 0.000000 26.649483 16.779072 -28.454096 1.000000
aniFrame
  m_time 1.477000
  m_vertexTransformMat -0.584169 -0.771593 -0.251778 0.000000 -0.680544 0.634695 -0.366091 0.000000 0.442275 -0.042513 -0.895871 0.000000 25.572458 18.190685 -28.876463 1.000000
aniFrame
  m_time 1.493000
  m_vertexTransformMat -0.568859 -0.782446 -0.253333 0.000000 -0.716183 0.622715 -0.315131 0.000000 0.404327 0.002168 -0.914612 0.000000 24.460995 19.548105 -29.235544 1.000000
aniFrame
  m_time 1.509000
  m_vertexTransformMat -0.554517 -0.791782 -0.256112 0.000000 -0.747945 0.609121 -0.263723 0.000000 0.364814 0.045319 -0.929977 0.000000 23.351566 20.818604 -29.510868 1.000000
aniFrame
  m_time 1.525000
  m_vertexTransformMat -0.541030 -0.799755 -0.260152 0.000000 -0.775409 0.594134 -0.213885 0.000000 0.325621 0.086006 -0.941581 0.000000 22.270046 21.995024 -29.691353 1.000000
aniFrame
  m_time 1.541000
  m_vertexTransformMat -0.529786 -0.805895 -0.264313 0.000000 -0.798443 0.579013 -0.165028 0.000000 0.286036 0.123609 -0.950213 0.000000 21.250738 23.048006 -29.823729 1.000000
aniFrame
  m_time 1.557000
  m_vertexTransformMat -0.520608 -0.810018 -0.269885 0.000000 -0.816863 0.564513 -0.118571 0.000000 0.248398 0.158730 -0.955564 0.000000 20.323154 23.981756 -29.864750 1.000000
aniFrame
  m_time 1.573000
  m_vertexTransformMat -0.514436 -0.812259 -0.274938 0.000000 -0.830602 0.551691 -0.075743 0.000000 0.213204 0.189399 -0.958474 0.000000 19.526342 24.766424 -29.877317 1.000000
aniFrame
  m_time 1.589000
  m_vertexTransformMat -0.511021 -0.812549 -0.280396 0.000000 -0.840313 0.540905 -0.036001 0.000000 0.180920 0.217223 -0.959209 0.000000 18.861912 25.423183 -29.838930 1.000000
aniFrame
  m_time 1.605000
  m_vertexTransformMat -0.515626 -0.807418 -0.286716 0.000000 -0.843204 0.537588 0.002510 0.000000 0.152109 0.243054 -0.958013 0.000000 18.493900 25.864473 -29.778490 1.000000
aniFrame
  m_time 1.621000
  m_vertexTransformMat -0.529190 -0.796027 -0.293767 0.000000 -0.838910 0.542765 0.040464 0.000000 0.127236 0.267857 -0.955020 0.000000 18.460752 26.081244 -29.707357 1.000000
aniFrame
  m_time 1.637000
  m_vertexTransformMat -0.551960 -0.777337 -0.301806 0.000000 -0.827020 0.556610 0.078887 0.000000 0.106666 0.293143 -0.950100 0.000000 18.768845 26.073765 -29.622515 1.000000
aniFrame
  m_time 1.653000
  m_vertexTransformMat -0.584984 -0.749217 -0.310593 0.000000 -0.805918 0.579965 0.118900 0.000000 0.091051 0.319867 -0.943078 0.000000 19.460478 25.798866 -29.538321 1.000000
aniFrame
  m_time 1.669000
  m_vertexTransformMat -0.622526 -0.714550 -0.319187 0.000000 -0.778354 0.607740 0.157541 0.000000 0.081411 0.346513 -0.934506 0.000000 20.377251 25.320662 -29.446335 1.000000
aniFrame
  m_time 1.685000
  m_vertexTransformMat -0.662945 -0.673050 -0.327885 0.000000 -0.744551 0.638575 0.194591 0.000000 0.078410 0.373130 -0.924460 0.000000 21.481817 24.634031 -29.332785 1.000000
aniFrame
  m_time 1.701000
  m_vertexTransformMat -0.702467 -0.627293 -0.336220 0.000000 -0.706992 0.669374 0.228257 0.000000 0.081873 0.398048 -0.913704 0.000000 22.655914 23.785496 -29.191759 1.000000
aniFrame
  m_time 1.717000
  m_vertexTransformMat -0.739209 -0.578471 -0.344881 0.000000 -0.667192 0.698799 0.257943 0.000000 0.091790 0.420776 -0.902509 0.000000 23.834795 22.800674 -28.991550 1.000000
aniFrame
  m_time 1.733000
  m_vertexTransformMat -0.770981 -0.529632 -0.353664 0.000000 -0.627831 0.725253 0.282553 0.000000 0.106847 0.439885 -0.891676 0.000000 24.953646 21.737843 -28.745819 1.000000
aniFrame
  m_time 1.749000
  m_vertexTransformMat -0.796446 -0.483614 -0.363031 0.000000 -0.591464 0.747967 0.301192 0.000000 0.125875 0.454603 -0.881756 0.000000 25.958155 20.660461 -28.438938 1.000000
aniFrame
  m_time 1.765000
  m_vertexTransformMat -0.815045 -0.443361 -0.373004 0.000000 -0.560413 0.766693 0.313240 0.000000 0.147101 0.464341 -0.873355 0.000000 26.823444 19.635372 -28.089340 1.000000
aniFrame
  m_time 1.781000
  m_vertexTransformMat -0.825463 -0.414505 -0.383142 0.000000 -0.538941 0.780547 0.316684 0.000000 0.167793 0.467902 -0.867706 0.000000 27.496609 18.793657 -27.733183 1.000000
aniFrame
  m_time 1.797000
  m_vertexTransformMat -0.829787 -0.395350 -0.393894 0.000000 -0.525473 0.791206 0.312844 0.000000 0.187968 0.466574 -0.864278 0.000000 28.024658 18.107115 -27.353058 1.000000
aniFrame
  m_time 1.813000
  m_vertexTransformMat -0.829130 -0.385792 -0.404609 0.000000 -0.519383 0.799336 0.302165 0.000000 0.206846 0.460681 -0.863127 0.000000 28.425533 17.574203 -26.970270 1.000000
aniFrame
  m_time 1.829000
  m_vertexTransformMat -0.824579 -0.384133 -0.415346 0.000000 -0.519108 0.805616 0.285500 0.000000 0.224939 0.451027 -0.863700 0.000000 28.732386 17.163626 -26.579590 1.000000
aniFrame
  m_time 1.845000
  m_vertexTransformMat -0.818721 -0.384623 -0.426336 0.000000 -0.519820 0.811871 0.265807 0.000000 0.243894 0.439239 -0.864630 0.000000 29.031235 16.745487 -26.169386 1.000000
aniFrame
  m_time 1.861000
  m_vertexTransformMat -0.811140 -0.388508 -0.437166 0.000000 -0.522270 0.817587 0.242460 0.000000 0.263223 0.424988 -0.866083 0.000000 29.302715 16.350613 -25.751274 1.000000
aniFrame
  m_time 1.877000
  m_vertexTransformMat -0.802103 -0.395338 -0.447592 0.000000 -0.525986 0.822602 0.216022 0.000000 0.282789 0.408699 -0.867753 0.000000 29.545454 15.980439 -25.337336 1.000000
aniFrame
  m_time 1.893000
  m_vertexTransformMat -0.791520 -0.405257 -0.457453 0.000000 -0.530900 0.826724 0.186209 0.000000 0.302725 0.390250 -0.869519 0.000000 29.762363 15.637570 -24.928059 1.000000
aniFrame
  m_time 1.909000
  m_vertexTransformMat -0.779978 -0.417455 -0.466226 0.000000 -0.536226 0.829909 0.153993 0.000000 0.322639 0.370113 -0.871161 0.000000 29.952930 15.310358 -24.544785 1.000000
aniFrame
  m_time 1.925000
  m_vertexTransformMat -0.767009 -0.432256 -0.474187 0.000000 -0.542199 0.831815 0.118761 0.000000 0.343100 0.348194 -0.872378 0.000000 30.125124 15.008571 -24.172112 1.000000
aniFrame
  m_time 1.941000
  m_vertexTransformMat -0.753856 -0.448447 -0.480206 0.000000 -0.547675 0.832644 0.082197 0.000000 0.362979 0.324962 -0.873296 0.000000 30.270756 14.708331 -23.856194 1.000000
aniFrame
  m_time 1.957000
  m_vertexTransformMat -0.739445 -0.466560 -0.485329 0.000000 -0.553092 0.832017 0.042847 0.000000 0.383811 0.300115 -0.873282 0.000000 30.412441 14.422553 -23.552238 1.000000
aniFrame
  m_time 1.973000
  m_vertexTransformMat -0.724457 -0.486301 -0.488542 0.000000 -0.558820 0.829283 0.003193 0.000000 0.403587 0.275320 -0.872535 0.000000 30.505165 14.176044 -23.310026 1.000000
aniFrame
  m_time 1.989000
  m_vertexTransformMat -0.709562 -0.506359 -0.490023 0.000000 -0.562705 0.825762 -0.038483 0.000000 0.424129 0.248432 -0.870860 0.000000 30.599522 13.893815 -23.114710 1.000000
aniFrame
  m_time 2.005000
  m_vertexTransformMat -0.693664 -0.527561 -0.490419 0.000000 -0.566871 0.819895 -0.080190 0.000000 0.444397 0.222379 -0.867790 0.000000 30.656067 13.655949 -22.945135 1.000000
aniFrame
  m_time 2.021000
  m_vertexTransformMat -0.678692 -0.548710 -0.488155 0.000000 -0.569353 0.812957 -0.122221 0.000000 0.463913 0.194982 -0.864157 0.000000 30.688808 13.391333 -22.856199 1.000000
aniFrame
  m_time 2.037000
  m_vertexTransformMat -0.663350 -0.569262 -0.485703 0.000000 -0.570099 0.804889 -0.164747 0.000000 0.484721 0.167614 -0.858459 0.000000 30.729416 13.109639 -22.744093 1.000000
aniFrame
  m_time 2.053000
