m_aniFrameList.size 84
aniFrame
  m_time -1.066000
  m_vertexTransformMat -0.812666 -0.179746 0.554315 0.000000 -0.446309 0.803602 -0.393740 0.000000 -0.374676 -0.567375 -0.733283 0.000000 26.782902 -7.156285 -47.351429 1.000000
aniFrame
  m_time -1.027000
  m_vertexTransformMat -0.852892 -0.062052 0.518388 0.000000 -0.360295 0.788535 -0.498397 0.000000 -0.377841 -0.611851 -0.694892 0.000000 27.479927 -11.388676 -45.854958 1.000000
aniFrame
  m_time -0.988000
  m_vertexTransformMat -0.887634 0.070415 0.455135 0.000000 -0.255029 0.747742 -0.613059 0.000000 -0.383493 -0.660245 -0.645763 0.000000 27.961639 -16.194696 -43.378105 1.000000
aniFrame
  m_time -0.949000
  m_vertexTransformMat -0.906239 0.186633 0.379342 0.000000 -0.155662 0.686946 -0.709842 0.000000 -0.393067 -0.702335 -0.593485 0.000000 28.015339 -20.365396 -40.378365 1.000000
aniFrame
  m_time -0.910000
  m_vertexTransformMat -0.910214 0.263520 0.319482 0.000000 -0.088458 0.629924 -0.771603 0.000000 -0.404582 -0.730584 -0.550056 0.000000 27.781132 -22.978706 -37.835194 1.000000
aniFrame
  m_time -0.871000
  m_vertexTransformMat -0.907039 0.286614 0.308436 0.000000 -0.075830 0.609369 -0.789253 0.000000 -0.414162 -0.739272 -0.530988 0.000000 27.465414 -23.393475 -37.076237 1.000000
aniFrame
  m_time -0.832000
  m_vertexTransformMat -0.899641 0.259134 0.351420 0.000000 -0.119465 0.628049 -0.768949 0.000000 -0.419970 -0.733760 -0.534061 0.000000 27.105080 -21.771435 -38.316830 1.000000
aniFrame
  m_time -0.793000
  m_vertexTransformMat -0.883726 0.199988 0.423124 0.000000 -0.198100 0.659266 -0.725345 0.000000 -0.424011 -0.724827 -0.542992 0.000000 26.467279 -18.972013 -40.561504 1.000000
aniFrame
  m_time -0.754000
  m_vertexTransformMat -0.852543 0.113990 0.510075 0.000000 -0.300890 0.690939 -0.657319 0.000000 -0.427358 -0.713870 -0.554757 0.000000 25.295294 -15.205389 -43.397133 1.000000
aniFrame
  m_time -0.715000
  m_vertexTransformMat -0.801716 0.007937 0.597653 0.000000 -0.415303 0.711714 -0.566557 0.000000 -0.429854 -0.702425 -0.567296 0.000000 23.451014 -10.770610 -46.374039 1.000000
aniFrame
  m_time -0.676000
  m_vertexTransformMat -0.730210 -0.108532 0.674547 0.000000 -0.528738 0.715048 -0.457321 0.000000 -0.432699 -0.690600 -0.579520 0.000000 20.900024 -6.028694 -49.080135 1.000000
aniFrame
  m_time -0.637000
  m_vertexTransformMat -0.642655 -0.223915 0.732705 0.000000 -0.628917 0.700353 -0.337594 0.000000 -0.437559 -0.677767 -0.590910 0.000000 17.800327 -1.386556 -51.208221 1.000000
aniFrame
  m_time -0.598000
  m_vertexTransformMat -0.548510 -0.327040 0.769533 0.000000 -0.706401 0.673659 -0.217216 0.000000 -0.447364 -0.662744 -0.600530 0.000000 14.455716 2.776301 -52.656342 1.000000
aniFrame
  m_time -0.559000
  m_vertexTransformMat -0.461905 -0.409597 0.786685 0.000000 -0.755503 0.646336 -0.107074 0.000000 -0.464606 -0.643801 -0.607998 0.000000 11.323033 6.186798 -53.465717 1.000000
aniFrame
  m_time -0.520000
  m_vertexTransformMat -0.398061 -0.467472 0.789315 0.000000 -0.770666 0.637139 -0.011311 0.000000 -0.497615 -0.612800 -0.613885 0.000000 8.849669 8.773778 -53.849731 1.000000
aniFrame
  m_time -0.481000
  m_vertexTransformMat -0.371681 -0.504051 0.779607 0.000000 -0.733954 0.673771 0.085708 0.000000 -0.568477 -0.540339 -0.620378 0.000000 7.341162 10.945345 -54.095364 1.000000
aniFrame
  m_time -0.442000
  m_vertexTransformMat -0.385282 -0.523662 0.759826 0.000000 -0.648920 0.739166 0.180378 0.000000 -0.656095 -0.423570 -0.624602 0.000000 7.020041 12.910528 -54.136749 1.000000
aniFrame
  m_time -0.403000
  m_vertexTransformMat -0.429410 -0.525498 0.734479 0.000000 -0.543012 0.800082 0.254966 0.000000 -0.721627 -0.289346 -0.628915 0.000000 7.846402 14.381674 -53.846573 1.000000
aniFrame
  m_time -0.364000
  m_vertexTransformMat -0.485235 -0.511204 0.709379 0.000000 -0.453470 0.840785 0.295713 0.000000 -0.747604 -0.178191 -0.639794 0.000000 9.435737 14.957277 -53.342873 1.000000
aniFrame
  m_time -0.325000
  m_vertexTransformMat -0.531582 -0.489546 0.691206 0.000000 -0.414885 0.861949 0.291401 0.000000 -0.738438 -0.131867 -0.661302 0.000000 11.236796 14.428200 -52.928959 1.000000
aniFrame
  m_time -0.286000
  m_vertexTransformMat -0.568911 -0.466818 0.677068 0.000000 -0.415859 0.873567 0.252869 0.000000 -0.709508 -0.137705 -0.691113 0.000000 13.117268 13.085554 -52.553959 1.000000
aniFrame
  m_time -0.247000
  m_vertexTransformMat -0.605591 -0.441846 0.661840 0.000000 -0.430142 0.881474 0.194890 0.000000 -0.669506 -0.166661 -0.723869 0.000000 15.193782 11.204618 -52.082470 1.000000
aniFrame
  m_time -0.208000
  m_vertexTransformMat -0.640776 -0.413476 0.646872 0.000000 -0.450555 0.884753 0.119219 0.000000 -0.621616 -0.215059 -0.753222 0.000000 17.336100 8.846893 -51.543739 1.000000
aniFrame
  m_time -0.169000
  m_vertexTransformMat -0.674363 -0.381689 0.632098 0.000000 -0.471177 0.881541 0.029630 0.000000 -0.568530 -0.277849 -0.774322 0.000000 19.478355 6.138521 -50.947742 1.000000
aniFrame
  m_time -0.130000
  m_vertexTransformMat -0.707236 -0.345626 0.616734 0.000000 -0.486092 0.871163 -0.069213 0.000000 -0.513354 -0.348739 -0.784123 0.000000 21.556179 3.190607 -50.301907 1.000000
aniFrame
  m_time -0.091000
  m_vertexTransformMat -0.739728 -0.303473 0.600588 0.000000 -0.490045 0.854611 -0.171746 0.000000 -0.461149 -0.421360 -0.780895 0.000000 23.445118 0.082160 -49.579872 1.000000
aniFrame
  m_time -0.052000
  m_vertexTransformMat -0.771633 -0.255207 0.582625 0.000000 -0.480992 0.833485 -0.271938 0.000000 -0.416209 -0.490074 -0.765897 0.000000 25.082090 -3.057275 -48.728020 1.000000
aniFrame
  m_time -0.013000
  m_vertexTransformMat -0.801629 -0.202057 0.562641 0.000000 -0.459010 0.811011 -0.362727 0.000000 -0.383016 -0.549030 -0.742876 0.000000 26.388338 -6.061391 -47.747936 1.000000
aniFrame
  m_time 0.025000
  m_vertexTransformMat -0.836364 -0.125178 0.533692 0.000000 -0.409394 0.790078 -0.456260 0.000000 -0.364544 -0.600089 -0.712040 0.000000 27.457859 -9.515803 -46.438274 1.000000
aniFrame
  m_time 0.064000
  m_vertexTransformMat -0.875929 -0.005049 0.482414 0.000000 -0.317418 0.759058 -0.568398 0.000000 -0.363310 -0.651003 -0.666484 0.000000 28.213354 -14.119769 -44.336750 1.000000
aniFrame
  m_time 0.103000
  m_vertexTransformMat -0.902889 0.125647 0.411103 0.000000 -0.208783 0.707789 -0.674867 0.000000 -0.375769 -0.695160 -0.612821 0.000000 28.362608 -18.748655 -41.515572 1.000000
aniFrame
  m_time 0.142000
  m_vertexTransformMat -0.911313 0.230435 0.341187 0.000000 -0.117694 0.648311 -0.752225 0.000000 -0.394534 -0.725668 -0.563693 0.000000 28.028173 -22.172777 -38.687347 1.000000
aniFrame
  m_time 0.181000
  m_vertexTransformMat -0.908671 0.283480 0.306525 0.000000 -0.074787 0.611780 -0.787485 0.000000 -0.410762 -0.738488 -0.534706 0.000000 27.578209 -23.533894 -37.107357 1.000000
aniFrame
  m_time 0.220000
  m_vertexTransformMat -0.902900 0.273543 0.331581 0.000000 -0.098313 0.619526 -0.778795 0.000000 -0.418457 -0.735773 -0.532477 0.000000 27.245661 -22.507616 -37.727043 1.000000
aniFrame
  m_time 0.259000
  m_vertexTransformMat -0.890630 0.223711 0.395895 0.000000 -0.167454 0.648082 -0.742933 0.000000 -0.422775 -0.727972 -0.539740 0.000000 26.734917 -20.053572 -39.702930 1.000000
aniFrame
  m_time 0.298000
  m_vertexTransformMat -0.865598 0.146647 0.478785 0.000000 -0.262880 0.680713 -0.683757 0.000000 -0.426186 -0.717722 -0.550673 0.000000 25.783216 -16.608845 -42.365726 1.000000
aniFrame
  m_time 0.337000
  m_vertexTransformMat -0.822027 0.046794 0.567523 0.000000 -0.374516 0.706323 -0.600705 0.000000 -0.428964 -0.706342 -0.563091 0.000000 24.184210 -12.377685 -45.337582 1.000000
aniFrame
  m_time 0.376000
  m_vertexTransformMat -0.757559 -0.067301 0.649289 0.000000 -0.489732 0.716240 -0.497155 0.000000 -0.431587 -0.694602 -0.575554 0.000000 21.870481 -7.697551 -48.184750 1.000000
aniFrame
  m_time 0.415000
  m_vertexTransformMat -0.674842 -0.184492 0.714529 0.000000 -0.595824 0.707499 -0.380053 0.000000 -0.435412 -0.682209 -0.587374 0.000000 18.938251 -2.971108 -50.534565 1.000000
aniFrame
  m_time 0.454000
  m_vertexTransformMat -0.581510 -0.293174 0.758878 0.000000 -0.682279 0.683814 -0.258639 0.000000 -0.443105 -0.668168 -0.597671 0.000000 15.632091 1.402036 -52.224255 1.000000
aniFrame
  m_time 0.493000
  m_vertexTransformMat -0.490349 -0.383863 0.782436 0.000000 -0.741726 0.655195 -0.143398 0.000000 -0.457603 -0.650668 -0.605996 0.000000 12.362275 5.107861 -53.245319 1.000000
aniFrame
  m_time 0.532000
  m_vertexTransformMat -0.416517 -0.450274 0.789790 0.000000 -0.770980 0.635311 -0.044394 0.000000 -0.481772 -0.627402 -0.611770 0.000000 9.616471 7.947169 -53.733345 1.000000
aniFrame
  m_time 0.571000
  m_vertexTransformMat -0.376067 -0.493220 0.784416 0.000000 -0.753773 0.655185 0.050587 0.000000 -0.538888 -0.572247 -0.618169 0.000000 7.745287 10.197236 -54.019001 1.000000
aniFrame
  m_time 0.610000
  m_vertexTransformMat -0.376184 -0.518720 0.767734 0.000000 -0.683183 0.715021 0.148350 0.000000 -0.625897 -0.468696 -0.623359 0.000000 6.986044 12.252220 -54.154743 1.000000
aniFrame
  m_time 0.649000
  m_vertexTransformMat -0.411340 -0.526920 0.743744 0.000000 -0.580643 0.780463 0.231800 0.000000 -0.702605 -0.336501 -0.626988 0.000000 7.440939 13.944349 -53.984207 1.000000
aniFrame
  m_time 0.688000
  m_vertexTransformMat -0.465925 -0.517618 0.717625 0.000000 -0.480318 0.829097 0.286170 0.000000 -0.743107 -0.211355 -0.634918 0.000000 8.828692 14.880426 -53.521210 1.000000
aniFrame
  m_time 0.727000
  m_vertexTransformMat -0.516729 -0.497364 0.696864 0.000000 -0.422835 0.856010 0.297415 0.000000 -0.744447 -0.140976 -0.652629 0.000000 10.601444 14.721491 -53.062443 1.000000
aniFrame
  m_time 0.766000
  m_vertexTransformMat -0.555721 -0.475025 0.682295 0.000000 -0.413907 0.869831 0.268468 0.000000 -0.721010 -0.133213 -0.679999 0.000000 12.425035 13.617610 -52.699051 1.000000
aniFrame
  m_time 0.805000
  m_vertexTransformMat -0.592722 -0.450817 0.667417 0.000000 -0.423766 0.879254 0.217565 0.000000 -0.684911 -0.153873 -0.712194 0.000000 14.438774 11.920484 -52.261745 1.000000
aniFrame
  m_time 0.844000
  m_vertexTransformMat -0.628325 -0.423722 0.652433 0.000000 -0.442805 0.884338 0.147889 0.000000 -0.639635 -0.195977 -0.743277 0.000000 16.558117 9.719501 -51.748787 1.000000
aniFrame
  m_time 0.883000
  m_vertexTransformMat -0.662282 -0.393099 0.637852 0.000000 -0.464021 0.883599 0.062756 0.000000 -0.588275 -0.254415 -0.767598 0.000000 18.695660 7.117275 -51.177284 1.000000
aniFrame
  m_time 0.922000
  m_vertexTransformMat -0.694914 -0.359297 0.622897 0.000000 -0.482592 0.875202 -0.033557 0.000000 -0.533104 -0.323925 -0.781584 0.000000 20.800489 4.256663 -50.553658 1.000000
aniFrame
  m_time 0.961000
  m_vertexTransformMat -0.727888 -0.318854 0.607050 0.000000 -0.490298 0.860927 -0.135693 0.000000 -0.479360 -0.396405 -0.782992 0.000000 22.781406 1.175463 -49.863121 1.000000
aniFrame
  m_time 1.000000
  m_vertexTransformMat -0.760203 -0.272703 0.589683 0.000000 -0.485931 0.841119 -0.237467 0.000000 -0.431235 -0.467067 -0.771936 0.000000 24.524065 -1.967001 -49.055603 1.000000
aniFrame
  m_time 1.039000
  m_vertexTransformMat -0.791426 -0.220482 0.570116 0.000000 -0.467890 0.818691 -0.332904 0.000000 -0.393349 -0.530221 -0.751094 0.000000 25.968258 -5.058688 -48.106747 1.000000
aniFrame
  m_time 1.078000
  m_vertexTransformMat -0.823253 -0.156405 0.545704 0.000000 -0.431262 0.797422 -0.422056 0.000000 -0.369145 -0.582800 -0.723932 0.000000 27.107523 -8.201127 -46.958401 1.000000
aniFrame
  m_time 1.117000
  m_vertexTransformMat -0.862569 -0.050738 0.503388 0.000000 -0.353584 0.772100 -0.528053 0.000000 -0.361874 -0.633472 -0.683930 0.000000 28.008018 -12.422461 -45.176586 1.000000
aniFrame
  m_time 1.156000
  m_vertexTransformMat -0.895838 0.081645 0.436817 0.000000 -0.245930 0.727636 -0.640363 0.000000 -0.370126 -0.681087 -0.631765 0.000000 28.392277 -17.227364 -42.534779 1.000000
aniFrame
  m_time 1.195000
  m_vertexTransformMat -0.910582 0.199394 0.362055 0.000000 -0.143968 0.668089 -0.730021 0.000000 -0.387447 -0.716868 -0.579644 0.000000 28.208027 -21.202452 -39.560017 1.000000
aniFrame
  m_time 1.234000
  m_vertexTransformMat -0.910505 0.272912 0.310646 0.000000 -0.080856 0.619251 -0.781020 0.000000 -0.405517 -0.736239 -0.541764 0.000000 27.755753 -23.364250 -37.369743 1.000000
aniFrame
  m_time 1.273000
  m_vertexTransformMat -0.905616 0.283912 0.315045 0.000000 -0.081809 0.611958 -0.786648 0.000000 -0.416133 -0.738175 -0.530973 0.000000 27.384190 -23.125250 -37.235767 1.000000
aniFrame
  m_time 1.312000
  m_vertexTransformMat -0.896304 0.244533 0.369923 0.000000 -0.139388 0.636563 -0.758524 0.000000 -0.420964 -0.731431 -0.536469 0.000000 26.974571 -21.047686 -38.887466 1.000000
aniFrame
  m_time 1.351000
  m_vertexTransformMat -0.876419 0.176750 0.447939 0.000000 -0.226708 0.669223 -0.707633 0.000000 -0.424845 -0.721734 -0.546449 0.000000 26.195082 -17.932739 -41.360149 1.000000
aniFrame
  m_time 1.390000
  m_vertexTransformMat -0.839619 0.083877 0.536661 0.000000 -0.334447 0.698679 -0.632450 0.000000 -0.428002 -0.710502 -0.558572 0.000000 24.826368 -13.929596 -44.289295 1.000000
aniFrame
  m_time 1.429000
  m_vertexTransformMat -0.782420 -0.026385 0.622194 0.000000 -0.449928 0.714719 -0.535484 0.000000 -0.430564 -0.698915 -0.571081 0.000000 22.760441 -9.363121 -47.231049 1.000000
aniFrame
  m_time 1.468000
  m_vertexTransformMat -0.705341 -0.143754 0.694139 0.000000 -0.560537 0.712529 -0.422021 0.000000 -0.433927 -0.686759 -0.583155 0.000000 20.017902 -4.608996 -49.786953 1.000000
aniFrame
  m_time 1.507000
  m_vertexTransformMat -0.614402 -0.256565 0.746113 0.000000 -0.654852 0.693297 -0.300848 0.000000 -0.440091 -0.673435 -0.593975 0.000000 16.798731 -0.073833 -51.718552 1.000000
aniFrame
  m_time 1.546000
  m_vertexTransformMat -0.520867 -0.354417 0.776587 0.000000 -0.724259 0.665000 -0.182279 0.000000 -0.451827 -0.657393 -0.603066 0.000000 13.464567 3.893504 -52.963005 1.000000
aniFrame
  m_time 1.585000
  m_vertexTransformMat -0.439451 -0.429642 0.788854 0.000000 -0.764851 0.639494 -0.077786 0.000000 -0.471047 -0.637539 -0.609638 0.000000 10.496040 7.035054 -53.603397 1.000000
aniFrame
  m_time 1.624000
  m_vertexTransformMat -0.385854 -0.480237 0.787712 0.000000 -0.765741 0.642928 0.016877 0.000000 -0.514546 -0.596671 -0.615813 0.000000 8.288973 9.439474 -53.933258 1.000000
aniFrame
  m_time 1.663000
  m_vertexTransformMat -0.371806 -0.511641 0.774587 0.000000 -0.712440 0.692205 0.115249 0.000000 -0.595139 -0.508996 -0.621879 0.000000 7.112621 11.561969 -54.138618 1.000000
aniFrame
  m_time 1.702000
  m_vertexTransformMat -0.395731 -0.526081 0.752753 0.000000 -0.618315 0.758678 0.205167 0.000000 -0.679032 -0.384247 -0.625516 0.000000 7.155374 13.413515 -54.087132 1.000000
aniFrame
  m_time 1.741000
  m_vertexTransformMat -0.445658 -0.522639 0.726800 0.000000 -0.513131 0.814407 0.270996 0.000000 -0.733544 -0.252172 -0.631129 0.000000 8.261937 14.656757 -53.709641 1.000000
aniFrame
  m_time 1.780000
  m_vertexTransformMat -0.500299 -0.505128 0.703240 0.000000 -0.436705 0.848530 0.298807 0.000000 -0.747656 -0.157615 -0.645111 0.000000 9.967516 14.904245 -53.207619 1.000000
aniFrame
  m_time 1.819000
  m_vertexTransformMat -0.542962 -0.482134 0.687561 0.000000 -0.412461 0.866308 0.281758 0.000000 -0.731484 -0.130608 -0.669233 0.000000 11.765851 14.068382 -52.834332 1.000000
aniFrame
  m_time 1.858000
  m_vertexTransformMat -0.580689 -0.454205 0.675646 0.000000 -0.413819 0.879371 0.235500 0.000000 -0.701109 -0.142844 -0.698600 0.000000 13.664083 12.464366 -52.484337 1.000000
aniFrame
  m_time 1.897000
  m_vertexTransformMat -0.617960 -0.420904 0.664053 0.000000 -0.423639 0.889785 0.169749 0.000000 -0.662311 -0.176420 -0.728163 0.000000 15.689222 10.311207 -52.076450 1.000000
aniFrame
  m_time 1.936000
  m_vertexTransformMat -0.654040 -0.383658 0.651950 0.000000 -0.437509 0.894924 0.087731 0.000000 -0.617105 -0.227854 -0.753170 0.000000 17.767801 7.728331 -51.592800 1.000000
aniFrame
  m_time 1.975000
  m_vertexTransformMat -0.688780 -0.343930 0.638197 0.000000 -0.451314 0.892344 -0.006194 0.000000 -0.567361 -0.292293 -0.769849 0.000000 19.852194 4.849707 -51.019024 1.000000
aniFrame
  m_time 2.014000
  m_vertexTransformMat -0.722157 -0.302855 0.621908 0.000000 -0.461273 0.880820 -0.106690 0.000000 -0.515478 -0.363917 -0.775789 0.000000 21.842941 1.808906 -50.356728 1.000000
aniFrame
  m_time 2.053000
  m_vertexTransformMat -0.754459 -0.260697 0.602353 0.000000 -0.463731 0.861187 -0.208113 0.000000 -0.464484 -0.436342 -0.770624 0.000000 23.683146 -1.286502 -49.547470 1.000000
aniFrame
  m_time 2.092000
  m_vertexTransformMat -0.784365 -0.219982 0.579983 0.000000 -0.459033 0.834719 -0.304192 0.000000 -0.417206 -0.504829 -0.755703 0.000000 25.312809 -4.266663 -48.563442 1.000000
aniFrame
  m_time 2.131000
  m_vertexTransformMat -0.811420 -0.181986 0.555409 0.000000 -0.447009 0.805452 -0.389139 0.000000 -0.376538 -0.564028 -0.734910 0.000000 26.719019 -7.005153 -47.415627 1.000000
aniFrame
  m_time 2.133000
  m_vertexTransformMat -0.812666 -0.179746 0.554315 0.000000 -0.446309 0.803602 -0.393740 0.000000 -0.374676 -0.567375 -0.733283 0.000000 26.782900 -7.156289 -47.351429 1.000000
