m_aniFrameList.size 84
aniFrame
  m_time -1.066000
  m_vertexTransformMat 0.062243 -0.246282 0.967198 0.000000 0.891703 0.449023 0.056952 0.000000 -0.448320 0.858908 0.247559 0.000000 -7.534562 7.123835 -1.929801 1.000000
aniFrame
  m_time -1.027000
  m_vertexTransformMat 0.068515 -0.232243 0.970242 0.000000 0.867387 0.494350 0.057079 0.000000 -0.492895 0.837664 0.235315 0.000000 -8.338904 7.026650 -2.427906 1.000000
aniFrame
  m_time -0.988000
  m_vertexTransformMat 0.070780 -0.220968 0.972709 0.000000 0.838991 0.540628 0.061763 0.000000 -0.539521 0.811723 0.223656 0.000000 -9.194495 6.872005 -2.973689 1.000000
aniFrame
  m_time -0.949000
  m_vertexTransformMat 0.074866 -0.209655 0.974905 0.000000 0.808730 0.584727 0.063641 0.000000 -0.583396 0.783671 0.213330 0.000000 -9.884756 6.678105 -3.367047 1.000000
aniFrame
  m_time -0.910000
  m_vertexTransformMat 0.085822 -0.194171 0.977207 0.000000 0.779629 0.623780 0.055476 0.000000 -0.620334 0.757097 0.204915 0.000000 -10.269410 6.493829 -3.448665 1.000000
aniFrame
  m_time -0.871000
  m_vertexTransformMat 0.108174 -0.169429 0.979588 0.000000 0.755134 0.654889 0.029881 0.000000 -0.646584 0.736488 0.198784 0.000000 -10.367883 6.391289 -3.238823 1.000000
aniFrame
  m_time -0.832000
  m_vertexTransformMat 0.141724 -0.135002 0.980657 0.000000 0.734725 0.678244 -0.012812 0.000000 -0.663395 0.722329 0.195313 0.000000 -10.257928 6.354022 -2.839291 1.000000
aniFrame
  m_time -0.793000
  m_vertexTransformMat 0.181383 -0.095077 0.978806 0.000000 0.714572 0.696559 -0.064757 0.000000 -0.675639 0.711173 0.194283 0.000000 -10.040470 6.288770 -2.376408 1.000000
aniFrame
  m_time -0.754000
  m_vertexTransformMat 0.224499 -0.050539 0.973163 0.000000 0.693202 0.710164 -0.123035 0.000000 -0.684887 0.702220 0.194465 0.000000 -9.737381 6.202013 -1.991277 1.000000
aniFrame
  m_time -0.715000
  m_vertexTransformMat 0.268579 -0.002591 0.963254 0.000000 0.670264 0.718706 -0.184953 0.000000 -0.691817 0.695309 0.194766 0.000000 -9.372110 6.121000 -1.799371 1.000000
aniFrame
  m_time -0.676000
  m_vertexTransformMat 0.311958 0.047019 0.948932 0.000000 0.646230 0.721652 -0.248203 0.000000 -0.696469 0.690657 0.194740 0.000000 -8.947712 6.072553 -1.798285 1.000000
aniFrame
  m_time -0.637000
  m_vertexTransformMat 0.352489 0.098121 0.930658 0.000000 0.619087 0.721320 -0.310531 0.000000 -0.701772 0.685617 0.193512 0.000000 -8.504222 6.058586 -1.952064 1.000000
aniFrame
  m_time -0.598000
  m_vertexTransformMat 0.387804 0.149183 0.909589 0.000000 0.590815 0.717209 -0.369525 0.000000 -0.707492 0.680703 0.189997 0.000000 -8.059325 6.119153 -2.231845 1.000000
aniFrame
  m_time -0.559000
  m_vertexTransformMat 0.415364 0.199150 0.887588 0.000000 0.562725 0.710381 -0.422728 0.000000 -0.714712 0.675054 0.183000 0.000000 -7.671593 6.273285 -2.597736 1.000000
aniFrame
  m_time -0.520000
  m_vertexTransformMat 0.434010 0.250109 0.865494 0.000000 0.534681 0.701694 -0.470895 0.000000 -0.725087 0.667137 0.170814 0.000000 -7.357298 6.565422 -3.041268 1.000000
aniFrame
  m_time -0.481000
  m_vertexTransformMat 0.441990 0.316060 0.839495 0.000000 0.502940 0.687617 -0.523675 0.000000 -0.742763 0.653674 0.144961 0.000000 -7.104712 7.165113 -3.750353 1.000000
aniFrame
  m_time -0.442000
  m_vertexTransformMat 0.439323 0.388767 0.809849 0.000000 0.472906 0.666391 -0.576440 0.000000 -0.763777 0.636226 0.108911 0.000000 -6.967929 7.986860 -4.616395 1.000000
aniFrame
  m_time -0.403000
  m_vertexTransformMat 0.428817 0.447383 0.784835 0.000000 0.455287 0.643343 -0.615487 0.000000 -0.780276 0.621256 0.072189 0.000000 -7.021387 8.816300 -5.297914 1.000000
aniFrame
  m_time -0.364000
  m_vertexTransformMat 0.416929 0.475187 0.774834 0.000000 0.456141 0.627960 -0.630557 0.000000 -0.786197 0.616331 0.045062 0.000000 -7.157119 9.478549 -5.550488 1.000000
aniFrame
  m_time -0.325000
  m_vertexTransformMat 0.408956 0.456716 0.790042 0.000000 0.482244 0.626824 -0.611990 0.000000 -0.774723 0.631270 0.036095 0.000000 -7.126897 9.839808 -5.307178 1.000000
aniFrame
  m_time -0.286000
  m_vertexTransformMat 0.398686 0.399584 0.825459 0.000000 0.531119 0.633176 -0.563028 0.000000 -0.747638 0.662889 0.040211 0.000000 -6.957433 9.894261 -4.699886 1.000000
aniFrame
  m_time -0.247000
  m_vertexTransformMat 0.380654 0.317833 0.868381 0.000000 0.593425 0.636240 -0.492996 0.000000 -0.709189 0.702980 0.053577 0.000000 -6.739559 9.747471 -3.931991 1.000000
aniFrame
  m_time -0.208000
  m_vertexTransformMat 0.350490 0.218449 0.910734 0.000000 0.662176 0.629884 -0.405918 0.000000 -0.662329 0.745336 0.076117 0.000000 -6.551185 9.438830 -3.139057 1.000000
aniFrame
  m_time -0.169000
  m_vertexTransformMat 0.307227 0.110628 0.945184 0.000000 0.729680 0.610192 -0.308598 0.000000 -0.610883 0.784492 0.106744 0.000000 -6.433713 9.004100 -2.452686 1.000000
aniFrame
  m_time -0.130000
  m_vertexTransformMat 0.252254 0.003528 0.967655 0.000000 0.789529 0.577418 -0.207925 0.000000 -0.559475 0.816442 0.142870 0.000000 -6.447613 8.494753 -1.984907 1.000000
aniFrame
  m_time -0.091000
  m_vertexTransformMat 0.190248 -0.093692 0.977255 0.000000 0.837107 0.535531 -0.111622 0.000000 -0.512892 0.839302 0.180314 0.000000 -6.633164 7.985647 -1.763947 1.000000
aniFrame
  m_time -0.052000
  m_vertexTransformMat 0.128570 -0.173809 0.976351 0.000000 0.870061 0.492207 -0.026952 0.000000 -0.475882 0.852950 0.214508 0.000000 -6.962604 7.539799 -1.748654 1.000000
aniFrame
  m_time -0.013000
  m_vertexTransformMat 0.076612 -0.231930 0.969711 0.000000 0.888769 0.456692 0.039012 0.000000 -0.451907 0.858860 0.241120 0.000000 -7.364227 7.210958 -1.859803 1.000000
aniFrame
  m_time 0.025000
  m_vertexTransformMat 0.043202 -0.262743 0.963898 0.000000 0.890779 0.446992 0.081918 0.000000 -0.452378 0.855081 0.253357 0.000000 -7.941740 7.001518 -2.141772 1.000000
aniFrame
  m_time 0.064000
  m_vertexTransformMat 0.034007 -0.265330 0.963558 0.000000 0.873217 0.476858 0.100492 0.000000 -0.486144 0.837978 0.247907 0.000000 -8.769841 6.856453 -2.659952 1.000000
aniFrame
  m_time 0.103000
  m_vertexTransformMat 0.044481 -0.247828 0.967783 0.000000 0.841097 0.532011 0.097578 0.000000 -0.539053 0.809658 0.232112 0.000000 -9.593591 6.707653 -3.178030 1.000000
aniFrame
  m_time 0.142000
  m_vertexTransformMat 0.067645 -0.217582 0.973695 0.000000 0.801380 0.593195 0.076882 0.000000 -0.594319 0.775099 0.214492 0.000000 -10.144040 6.539787 -3.431517 1.000000
aniFrame
  m_time 0.181000
  m_vertexTransformMat 0.096867 -0.182234 0.978472 0.000000 0.765237 0.642253 0.043858 0.000000 -0.636419 0.744515 0.201665 0.000000 -10.360365 6.411114 -3.337635 1.000000
aniFrame
  m_time 0.220000
  m_vertexTransformMat 0.129292 -0.147563 0.980566 0.000000 0.741427 0.671026 0.003221 0.000000 -0.658461 0.726601 0.196165 0.000000 -10.314022 6.365572 -2.993254 1.000000
aniFrame
  m_time 0.259000
  m_vertexTransformMat 0.167210 -0.109628 0.979808 0.000000 0.721756 0.690624 -0.045901 0.000000 -0.671646 0.714857 0.194604 0.000000 -10.125406 6.315936 -2.533143 1.000000
aniFrame
  m_time 0.298000
  m_vertexTransformMat 0.209428 -0.066702 0.975546 0.000000 0.701075 0.705718 -0.102252 0.000000 -0.681640 0.705346 0.194561 0.000000 -9.847329 6.235271 -2.103808 1.000000
aniFrame
  m_time 0.337000
  m_vertexTransformMat 0.253313 -0.020112 0.967176 0.000000 0.678999 0.715827 -0.162951 0.000000 -0.689052 0.697988 0.194985 0.000000 -9.501776 6.148666 -1.837920 1.000000
aniFrame
  m_time 0.376000
  m_vertexTransformMat 0.297247 0.028846 0.954365 0.000000 0.655495 0.720609 -0.225942 0.000000 -0.694241 0.692741 0.195291 0.000000 -9.095985 6.084914 -1.775576 1.000000
aniFrame
  m_time 0.415000
  m_vertexTransformMat 0.339177 0.079868 0.937326 0.000000 0.628668 0.721978 -0.289006 0.000000 -0.699812 0.687291 0.194668 0.000000 -8.661486 6.049111 -1.876995 1.000000
aniFrame
  m_time 0.454000
  m_vertexTransformMat 0.376170 0.131061 0.917235 0.000000 0.600816 0.719105 -0.349153 0.000000 -0.705348 0.682430 0.191763 0.000000 -8.214326 6.080768 -2.120358 1.000000
aniFrame
  m_time 0.493000
  m_vertexTransformMat 0.406695 0.181589 0.895335 0.000000 0.572449 0.713128 -0.404662 0.000000 -0.711970 0.677107 0.186075 0.000000 -7.798326 6.199119 -2.463096 1.000000
aniFrame
  m_time 0.532000
  m_vertexTransformMat 0.428602 0.230475 0.873603 0.000000 0.545008 0.705233 -0.453445 0.000000 -0.720601 0.670468 0.176653 0.000000 -7.461946 6.424161 -2.857170 1.000000
aniFrame
  m_time 0.571000
  m_vertexTransformMat 0.440332 0.290708 0.849469 0.000000 0.514687 0.693507 -0.504128 0.000000 -0.735666 0.659195 0.155750 0.000000 -7.186776 6.914577 -3.463550 1.000000
aniFrame
  m_time 0.610000
  m_vertexTransformMat 0.441013 0.363640 0.820533 0.000000 0.482987 0.674411 -0.558475 0.000000 -0.756459 0.642601 0.121791 0.000000 -7.001280 7.687839 -4.314079 1.000000
aniFrame
  m_time 0.649000
  m_vertexTransformMat 0.432627 0.429228 0.792841 0.000000 0.460318 0.650975 -0.603605 0.000000 -0.775204 0.626095 0.084048 0.000000 -6.983674 8.537367 -5.099883 1.000000
aniFrame
  m_time 0.688000
  m_vertexTransformMat 0.419567 0.469879 0.776645 0.000000 0.455179 0.631341 -0.627870 0.000000 -0.785351 0.616946 0.051010 0.000000 -7.118551 9.282737 -5.531361 1.000000
aniFrame
  m_time 0.727000
  m_vertexTransformMat 0.410066 0.468776 0.782365 0.000000 0.470911 0.625799 -0.621787 0.000000 -0.781082 0.623398 0.035866 0.000000 -7.168525 9.749702 -5.454785 1.000000
aniFrame
  m_time 0.766000
  m_vertexTransformMat 0.402219 0.422543 0.812205 0.000000 0.512584 0.631129 -0.582181 0.000000 -0.758603 0.650487 0.037264 0.000000 -7.030868 9.899095 -4.938244 1.000000
aniFrame
  m_time 0.805000
  m_vertexTransformMat 0.387815 0.348966 0.853126 0.000000 0.570613 0.635990 -0.519537 0.000000 -0.723879 0.688288 0.047522 0.000000 -6.817602 9.817602 -4.212322 1.000000
aniFrame
  m_time 0.844000
  m_vertexTransformMat 0.362206 0.254781 0.896602 0.000000 0.637929 0.633580 -0.437748 0.000000 -0.679598 0.730523 0.066954 0.000000 -6.613146 9.562648 -3.412888 1.000000
aniFrame
  m_time 0.883000
  m_vertexTransformMat 0.323750 0.148920 0.934350 0.000000 0.706602 0.618677 -0.343443 0.000000 -0.629206 0.771402 0.095070 0.000000 -6.464301 9.168703 -2.675084 1.000000
aniFrame
  m_time 0.922000
  m_vertexTransformMat 0.272580 0.040546 0.961278 0.000000 0.769808 0.590137 -0.243178 0.000000 -0.577145 0.806285 0.129647 0.000000 -6.423944 8.682112 -2.123219 1.000000
aniFrame
  m_time 0.961000
  m_vertexTransformMat 0.212620 -0.061087 0.975224 0.000000 0.822039 0.550733 -0.144725 0.000000 -0.528247 0.832443 0.167313 0.000000 -6.543140 8.165614 -1.816114 1.000000
aniFrame
  m_time 1.000000
  m_vertexTransformMat 0.149911 -0.147758 0.977597 0.000000 0.860204 0.506944 -0.055287 0.000000 -0.487417 0.849221 0.203099 0.000000 -6.826499 7.692244 -1.734633 1.000000
aniFrame
  m_time 1.039000
  m_vertexTransformMat 0.093493 -0.213799 0.972393 0.000000 0.883601 0.467898 0.017920 0.000000 -0.458812 0.857532 0.232658 0.000000 -7.216127 7.318495 -1.814871 1.000000
aniFrame
  m_time 1.078000
  m_vertexTransformMat 0.052247 -0.255141 0.965491 0.000000 0.892206 0.446227 0.069639 0.000000 -0.448596 0.857778 0.250953 0.000000 -7.709935 7.067087 -2.017552 1.000000
aniFrame
  m_time 1.117000
  m_vertexTransformMat 0.034576 -0.267186 0.963024 0.000000 0.881420 0.462344 0.096629 0.000000 -0.471067 0.845488 0.251489 0.000000 -8.461802 6.906391 -2.461257 1.000000
aniFrame
  m_time 1.156000
  m_vertexTransformMat 0.039059 -0.255696 0.965968 0.000000 0.853513 0.511227 0.100812 0.000000 -0.519606 0.820528 0.238208 0.000000 -9.327537 6.762032 -3.017160 1.000000
aniFrame
  m_time 1.195000
  m_vertexTransformMat 0.058596 -0.229095 0.971639 0.000000 0.815386 0.572522 0.085817 0.000000 -0.575945 0.787232 0.220348 0.000000 -9.991447 6.597041 -3.384550 1.000000
aniFrame
  m_time 1.234000
  m_vertexTransformMat 0.086372 -0.194504 0.977092 0.000000 0.776342 0.627789 0.056344 0.000000 -0.624366 0.753690 0.205225 0.000000 -10.319159 6.443699 -3.404221 1.000000
aniFrame
  m_time 1.273000
  m_vertexTransformMat 0.117445 -0.159593 0.980172 0.000000 0.748355 0.663047 0.018290 0.000000 -0.652819 0.731368 0.197303 0.000000 -10.356618 6.373295 -3.137533 1.000000
aniFrame
  m_time 1.312000
  m_vertexTransformMat 0.153185 -0.123592 0.980438 0.000000 0.728759 0.684213 -0.027611 0.000000 -0.667416 0.718733 0.194880 0.000000 -10.201919 6.338042 -2.700293 1.000000
aniFrame
  m_time 1.351000
  m_vertexTransformMat 0.194446 -0.082224 0.977461 0.000000 0.708457 0.700978 -0.081966 0.000000 -0.678439 0.708427 0.194555 0.000000 -9.953094 6.265983 -2.241757 1.000000
aniFrame
  m_time 1.390000
  m_vertexTransformMat 0.238214 -0.036448 0.970529 0.000000 0.686496 0.713191 -0.141715 0.000000 -0.687007 0.700022 0.194913 0.000000 -9.629934 6.177740 -1.906866 1.000000
aniFrame
  m_time 1.429000
  m_vertexTransformMat 0.282367 0.012143 0.959230 0.000000 0.663052 0.720156 -0.204298 0.000000 -0.693276 0.693706 0.195297 0.000000 -9.246504 6.101715 -1.777293 1.000000
aniFrame
  m_time 1.468000
  m_vertexTransformMat 0.325245 0.062166 0.943584 0.000000 0.637875 0.722209 -0.267451 0.000000 -0.698092 0.688875 0.195241 0.000000 -8.811701 6.055966 -1.821706 1.000000
aniFrame
  m_time 1.507000
  m_vertexTransformMat 0.364362 0.113262 0.924344 0.000000 0.610425 0.720555 -0.328911 0.000000 -0.703294 0.684085 0.193405 0.000000 -8.359223 6.062731 -2.017091 1.000000
aniFrame
  m_time 1.546000
  m_vertexTransformMat 0.397321 0.164104 0.902888 0.000000 0.582136 0.715509 -0.386220 0.000000 -0.709404 0.679056 0.188756 0.000000 -7.927845 6.148770 -2.330482 1.000000
aniFrame
  m_time 1.585000
  m_vertexTransformMat 0.421997 0.213049 0.881209 0.000000 0.554670 0.708176 -0.436838 0.000000 -0.717119 0.673125 0.180676 0.000000 -7.570746 6.329380 -2.707333 1.000000
aniFrame
  m_time 1.624000
  m_vertexTransformMat 0.437598 0.267785 0.858371 0.000000 0.525580 0.698390 -0.485817 0.000000 -0.729572 0.663734 0.164872 0.000000 -7.273694 6.705931 -3.218620 1.000000
aniFrame
  m_time 1.663000
  m_vertexTransformMat 0.442049 0.338120 0.830823 0.000000 0.493366 0.681893 -0.540012 0.000000 -0.749121 0.648612 0.134613 0.000000 -7.048655 7.398850 -4.009855 1.000000
aniFrame
  m_time 1.702000
  m_vertexTransformMat 0.436033 0.408200 0.802028 0.000000 0.466692 0.659441 -0.589352 0.000000 -0.769463 0.631277 0.097035 0.000000 -6.966076 8.240479 -4.856053 1.000000
aniFrame
  m_time 1.741000
  m_vertexTransformMat 0.423963 0.459393 0.780522 0.000000 0.454262 0.637702 -0.622079 0.000000 -0.783519 0.618299 0.061678 0.000000 -7.067772 9.036168 -5.431104 1.000000
aniFrame
  m_time 1.780000
  m_vertexTransformMat 0.413352 0.474708 0.777041 0.000000 0.461009 0.626804 -0.628162 0.000000 -0.785246 0.617875 0.040246 0.000000 -7.178177 9.612917 -5.527584 1.000000
aniFrame
  m_time 1.819000
  m_vertexTransformMat 0.406178 0.443540 0.798932 0.000000 0.493988 0.628960 -0.600321 0.000000 -0.768762 0.638500 0.036366 0.000000 -7.096246 9.877634 -5.153332 1.000000
aniFrame
  m_time 1.858000
  m_vertexTransformMat 0.394253 0.386012 0.834002 0.000000 0.540960 0.636148 -0.550162 0.000000 -0.742918 0.668064 0.041986 0.000000 -6.951260 9.866508 -4.524506 1.000000
aniFrame
  m_time 1.897000
  m_vertexTransformMat 0.375857 0.310990 0.872936 0.000000 0.595375 0.640818 -0.484645 0.000000 -0.710113 0.701882 0.055700 0.000000 -6.798391 9.688519 -3.797260 1.000000
aniFrame
  m_time 1.936000
  m_vertexTransformMat 0.347790 0.221961 0.910920 0.000000 0.654341 0.638364 -0.405376 0.000000 -0.671476 0.737038 0.076778 0.000000 -6.677209 9.372127 -3.082256 1.000000
aniFrame
  m_time 1.975000
  m_vertexTransformMat 0.308909 0.123996 0.942974 0.000000 0.713873 0.624908 -0.316029 0.000000 -0.628459 0.770788 0.104522 0.000000 -6.615790 8.950525 -2.489443 1.000000
aniFrame
  m_time 2.014000
  m_vertexTransformMat 0.259183 0.022799 0.965559 0.000000 0.770132 0.598432 -0.220855 0.000000 -0.582857 0.800849 0.137545 0.000000 -6.680932 8.465977 -2.108149 1.000000
aniFrame
  m_time 2.053000
  m_vertexTransformMat 0.199892 -0.075648 0.976894 0.000000 0.819783 0.558988 -0.124457 0.000000 -0.536656 0.825718 0.173752 0.000000 -6.887998 7.968328 -1.928677 1.000000
aniFrame
  m_time 2.092000
  m_vertexTransformMat 0.133687 -0.165733 0.977067 0.000000 0.860322 0.508782 -0.031412 0.000000 -0.491908 0.844792 0.210601 0.000000 -7.193755 7.509757 -1.895086 1.000000
aniFrame
  m_time 2.131000
  m_vertexTransformMat 0.065736 -0.243047 0.967785 0.000000 0.890400 0.452077 0.053054 0.000000 -0.450408 0.858227 0.246127 0.000000 -7.519268 7.130374 -1.923883 1.000000
aniFrame
  m_time 2.133000
  m_vertexTransformMat 0.062243 -0.246282 0.967198 0.000000 0.891703 0.449023 0.056952 0.000000 -0.448320 0.858908 0.247559 0.000000 -7.534562 7.123837 -1.929796 1.000000
