m_aniFrameList.size 202
aniFrame
  m_time -1.066000
  m_vertexTransformMat 0.062243 -0.246282 0.967198 0.000000 0.891703 0.449023 0.056952 0.000000 -0.448320 0.858908 0.247559 0.000000 -7.534562 7.123835 -1.929801 1.000000
aniFrame
  m_time -1.050000
  m_vertexTransformMat 0.065065 -0.240637 0.968432 0.000000 0.882149 0.467521 0.056902 0.000000 -0.466455 0.850598 0.242697 0.000000 -7.860802 7.083303 -2.127043 1.000000
aniFrame
  m_time -1.034000
  m_vertexTransformMat 0.067818 -0.234522 0.969743 0.000000 0.872071 0.486099 0.056571 0.000000 -0.484658 0.841848 0.237486 0.000000 -8.186964 7.048337 -2.331995 1.000000
aniFrame
  m_time -1.018000
  m_vertexTransformMat 0.069115 -0.229546 0.970841 0.000000 0.861116 0.505076 0.058117 0.000000 -0.503688 0.831990 0.232574 0.000000 -8.541394 6.994783 -2.557748 1.000000
aniFrame
  m_time -1.002000
  m_vertexTransformMat 0.069976 -0.224917 0.971862 0.000000 0.849498 0.524154 0.060138 0.000000 -0.522931 0.821386 0.227745 0.000000 -8.898220 6.932698 -2.787308 1.000000
aniFrame
  m_time -0.986000
  m_vertexTransformMat 0.070882 -0.220439 0.972822 0.000000 0.837458 0.542972 0.062017 0.000000 -0.541886 0.810301 0.223095 0.000000 -9.236296 6.862424 -2.999739 1.000000
aniFrame
  m_time -0.970000
  m_vertexTransformMat 0.072045 -0.216064 0.973718 0.000000 0.825059 0.561463 0.063541 0.000000 -0.560435 0.798796 0.218716 0.000000 -9.550372 6.783720 -3.189888 1.000000
aniFrame
  m_time -0.954000
  m_vertexTransformMat 0.074102 -0.211188 0.974633 0.000000 0.812628 0.579287 0.063738 0.000000 -0.578052 0.787291 0.214543 0.000000 -9.812050 6.704467 -3.331767 1.000000
aniFrame
  m_time -0.938000
  m_vertexTransformMat 0.077018 -0.205973 0.975522 0.000000 0.800243 0.596385 0.062741 0.000000 -0.594709 0.775823 0.210761 0.000000 -10.026875 6.621503 -3.426692 1.000000
aniFrame
  m_time -0.922000
  m_vertexTransformMat 0.081548 -0.199552 0.976489 0.000000 0.788289 0.612439 0.059325 0.000000 -0.609878 0.764917 0.207248 0.000000 -10.185119 6.547149 -3.461417 1.000000
aniFrame
  m_time -0.906000
  m_vertexTransformMat 0.087496 -0.192175 0.977453 0.000000 0.776840 0.627395 0.053813 0.000000 -0.623590 0.754615 0.204183 0.000000 -10.291629 6.477756 -3.438610 1.000000
aniFrame
  m_time -0.890000
  m_vertexTransformMat 0.095742 -0.182811 0.978476 0.000000 0.766360 0.640851 0.044745 0.000000 -0.635237 0.745580 0.201455 0.000000 -10.352202 6.428159 -3.372813 1.000000
aniFrame
  m_time -0.874000
  m_vertexTransformMat 0.106042 -0.171693 0.979427 0.000000 0.756845 0.652787 0.032490 0.000000 -0.644935 0.737829 0.199168 0.000000 -10.368611 6.396258 -3.262934 1.000000
aniFrame
  m_time -0.858000
  m_vertexTransformMat 0.118246 -0.158915 0.980186 0.000000 0.747986 0.663489 0.017336 0.000000 -0.653097 0.731115 0.197321 0.000000 -10.351232 6.373899 -3.122792 1.000000
aniFrame
  m_time -0.842000
  m_vertexTransformMat 0.132446 -0.144489 0.980602 0.000000 0.739828 0.672796 -0.000791 0.000000 -0.659631 0.725582 0.196006 0.000000 -10.298628 6.363963 -2.951442 1.000000
aniFrame
  m_time -0.826000
  m_vertexTransformMat 0.147496 -0.129192 0.980589 0.000000 0.731644 0.681385 -0.020279 0.000000 -0.665539 0.720433 0.195024 0.000000 -10.230861 6.345857 -2.769452 1.000000
aniFrame
  m_time -0.810000
  m_vertexTransformMat 0.163772 -0.113090 0.979995 0.000000 0.723479 0.689105 -0.041383 0.000000 -0.670639 0.715783 0.194674 0.000000 -10.144948 6.321741 -2.573334 1.000000
aniFrame
  m_time -0.794000
  m_vertexTransformMat 0.180296 -0.096160 0.978901 0.000000 0.715095 0.696153 -0.063323 0.000000 -0.675376 0.711424 0.194277 0.000000 -10.047400 6.290728 -2.388020 1.000000
aniFrame
  m_time -0.778000
  m_vertexTransformMat 0.198189 -0.078481 0.977017 0.000000 0.706689 0.702161 -0.086950 0.000000 -0.679199 0.707679 0.194623 0.000000 -9.927041 6.259118 -2.205239 1.000000
aniFrame
  m_time -0.762000
  m_vertexTransformMat 0.215426 -0.060107 0.974668 0.000000 0.697868 0.707634 -0.110608 0.000000 -0.683061 0.704018 0.194389 0.000000 -9.804288 6.220696 -2.056235 1.000000
aniFrame
  m_time -0.746000
  m_vertexTransformMat 0.233915 -0.040866 0.971398 0.000000 0.688566 0.712337 -0.135841 0.000000 -0.686411 0.700647 0.194765 0.000000 -9.664558 6.185142 -1.931502 1.000000
aniFrame
  m_time -0.730000
  m_vertexTransformMat 0.251891 -0.021749 0.967512 0.000000 0.679774 0.715556 -0.160893 0.000000 -0.688809 0.698217 0.195026 0.000000 -9.513914 6.151616 -1.842869 1.000000
aniFrame
  m_time -0.714000
  m_vertexTransformMat 0.269752 -0.001297 0.962929 0.000000 0.669613 0.718884 -0.186615 0.000000 -0.691992 0.695129 0.194789 0.000000 -9.361893 6.119207 -1.797102 1.000000
aniFrame
  m_time -0.698000
  m_vertexTransformMat 0.288391 0.018486 0.957334 0.000000 0.660203 0.720314 -0.212792 0.000000 -0.693515 0.693402 0.195527 0.000000 -9.186513 6.093515 -1.771944 1.000000
aniFrame
  m_time -0.682000
  m_vertexTransformMat 0.305370 0.038961 0.951436 0.000000 0.650496 0.721154 -0.238312 0.000000 -0.695417 0.691678 0.194875 0.000000 -9.013812 6.078577 -1.787165 1.000000
aniFrame
  m_time -0.666000
  m_vertexTransformMat 0.323361 0.060074 0.944367 0.000000 0.639021 0.722191 -0.264749 0.000000 -0.697918 0.689080 0.195140 0.000000 -8.831404 6.058570 -1.817887 1.000000
aniFrame
  m_time -0.650000
  m_vertexTransformMat 0.339817 0.080754 0.937018 0.000000 0.628216 0.721954 -0.290047 0.000000 -0.699906 0.687213 0.194602 0.000000 -8.654251 6.049355 -1.880466 1.000000
aniFrame
  m_time -0.634000
  m_vertexTransformMat 0.355597 0.102072 0.929049 0.000000 0.616856 0.721148 -0.315334 0.000000 -0.702168 0.685221 0.193474 0.000000 -8.466084 6.060252 -1.967915 1.000000
aniFrame
  m_time -0.618000
  m_vertexTransformMat 0.370889 0.122746 0.920530 0.000000 0.605238 0.719857 -0.339843 0.000000 -0.704364 0.683184 0.192697 0.000000 -8.279988 6.069198 -2.069558 1.000000
aniFrame
  m_time -0.602000
  m_vertexTransformMat 0.384256 0.143905 0.911942 0.000000 0.593862 0.717774 -0.363495 0.000000 -0.706877 0.681243 0.190350 0.000000 -8.108205 6.107348 -2.200399 1.000000
aniFrame
  m_time -0.586000
  m_vertexTransformMat 0.397569 0.164526 0.902701 0.000000 0.581895 0.715457 -0.386678 0.000000 -0.709462 0.679009 0.188707 0.000000 -7.924433 6.149680 -2.333524 1.000000
aniFrame
  m_time -0.570000
  m_vertexTransformMat 0.408407 0.185064 0.893843 0.000000 0.570563 0.712601 -0.408236 0.000000 -0.712503 0.676720 0.185441 0.000000 -7.774027 6.212732 -2.490098 1.000000
aniFrame
  m_time -0.554000
  m_vertexTransformMat 0.418314 0.205146 0.884832 0.000000 0.559259 0.709433 -0.428876 0.000000 -0.715711 0.674255 0.182036 0.000000 -7.627234 6.297029 -2.644197 1.000000
aniFrame
  m_time -0.538000
  m_vertexTransformMat 0.426648 0.224626 0.876079 0.000000 0.548144 0.706262 -0.448030 0.000000 -0.719381 0.671369 0.178198 0.000000 -7.495741 6.387436 -2.805181 1.000000
aniFrame
  m_time -0.522000
  m_vertexTransformMat 0.433291 0.247188 0.866693 0.000000 0.536220 0.702219 -0.468355 0.000000 -0.724380 0.667672 0.171718 0.000000 -7.372309 6.543607 -3.013019 1.000000
aniFrame
  m_time -0.506000
  m_vertexTransformMat 0.438176 0.271496 0.856908 0.000000 0.523742 0.697652 -0.488852 0.000000 -0.730545 0.663002 0.163500 0.000000 -7.258010 6.737629 -3.257202 1.000000
aniFrame
  m_time -0.490000
  m_vertexTransformMat 0.441039 0.299183 0.846153 0.000000 0.510727 0.691594 -0.510740 0.000000 -0.737999 0.657410 0.152219 0.000000 -7.157816 6.996506 -3.557802 1.000000
aniFrame
  m_time -0.474000
  m_vertexTransformMat 0.442208 0.329342 0.834258 0.000000 0.497057 0.684258 -0.533597 0.000000 -0.746583 0.650635 0.138882 0.000000 -7.068787 7.303760 -3.905712 1.000000
aniFrame
  m_time -0.458000
  m_vertexTransformMat 0.441170 0.359245 0.822382 0.000000 0.484819 0.675741 -0.555270 0.000000 -0.755195 0.643675 0.123947 0.000000 -7.009039 7.637376 -4.261798 1.000000
aniFrame
  m_time -0.442000
  m_vertexTransformMat 0.439323 0.388767 0.809849 0.000000 0.472906 0.666391 -0.576440 0.000000 -0.763777 0.636226 0.108911 0.000000 -6.967929 7.986860 -4.616395 1.000000
aniFrame
  m_time -0.426000
  m_vertexTransformMat 0.434824 0.415040 0.799168 0.000000 0.464675 0.656768 -0.593914 0.000000 -0.771366 0.629601 0.092720 0.000000 -6.969944 8.335004 -4.937923 1.000000
aniFrame
  m_time -0.410000
  m_vertexTransformMat 0.430977 0.438582 0.788610 0.000000 0.457532 0.647059 -0.609902 0.000000 -0.777768 0.623667 0.078203 0.000000 -6.999320 8.677044 -5.202570 1.000000
aniFrame
  m_time -0.394000
  m_vertexTransformMat 0.425107 0.456878 0.781375 0.000000 0.454202 0.639032 -0.620757 0.000000 -0.782934 0.618790 0.064142 0.000000 -7.056665 8.985812 -5.403247 1.000000
aniFrame
  m_time -0.378000
  m_vertexTransformMat 0.419641 0.469679 0.776726 0.000000 0.455159 0.631471 -0.627753 0.000000 -0.785322 0.616965 0.051213 0.000000 -7.117477 9.277173 -5.529912 1.000000
aniFrame
  m_time -0.362000
  m_vertexTransformMat 0.416395 0.475458 0.774955 0.000000 0.456584 0.627733 -0.630462 0.000000 -0.786223 0.616353 0.044299 0.000000 -7.162190 9.502594 -5.548617 1.000000
aniFrame
  m_time -0.346000
  m_vertexTransformMat 0.411457 0.472821 0.779194 0.000000 0.465218 0.626208 -0.625648 0.000000 -0.783757 0.619922 0.037693 0.000000 -7.179900 9.680124 -5.502885 1.000000
aniFrame
  m_time -0.330000
  m_vertexTransformMat 0.409496 0.461902 0.786740 0.000000 0.477708 0.626125 -0.616249 0.000000 -0.777244 0.628183 0.035741 0.000000 -7.143394 9.813625 -5.369192 1.000000
aniFrame
  m_time -0.314000
  m_vertexTransformMat 0.406389 0.442957 0.799148 0.000000 0.494428 0.628900 -0.600022 0.000000 -0.768367 0.638964 0.036568 0.000000 -7.089359 9.876656 -5.153909 1.000000
aniFrame
  m_time -0.298000
  m_vertexTransformMat 0.401882 0.420034 0.813672 0.000000 0.514693 0.631318 -0.580112 0.000000 -0.757352 0.651928 0.037526 0.000000 -7.022326 9.900572 -4.911687 1.000000
aniFrame
  m_time -0.282000
  m_vertexTransformMat 0.397245 0.392051 0.829755 0.000000 0.537049 0.633855 -0.556602 0.000000 -0.744161 0.666726 0.041245 0.000000 -6.935525 9.886591 -4.624185 1.000000
aniFrame
  m_time -0.266000
  m_vertexTransformMat 0.390212 0.360132 0.847373 0.000000 0.562082 0.635758 -0.529033 0.000000 -0.729246 0.682727 0.045657 0.000000 -6.848196 9.838361 -4.316266 1.000000
aniFrame
  m_time -0.250000
  m_vertexTransformMat 0.382394 0.324933 0.864982 0.000000 0.588308 0.636244 -0.499088 0.000000 -0.712509 0.699723 0.052136 0.000000 -6.756269 9.764970 -3.994567 1.000000
aniFrame
  m_time -0.234000
  m_vertexTransformMat 0.371857 0.286042 0.883121 0.000000 0.616090 0.635570 -0.465279 0.000000 -0.694374 0.717099 0.060113 0.000000 -6.672115 9.659446 -3.662413 1.000000
aniFrame
  m_time -0.218000
  m_vertexTransformMat 0.359198 0.245185 0.900478 0.000000 0.644444 0.632733 -0.429349 0.000000 -0.675033 0.734529 0.069269 0.000000 -6.595922 9.531467 -3.338784 1.000000
aniFrame
  m_time -0.202000
  m_vertexTransformMat 0.344762 0.202132 0.916669 0.000000 0.672767 0.627806 -0.391465 0.000000 -0.654618 0.751667 0.080456 0.000000 -6.527017 9.377463 -3.022659 1.000000
aniFrame
  m_time -0.186000
  m_vertexTransformMat 0.327568 0.158177 0.931493 0.000000 0.700831 0.620528 -0.351826 0.000000 -0.633668 0.768066 0.092409 0.000000 -6.473749 9.205532 -2.732279 1.000000
aniFrame
  m_time -0.170000
  m_vertexTransformMat 0.308486 0.113443 0.944440 0.000000 0.728029 0.610855 -0.311173 0.000000 -0.612216 0.783573 0.105851 0.000000 -6.435436 9.017059 -2.468229 1.000000
aniFrame
  m_time -0.154000
  m_vertexTransformMat 0.287302 0.068811 0.955365 0.000000 0.753858 0.599065 -0.269852 0.000000 -0.590894 0.797739 0.120238 0.000000 -6.419383 8.810950 -2.242799 1.000000
aniFrame
  m_time -0.138000
  m_vertexTransformMat 0.264237 0.025154 0.964130 0.000000 0.778199 0.584959 -0.228540 0.000000 -0.569725 0.810673 0.134993 0.000000 -6.431693 8.607702 -2.063693 1.000000
aniFrame
  m_time -0.122000
  m_vertexTransformMat 0.240129 -0.017606 0.970582 0.000000 0.800347 0.569404 -0.187683 0.000000 -0.549349 0.821870 0.150821 0.000000 -6.466885 8.384997 -1.917381 1.000000
aniFrame
  m_time -0.106000
  m_vertexTransformMat 0.214806 -0.057843 0.974942 0.000000 0.820466 0.552205 -0.148009 0.000000 -0.529806 0.831700 0.166075 0.000000 -6.535078 8.182378 -1.822064 1.000000
aniFrame
  m_time -0.090000
  m_vertexTransformMat 0.188656 -0.096016 0.977338 0.000000 0.838135 0.534403 -0.109285 0.000000 -0.511799 0.839759 0.181293 0.000000 -6.639296 7.972509 -1.760766 1.000000
aniFrame
  m_time -0.074000
  m_vertexTransformMat 0.163376 -0.131098 0.977815 0.000000 0.853299 0.516236 -0.073359 0.000000 -0.495166 0.846354 0.196206 0.000000 -6.748072 7.780859 -1.731985 1.000000
aniFrame
  m_time -0.058000
  m_vertexTransformMat 0.137677 -0.162590 0.977042 0.000000 0.865954 0.498598 -0.039051 0.000000 -0.480801 0.851449 0.209441 0.000000 -6.905041 7.606966 -1.741713 1.000000
aniFrame
  m_time -0.042000
  m_vertexTransformMat 0.114240 -0.191128 0.974895 0.000000 0.876130 0.482005 -0.008170 0.000000 -0.468343 0.855068 0.222517 0.000000 -7.055542 7.438757 -1.766703 1.000000
aniFrame
  m_time -0.026000
  m_vertexTransformMat 0.092623 -0.214730 0.972272 0.000000 0.883889 0.467311 0.019004 0.000000 -0.458434 0.857620 0.233081 0.000000 -7.223315 7.313305 -1.816998 1.000000
aniFrame
  m_time -0.010000
  m_vertexTransformMat 0.073219 -0.235499 0.969113 0.000000 0.889641 0.454607 0.043257 0.000000 -0.450752 0.858995 0.242795 0.000000 -7.398508 7.188814 -1.871783 1.000000
aniFrame
  m_time 0.005000
  m_vertexTransformMat 0.057420 -0.250581 0.966392 0.000000 0.892121 0.447383 0.062998 0.000000 -0.448134 0.858520 0.249237 0.000000 -7.612206 7.098276 -1.968141 1.000000
aniFrame
  m_time 0.021000
  m_vertexTransformMat 0.045545 -0.260864 0.964301 0.000000 0.891435 0.446276 0.078624 0.000000 -0.450854 0.856030 0.252869 0.000000 -7.870864 7.019863 -2.102568 1.000000
aniFrame
  m_time 0.037000
  m_vertexTransformMat 0.037734 -0.266368 0.963133 0.000000 0.887509 0.451876 0.090201 0.000000 -0.459243 0.851385 0.253455 0.000000 -8.171185 6.955701 -2.277460 1.000000
aniFrame
  m_time 0.053000
  m_vertexTransformMat 0.034276 -0.267016 0.963082 0.000000 0.879946 0.464942 0.097588 0.000000 -0.473835 0.844116 0.250896 0.000000 -8.522255 6.896349 -2.500174 1.000000
aniFrame
  m_time 0.069000
  m_vertexTransformMat 0.034342 -0.264089 0.963887 0.000000 0.869874 0.482765 0.101277 0.000000 -0.492077 0.834982 0.246303 0.000000 -8.879011 6.839748 -2.730070 1.000000
aniFrame
  m_time 0.085000
  m_vertexTransformMat 0.037662 -0.257872 0.965445 0.000000 0.857291 0.504752 0.101377 0.000000 -0.513452 0.823849 0.240082 0.000000 -9.234452 6.779534 -2.958372 1.000000
aniFrame
  m_time 0.101000
  m_vertexTransformMat 0.043591 -0.249076 0.967503 0.000000 0.842968 0.528927 0.098188 0.000000 -0.536195 0.811294 0.233020 0.000000 -9.557373 6.715616 -3.156940 1.000000
aniFrame
  m_time 0.117000
  m_vertexTransformMat 0.051741 -0.238023 0.969880 0.000000 0.827140 0.554425 0.091938 0.000000 -0.559610 0.797469 0.225565 0.000000 -9.829586 6.647382 -3.308335 1.000000
aniFrame
  m_time 0.133000
  m_vertexTransformMat 0.061575 -0.225275 0.972348 0.000000 0.810626 0.579657 0.082962 0.000000 -0.582317 0.783102 0.218306 0.000000 -10.048759 6.577391 -3.406409 1.000000
aniFrame
  m_time 0.149000
  m_vertexTransformMat 0.072659 -0.211302 0.974717 0.000000 0.794109 0.603538 0.071641 0.000000 -0.603417 0.768826 0.211649 0.000000 -10.205481 6.510444 -3.436913 1.000000
aniFrame
  m_time 0.165000
  m_vertexTransformMat 0.084612 -0.196620 0.976822 0.000000 0.778411 0.625034 0.058385 0.000000 -0.622027 0.755429 0.205937 0.000000 -10.308187 6.450776 -3.411519 1.000000
aniFrame
  m_time 0.181000
  m_vertexTransformMat 0.096867 -0.182234 0.978472 0.000000 0.765237 0.642253 0.043858 0.000000 -0.636419 0.744515 0.201665 0.000000 -10.360365 6.411114 -3.337635 1.000000
aniFrame
  m_time 0.197000
  m_vertexTransformMat 0.109667 -0.167932 0.979680 0.000000 0.754035 0.656234 0.028081 0.000000 -0.647615 0.735633 0.198593 0.000000 -10.368464 6.384712 -3.220422 1.000000
aniFrame
  m_time 0.213000
  m_vertexTransformMat 0.123154 -0.153735 0.980408 0.000000 0.744842 0.667150 0.011050 0.000000 -0.655778 0.728887 0.196670 0.000000 -10.338727 6.368940 -3.069628 1.000000
aniFrame
  m_time 0.229000
  m_vertexTransformMat 0.137408 -0.139407 0.980655 0.000000 0.737092 0.675754 -0.007217 0.000000 -0.661676 0.723825 0.195610 0.000000 -10.277435 6.359439 -2.891757 1.000000
aniFrame
  m_time 0.245000
  m_vertexTransformMat 0.152847 -0.123925 0.980449 0.000000 0.728929 0.684050 -0.027174 0.000000 -0.667309 0.718831 0.194887 0.000000 -10.203672 6.338522 -2.704393 1.000000
aniFrame
  m_time 0.261000
  m_vertexTransformMat 0.169262 -0.107533 0.979688 0.000000 0.720715 0.691525 -0.048615 0.000000 -0.672250 0.714304 0.194549 0.000000 -10.113652 6.312218 -2.509537 1.000000
aniFrame
  m_time 0.277000
  m_vertexTransformMat 0.186180 -0.090350 0.978353 0.000000 0.712306 0.698262 -0.071068 0.000000 -0.676725 0.710118 0.194359 0.000000 -10.009165 6.280373 -2.325847 1.000000
aniFrame
  m_time 0.293000
  m_vertexTransformMat 0.204079 -0.072433 0.976271 0.000000 0.703821 0.704011 -0.094893 0.000000 -0.680432 0.706486 0.194654 0.000000 -9.885468 6.247385 -2.150312 1.000000
aniFrame
  m_time 0.309000
  m_vertexTransformMat 0.221414 -0.053750 0.973698 0.000000 0.694764 0.709354 -0.118828 0.000000 -0.684309 0.702800 0.194404 0.000000 -9.760448 6.207997 -2.012528 1.000000
aniFrame
  m_time 0.325000
  m_vertexTransformMat 0.240146 -0.034448 0.970126 0.000000 0.685569 0.713549 -0.144369 0.000000 -0.687259 0.699758 0.194972 0.000000 -9.614072 6.174387 -1.896391 1.000000
aniFrame
  m_time 0.341000
  m_vertexTransformMat 0.257633 -0.015085 0.966125 0.000000 0.676550 0.716689 -0.169223 0.000000 -0.689859 0.697229 0.194849 0.000000 -9.465244 6.140019 -1.824741 1.000000
aniFrame
  m_time 0.357000
  m_vertexTransformMat 0.276073 0.005526 0.961121 0.000000 0.666218 0.719675 -0.195503 0.000000 -0.692775 0.694289 0.195001 0.000000 -9.305493 6.110157 -1.786074 1.000000
aniFrame
  m_time 0.373000
  m_vertexTransformMat 0.294096 0.025021 0.955449 0.000000 0.657275 0.720464 -0.221183 0.000000 -0.693900 0.693041 0.195440 0.000000 -9.128169 6.087519 -1.772780 1.000000
aniFrame
  m_time 0.389000
  m_vertexTransformMat 0.311214 0.046125 0.949220 0.000000 0.646714 0.721598 -0.247098 0.000000 -0.696353 0.690774 0.194742 0.000000 -8.955180 6.073303 -1.797016 1.000000
aniFrame
  m_time 0.405000
  m_vertexTransformMat 0.329208 0.066819 0.941890 0.000000 0.635387 0.722207 -0.273314 0.000000 -0.698503 0.688442 0.195300 0.000000 -8.769977 6.051639 -1.832742 1.000000
aniFrame
  m_time 0.421000
  m_vertexTransformMat 0.344933 0.087880 0.934505 0.000000 0.624557 0.721725 -0.298399 0.000000 -0.700679 0.686579 0.194060 0.000000 -8.595187 6.052582 -1.909476 1.000000
aniFrame
  m_time 0.437000
  m_vertexTransformMat 0.361146 0.108975 0.926120 0.000000 0.612850 0.720811 -0.323802 0.000000 -0.702843 0.684512 0.193533 0.000000 -8.398184 6.061583 -1.996406 1.000000
aniFrame
  m_time 0.453000
  m_vertexTransformMat 0.375346 0.129740 0.917760 0.000000 0.601516 0.719232 -0.347684 0.000000 -0.705190 0.682549 0.191921 0.000000 -8.224725 6.078564 -2.112123 1.000000
aniFrame
  m_time 0.469000
  m_vertexTransformMat 0.388975 0.150918 0.908803 0.000000 0.589798 0.717022 -0.371509 0.000000 -0.707699 0.680517 0.189892 0.000000 -8.043097 6.122754 -2.242377 1.000000
aniFrame
  m_time 0.485000
  m_vertexTransformMat 0.401386 0.171299 0.899748 0.000000 0.578084 0.714586 -0.393936 0.000000 -0.710428 0.678250 0.187799 0.000000 -7.871997 6.166072 -2.383686 1.000000
aniFrame
  m_time 0.501000
  m_vertexTransformMat 0.411835 0.192054 0.890791 0.000000 0.566736 0.711506 -0.415417 0.000000 -0.713585 0.675925 0.184179 0.000000 -7.724043 6.243382 -2.543618 1.000000
aniFrame
  m_time 0.517000
  m_vertexTransformMat 0.421284 0.211461 0.881932 0.000000 0.555589 0.708430 -0.435256 0.000000 -0.716827 0.673358 0.180965 0.000000 -7.581820 6.322585 -2.694427 1.000000
aniFrame
  m_time 0.533000
  m_vertexTransformMat 0.429034 0.231886 0.873017 0.000000 0.544271 0.704977 -0.454727 0.000000 -0.720902 0.670251 0.176250 0.000000 -7.454193 6.433841 -2.869945 1.000000
aniFrame
  m_time 0.549000
  m_vertexTransformMat 0.435145 0.255036 0.863484 0.000000 0.532100 0.700799 -0.475133 0.000000 -0.726304 0.666212 0.169245 0.000000 -7.332654 6.603023 -3.089599 1.000000
aniFrame
  m_time 0.565000
  m_vertexTransformMat 0.439307 0.280273 0.853497 0.000000 0.519535 0.695817 -0.495905 0.000000 -0.732866 0.661276 0.160066 0.000000 -7.223757 6.816087 -3.350142 1.000000
aniFrame
  m_time 0.581000
  m_vertexTransformMat 0.441682 0.309128 0.842234 0.000000 0.506110 0.689284 -0.518403 0.000000 -0.740790 0.655232 0.147992 0.000000 -7.125656 7.094921 -3.670544 1.000000
aniFrame
  m_time 0.597000
  m_vertexTransformMat 0.442006 0.339363 0.830340 0.000000 0.492859 0.681547 -0.540910 0.000000 -0.749480 0.648326 0.133989 0.000000 -7.046070 7.412572 -4.024679 1.000000
aniFrame
  m_time 0.613000
  m_vertexTransformMat 0.440782 0.369273 0.818137 0.000000 0.480642 0.672678 -0.562572 0.000000 -0.758086 0.641203 0.119016 0.000000 -6.991911 7.753135 -4.381256 1.000000
aniFrame
  m_time 0.629000
  m_vertexTransformMat 0.438041 0.397952 0.806073 0.000000 0.469708 0.663220 -0.582678 0.000000 -0.766482 0.633856 0.103596 0.000000 -6.963585 8.103283 -4.729157 1.000000
aniFrame
  m_time 0.645000
  m_vertexTransformMat 0.433544 0.423271 0.795539 0.000000 0.462155 0.653438 -0.599526 0.000000 -0.773597 0.627583 0.087678 0.000000 -6.976728 8.451236 -5.032965 1.000000
aniFrame
  m_time 0.661000
  m_vertexTransformMat 0.429387 0.445398 0.785651 0.000000 0.455734 0.644185 -0.614274 0.000000 -0.779701 0.621809 0.073621 0.000000 -7.015637 8.783932 -5.276392 1.000000
aniFrame
  m_time 0.677000
  m_vertexTransformMat 0.422887 0.461768 0.779703 0.000000 0.454408 0.636368 -0.623338 0.000000 -0.784016 0.617904 0.059281 0.000000 -7.078665 9.086271 -5.456681 1.000000
aniFrame
  m_time 0.693000
  m_vertexTransformMat 0.418582 0.472514 0.775577 0.000000 0.455444 0.629625 -0.629399 0.000000 -0.785722 0.616687 0.048347 0.000000 -7.133793 9.362155 -5.547207 1.000000
aniFrame
  m_time 0.709000
  m_vertexTransformMat 0.414720 0.475543 0.775800 0.000000 0.458560 0.627181 -0.629577 0.000000 -0.785958 0.616849 0.042039 0.000000 -7.173732 9.564641 -5.540348 1.000000
aniFrame
  m_time 0.725000
  m_vertexTransformMat 0.410353 0.470045 0.781453 0.000000 0.469328 0.625869 -0.622912 0.000000 -0.781884 0.622371 0.036223 0.000000 -7.172777 9.731841 -5.469991 1.000000
aniFrame
  m_time 0.741000
  m_vertexTransformMat 0.408905 0.456341 0.790285 0.000000 0.482572 0.626880 -0.611675 0.000000 -0.774546 0.631486 0.036117 0.000000 -7.125782 9.841313 -5.302813 1.000000
aniFrame
  m_time 0.757000
  m_vertexTransformMat 0.404722 0.435580 0.804033 0.000000 0.501081 0.629867 -0.593453 0.000000 -0.764930 0.643069 0.036660 0.000000 -7.069892 9.887296 -5.075438 1.000000
aniFrame
  m_time 0.773000
  m_vertexTransformMat 0.400654 0.411415 0.818666 0.000000 0.521726 0.632065 -0.572972 0.000000 -0.753179 0.656683 0.038594 0.000000 -6.993926 9.901227 -4.821322 1.000000
aniFrame
  m_time 0.789000
  m_vertexTransformMat 0.395047 0.381643 0.835636 0.000000 0.545232 0.634687 -0.547626 0.000000 -0.739365 0.671953 0.042647 0.000000 -6.906554 9.873087 -4.521632 1.000000
aniFrame
  m_time 0.805000
  m_vertexTransformMat 0.387815 0.348966 0.853126 0.000000 0.570613 0.635990 -0.519537 0.000000 -0.723879 0.688288 0.047522 0.000000 -6.817602 9.817602 -4.212322 1.000000
aniFrame
  m_time 0.821000
  m_vertexTransformMat 0.379225 0.312232 0.871034 0.000000 0.597442 0.636206 -0.488166 0.000000 -0.706577 0.705517 0.054725 0.000000 -6.726825 9.733084 -3.883211 1.000000
aniFrame
  m_time 0.837000
  m_vertexTransformMat 0.367758 0.272722 0.889032 0.000000 0.625508 0.634880 -0.453506 0.000000 -0.688109 0.722877 0.062892 0.000000 -6.646544 9.618825 -3.554592 1.000000
aniFrame
  m_time 0.853000
  m_vertexTransformMat 0.354662 0.231016 0.906006 0.000000 0.653911 0.631311 -0.416951 0.000000 -0.668293 0.740324 0.072838 0.000000 -6.571537 9.483527 -3.231643 1.000000
aniFrame
  m_time 0.869000
  m_vertexTransformMat 0.339258 0.187555 0.921807 0.000000 0.682153 0.625706 -0.378366 0.000000 -0.647744 0.757176 0.084334 0.000000 -6.507907 9.319983 -2.922749 1.000000
aniFrame
  m_time 0.885000
  m_vertexTransformMat 0.321421 0.143347 0.936024 0.000000 0.710042 0.617522 -0.338391 0.000000 -0.626522 0.773382 0.096702 0.000000 -6.458965 9.146110 -2.641289 1.000000
aniFrame
  m_time 0.901000
  m_vertexTransformMat 0.301664 0.098434 0.948319 0.000000 0.736759 0.607241 -0.297397 0.000000 -0.605132 0.788397 0.110661 0.000000 -6.427322 8.946377 -2.386977 1.000000
aniFrame
  m_time 0.917000
  m_vertexTransformMat 0.279793 0.054184 0.958530 0.000000 0.762183 0.594555 -0.256089 0.000000 -0.583774 0.802228 0.125054 0.000000 -6.420159 8.745036 -2.179034 1.000000
aniFrame
  m_time 0.933000
  m_vertexTransformMat 0.256263 0.010711 0.966548 0.000000 0.785818 0.579968 -0.214773 0.000000 -0.562867 0.814569 0.140207 0.000000 -6.441920 8.533045 -2.010373 1.000000
aniFrame
  m_time 0.949000
  m_vertexTransformMat 0.231877 -0.031314 0.972241 0.000000 0.807289 0.563806 -0.174377 0.000000 -0.542694 0.825314 0.156013 0.000000 -6.484113 8.315823 -1.880016 1.000000
aniFrame
  m_time 0.965000
  m_vertexTransformMat 0.206010 -0.070747 0.975989 0.000000 0.826650 0.546311 -0.134887 0.000000 -0.523650 0.834590 0.171028 0.000000 -6.569409 8.114386 -1.799477 1.000000
aniFrame
  m_time 0.981000
  m_vertexTransformMat 0.180225 -0.108173 0.977660 0.000000 0.843461 0.528355 -0.097027 0.000000 -0.506056 0.842104 0.186462 0.000000 -6.672245 7.904466 -1.746261 1.000000
aniFrame
  m_time 0.997000
  m_vertexTransformMat 0.154805 -0.141869 0.977706 0.000000 0.857800 0.510257 -0.061780 0.000000 -0.490117 0.848240 0.200686 0.000000 -6.795764 7.723933 -1.732431 1.000000
aniFrame
  m_time 1.013000
  m_vertexTransformMat 0.129562 -0.172588 0.976436 0.000000 0.869622 0.492909 -0.028266 0.000000 -0.476415 0.852792 0.213949 0.000000 -6.956342 7.547115 -1.747770 1.000000
aniFrame
  m_time 1.029000
  m_vertexTransformMat 0.106912 -0.199489 0.974050 0.000000 0.878963 0.476888 0.001193 0.000000 -0.464751 0.856027 0.226328 0.000000 -7.107750 7.393330 -1.781099 1.000000
aniFrame
  m_time 1.045000
  m_vertexTransformMat 0.085820 -0.222050 0.971251 0.000000 0.886077 0.462721 0.027494 0.000000 -0.455523 0.858244 0.236465 0.000000 -7.280514 7.271056 -1.833726 1.000000
aniFrame
  m_time 1.061000
  m_vertexTransformMat 0.067508 -0.241306 0.968098 0.000000 0.890891 0.451413 0.050394 0.000000 -0.449172 0.859068 0.245452 0.000000 -7.463187 7.153036 -1.897204 1.000000
aniFrame
  m_time 1.077000
  m_vertexTransformMat 0.053023 -0.254462 0.965628 0.000000 0.892223 0.446350 0.068629 0.000000 -0.448472 0.857916 0.250704 0.000000 -7.694103 7.072043 -2.009447 1.000000
aniFrame
  m_time 1.093000
  m_vertexTransformMat 0.042477 -0.263300 0.963779 0.000000 0.890515 0.447327 0.082959 0.000000 -0.452967 0.854735 0.253474 0.000000 -7.965939 6.995687 -2.155429 1.000000
aniFrame
  m_time 1.109000
  m_vertexTransformMat 0.036117 -0.267052 0.963005 0.000000 0.885357 0.455492 0.093108 0.000000 -0.463506 0.849241 0.252888 0.000000 -8.283952 6.936357 -2.347866 1.000000
aniFrame
  m_time 1.125000
  m_vertexTransformMat 0.033964 -0.266385 0.963268 0.000000 0.876799 0.470513 0.099202 0.000000 -0.479656 0.841223 0.249546 0.000000 -8.643235 6.876539 -2.578284 1.000000
aniFrame
  m_time 1.141000
  m_vertexTransformMat 0.035087 -0.262375 0.964328 0.000000 0.865976 0.489633 0.101711 0.000000 -0.498853 0.831516 0.244391 0.000000 -8.997454 6.820819 -2.806369 1.000000
aniFrame
  m_time 1.157000
  m_vertexTransformMat 0.039406 -0.255170 0.966093 0.000000 0.852626 0.512737 0.100649 0.000000 -0.521034 0.819750 0.237769 0.000000 -9.348556 6.757975 -3.030307 1.000000
aniFrame
  m_time 1.173000
  m_vertexTransformMat 0.046054 -0.245655 0.968263 0.000000 0.837895 0.537243 0.096449 0.000000 -0.543885 0.806861 0.230575 0.000000 -9.652738 6.693931 -3.211979 1.000000
aniFrame
  m_time 1.189000
  m_vertexTransformMat 0.054886 -0.233901 0.970710 0.000000 0.821606 0.563033 0.089213 0.000000 -0.567408 0.792644 0.223077 0.000000 -9.909506 6.623478 -3.347997 1.000000
aniFrame
  m_time 1.205000
  m_vertexTransformMat 0.065112 -0.220779 0.973148 0.000000 0.805180 0.587683 0.079455 0.000000 -0.589445 0.778386 0.216032 0.000000 -10.107491 6.555245 -3.423900 1.000000
aniFrame
  m_time 1.221000
  m_vertexTransformMat 0.076594 -0.206418 0.975462 0.000000 0.788660 0.611124 0.067394 0.000000 -0.610040 0.764145 0.209602 0.000000 -10.245303 6.488915 -3.433749 1.000000
aniFrame
  m_time 1.237000
  m_vertexTransformMat 0.088647 -0.191796 0.977423 0.000000 0.773763 0.631197 0.053682 0.000000 -0.627243 0.751535 0.204358 0.000000 -10.331497 6.435339 -3.393018 1.000000
aniFrame
  m_time 1.253000
  m_vertexTransformMat 0.101065 -0.177473 0.978923 0.000000 0.761313 0.647226 0.038739 0.000000 -0.640459 0.741351 0.200524 0.000000 -10.367141 6.401414 -3.302304 1.000000
aniFrame
  m_time 1.269000
  m_vertexTransformMat 0.114080 -0.163141 0.979985 0.000000 0.750666 0.660298 0.022536 0.000000 -0.650758 0.733071 0.197791 0.000000 -10.363746 6.377292 -3.174968 1.000000
aniFrame
  m_time 1.285000
  m_vertexTransformMat 0.127817 -0.149040 0.980536 0.000000 0.742226 0.670130 0.005107 0.000000 -0.657848 0.727126 0.196276 0.000000 -10.320321 6.366380 -3.011767 1.000000
aniFrame
  m_time 1.301000
  m_vertexTransformMat 0.142353 -0.134364 0.980654 0.000000 0.734381 0.678601 -0.013625 0.000000 -0.663642 0.722113 0.195275 0.000000 -10.255039 6.353160 -2.831712 1.000000
aniFrame
  m_time 1.317000
  m_vertexTransformMat 0.158292 -0.118557 0.980249 0.000000 0.726213 0.686617 -0.034227 0.000000 -0.668998 0.717287 0.194783 0.000000 -10.174893 6.330534 -2.638586 1.000000
aniFrame
  m_time 1.333000
  m_vertexTransformMat 0.174695 -0.101888 0.979337 0.000000 0.717907 0.693893 -0.055870 0.000000 -0.673863 0.712833 0.194365 0.000000 -10.081861 6.301559 -2.448674 1.000000
aniFrame
  m_time 1.349000
  m_vertexTransformMat 0.192188 -0.084456 0.977717 0.000000 0.709511 0.700255 -0.078979 0.000000 -0.677981 0.708880 0.194503 0.000000 -9.968625 6.269980 -2.264292 1.000000
aniFrame
  m_time 1.365000
  m_vertexTransformMat 0.209777 -0.066319 0.975498 0.000000 0.700890 0.705832 -0.102738 0.000000 -0.681724 0.705268 0.194550 0.000000 -9.844835 6.234412 -2.100899 1.000000
aniFrame
  m_time 1.381000
  m_vertexTransformMat 0.227623 -0.047317 0.972599 0.000000 0.691644 0.710934 -0.127283 0.000000 -0.685431 0.701665 0.194551 0.000000 -9.713649 6.196225 -1.970590 1.000000
aniFrame
  m_time 1.397000
  m_vertexTransformMat 0.246168 -0.028096 0.968820 0.000000 0.682668 0.714588 -0.152736 0.000000 -0.688016 0.698981 0.195089 0.000000 -9.563367 6.163398 -1.866466 1.000000
aniFrame
  m_time 1.413000
  m_vertexTransformMat 0.263578 -0.008214 0.964603 0.000000 0.673106 0.717851 -0.177814 0.000000 -0.690981 0.696148 0.194738 0.000000 -9.415037 6.129149 -1.809899 1.000000
aniFrame
  m_time 1.429000
  m_vertexTransformMat 0.282367 0.012143 0.959230 0.000000 0.663052 0.720156 -0.204298 0.000000 -0.693276 0.693706 0.195297 0.000000 -9.246504 6.101715 -1.777293 1.000000
aniFrame
  m_time 1.445000
  m_vertexTransformMat 0.299698 0.031882 0.953502 0.000000 0.654039 0.720752 -0.229673 0.000000 -0.694560 0.692460 0.195156 0.000000 -9.071068 6.083028 -1.778571 1.000000
aniFrame
  m_time 1.461000
  m_vertexTransformMat 0.317240 0.053220 0.946851 0.000000 0.642826 0.721983 -0.255958 0.000000 -0.697233 0.689861 0.194830 0.000000 -8.894405 6.066716 -1.807283 1.000000
aniFrame
  m_time 1.477000
  m_vertexTransformMat 0.334633 0.073717 0.939461 0.000000 0.631808 0.722120 -0.281711 0.000000 -0.699171 0.687829 0.195070 0.000000 -8.711773 6.048714 -1.854234 1.000000
aniFrame
  m_time 1.493000
  m_vertexTransformMat 0.350141 0.095018 0.931865 0.000000 0.620784 0.721451 -0.306818 0.000000 -0.701448 0.685916 0.193624 0.000000 -8.532844 6.056863 -1.939279 1.000000
aniFrame
  m_time 1.509000
  m_vertexTransformMat 0.366207 0.115837 0.923295 0.000000 0.608994 0.720384 -0.331925 0.000000 -0.703576 0.683835 0.193266 0.000000 -8.336901 6.063855 -2.030523 1.000000
aniFrame
  m_time 1.525000
  m_vertexTransformMat 0.379743 0.136811 0.914920 0.000000 0.597752 0.718526 -0.355545 0.000000 -0.706036 0.681911 0.191077 0.000000 -8.168376 6.091738 -2.156449 1.000000
aniFrame
  m_time 1.541000
  m_vertexTransformMat 0.393444 0.157762 0.905712 0.000000 0.585794 0.716260 -0.379233 0.000000 -0.708553 0.679767 0.189392 0.000000 -7.981265 6.136034 -2.286379 1.000000
aniFrame
  m_time 1.557000
  m_vertexTransformMat 0.404964 0.178136 0.896812 0.000000 0.574325 0.713635 -0.401094 0.000000 -0.711446 0.677490 0.186688 0.000000 -7.822550 6.186824 -2.436243 1.000000
aniFrame
  m_time 1.573000
  m_vertexTransformMat 0.415161 0.198744 0.887774 0.000000 0.562958 0.710445 -0.422310 0.000000 -0.714646 0.675106 0.183065 0.000000 -7.674614 6.271647 -2.594616 1.000000
aniFrame
  m_time 1.589000
  m_vertexTransformMat 0.424064 0.217886 0.879031 0.000000 0.551900 0.707392 -0.441591 0.000000 -0.718036 0.672400 0.179728 0.000000 -7.538115 6.351568 -2.747388 1.000000
aniFrame
  m_time 1.605000
  m_vertexTransformMat 0.431245 0.239494 0.869868 0.000000 0.540281 0.703600 -0.461567 0.000000 -0.722581 0.669022 0.174029 0.000000 -7.412977 6.487589 -2.940071 1.000000
aniFrame
  m_time 1.621000
  m_vertexTransformMat 0.436782 0.263112 0.860229 0.000000 0.527936 0.699293 -0.481947 0.000000 -0.728358 0.664652 0.166533 0.000000 -7.294422 6.667185 -3.170683 1.000000
aniFrame
  m_time 1.637000
  m_vertexTransformMat 0.440224 0.289519 0.849931 0.000000 0.515242 0.693772 -0.503196 0.000000 -0.735343 0.659439 0.156243 0.000000 -7.190917 6.903228 -3.450485 1.000000
aniFrame
  m_time 1.653000
  m_vertexTransformMat 0.442088 0.319223 0.838245 0.000000 0.501513 0.686837 -0.526060 0.000000 -0.743668 0.652956 0.143548 0.000000 -7.095623 7.197614 -3.787081 1.000000
aniFrame
  m_time 1.669000
  m_vertexTransformMat 0.441537 0.349241 0.826484 0.000000 0.488931 0.678707 -0.548000 0.000000 -0.752324 0.646056 0.128919 0.000000 -7.027448 7.523586 -4.142764 1.000000
aniFrame
  m_time 1.685000
  m_vertexTransformMat 0.440208 0.379163 0.813912 0.000000 0.476608 0.669552 -0.569688 0.000000 -0.760961 0.638698 0.114030 0.000000 -6.977743 7.869911 -4.499917 1.000000
aniFrame
  m_time 1.701000
  m_vertexTransformMat 0.436347 0.406610 0.802664 0.000000 0.467145 0.660047 -0.588315 0.000000 -0.769010 0.631670 0.098063 0.000000 -6.965334 8.218770 -4.836585 1.000000
aniFrame
  m_time 1.717000
  m_vertexTransformMat 0.432316 0.431162 0.791962 0.000000 0.459727 0.650169 -0.604923 0.000000 -0.775728 0.625603 0.082862 0.000000 -6.986384 8.565747 -5.121320 1.000000
aniFrame
  m_time 1.733000
  m_vertexTransformMat 0.427415 0.451469 0.783258 0.000000 0.454551 0.641591 -0.617855 0.000000 -0.781473 0.620111 0.069010 0.000000 -7.034973 8.885685 -5.342696 1.000000
aniFrame
  m_time 1.749000
  m_vertexTransformMat 0.421041 0.466064 0.778145 0.000000 0.454798 0.633782 -0.625683 0.000000 -0.784782 0.617337 0.054883 0.000000 -7.099138 9.184339 -5.499566 1.000000
aniFrame
  m_time 1.765000
  m_vertexTransformMat 0.417632 0.474461 0.774900 0.000000 0.455762 0.628399 -0.630393 0.000000 -0.786043 0.616443 0.046199 0.000000 -7.148476 9.437069 -5.552293 1.000000
aniFrame
  m_time 1.781000
  m_vertexTransformMat 0.413040 0.474452 0.777363 0.000000 0.461639 0.626713 -0.627790 0.000000 -0.785039 0.618163 0.039832 0.000000 -7.178778 9.623821 -5.524147 1.000000
aniFrame
  m_time 1.797000
  m_vertexTransformMat 0.409776 0.466274 0.784010 0.000000 0.473617 0.625800 -0.619726 0.000000 -0.779596 0.625270 0.035603 0.000000 -7.159010 9.777106 -5.424807 1.000000
aniFrame
  m_time 1.813000
  m_vertexTransformMat 0.407794 0.450891 0.793978 0.000000 0.487454 0.627775 -0.606867 0.000000 -0.772070 0.634505 0.036214 0.000000 -7.113615 9.861628 -5.236393 1.000000
aniFrame
  m_time 1.829000
  m_vertexTransformMat 0.403127 0.430522 0.807552 0.000000 0.505555 0.630791 -0.588658 0.000000 -0.762826 0.645565 0.036637 0.000000 -7.065241 9.893432 -5.009470 1.000000
aniFrame
  m_time 1.845000
  m_vertexTransformMat 0.398978 0.407604 0.821386 0.000000 0.524255 0.633529 -0.569032 0.000000 -0.752311 0.657647 0.039076 0.000000 -7.002613 9.894506 -4.754925 1.000000
aniFrame
  m_time 1.861000
  m_vertexTransformMat 0.393045 0.380820 0.836954 0.000000 0.544941 0.636675 -0.545604 0.000000 -0.740644 0.670538 0.042718 0.000000 -6.939417 9.857681 -4.470657 1.000000
aniFrame
  m_time 1.877000
  m_vertexTransformMat 0.386545 0.351859 0.852513 0.000000 0.566535 0.638813 -0.520535 0.000000 -0.727750 0.684189 0.047589 0.000000 -6.873599 9.799624 -4.179402 1.000000
aniFrame
  m_time 1.893000
  m_vertexTransformMat 0.378270 0.319457 0.868827 0.000000 0.589471 0.640546 -0.492165 0.000000 -0.713748 0.698319 0.053989 0.000000 -6.812423 9.714106 -3.873293 1.000000
aniFrame
  m_time 1.909000
  m_vertexTransformMat 0.368159 0.284957 0.885019 0.000000 0.613278 0.641014 -0.461510 0.000000 -0.698820 0.712672 0.061238 0.000000 -6.757601 9.604928 -3.572515 1.000000
aniFrame
  m_time 1.925000
  m_vertexTransformMat 0.356838 0.248267 0.900572 0.000000 0.637488 0.639963 -0.429018 0.000000 -0.682844 0.727194 0.070096 0.000000 -6.706798 9.476032 -3.276532 1.000000
aniFrame
  m_time 1.941000
  m_vertexTransformMat 0.343370 0.209826 0.915462 0.000000 0.662045 0.637302 -0.394390 0.000000 -0.666179 0.741498 0.079916 0.000000 -6.664933 9.323813 -2.997653 1.000000
aniFrame
  m_time 1.957000
  m_vertexTransformMat 0.328235 0.170123 0.929150 0.000000 0.686628 0.632542 -0.358376 0.000000 -0.648694 0.755612 0.090811 0.000000 -6.631815 9.160954 -2.741651 1.000000
aniFrame
  m_time 1.973000
  m_vertexTransformMat 0.311182 0.129130 0.941537 0.000000 0.710864 0.625914 -0.320787 0.000000 -0.630744 0.769127 0.102979 0.000000 -6.616206 8.973641 -2.514579 1.000000
aniFrame
  m_time 1.989000
  m_vertexTransformMat 0.292182 0.087942 0.952311 0.000000 0.734699 0.616832 -0.282378 0.000000 -0.612248 0.782167 0.115616 0.000000 -6.623471 8.787705 -2.331017 1.000000
aniFrame
  m_time 2.005000
  m_vertexTransformMat 0.271468 0.046093 0.961343 0.000000 0.757651 0.605740 -0.242992 0.000000 -0.593524 0.794327 0.129517 0.000000 -6.654152 8.580057 -2.176619 1.000000
aniFrame
  m_time 2.021000
  m_vertexTransformMat 0.249180 0.004889 0.968445 0.000000 0.779631 0.592223 -0.203588 0.000000 -0.574530 0.805759 0.143759 0.000000 -6.709343 8.379774 -2.064646 1.000000
aniFrame
  m_time 2.037000
  m_vertexTransformMat 0.224806 -0.035877 0.973743 0.000000 0.800473 0.576621 -0.163559 0.000000 -0.555612 0.816224 0.158347 0.000000 -6.798027 8.172690 -1.984720 1.000000
aniFrame
  m_time 2.053000
  m_vertexTransformMat 0.199892 -0.075648 0.976894 0.000000 0.819783 0.558988 -0.124457 0.000000 -0.536656 0.825718 0.173752 0.000000 -6.887998 7.968328 -1.928677 1.000000
aniFrame
  m_time 2.069000
  m_vertexTransformMat 0.172871 -0.113640 0.978367 0.000000 0.837668 0.539471 -0.085349 0.000000 -0.518101 0.834301 0.188451 0.000000 -7.015258 7.778416 -1.905965 1.000000
aniFrame
  m_time 2.085000
  m_vertexTransformMat 0.145564 -0.150478 0.977838 0.000000 0.853817 0.518418 -0.047323 0.000000 -0.499807 0.841784 0.203943 0.000000 -7.141593 7.585127 -1.894974 1.000000
aniFrame
  m_time 2.101000
  m_vertexTransformMat 0.117989 -0.184488 0.975727 0.000000 0.868189 0.496108 -0.011182 0.000000 -0.482002 0.848435 0.218706 0.000000 -7.269372 7.421526 -1.901153 1.000000
aniFrame
  m_time 2.117000
  m_vertexTransformMat 0.089915 -0.217201 0.971977 0.000000 0.880707 0.473041 0.024235 0.000000 -0.465048 0.853848 0.233824 0.000000 -7.410218 7.244626 -1.907095 1.000000
aniFrame
  m_time 2.133000
  m_vertexTransformMat 0.062243 -0.246282 0.967198 0.000000 0.891703 0.449023 0.056952 0.000000 -0.448320 0.858908 0.247559 0.000000 -7.534562 7.123837 -1.929796 1.000000
aniFrame
  m_time 2.133000
