m_aniFrameList.size 84
aniFrame
  m_time -1.066000
  m_vertexTransformMat 0.552547 0.543555 -0.631855 0.000000 -0.639707 0.762530 0.096556 0.000000 0.534292 0.350851 0.769049 0.000000 3.167612 -13.046324 -1.569513 1.000000
aniFrame
  m_time -1.027000
  m_vertexTransformMat 0.626551 0.433688 -0.647571 0.000000 -0.582430 0.812653 -0.019279 0.000000 0.517889 0.389244 0.761761 0.000000 1.045856 -10.773558 -1.254300 1.000000
aniFrame
  m_time -0.988000
  m_vertexTransformMat 0.704219 0.299481 -0.643729 0.000000 -0.505542 0.848123 -0.158475 0.000000 0.498501 0.437033 0.748665 0.000000 -1.223105 -8.002222 -1.312788 1.000000
aniFrame
  m_time -0.949000
  m_vertexTransformMat 0.765027 0.170741 -0.620953 0.000000 -0.425652 0.857633 -0.288594 0.000000 0.483275 0.485091 0.728788 0.000000 -3.027858 -5.227350 -1.706432 1.000000
aniFrame
  m_time -0.910000
  m_vertexTransformMat 0.798694 0.078214 -0.596634 0.000000 -0.366537 0.849579 -0.379298 0.000000 0.477221 0.521631 0.707222 0.000000 -4.018449 -3.031688 -2.068413 1.000000
aniFrame
  m_time -0.871000
  m_vertexTransformMat 0.801889 0.048928 -0.595467 0.000000 -0.351761 0.844264 -0.404330 0.000000 0.482948 0.533690 0.694217 0.000000 -4.138806 -1.955800 -2.005467 1.000000
aniFrame
  m_time -0.832000
  m_vertexTransformMat 0.776399 0.081490 -0.624950 0.000000 -0.384539 0.846890 -0.367297 0.000000 0.499333 0.525487 0.688861 0.000000 -3.504141 -1.933722 -1.467188 1.000000
aniFrame
  m_time -0.793000
  m_vertexTransformMat 0.727815 0.147781 -0.669661 0.000000 -0.444175 0.845581 -0.296145 0.000000 0.522487 0.512985 0.681067 0.000000 -2.368491 -2.405455 -0.782064 1.000000
aniFrame
  m_time -0.754000
  m_vertexTransformMat 0.654897 0.238253 -0.717179 0.000000 -0.518113 0.832415 -0.196583 0.000000 0.550154 0.500321 0.668588 0.000000 -0.790074 -3.184023 -0.230054 1.000000
aniFrame
  m_time -0.715000
  m_vertexTransformMat 0.559210 0.341905 -0.755239 0.000000 -0.593703 0.800994 -0.076983 0.000000 0.578620 0.491437 0.650913 0.000000 1.136238 -4.086755 -0.051974 1.000000
aniFrame
  m_time -0.676000
  m_vertexTransformMat 0.445423 0.447223 -0.775622 0.000000 -0.659335 0.749924 0.053763 0.000000 0.605702 0.487448 0.628903 0.000000 3.294866 -4.952610 -0.323022 1.000000
aniFrame
  m_time -0.637000
  m_vertexTransformMat 0.323164 0.543601 -0.774638 0.000000 -0.706031 0.683553 0.185140 0.000000 0.630148 0.487088 0.604698 0.000000 5.518163 -5.669965 -1.016996 1.000000
aniFrame
  m_time -0.598000
  m_vertexTransformMat 0.205214 0.623601 -0.754327 0.000000 -0.729023 0.611630 0.307304 0.000000 0.653004 0.486858 0.580134 0.000000 7.625641 -6.207482 -2.050019 1.000000
aniFrame
  m_time -0.559000
  m_vertexTransformMat 0.106874 0.684672 -0.720973 0.000000 -0.728927 0.547108 0.411508 0.000000 0.676198 0.481557 0.557548 0.000000 9.413213 -6.634989 -3.263026 1.000000
aniFrame
  m_time -0.520000
  m_vertexTransformMat 0.044670 0.730933 -0.680986 0.000000 -0.705408 0.505766 0.496589 0.000000 0.707393 0.458190 0.538199 0.000000 10.743960 -7.239170 -4.571384 1.000000
aniFrame
  m_time -0.481000
  m_vertexTransformMat 0.040815 0.776049 -0.629351 0.000000 -0.643625 0.502206 0.577527 0.000000 0.764253 0.381494 0.519982 0.000000 11.505631 -8.733537 -6.306697 1.000000
aniFrame
  m_time -0.442000
  m_vertexTransformMat 0.094908 0.816264 -0.569829 0.000000 -0.553298 0.519107 0.651452 0.000000 0.827559 0.253457 0.500905 0.000000 11.398198 -10.958926 -8.317124 1.000000
aniFrame
  m_time -0.403000
  m_vertexTransformMat 0.184396 0.837660 -0.514126 0.000000 -0.464159 0.535306 0.705694 0.000000 0.866346 0.108509 0.487515 0.000000 10.318093 -13.185816 -10.002723 1.000000
aniFrame
  m_time -0.364000
  m_vertexTransformMat 0.275131 0.836914 -0.473157 0.000000 -0.404636 0.547241 0.732664 0.000000 0.872108 -0.010122 0.489209 0.000000 8.821472 -14.831947 -10.909605 1.000000
aniFrame
  m_time -0.325000
  m_vertexTransformMat 0.333164 0.824365 -0.457629 0.000000 -0.394083 0.562679 0.726699 0.000000 0.856563 -0.061766 0.512332 0.000000 7.840374 -15.621908 -10.812309 1.000000
aniFrame
  m_time -0.286000
  m_vertexTransformMat 0.364713 0.809383 -0.460309 0.000000 -0.418840 0.584130 0.695245 0.000000 0.831600 -0.060769 0.552041 0.000000 7.410929 -15.944690 -9.974140 1.000000
aniFrame
  m_time -0.247000
  m_vertexTransformMat 0.389260 0.791963 -0.470395 0.000000 -0.457682 0.609465 0.647364 0.000000 0.799378 -0.036702 0.599707 0.000000 7.133107 -16.163734 -8.788629 1.000000
aniFrame
  m_time -0.208000
  m_vertexTransformMat 0.409365 0.770476 -0.488659 0.000000 -0.503226 0.637430 0.583478 0.000000 0.761042 0.007050 0.648665 0.000000 6.895504 -16.232271 -7.380557 1.000000
aniFrame
  m_time -0.169000
  m_vertexTransformMat 0.427674 0.743824 -0.513635 0.000000 -0.549624 0.665098 0.505528 0.000000 0.717641 0.066105 0.693269 0.000000 6.622187 -16.108486 -5.912786 1.000000
aniFrame
  m_time -0.130000
  m_vertexTransformMat 0.447738 0.710614 -0.542733 0.000000 -0.591351 0.690604 0.416378 0.000000 0.670698 0.134517 0.729431 0.000000 6.202643 -15.768383 -4.550579 1.000000
aniFrame
  m_time -0.091000
  m_vertexTransformMat 0.472428 0.669322 -0.573429 0.000000 -0.622698 0.713912 0.320277 0.000000 0.623746 0.205765 0.754057 0.000000 5.541144 -15.198564 -3.381345 1.000000
aniFrame
  m_time -0.052000
  m_vertexTransformMat 0.502679 0.620334 -0.602080 0.000000 -0.640685 0.734922 0.222292 0.000000 0.580377 0.274002 0.766868 0.000000 4.650876 -14.408394 -2.445456 1.000000
aniFrame
  m_time -0.013000
  m_vertexTransformMat 0.537505 0.565864 -0.625209 0.000000 -0.643617 0.754330 0.129398 0.000000 0.544835 0.332843 0.769656 0.000000 3.610179 -13.452209 -1.760007 1.000000
aniFrame
  m_time 0.025000
  m_vertexTransformMat 0.589480 0.490376 -0.641908 0.000000 -0.620963 0.783334 0.028171 0.000000 0.516642 0.381995 0.766265 0.000000 2.093589 -12.051327 -1.287604 1.000000
aniFrame
  m_time 0.064000
  m_vertexTransformMat 0.665281 0.371658 -0.647512 0.000000 -0.559428 0.822493 -0.102687 0.000000 0.494410 0.430552 0.755105 0.000000 -0.106486 -9.706445 -1.129499 1.000000
aniFrame
  m_time 0.103000
  m_vertexTransformMat 0.737801 0.234219 -0.633081 0.000000 -0.474451 0.847062 -0.239547 0.000000 0.480152 0.477104 0.736089 0.000000 -2.248439 -6.801322 -1.408404 1.000000
aniFrame
  m_time 0.142000
  m_vertexTransformMat 0.786322 0.115706 -0.606886 0.000000 -0.394818 0.849664 -0.349559 0.000000 0.475203 0.514475 0.713792 0.000000 -3.679134 -4.065159 -1.875407 1.000000
aniFrame
  m_time 0.181000
  m_vertexTransformMat 0.803632 0.052757 -0.592783 0.000000 -0.352473 0.844764 -0.402662 0.000000 0.479519 0.532532 0.697475 0.000000 -4.185869 -2.285438 -2.065881 1.000000
aniFrame
  m_time 0.220000
  m_vertexTransformMat 0.788530 0.064929 -0.611559 0.000000 -0.368164 0.846376 -0.384842 0.000000 0.492622 0.528613 0.691297 0.000000 -3.803118 -1.865259 -1.696182 1.000000
aniFrame
  m_time 0.259000
  m_vertexTransformMat 0.747397 0.121756 -0.653127 0.000000 -0.421150 0.847141 -0.324013 0.000000 0.513839 0.517231 0.684428 0.000000 -2.816783 -2.200661 -1.020521 1.000000
aniFrame
  m_time 0.298000
  m_vertexTransformMat 0.683231 0.204673 -0.700931 0.000000 -0.491420 0.838883 -0.234055 0.000000 0.540095 0.504366 0.673731 0.000000 -1.387316 -2.890116 -0.390547 1.000000
aniFrame
  m_time 0.337000
  m_vertexTransformMat 0.595286 0.304888 -0.743423 0.000000 -0.567712 0.814344 -0.120615 0.000000 0.568627 0.493850 0.657856 0.000000 0.425279 -3.771246 -0.062877 1.000000
aniFrame
  m_time 0.376000
  m_vertexTransformMat 0.487019 0.410972 -0.770659 0.000000 -0.638007 0.769995 0.007429 0.000000 0.596457 0.488068 0.637205 0.000000 2.517038 -4.669233 -0.178158 1.000000
aniFrame
  m_time 0.415000
  m_vertexTransformMat 0.366450 0.511607 -0.777157 0.000000 -0.692172 0.708073 0.139751 0.000000 0.621782 0.486714 0.613593 0.000000 4.737196 -5.448067 -0.729424 1.000000
aniFrame
  m_time 0.454000
  m_vertexTransformMat 0.245181 0.597964 -0.763103 0.000000 -0.723794 0.636574 0.266265 0.000000 0.644988 0.487046 0.588878 0.000000 6.910504 -6.044630 -1.659063 1.000000
aniFrame
  m_time 0.493000
  m_vertexTransformMat 0.138071 0.665836 -0.733211 0.000000 -0.731333 0.567768 0.377878 0.000000 0.667899 0.484048 0.565340 0.000000 8.836535 -6.501194 -2.835431 1.000000
aniFrame
  m_time 0.532000
  m_vertexTransformMat 0.060261 0.715465 -0.696045 0.000000 -0.717909 0.515549 0.467778 0.000000 0.693524 0.471508 0.544706 0.000000 10.333776 -6.946526 -4.074292 1.000000
aniFrame
  m_time 0.571000
  m_vertexTransformMat 0.034507 0.759837 -0.649197 0.000000 -0.670392 0.499360 0.548830 0.000000 0.741204 0.416278 0.526621 0.000000 11.319173 -8.078110 -5.628961 1.000000
aniFrame
  m_time 0.610000
  m_vertexTransformMat 0.070133 0.803582 -0.591048 0.000000 -0.586768 0.512395 0.627021 0.000000 0.806713 0.302832 0.507452 0.000000 11.552353 -10.131830 -7.609488 1.000000
aniFrame
  m_time 0.649000
  m_vertexTransformMat 0.150677 0.832779 -0.532706 0.000000 -0.493665 0.530247 0.689300 0.000000 0.856500 0.159117 0.491009 0.000000 10.790236 -12.440015 -9.475726 1.000000
aniFrame
  m_time 0.688000
  m_vertexTransformMat 0.245790 0.839264 -0.484997 0.000000 -0.420493 0.543134 0.726767 0.000000 0.873369 0.025306 0.486402 0.000000 9.327438 -14.349562 -10.699300 1.000000
aniFrame
  m_time 0.727000
  m_vertexTransformMat 0.316664 0.829246 -0.460516 0.000000 -0.392857 0.556561 0.732054 0.000000 0.863358 -0.050898 0.502018 0.000000 8.108330 -15.418050 -10.946545 1.000000
aniFrame
  m_time 0.766000
  m_vertexTransformMat 0.354338 0.814870 -0.458729 0.000000 -0.408371 0.576150 0.708014 0.000000 0.841236 -0.063544 0.536921 0.000000 7.542630 -15.837486 -10.308997 1.000000
aniFrame
  m_time 0.805000
  m_vertexTransformMat 0.381318 0.798369 -0.466052 0.000000 -0.442519 0.600268 0.666225 0.000000 0.811649 -0.047807 0.582187 0.000000 7.216733 -16.103476 -9.240146 1.000000
aniFrame
  m_time 0.844000
  m_vertexTransformMat 0.402537 0.778490 -0.481578 0.000000 -0.486373 0.627569 0.607945 0.000000 0.775503 -0.010494 0.631257 0.000000 6.976188 -16.230047 -7.894879 1.000000
aniFrame
  m_time 0.883000
  m_vertexTransformMat 0.421008 0.753742 -0.504605 0.000000 -0.532988 0.655709 0.534761 0.000000 0.733946 0.043810 0.677794 0.000000 6.725431 -16.176554 -6.428328 1.000000
aniFrame
  m_time 0.922000
  m_vertexTransformMat 0.439250 0.723357 -0.532741 0.000000 -0.577755 0.681568 0.449071 0.000000 0.687938 0.110540 0.717302 0.000000 6.388708 -15.906040 -5.011116 1.000000
aniFrame
  m_time 0.961000
  m_vertexTransformMat 0.462646 0.684590 -0.563290 0.000000 -0.612946 0.706052 0.354665 0.000000 0.640512 0.181183 0.746269 0.000000 5.810122 -15.417768 -3.765449 1.000000
aniFrame
  m_time 1.000000
  m_vertexTransformMat 0.491041 0.638179 -0.592964 0.000000 -0.635983 0.727787 0.256618 0.000000 0.595319 0.251104 0.763244 0.000000 4.996018 -14.701599 -2.743146 1.000000
aniFrame
  m_time 1.039000
  m_vertexTransformMat 0.524994 0.584782 -0.618394 0.000000 -0.644080 0.747935 0.160483 0.000000 0.556366 0.314043 0.769307 0.000000 3.985054 -13.786202 -1.966446 1.000000
aniFrame
  m_time 1.078000
  m_vertexTransformMat 0.568360 0.520709 -0.637048 0.000000 -0.632841 0.771466 0.065973 0.000000 0.525814 0.365654 0.767996 0.000000 2.707062 -12.620836 -1.423339 1.000000
aniFrame
  m_time 1.117000
  m_vertexTransformMat 0.637347 0.417451 -0.647706 0.000000 -0.585090 0.809153 -0.054227 0.000000 0.501457 0.413528 0.759958 0.000000 0.708966 -10.627994 -1.132315 1.000000
aniFrame
  m_time 1.156000
  m_vertexTransformMat 0.714876 0.281668 -0.640013 0.000000 -0.504819 0.841225 -0.193648 0.000000 0.483850 0.461524 0.743562 0.000000 -1.563789 -7.831185 -1.270947 1.000000
aniFrame
  m_time 1.195000
  m_vertexTransformMat 0.773763 0.151773 -0.615026 0.000000 -0.418970 0.850813 -0.317146 0.000000 0.475138 0.503073 0.721916 0.000000 -3.296384 -4.940984 -1.726235 1.000000
aniFrame
  m_time 1.234000
  m_vertexTransformMat 0.802340 0.065399 -0.593273 0.000000 -0.359878 0.845986 -0.393441 0.000000 0.476171 0.529179 0.702304 0.000000 -4.130007 -2.737367 -2.068367 1.000000
aniFrame
  m_time 1.273000
  m_vertexTransformMat 0.798090 0.052431 -0.600253 0.000000 -0.355764 0.845023 -0.399210 0.000000 0.486296 0.532154 0.693058 0.000000 -4.039890 -1.865948 -1.895587 1.000000
aniFrame
  m_time 1.312000
  m_vertexTransformMat 0.764712 0.098202 -0.636845 0.000000 -0.399960 0.847229 -0.349621 0.000000 0.505220 0.522072 0.687164 0.000000 -3.217710 -2.029992 -1.269524 1.000000
aniFrame
  m_time 1.351000
  m_vertexTransformMat 0.708747 0.172835 -0.683964 0.000000 -0.465378 0.843192 -0.269169 0.000000 0.530191 0.509074 0.678043 0.000000 -1.939899 -2.614253 -0.590982 1.000000
aniFrame
  m_time 1.390000
  m_vertexTransformMat 0.628606 0.268486 -0.729911 0.000000 -0.541172 0.825046 -0.162582 0.000000 0.558559 0.497207 0.663926 0.000000 -0.245458 -3.448803 -0.131476 1.000000
aniFrame
  m_time 1.429000
  m_vertexTransformMat 0.526738 0.373828 -0.763414 0.000000 -0.614882 0.787677 -0.038546 0.000000 0.586914 0.489713 0.644759 0.000000 1.764422 -4.357081 -0.088019 1.000000
aniFrame
  m_time 1.468000
  m_vertexTransformMat 0.409220 0.477510 -0.777511 0.000000 -0.675516 0.731376 0.093638 0.000000 0.613365 0.486902 0.621860 0.000000 3.962282 -5.191349 -0.489529 1.000000
aniFrame
  m_time 1.507000
  m_vertexTransformMat 0.286568 0.569563 -0.770374 0.000000 -0.715346 0.662094 0.223410 0.000000 0.637306 0.487062 0.597170 0.000000 6.176722 -5.853353 -1.299028 1.000000
aniFrame
  m_time 1.546000
  m_vertexTransformMat 0.172811 0.644078 -0.745185 0.000000 -0.731147 0.590824 0.341105 0.000000 0.659971 0.485892 0.573016 0.000000 8.209443 -6.348034 -2.407557 1.000000
aniFrame
  m_time 1.585000
  m_vertexTransformMat 0.082965 0.699322 -0.709976 0.000000 -0.725473 0.530823 0.438082 0.000000 0.683232 0.478723 0.551379 0.000000 9.862696 -6.751606 -3.624547 1.000000
aniFrame
  m_time 1.624000
  m_vertexTransformMat 0.036764 0.744084 -0.667074 0.000000 -0.691379 0.500922 0.520647 0.000000 0.721557 0.442059 0.532860 0.000000 11.042089 -7.571515 -5.031278 1.000000
aniFrame
  m_time 1.663000
  m_vertexTransformMat 0.051761 0.789316 -0.611801 0.000000 -0.618140 0.506486 0.601146 0.000000 0.784363 0.347062 0.514124 0.000000 11.578516 -9.358638 -6.907889 1.000000
aniFrame
  m_time 1.702000
  m_vertexTransformMat 0.118910 0.824951 -0.552555 0.000000 -0.525479 0.524466 0.669931 0.000000 0.842456 0.210694 0.495859 0.000000 11.173208 -11.645512 -8.873645 1.000000
aniFrame
  m_time 1.741000
  m_vertexTransformMat 0.212708 0.839446 -0.500086 0.000000 -0.442400 0.539072 0.716717 0.000000 0.871228 0.068786 0.486036 0.000000 9.881919 -13.750105 -10.364691 1.000000
aniFrame
  m_time 1.780000
  m_vertexTransformMat 0.296006 0.833792 -0.466016 0.000000 -0.396773 0.551127 0.734050 0.000000 0.868879 -0.032380 0.493963 0.000000 8.462163 -15.142330 -10.978553 1.000000
aniFrame
  m_time 1.819000
  m_vertexTransformMat 0.344074 0.819564 -0.458179 0.000000 -0.398798 0.569330 0.718905 0.000000 0.850044 -0.064635 0.522732 0.000000 7.671874 -15.723734 -10.596588 1.000000
aniFrame
  m_time 1.858000
  m_vertexTransformMat 0.375735 0.800885 -0.466269 0.000000 -0.424439 0.595982 0.681658 0.000000 0.823817 -0.058220 0.563858 0.000000 7.215861 -15.951450 -9.597051 1.000000
aniFrame
  m_time 1.897000
  m_vertexTransformMat 0.402835 0.777335 -0.483192 0.000000 -0.459382 0.628326 0.627834 0.000000 0.791639 -0.030944 0.610205 0.000000 6.830859 -15.994520 -8.282640 1.000000
aniFrame
  m_time 1.936000
  m_vertexTransformMat 0.426754 0.748861 -0.507039 0.000000 -0.498980 0.662566 0.558593 0.000000 0.754254 0.014621 0.656420 0.000000 6.466122 -15.840991 -6.814264 1.000000
aniFrame
  m_time 1.975000
  m_vertexTransformMat 0.449264 0.715450 -0.535064 0.000000 -0.539136 0.694677 0.476191 0.000000 0.712387 0.074537 0.697818 0.000000 6.070501 -15.497615 -5.363691 1.000000
aniFrame
  m_time 2.014000
  m_vertexTransformMat 0.472127 0.677279 -0.564260 0.000000 -0.575950 0.721577 0.384197 0.000000 0.667366 0.143596 0.730755 0.000000 5.550753 -14.992047 -4.089562 1.000000
aniFrame
  m_time 2.053000
  m_vertexTransformMat 0.497367 0.634619 -0.591511 0.000000 -0.605609 0.742185 0.287053 0.000000 0.621180 0.215454 0.753469 0.000000 4.856792 -14.375475 -3.043643 1.000000
aniFrame
  m_time 2.092000
  m_vertexTransformMat 0.523790 0.590047 -0.614401 0.000000 -0.627087 0.755245 0.190703 0.000000 0.576547 0.285394 0.765601 0.000000 4.053675 -13.710120 -2.225249 1.000000
aniFrame
  m_time 2.131000
  m_vertexTransformMat 0.551218 0.546202 -0.630732 0.000000 -0.639275 0.762261 0.101420 0.000000 0.536178 0.347306 0.769345 0.000000 3.208962 -13.091587 -1.605246 1.000000
aniFrame
  m_time 2.133000
  m_vertexTransformMat 0.552546 0.543555 -0.631855 0.000000 -0.639707 0.762530 0.096556 0.000000 0.534292 0.350851 0.769049 0.000000 3.167611 -13.046323 -1.569510 1.000000
