m_aniFrameList.size 84
aniFrame
  m_time -1.066000
  m_vertexTransformMat 0.979995 0.125517 0.154452 0.000000 -0.044095 0.893699 -0.446494 0.000000 -0.194076 0.430752 0.881356 0.000000 -4.261855 8.265187 -2.422130 1.000000
aniFrame
  m_time -1.027000
  m_vertexTransformMat 0.971548 0.103653 0.212953 0.000000 -0.035711 0.952977 -0.300932 0.000000 -0.234132 0.284765 0.929565 0.000000 -5.649383 3.996610 -1.238313 1.000000
aniFrame
  m_time -0.988000
  m_vertexTransformMat 0.965530 0.077656 0.248437 0.000000 -0.034331 0.984114 -0.174188 0.000000 -0.258017 0.159655 0.952857 0.000000 -6.651155 -0.098618 -0.728760 1.000000
aniFrame
  m_time -0.949000
  m_vertexTransformMat 0.961824 0.051903 0.268701 0.000000 -0.042231 0.998239 -0.041657 0.000000 -0.270389 0.028720 0.962323 0.000000 -7.219584 -5.471107 -0.221617 1.000000
aniFrame
  m_time -0.910000
  m_vertexTransformMat 0.959679 0.028267 0.279674 0.000000 -0.037930 0.998854 0.029200 0.000000 -0.278528 -0.038631 0.959651 0.000000 -7.622923 -7.433044 -0.395780 1.000000
aniFrame
  m_time -0.871000
  m_vertexTransformMat 0.958843 0.006503 0.283862 0.000000 -0.027584 0.997142 0.070330 0.000000 -0.282594 -0.075266 0.956283 0.000000 -7.858608 -7.785817 -0.580360 1.000000
aniFrame
  m_time -0.832000
  m_vertexTransformMat 0.958790 -0.012822 0.283825 0.000000 -0.011707 0.996350 0.084558 0.000000 -0.283874 -0.084397 0.955140 0.000000 -7.979123 -6.696105 -0.626203 1.000000
aniFrame
  m_time -0.793000
  m_vertexTransformMat 0.959453 -0.030598 0.280202 0.000000 0.006076 0.996105 0.087971 0.000000 -0.281802 -0.082701 0.955902 0.000000 -7.957550 -5.078481 -0.497970 1.000000
aniFrame
  m_time -0.754000
  m_vertexTransformMat 0.960476 -0.048196 0.274157 0.000000 0.022134 0.995002 0.097376 0.000000 -0.277480 -0.087459 0.956742 0.000000 -7.824006 -3.829711 -0.336289 1.000000
aniFrame
  m_time -0.715000
  m_vertexTransformMat 0.961358 -0.066602 0.267124 0.000000 0.034251 0.991692 0.123993 0.000000 -0.273163 -0.110053 0.955652 0.000000 -7.647543 -3.471961 -0.339307 1.000000
aniFrame
  m_time -0.676000
  m_vertexTransformMat 0.962280 -0.087249 0.257690 0.000000 0.040012 0.982268 0.183163 0.000000 -0.269102 -0.165943 0.948708 0.000000 -7.429249 -4.811269 -0.754025 1.000000
aniFrame
  m_time -0.637000
  m_vertexTransformMat 0.962708 -0.108460 0.247850 0.000000 0.045398 0.967897 0.247215 0.000000 -0.266706 -0.226744 0.936726 0.000000 -7.209829 -6.429828 -1.443160 1.000000
aniFrame
  m_time -0.598000
  m_vertexTransformMat 0.962840 -0.130074 0.236686 0.000000 0.049379 0.946391 0.319228 0.000000 -0.265520 -0.295678 0.917646 0.000000 -6.980850 -8.527177 -2.474896 1.000000
aniFrame
  m_time -0.559000
  m_vertexTransformMat 0.963644 -0.147775 0.222605 0.000000 0.048672 0.916280 0.397570 0.000000 -0.262720 -0.372281 0.890160 0.000000 -6.673684 -10.959164 -3.844487 1.000000
aniFrame
  m_time -0.520000
  m_vertexTransformMat 0.966956 -0.153598 0.203480 0.000000 0.038234 0.876477 0.479923 0.000000 -0.252060 -0.456284 0.853387 0.000000 -6.089352 -13.416487 -5.490401 1.000000
aniFrame
  m_time -0.481000
  m_vertexTransformMat 0.974099 -0.138051 0.179088 0.000000 0.008476 0.813738 0.581171 0.000000 -0.225962 -0.564600 0.793831 0.000000 -4.900911 -16.482189 -8.004843 1.000000
aniFrame
  m_time -0.442000
  m_vertexTransformMat 0.981491 -0.121718 0.147853 0.000000 -0.015399 0.719379 0.694448 0.000000 -0.190889 -0.683871 0.704189 0.000000 -3.381238 -21.495018 -12.298036 1.000000
aniFrame
  m_time -0.403000
  m_vertexTransformMat 0.987825 -0.110710 0.109297 0.000000 -0.020554 0.603512 0.797089 0.000000 -0.154208 -0.789631 0.593889 0.000000 -2.004588 -27.402151 -17.379318 1.000000
aniFrame
  m_time -0.364000
  m_vertexTransformMat 0.993927 -0.078115 0.077501 0.000000 -0.023964 0.533748 0.845304 0.000000 -0.107397 -0.842028 0.528635 0.000000 -0.439362 -31.653261 -20.048424 1.000000
aniFrame
  m_time -0.325000
  m_vertexTransformMat 0.998685 0.005260 0.051001 0.000000 -0.045150 0.561571 0.826195 0.000000 -0.024295 -0.827411 0.561070 0.000000 2.577385 -33.491493 -18.399807 1.000000
aniFrame
  m_time -0.286000
  m_vertexTransformMat 0.995565 0.092830 0.015228 0.000000 -0.071463 0.641066 0.764152 0.000000 0.061174 -0.761851 0.644857 0.000000 5.851388 -33.447300 -14.252104 1.000000
aniFrame
  m_time -0.247000
  m_vertexTransformMat 0.993798 0.110440 -0.012944 0.000000 -0.072393 0.730960 0.678569 0.000000 0.084403 -0.673424 0.734422 0.000000 6.721271 -32.388149 -9.512315 1.000000
aniFrame
  m_time -0.208000
  m_vertexTransformMat 0.997859 0.063484 -0.015734 0.000000 -0.043630 0.825315 0.562984 0.000000 0.048726 -0.561092 0.826318 0.000000 5.100599 -30.303793 -4.432570 1.000000
aniFrame
  m_time -0.169000
  m_vertexTransformMat 0.999552 0.029242 0.006439 0.000000 -0.029294 0.910482 0.412511 0.000000 0.006200 -0.412515 0.910930 0.000000 3.233034 -25.909374 -0.146183 1.000000
aniFrame
  m_time -0.130000
  m_vertexTransformMat 0.998450 0.040036 0.038655 0.000000 -0.047491 0.975069 0.216762 0.000000 -0.029013 -0.218262 0.975459 0.000000 1.878380 -18.716867 2.398041 1.000000
aniFrame
  m_time -0.091000
  m_vertexTransformMat 0.994963 0.067270 0.074322 0.000000 -0.066220 0.997669 -0.016500 0.000000 -0.075258 0.011495 0.997098 0.000000 0.162247 -9.652795 2.889609 1.000000
aniFrame
  m_time -0.052000
  m_vertexTransformMat 0.989084 0.098261 0.109808 0.000000 -0.069552 0.968283 -0.239982 0.000000 -0.129906 0.229725 0.964547 0.000000 -1.854383 -0.623004 1.206222 1.000000
aniFrame
  m_time -0.013000
  m_vertexTransformMat 0.982376 0.121857 0.141735 0.000000 -0.052571 0.907795 -0.416106 0.000000 -0.179372 0.401321 0.898202 0.000000 -3.714254 6.798309 -1.659862 1.000000
aniFrame
  m_time 0.025000
  m_vertexTransformMat 0.974601 0.117927 0.190386 0.000000 -0.032863 0.916232 -0.399299 0.000000 -0.221526 0.382901 0.896835 0.000000 -5.198762 7.251923 -2.191823 1.000000
aniFrame
  m_time 0.064000
  m_vertexTransformMat 0.967493 0.089053 0.236701 0.000000 -0.031617 0.971200 -0.236158 0.000000 -0.250915 0.220997 0.942445 0.000000 -6.329668 2.439678 -1.130188 1.000000
aniFrame
  m_time 0.103000
  m_vertexTransformMat 0.963208 0.060423 0.261876 0.000000 -0.041309 0.996105 -0.077892 0.000000 -0.265563 0.064208 0.961953 0.000000 -6.989061 -4.164642 -0.228843 1.000000
aniFrame
  m_time 0.142000
  m_vertexTransformMat 0.960196 0.036264 0.276965 0.000000 -0.040105 0.999162 0.008214 0.000000 -0.276435 -0.018995 0.960845 0.000000 -7.515397 -6.954596 -0.324752 1.000000
aniFrame
  m_time 0.181000
  m_vertexTransformMat 0.959033 0.013708 0.282962 0.000000 -0.031685 0.997752 0.059053 0.000000 -0.281517 -0.065600 0.957312 0.000000 -7.790342 -7.830574 -0.526268 1.000000
aniFrame
  m_time 0.220000
  m_vertexTransformMat 0.958730 -0.006462 0.284245 0.000000 -0.017561 0.996487 0.081887 0.000000 -0.283776 -0.083499 0.955249 0.000000 -7.952469 -7.198648 -0.631982 1.000000
aniFrame
  m_time 0.259000
  m_vertexTransformMat 0.959145 -0.024400 0.281860 0.000000 0.000438 0.996401 0.084764 0.000000 -0.282914 -0.081178 0.955704 0.000000 -7.983202 -5.528533 -0.550293 1.000000
aniFrame
  m_time 0.298000
  m_vertexTransformMat 0.960133 -0.042125 0.276351 0.000000 0.016815 0.995494 0.093327 0.000000 -0.279037 -0.084959 0.956515 0.000000 -7.876490 -4.226452 -0.384819 1.000000
aniFrame
  m_time 0.337000
  m_vertexTransformMat 0.961024 -0.059697 0.269944 0.000000 0.031391 0.993657 0.107988 0.000000 -0.274679 -0.095305 0.956801 0.000000 -7.715712 -3.242768 -0.279735 1.000000
aniFrame
  m_time 0.376000
  m_vertexTransformMat 0.961915 -0.080057 0.261361 0.000000 0.038553 0.986327 0.160229 0.000000 -0.270615 -0.144050 0.951850 0.000000 -7.513343 -4.215641 -0.560997 1.000000
aniFrame
  m_time 0.415000
  m_vertexTransformMat 0.962579 -0.101102 0.251437 0.000000 0.043380 0.973323 0.225300 0.000000 -0.267508 -0.205962 0.941286 0.000000 -7.290406 -5.874709 -1.181594 1.000000
aniFrame
  m_time 0.454000
  m_vertexTransformMat 0.962731 -0.122801 0.240972 0.000000 0.048241 0.954659 0.293766 0.000000 -0.266121 -0.271193 0.925005 0.000000 -7.069866 -7.767953 -2.082377 1.000000
aniFrame
  m_time 0.493000
  m_vertexTransformMat 0.963182 -0.142499 0.227979 0.000000 0.049570 0.927568 0.370352 0.000000 -0.264241 -0.345416 0.900480 0.000000 -6.798667 -10.109536 -3.342757 1.000000
aniFrame
  m_time 0.532000
  m_vertexTransformMat 0.965223 -0.154519 0.210876 0.000000 0.044338 0.891702 0.450447 0.000000 -0.257641 -0.425431 0.867542 0.000000 -6.366015 -12.598187 -4.884686 1.000000
aniFrame
  m_time 0.571000
  m_vertexTransformMat 0.971292 -0.145294 0.188365 0.000000 0.020723 0.840481 0.541445 0.000000 -0.236986 -0.521998 0.819363 0.000000 -5.393108 -15.204452 -6.917582 1.000000
aniFrame
  m_time 0.610000
  m_vertexTransformMat 0.979123 -0.125335 0.160028 0.000000 -0.010444 0.755219 0.655389 0.000000 -0.202999 -0.643378 0.738144 0.000000 -3.903676 -19.495083 -10.601252 1.000000
aniFrame
  m_time 0.649000
  m_vertexTransformMat 0.985720 -0.114958 0.123044 0.000000 -0.020205 0.644686 0.764180 0.000000 -0.167174 -0.755754 0.633158 0.000000 -2.461347 -25.365459 -15.639089 1.000000
aniFrame
  m_time 0.688000
  m_vertexTransformMat 0.991722 -0.094285 0.087169 0.000000 -0.021341 0.548389 0.835951 0.000000 -0.126620 -0.830891 0.541838 0.000000 -1.092727 -30.415867 -19.557838 1.000000
aniFrame
  m_time 0.727000
  m_vertexTransformMat 0.997787 -0.026868 0.060821 0.000000 -0.036450 0.544010 0.838287 0.000000 -0.055610 -0.838648 0.541827 0.000000 1.414019 -33.056503 -19.343929 1.000000
aniFrame
  m_time 0.766000
  m_vertexTransformMat 0.997281 0.068252 0.027776 0.000000 -0.063822 0.611656 0.788546 0.000000 0.036830 -0.788174 0.614349 0.000000 4.903165 -33.628643 -15.795366 1.000000
aniFrame
  m_time 0.805000
  m_vertexTransformMat 0.993240 0.115944 -0.005700 0.000000 -0.077538 0.699176 0.710733 0.000000 0.086391 -0.705486 0.703439 0.000000 6.830916 -32.787888 -11.201591 1.000000
aniFrame
  m_time 0.844000
  m_vertexTransformMat 0.996297 0.084034 -0.018159 0.000000 -0.055717 0.791965 0.608019 0.000000 0.065476 -0.604756 0.793715 0.000000 5.857815 -31.228436 -6.243459 1.000000
aniFrame
  m_time 0.883000
  m_vertexTransformMat 0.999310 0.037010 -0.003183 0.000000 -0.031185 0.882412 0.469442 0.000000 0.020182 -0.469018 0.882958 0.000000 3.834074 -27.744503 -1.479717 1.000000
aniFrame
  m_time 0.922000
  m_vertexTransformMat 0.999091 0.033157 0.026808 0.000000 -0.039519 0.956135 0.290248 0.000000 -0.016008 -0.291044 0.956576 0.000000 2.363810 -21.496572 1.725021 1.000000
aniFrame
  m_time 0.961000
  m_vertexTransformMat 0.996491 0.056807 0.061474 0.000000 -0.060833 0.995981 0.065730 0.000000 -0.057493 -0.069239 0.995942 0.000000 0.815616 -12.890100 2.986527 1.000000
aniFrame
  m_time 1.000000
  m_vertexTransformMat 0.991383 0.087808 0.097208 0.000000 -0.070791 0.983508 -0.166432 0.000000 -0.110219 0.158116 0.981250 0.000000 -1.130088 -3.640615 1.997281 1.000000
aniFrame
  m_time 1.039000
  m_vertexTransformMat 0.984697 0.114791 0.131125 0.000000 -0.060756 0.931334 -0.359063 0.000000 -0.163338 0.345601 0.924056 0.000000 -3.104943 4.368899 -0.579983 1.000000
aniFrame
  m_time 1.078000
  m_vertexTransformMat 0.977638 0.124044 0.169812 0.000000 -0.038011 0.898438 -0.437452 0.000000 -0.206829 0.421215 0.883063 0.000000 -4.703920 8.254210 -2.506873 1.000000
aniFrame
  m_time 1.117000
  m_vertexTransformMat 0.969639 0.101077 0.222674 0.000000 -0.030380 0.953316 -0.300443 0.000000 -0.242646 0.284556 0.927443 0.000000 -5.986516 4.463534 -1.494213 1.000000
aniFrame
  m_time 1.156000
  m_vertexTransformMat 0.964661 0.068888 0.254328 0.000000 -0.037419 0.991253 -0.126562 0.000000 -0.260822 0.112572 0.958801 0.000000 -6.772891 -2.126750 -0.425744 1.000000
aniFrame
  m_time 1.195000
  m_vertexTransformMat 0.961011 0.044441 0.272914 0.000000 -0.041228 0.998997 -0.017502 0.000000 -0.273418 0.005568 0.961879 0.000000 -7.366673 -6.217804 -0.262071 1.000000
aniFrame
  m_time 1.234000
  m_vertexTransformMat 0.959341 0.021319 0.281443 0.000000 -0.035190 0.998397 0.044321 0.000000 -0.280047 -0.052422 0.958554 0.000000 -7.705715 -7.688960 -0.459005 1.000000
aniFrame
  m_time 1.273000
  m_vertexTransformMat 0.958756 0.000196 0.284231 0.000000 -0.023111 0.996742 0.077270 0.000000 -0.283290 -0.080652 0.955637 0.000000 -7.909189 -7.601132 -0.615318 1.000000
aniFrame
  m_time 1.312000
  m_vertexTransformMat 0.958922 -0.018407 0.283072 0.000000 -0.006015 0.996349 0.085167 0.000000 -0.283606 -0.083371 0.955310 0.000000 -7.989239 -6.181615 -0.601380 1.000000
aniFrame
  m_time 1.351000
  m_vertexTransformMat 0.959751 -0.035904 0.278550 0.000000 0.011352 0.995944 0.089262 0.000000 -0.280624 -0.082507 0.956265 0.000000 -7.925785 -4.621100 -0.441473 1.000000
aniFrame
  m_time 1.390000
  m_vertexTransformMat 0.960737 -0.053263 0.272300 0.000000 0.027088 0.994719 0.098998 0.000000 -0.276135 -0.087735 0.957106 0.000000 -7.776168 -3.391966 -0.288024 1.000000
aniFrame
  m_time 1.429000
  m_vertexTransformMat 0.961622 -0.072760 0.264556 0.000000 0.036560 0.989580 0.139269 0.000000 -0.271932 -0.124252 0.954261 0.000000 -7.587116 -3.743409 -0.419673 1.000000
aniFrame
  m_time 1.468000
  m_vertexTransformMat 0.962518 -0.093605 0.254554 0.000000 0.041474 0.978315 0.202930 0.000000 -0.268029 -0.184766 0.945528 0.000000 -7.359094 -5.316486 -0.940731 1.000000
aniFrame
  m_time 1.507000
  m_vertexTransformMat 0.962863 -0.114971 0.244286 0.000000 0.046806 0.962183 0.268354 0.000000 -0.265901 -0.246955 0.931832 0.000000 -7.134264 -7.025209 -1.715597 1.000000
aniFrame
  m_time 1.546000
  m_vertexTransformMat 0.963034 -0.136050 0.232498 0.000000 0.049791 0.938119 0.342715 0.000000 -0.264738 -0.318470 0.910215 0.000000 -6.894630 -9.252567 -2.858164 1.000000
aniFrame
  m_time 1.585000
  m_vertexTransformMat 0.964186 -0.151821 0.217475 0.000000 0.047513 0.905568 0.421532 0.000000 -0.260935 -0.396103 0.880350 0.000000 -6.554039 -11.714146 -4.304502 1.000000
aniFrame
  m_time 1.624000
  m_vertexTransformMat 0.968833 -0.150524 0.196737 0.000000 0.031028 0.861692 0.506481 0.000000 -0.245764 -0.484591 0.839506 0.000000 -5.795023 -14.135049 -6.062041 1.000000
aniFrame
  m_time 1.663000
  m_vertexTransformMat 0.976526 -0.131294 0.170756 0.000000 -0.001775 0.787818 0.615906 0.000000 -0.215390 -0.601751 0.769092 0.000000 -4.440157 -17.742138 -9.104289 1.000000
aniFrame
  m_time 1.702000
  m_vertexTransformMat 0.983462 -0.118333 0.137112 0.000000 -0.018597 0.687071 0.726352 0.000000 -0.180157 -0.716890 0.673508 0.000000 -2.946136 -23.228073 -13.781447 1.000000
aniFrame
  m_time 1.741000
  m_vertexTransformMat 0.989613 -0.104237 0.098997 0.000000 -0.021205 0.575270 0.817689 0.000000 -0.142183 -0.811295 0.567084 0.000000 -1.596957 -28.878279 -18.529430 1.000000
aniFrame
  m_time 1.780000
  m_vertexTransformMat 0.995916 -0.056860 0.070121 0.000000 -0.029041 0.533660 0.845201 0.000000 -0.085479 -0.843785 0.529829 0.000000 0.336578 -32.419846 -19.938484 1.000000
aniFrame
  m_time 1.819000
  m_vertexTransformMat 0.998491 0.036352 0.041161 0.000000 -0.054644 0.583253 0.810450 0.000000 0.005454 -0.811477 0.584359 0.000000 3.706316 -33.643883 -17.272144 1.000000
aniFrame
  m_time 1.858000
  m_vertexTransformMat 0.994039 0.108895 0.005234 0.000000 -0.077035 0.667617 0.740509 0.000000 0.077143 -0.736498 0.672027 0.000000 6.484325 -33.162075 -12.856499 1.000000
aniFrame
  m_time 1.897000
  m_vertexTransformMat 0.994808 0.100437 -0.016423 0.000000 -0.065889 0.758607 0.648208 0.000000 0.077562 -0.643761 0.761286 0.000000 6.411272 -31.937607 -8.033413 1.000000
aniFrame
  m_time 1.936000
  m_vertexTransformMat 0.998708 0.049613 -0.011030 0.000000 -0.036587 0.852442 0.521540 0.000000 0.035277 -0.520462 0.853156 0.000000 4.499468 -29.255001 -2.998646 1.000000
aniFrame
  m_time 1.975000
  m_vertexTransformMat 0.999478 0.028401 0.015409 0.000000 -0.032049 0.931998 0.361044 0.000000 -0.004107 -0.361349 0.932422 0.000000 2.814064 -24.100889 0.779362 1.000000
aniFrame
  m_time 2.014000
  m_vertexTransformMat 0.997764 0.045090 0.049331 0.000000 -0.052983 0.983560 0.172633 0.000000 -0.040736 -0.174861 0.983750 0.000000 1.431148 -16.944347 2.590746 1.000000
aniFrame
  m_time 2.053000
  m_vertexTransformMat 0.993677 0.071573 0.086509 0.000000 -0.068930 0.997070 -0.033162 0.000000 -0.088629 0.026989 0.995699 0.000000 -0.350150 -8.743031 2.586956 1.000000
aniFrame
  m_time 2.092000
  m_vertexTransformMat 0.987318 0.100336 0.123030 0.000000 -0.068242 0.967936 -0.241749 0.000000 -0.143341 0.230287 0.962508 0.000000 -2.371354 -0.203788 0.872683 1.000000
aniFrame
  m_time 2.131000
  m_vertexTransformMat 0.980334 0.124376 0.153214 0.000000 -0.045771 0.898522 -0.436536 0.000000 -0.191961 0.420939 0.886545 0.000000 -4.181088 7.855337 -2.222762 1.000000
aniFrame
  m_time 2.133000
  m_vertexTransformMat 0.979995 0.125517 0.154452 0.000000 -0.044095 0.893701 -0.446491 0.000000 -0.194076 0.430748 0.881357 0.000000 -4.261845 8.265022 -2.422060 1.000000
