m_aniFrameList.size 84
aniFrame
  m_time -1.066000
  m_vertexTransformMat 0.460211 -0.084737 -0.883757 0.000000 -0.631610 0.668304 -0.392986 0.000000 0.623919 0.739046 0.254041 0.000000 6.045798 4.170443 -1.813536 1.000000
aniFrame
  m_time -1.027000
  m_vertexTransformMat 0.499097 -0.209031 -0.840957 0.000000 -0.555374 0.667791 -0.495596 0.000000 0.665178 0.714396 0.217202 0.000000 5.269620 6.071691 -3.031379 1.000000
aniFrame
  m_time -0.988000
  m_vertexTransformMat 0.533461 -0.349831 -0.770090 0.000000 -0.459792 0.644249 -0.611175 0.000000 0.709937 0.680119 0.182832 0.000000 4.585732 8.105677 -4.711854 1.000000
aniFrame
  m_time -0.949000
  m_vertexTransformMat 0.551637 -0.475028 -0.685599 0.000000 -0.367697 0.599298 -0.711085 0.000000 0.748663 0.644353 0.155929 0.000000 4.243418 9.913472 -6.465109 1.000000
aniFrame
  m_time -0.910000
  m_vertexTransformMat 0.553986 -0.559319 -0.616655 0.000000 -0.304636 0.553144 -0.775390 0.000000 0.774789 0.617410 0.136045 0.000000 4.247730 11.261157 -7.738123 1.000000
aniFrame
  m_time -0.871000
  m_vertexTransformMat 0.547215 -0.584998 -0.598610 0.000000 -0.293179 0.535913 -0.791735 0.000000 0.783966 0.608749 0.121751 0.000000 4.371602 12.041154 -8.040285 1.000000
aniFrame
  m_time -0.832000
  m_vertexTransformMat 0.534644 -0.557400 -0.635186 0.000000 -0.335214 0.550086 -0.764877 0.000000 0.775749 0.621860 0.107252 0.000000 4.475172 12.393704 -7.451808 1.000000
aniFrame
  m_time -0.793000
  m_vertexTransformMat 0.513165 -0.500202 -0.697466 0.000000 -0.409578 0.571412 -0.711150 0.000000 0.754259 0.650604 0.088357 0.000000 4.570808 12.550853 -6.519267 1.000000
aniFrame
  m_time -0.754000
  m_vertexTransformMat 0.477294 -0.419123 -0.772351 0.000000 -0.504683 0.588770 -0.631383 0.000000 0.719365 0.691148 0.069492 0.000000 4.711297 12.534879 -5.465656 1.000000
aniFrame
  m_time -0.715000
  m_vertexTransformMat 0.424331 -0.321581 -0.846480 0.000000 -0.607537 0.592071 -0.529482 0.000000 0.671448 0.738943 0.055862 0.000000 4.934201 12.363400 -4.493652 1.000000
aniFrame
  m_time -0.676000
  m_vertexTransformMat 0.353709 -0.216299 -0.910002 0.000000 -0.705863 0.576620 -0.411420 0.000000 0.613715 0.787860 0.051278 0.000000 5.290366 12.062158 -3.681020 1.000000
aniFrame
  m_time -0.637000
  m_vertexTransformMat 0.269400 -0.112754 -0.956405 0.000000 -0.788762 0.543951 -0.286306 0.000000 0.552519 0.831507 0.057604 0.000000 5.810967 11.664625 -3.063190 1.000000
aniFrame
  m_time -0.598000
  m_vertexTransformMat 0.178598 -0.019357 -0.983732 0.000000 -0.849129 0.502067 -0.164040 0.000000 0.497075 0.864612 0.073231 0.000000 6.518825 11.203533 -2.676250 1.000000
aniFrame
  m_time -0.559000
  m_vertexTransformMat 0.092415 0.058589 -0.993995 0.000000 -0.884266 0.463749 -0.054878 0.000000 0.457749 0.884027 0.094665 0.000000 7.387042 10.688158 -2.512152 1.000000
aniFrame
  m_time -0.520000
  m_vertexTransformMat 0.019818 0.123255 -0.992178 0.000000 -0.892644 0.449161 0.037968 0.000000 0.450327 0.884908 0.118924 0.000000 8.522613 9.959245 -2.561231 1.000000
aniFrame
  m_time -0.481000
  m_vertexTransformMat -0.036945 0.194972 -0.980113 0.000000 -0.862593 0.488969 0.129785 0.000000 0.504549 0.850233 0.150117 0.000000 10.357609 8.358864 -2.946238 1.000000
aniFrame
  m_time -0.442000
  m_vertexTransformMat -0.064954 0.277637 -0.958488 0.000000 -0.794943 0.566211 0.217880 0.000000 0.603198 0.776095 0.183928 0.000000 12.336029 5.824071 -3.604147 1.000000
aniFrame
  m_time -0.403000
  m_vertexTransformMat -0.053936 0.354024 -0.933680 0.000000 -0.709103 0.644749 0.285433 0.000000 0.703040 0.677470 0.216264 0.000000 13.540179 2.945924 -4.159277 1.000000
aniFrame
  m_time -0.364000
  m_vertexTransformMat -0.013494 0.403135 -0.915041 0.000000 -0.635489 0.703076 0.319122 0.000000 0.771993 0.585804 0.246700 0.000000 13.763994 0.549175 -4.294993 1.000000
aniFrame
  m_time -0.325000
  m_vertexTransformMat 0.033511 0.410591 -0.911204 0.000000 -0.604710 0.734226 0.308606 0.000000 0.795740 0.540672 0.272893 0.000000 13.431206 -0.587913 -3.921585 1.000000
aniFrame
  m_time -0.286000
  m_vertexTransformMat 0.080269 0.389111 -0.917687 0.000000 -0.607990 0.748673 0.264267 0.000000 0.789877 0.536732 0.296671 0.000000 12.888687 -0.828051 -3.173990 1.000000
aniFrame
  m_time -0.247000
  m_vertexTransformMat 0.131281 0.353344 -0.926236 0.000000 -0.622502 0.756533 0.200374 0.000000 0.771529 0.550278 0.319276 0.000000 12.207766 -0.777263 -2.287494 1.000000
aniFrame
  m_time -0.208000
  m_vertexTransformMat 0.184700 0.304167 -0.934542 0.000000 -0.641571 0.757651 0.119795 0.000000 0.744495 0.577449 0.335083 0.000000 11.397071 -0.446023 -1.439944 1.000000
aniFrame
  m_time -0.169000
  m_vertexTransformMat 0.239469 0.244069 -0.939726 0.000000 -0.659808 0.750952 0.026901 0.000000 0.712255 0.613597 0.340868 0.000000 10.483668 0.129948 -0.797830 1.000000
aniFrame
  m_time -0.130000
  m_vertexTransformMat 0.295151 0.175566 -0.939182 0.000000 -0.672058 0.736846 -0.073461 0.000000 0.679135 0.652867 0.335471 0.000000 9.469960 0.894219 -0.495562 1.000000
aniFrame
  m_time -0.091000
  m_vertexTransformMat 0.349770 0.100530 -0.931426 0.000000 -0.674001 0.717544 -0.175656 0.000000 0.650680 0.689221 0.318732 0.000000 8.382497 1.794679 -0.567576 1.000000
aniFrame
  m_time -0.052000
  m_vertexTransformMat 0.401055 0.022011 -0.915790 0.000000 -0.664235 0.695428 -0.274176 0.000000 0.630831 0.718259 0.293525 0.000000 7.304986 2.781901 -0.958780 1.000000
aniFrame
  m_time -0.013000
  m_vertexTransformMat 0.445530 -0.055643 -0.893536 0.000000 -0.643256 0.674278 -0.362727 0.000000 0.622675 0.736378 0.264619 0.000000 6.355249 3.786801 -1.555834 1.000000
aniFrame
  m_time 0.025000
  m_vertexTransformMat 0.488377 -0.149185 -0.859786 0.000000 -0.598346 0.659939 -0.454382 0.000000 0.635193 0.736359 0.233035 0.000000 5.462525 5.039505 -2.434072 1.000000
aniFrame
  m_time 0.064000
  m_vertexTransformMat 0.529450 -0.280105 -0.800764 0.000000 -0.515548 0.643382 -0.565924 0.000000 0.673716 0.712461 0.196231 0.000000 4.632839 6.866240 -3.894591 1.000000
aniFrame
  m_time 0.103000
  m_vertexTransformMat 0.553896 -0.417964 -0.720074 0.000000 -0.416314 0.609945 -0.674277 0.000000 0.721029 0.673256 0.163842 0.000000 4.147830 8.866180 -5.695346 1.000000
aniFrame
  m_time 0.142000
  m_vertexTransformMat 0.558003 -0.527297 -0.640774 0.000000 -0.331832 0.565962 -0.754702 0.000000 0.760605 0.633755 0.140834 0.000000 4.116229 10.592017 -7.275424 1.000000
aniFrame
  m_time 0.181000
  m_vertexTransformMat 0.550458 -0.581748 -0.598804 0.000000 -0.291955 0.537826 -0.790890 0.000000 0.782151 0.610175 0.126206 0.000000 4.310538 11.751102 -8.028032 1.000000
aniFrame
  m_time 0.220000
  m_vertexTransformMat 0.539778 -0.571317 -0.618252 0.000000 -0.314970 0.544021 -0.777712 0.000000 0.780662 0.614523 0.113703 0.000000 4.445716 12.295609 -7.711744 1.000000
aniFrame
  m_time 0.259000
  m_vertexTransformMat 0.521954 -0.522815 -0.673965 0.000000 -0.380769 0.564225 -0.732575 0.000000 0.763269 0.638995 0.095428 0.000000 4.535352 12.515651 -6.863210 1.000000
aniFrame
  m_time 0.298000
  m_vertexTransformMat 0.491817 -0.449616 -0.745628 0.000000 -0.469792 0.583978 -0.662016 0.000000 0.733084 0.675881 0.075985 0.000000 4.654959 12.558692 -5.829824 1.000000
aniFrame
  m_time 0.337000
  m_vertexTransformMat 0.445071 -0.357010 -0.821252 0.000000 -0.571254 0.593064 -0.567400 0.000000 0.689623 0.721678 0.060012 0.000000 4.842689 12.436114 -4.813492 1.000000
aniFrame
  m_time 0.376000
  m_vertexTransformMat 0.380407 -0.253296 -0.889456 0.000000 -0.672517 0.584427 -0.454056 0.000000 0.634832 0.770900 0.051974 0.000000 5.146277 12.173706 -3.941586 1.000000
aniFrame
  m_time 0.415000
  m_vertexTransformMat 0.300304 -0.148004 -0.942291 0.000000 -0.761871 0.557174 -0.330319 0.000000 0.573909 0.817100 0.054562 0.000000 5.604863 11.804733 -3.249082 1.000000
aniFrame
  m_time 0.454000
  m_vertexTransformMat 0.210630 -0.050182 -0.976277 0.000000 -0.830807 0.517103 -0.205825 0.000000 0.515164 0.854451 0.067226 0.000000 6.247088 11.364082 -2.780339 1.000000
aniFrame
  m_time 0.493000
  m_vertexTransformMat 0.121247 0.033814 -0.992046 0.000000 -0.874818 0.475886 -0.090699 0.000000 0.469033 0.878857 0.087281 0.000000 7.068294 10.863939 -2.541640 1.000000
aniFrame
  m_time 0.532000
  m_vertexTransformMat 0.043753 0.100876 -0.993937 0.000000 -0.893877 0.448270 0.006147 0.000000 0.446172 0.888188 0.109784 0.000000 8.042231 10.288767 -2.507755 1.000000
aniFrame
  m_time 0.571000
  m_vertexTransformMat -0.019204 0.167686 -0.985653 0.000000 -0.878350 0.468124 0.096754 0.000000 0.477632 0.867607 0.138298 0.000000 9.629276 9.059308 -2.763011 1.000000
aniFrame
  m_time 0.610000
  m_vertexTransformMat -0.059413 0.248012 -0.966934 0.000000 -0.822310 0.536995 0.188262 0.000000 0.565930 0.806304 0.172038 0.000000 11.684058 6.799671 -3.358876 1.000000
aniFrame
  m_time 0.649000
  m_vertexTransformMat -0.062112 0.329074 -0.942259 0.000000 -0.739805 0.618530 0.264782 0.000000 0.669948 0.713534 0.205033 0.000000 13.232835 3.954570 -3.997410 1.000000
aniFrame
  m_time 0.688000
  m_vertexTransformMat -0.029527 0.390341 -0.920197 0.000000 -0.657590 0.685741 0.311986 0.000000 0.752798 0.614324 0.236436 0.000000 13.774900 1.273240 -4.303318 1.000000
aniFrame
  m_time 0.727000
  m_vertexTransformMat 0.017168 0.412014 -0.911016 0.000000 -0.610722 0.725747 0.316716 0.000000 0.791659 0.550940 0.264086 0.000000 13.579991 -0.318446 -4.103788 1.000000
aniFrame
  m_time 0.766000
  m_vertexTransformMat 0.063197 0.398150 -0.915141 0.000000 -0.605452 0.744251 0.281991 0.000000 0.793369 0.536253 0.288095 0.000000 13.094325 -0.770307 -3.459222 1.000000
aniFrame
  m_time 0.805000
  m_vertexTransformMat 0.112768 0.367489 -0.923166 0.000000 -0.616281 0.754661 0.225130 0.000000 0.779411 0.543543 0.311578 0.000000 12.464700 -0.831544 -2.607838 1.000000
aniFrame
  m_time 0.844000
  m_vertexTransformMat 0.165275 0.322823 -0.931917 0.000000 -0.634467 0.758230 0.150134 0.000000 0.755074 0.566457 0.330137 0.000000 11.698643 -0.595554 -1.728727 1.000000
aniFrame
  m_time 0.883000
  m_vertexTransformMat 0.219410 0.266177 -0.938621 0.000000 -0.653598 0.754368 0.061143 0.000000 0.724341 0.600065 0.339489 0.000000 10.820780 -0.098542 -0.998207 1.000000
aniFrame
  m_time 0.922000
  m_vertexTransformMat 0.274611 0.200464 -0.940427 0.000000 -0.669367 0.741995 -0.037294 0.000000 0.690317 0.639732 0.337944 0.000000 9.842344 0.619068 -0.566580 1.000000
aniFrame
  m_time 0.961000
  m_vertexTransformMat 0.330166 0.127122 -0.935323 0.000000 -0.674823 0.724631 -0.139725 0.000000 0.660002 0.677311 0.325034 0.000000 8.776611 1.474780 -0.509344 1.000000
aniFrame
  m_time 1.000000
  m_vertexTransformMat 0.383118 0.049476 -0.922374 0.000000 -0.669228 0.703145 -0.240254 0.000000 0.636675 0.709324 0.302498 0.000000 7.684312 2.437245 -0.795393 1.000000
aniFrame
  m_time 1.039000
  m_vertexTransformMat 0.430800 -0.029585 -0.901963 0.000000 -0.651619 0.681264 -0.333575 0.000000 0.624344 0.731440 0.274210 0.000000 6.671222 3.451885 -1.339062 1.000000
aniFrame
  m_time 1.078000
  m_vertexTransformMat 0.473212 -0.113083 -0.873660 0.000000 -0.618010 0.664132 -0.420704 0.000000 0.627801 0.739013 0.244389 0.000000 5.775498 4.552329 -2.077271 1.000000
aniFrame
  m_time 1.117000
  m_vertexTransformMat 0.516172 -0.231180 -0.824696 0.000000 -0.548210 0.650623 -0.525505 0.000000 0.658052 0.723357 0.209098 0.000000 4.901182 6.177046 -3.317858 1.000000
aniFrame
  m_time 1.156000
  m_vertexTransformMat 0.548101 -0.371773 -0.749247 0.000000 -0.450425 0.623605 -0.638932 0.000000 0.704772 0.687678 0.174343 0.000000 4.263225 8.182240 -5.062623 1.000000
aniFrame
  m_time 1.195000
  m_vertexTransformMat 0.559137 -0.494873 -0.665182 0.000000 -0.356254 0.581059 -0.731748 0.000000 0.748632 0.646120 0.148591 0.000000 4.087018 10.045320 -6.791502 1.000000
aniFrame
  m_time 1.234000
  m_vertexTransformMat 0.554309 -0.571046 -0.605515 0.000000 -0.297421 0.543574 -0.784900 0.000000 0.777356 0.615170 0.131467 0.000000 4.243906 11.428516 -7.896406 1.000000
aniFrame
  m_time 1.273000
  m_vertexTransformMat 0.544530 -0.581938 -0.604017 0.000000 -0.299038 0.538120 -0.788038 0.000000 0.783622 0.609734 0.119001 0.000000 4.408000 12.167092 -7.934435 1.000000
aniFrame
  m_time 1.312000
  m_vertexTransformMat 0.529809 -0.543155 -0.651372 0.000000 -0.354173 0.556155 -0.751833 0.000000 0.770626 0.629026 0.102285 0.000000 4.501651 12.461571 -7.199656 1.000000
aniFrame
  m_time 1.351000
  m_vertexTransformMat 0.504397 -0.478121 -0.719016 0.000000 -0.436273 0.577484 -0.690057 0.000000 0.745151 0.661750 0.082690 0.000000 4.605808 12.564405 -6.205505 1.000000
aniFrame
  m_time 1.390000
  m_vertexTransformMat 0.463489 -0.391228 -0.795059 0.000000 -0.535184 0.591518 -0.603063 0.000000 0.706226 0.705016 0.064783 0.000000 4.766406 12.499752 -5.159917 1.000000
aniFrame
  m_time 1.429000
  m_vertexTransformMat 0.405004 -0.290392 -0.866974 0.000000 -0.637971 0.589491 -0.495475 0.000000 0.654955 0.753773 0.053485 0.000000 5.024596 12.284771 -4.233010 1.000000
aniFrame
  m_time 1.468000
  m_vertexTransformMat 0.329593 -0.184585 -0.925904 0.000000 -0.732644 0.568551 -0.374143 0.000000 0.595484 0.801672 0.052156 0.000000 5.430218 11.946745 -3.471412 1.000000
aniFrame
  m_time 1.507000
  m_vertexTransformMat 0.242166 -0.083303 -0.966653 0.000000 -0.809430 0.531987 -0.248623 0.000000 0.534958 0.842645 0.061401 0.000000 6.011198 11.527604 -2.922466 1.000000
aniFrame
  m_time 1.546000
  m_vertexTransformMat 0.151472 0.006034 -0.988443 0.000000 -0.862320 0.489615 -0.129156 0.000000 0.483177 0.871918 0.079366 0.000000 6.770431 11.048844 -2.604171 1.000000
aniFrame
  m_time 1.585000
  m_vertexTransformMat 0.069290 0.078370 -0.994514 0.000000 -0.890369 0.454483 -0.026220 0.000000 0.449935 0.887301 0.101269 0.000000 7.661956 10.529828 -2.497846 1.000000
aniFrame
  m_time 1.624000
  m_vertexTransformMat 0.000958 0.142965 -0.989727 0.000000 -0.888174 0.454909 0.064852 0.000000 0.459507 0.878987 0.127414 0.000000 8.995667 9.599136 -2.635150 1.000000
aniFrame
  m_time 1.663000
  m_vertexTransformMat -0.049199 0.219201 -0.974439 0.000000 -0.845550 0.510152 0.157450 0.000000 0.531625 0.831683 0.160246 0.000000 10.987701 7.674802 -3.129840 1.000000
aniFrame
  m_time 1.702000
  m_vertexTransformMat -0.065819 0.301736 -0.951117 0.000000 -0.770316 0.590512 0.240644 0.000000 0.634257 0.748499 0.193565 0.000000 12.800971 4.978238 -3.798018 1.000000
aniFrame
  m_time 1.741000
  m_vertexTransformMat -0.044162 0.372132 -0.927129 0.000000 -0.684593 0.664612 0.299372 0.000000 0.727587 0.647926 0.225408 0.000000 13.699509 2.150317 -4.252138 1.000000
aniFrame
  m_time 1.780000
  m_vertexTransformMat 0.000511 0.409331 -0.912386 0.000000 -0.621813 0.714679 0.320284 0.000000 0.783165 0.567170 0.254893 0.000000 13.701152 0.083409 -4.233911 1.000000
aniFrame
  m_time 1.819000
  m_vertexTransformMat 0.046991 0.405285 -0.912982 0.000000 -0.603332 0.739953 0.297422 0.000000 0.796104 0.536855 0.279293 0.000000 13.282539 -0.689316 -3.722909 1.000000
aniFrame
  m_time 1.858000
  m_vertexTransformMat 0.094814 0.376149 -0.921696 0.000000 -0.606846 0.755788 0.246015 0.000000 0.789144 0.536001 0.299924 0.000000 12.695411 -0.776828 -2.928774 1.000000
aniFrame
  m_time 1.897000
  m_vertexTransformMat 0.146031 0.331080 -0.932235 0.000000 -0.617291 0.766876 0.175657 0.000000 0.773064 0.549808 0.316360 0.000000 11.979900 -0.515461 -2.065974 1.000000
aniFrame
  m_time 1.936000
  m_vertexTransformMat 0.199291 0.272918 -0.941169 0.000000 -0.630537 0.770919 0.090034 0.000000 0.750137 0.575499 0.325722 0.000000 11.158416 0.044340 -1.300713 1.000000
aniFrame
  m_time 1.975000
  m_vertexTransformMat 0.253796 0.205265 -0.945227 0.000000 -0.642826 0.765987 -0.006259 0.000000 0.722747 0.609205 0.326354 0.000000 10.250997 0.821265 -0.783472 1.000000
aniFrame
  m_time 2.014000
  m_vertexTransformMat 0.308549 0.132039 -0.942000 0.000000 -0.650818 0.751537 -0.107831 0.000000 0.693710 0.646342 0.317820 0.000000 9.237690 1.716415 -0.626246 1.000000
aniFrame
  m_time 2.053000
  m_vertexTransformMat 0.362485 0.056872 -0.930253 0.000000 -0.651448 0.729264 -0.209260 0.000000 0.666499 0.681865 0.301396 0.000000 8.148549 2.622540 -0.809210 1.000000
aniFrame
  m_time 2.092000
  m_vertexTransformMat 0.412973 -0.015518 -0.910611 0.000000 -0.645231 0.700657 -0.304560 0.000000 0.642752 0.713330 0.279339 0.000000 7.067032 3.457016 -1.240532 1.000000
aniFrame
  m_time 2.131000
  m_vertexTransformMat 0.458126 -0.080945 -0.885194 0.000000 -0.632344 0.670200 -0.388551 0.000000 0.624709 0.737753 0.255851 0.000000 6.091212 4.125343 -1.779812 1.000000
aniFrame
  m_time 2.133000
  m_vertexTransformMat 0.460211 -0.084737 -0.883757 0.000000 -0.631610 0.668304 -0.392986 0.000000 0.623919 0.739046 0.254040 0.000000 6.045797 4.170444 -1.813537 1.000000
