m_aniFrameList.size 202
aniFrame
  m_time -1.066000
  m_vertexTransformMat 0.460211 -0.084737 -0.883757 0.000000 -0.631610 0.668304 -0.392986 0.000000 0.623919 0.739046 0.254041 0.000000 6.045798 4.170443 -1.813536 1.000000
aniFrame
  m_time -1.050000
  m_vertexTransformMat 0.476423 -0.133894 -0.868961 0.000000 -0.602225 0.670389 -0.433478 0.000000 0.640583 0.729829 0.238755 0.000000 5.721572 4.930915 -2.265867 1.000000
aniFrame
  m_time -1.034000
  m_vertexTransformMat 0.492081 -0.184874 -0.850693 0.000000 -0.570786 0.669315 -0.475627 0.000000 0.657311 0.719611 0.223834 0.000000 5.408499 5.713228 -2.775889 1.000000
aniFrame
  m_time -1.018000
  m_vertexTransformMat 0.508176 -0.241459 -0.826713 0.000000 -0.534089 0.664687 -0.522437 0.000000 0.675652 0.707029 0.208817 0.000000 5.089820 6.544578 -3.390332 1.000000
aniFrame
  m_time -1.002000
  m_vertexTransformMat 0.522806 -0.299849 -0.797975 0.000000 -0.494647 0.655673 -0.570454 0.000000 0.694260 0.692953 0.194470 0.000000 4.797498 7.387884 -4.079884 1.000000
aniFrame
  m_time -0.986000
  m_vertexTransformMat 0.534867 -0.356948 -0.765837 0.000000 -0.454699 0.642349 -0.616958 0.000000 0.712156 0.678216 0.181267 0.000000 4.558035 8.207005 -4.805282 1.000000
aniFrame
  m_time -0.970000
  m_vertexTransformMat 0.544154 -0.411589 -0.731089 0.000000 -0.415036 0.625248 -0.660916 0.000000 0.729137 0.663069 0.169407 0.000000 4.373763 8.988502 -5.550593 1.000000
aniFrame
  m_time -0.954000
  m_vertexTransformMat 0.550181 -0.460639 -0.696500 0.000000 -0.378678 0.605762 -0.699754 0.000000 0.744247 0.648741 0.158844 0.000000 4.264543 9.702997 -6.253618 1.000000
aniFrame
  m_time -0.938000
  m_vertexTransformMat 0.553694 -0.503971 -0.662900 0.000000 -0.345606 0.585188 -0.733562 0.000000 0.757614 0.635271 0.149839 0.000000 4.217155 10.346727 -6.899494 1.000000
aniFrame
  m_time -0.922000
  m_vertexTransformMat 0.554280 -0.538444 -0.634706 0.000000 -0.320107 0.566011 -0.759713 0.000000 0.768313 0.624268 0.141369 0.000000 4.219629 10.900022 -7.426665 1.000000
aniFrame
  m_time -0.906000
  m_vertexTransformMat 0.553685 -0.565023 -0.611704 0.000000 -0.300433 0.549565 -0.779564 0.000000 0.776642 0.615409 0.134534 0.000000 4.260600 11.368482 -7.820666 1.000000
aniFrame
  m_time -0.890000
  m_vertexTransformMat 0.551091 -0.580299 -0.599626 0.000000 -0.290994 0.539834 -0.789875 0.000000 0.782062 0.609780 0.128634 0.000000 4.315143 11.727814 -8.027047 1.000000
aniFrame
  m_time -0.874000
  m_vertexTransformMat 0.547801 -0.585078 -0.597996 0.000000 -0.292216 0.535954 -0.792063 0.000000 0.783916 0.608636 0.122627 0.000000 4.362580 11.998644 -8.053134 1.000000
aniFrame
  m_time -0.858000
  m_vertexTransformMat 0.544081 -0.580907 -0.605412 0.000000 -0.300762 0.538576 -0.787070 0.000000 0.783275 0.610314 0.118314 0.000000 4.413294 12.195476 -7.918898 1.000000
aniFrame
  m_time -0.842000
  m_vertexTransformMat 0.538252 -0.567593 -0.622995 0.000000 -0.320662 0.545691 -0.774208 0.000000 0.779397 0.616490 0.111714 0.000000 4.453746 12.326601 -7.643297 1.000000
aniFrame
  m_time -0.826000
  m_vertexTransformMat 0.532418 -0.550517 -0.643010 0.000000 -0.344428 0.553008 -0.758651 0.000000 0.773240 0.625390 0.104818 0.000000 4.488191 12.429968 -7.327776 1.000000
aniFrame
  m_time -0.810000
  m_vertexTransformMat 0.524083 -0.528013 -0.668236 0.000000 -0.373928 0.562295 -0.737565 0.000000 0.765190 0.636417 0.097251 0.000000 4.526456 12.503618 -6.946489 1.000000
aniFrame
  m_time -0.794000
  m_vertexTransformMat 0.513840 -0.501967 -0.695700 0.000000 -0.407394 0.570896 -0.712817 0.000000 0.754982 0.649698 0.088851 0.000000 4.568086 12.548916 -6.545200 1.000000
aniFrame
  m_time -0.778000
  m_vertexTransformMat 0.501556 -0.471375 -0.725429 0.000000 -0.444270 0.579176 -0.683505 0.000000 0.742339 0.665102 0.081072 0.000000 4.617015 12.565128 -6.113560 1.000000
aniFrame
  m_time -0.762000
  m_vertexTransformMat 0.485987 -0.437278 -0.756706 0.000000 -0.484101 0.586181 -0.649645 0.000000 0.727642 0.682041 0.073189 0.000000 4.677415 12.550455 -5.678019 1.000000
aniFrame
  m_time -0.746000
  m_vertexTransformMat 0.467991 -0.400157 -0.787947 0.000000 -0.525558 0.590786 -0.612177 0.000000 0.710474 0.700605 0.066177 0.000000 4.748253 12.512660 -5.255370 1.000000
aniFrame
  m_time -0.730000
  m_vertexTransformMat 0.446982 -0.360400 -0.818730 0.000000 -0.567717 0.593019 -0.570987 0.000000 0.691306 0.720028 0.060464 0.000000 4.834581 12.442869 -4.846157 1.000000
aniFrame
  m_time -0.714000
  m_vertexTransformMat 0.422733 -0.318940 -0.848277 0.000000 -0.610175 0.591906 -0.526624 0.000000 0.670062 0.740219 0.055609 0.000000 4.941505 12.357461 -4.471024 1.000000
aniFrame
  m_time -0.698000
  m_vertexTransformMat 0.395666 -0.275906 -0.875971 0.000000 -0.651555 0.587871 -0.479463 0.000000 0.647244 0.760450 0.052833 0.000000 5.069724 12.240897 -4.115412 1.000000
aniFrame
  m_time -0.682000
  m_vertexTransformMat 0.365670 -0.232546 -0.901226 0.000000 -0.691432 0.580322 -0.430288 0.000000 0.623063 0.780480 0.051417 0.000000 5.224206 12.112781 -3.792500 1.000000
aniFrame
  m_time -0.666000
  m_vertexTransformMat 0.333091 -0.189124 -0.923733 0.000000 -0.728934 0.569766 -0.379501 0.000000 0.598084 0.799749 0.051925 0.000000 5.409623 11.964767 -3.500932 1.000000
aniFrame
  m_time -0.650000
  m_vertexTransformMat 0.298837 -0.146255 -0.943030 0.000000 -0.763240 0.556563 -0.328181 0.000000 0.572853 0.817831 0.054694 0.000000 5.613997 11.798019 -3.239213 1.000000
aniFrame
  m_time -0.634000
  m_vertexTransformMat 0.262398 -0.105145 -0.959215 0.000000 -0.794295 0.540926 -0.276577 0.000000 0.547945 0.834472 0.058421 0.000000 5.861894 11.631273 -3.026078 1.000000
aniFrame
  m_time -0.618000
  m_vertexTransformMat 0.225243 -0.065251 -0.972116 0.000000 -0.821276 0.524089 -0.225470 0.000000 0.524188 0.849160 0.064458 0.000000 6.135739 11.438781 -2.841798 1.000000
aniFrame
  m_time -0.602000
  m_vertexTransformMat 0.188078 -0.028181 -0.981750 0.000000 -0.844090 0.506410 -0.176242 0.000000 0.502134 0.861833 0.071457 0.000000 6.433453 11.251804 -2.702992 1.000000
aniFrame
  m_time -0.586000
  m_vertexTransformMat 0.150714 0.006743 -0.988555 0.000000 -0.862664 0.489266 -0.128184 0.000000 0.482801 0.872109 0.079556 0.000000 6.777591 11.044274 -2.602296 1.000000
aniFrame
  m_time -0.570000
  m_vertexTransformMat 0.115519 0.038873 -0.992544 0.000000 -0.876878 0.473403 -0.083516 0.000000 0.466626 0.879988 0.088773 0.000000 7.128919 10.828959 -2.533573 1.000000
aniFrame
  m_time -0.554000
  m_vertexTransformMat 0.082333 0.067167 -0.994339 0.000000 -0.887150 0.459528 -0.042417 0.000000 0.454077 0.885620 0.097421 0.000000 7.502778 10.623337 -2.504651 1.000000
aniFrame
  m_time -0.538000
  m_vertexTransformMat 0.051698 0.093777 -0.994250 0.000000 -0.893296 0.449450 -0.004057 0.000000 0.446485 0.888370 0.107007 0.000000 7.910312 10.374481 -2.499734 1.000000
aniFrame
  m_time -0.522000
  m_vertexTransformMat 0.023198 0.119956 -0.992508 0.000000 -0.893086 0.448649 0.033351 0.000000 0.449288 0.885621 0.117539 0.000000 8.447411 10.013104 -2.551265 1.000000
aniFrame
  m_time -0.506000
  m_vertexTransformMat -0.002634 0.147037 -0.989128 0.000000 -0.886872 0.456644 0.070244 0.000000 0.462007 0.877415 0.129200 0.000000 9.097423 9.516837 -2.653463 1.000000
aniFrame
  m_time -0.490000
  m_vertexTransformMat -0.025595 0.176759 -0.983922 0.000000 -0.873601 0.474514 0.107970 0.000000 0.485969 0.862318 0.142272 0.000000 9.870635 8.836701 -2.819931 1.000000
aniFrame
  m_time -0.474000
  m_vertexTransformMat -0.044672 0.209495 -0.976789 0.000000 -0.852660 0.501491 0.146551 0.000000 0.520553 0.839416 0.156225 0.000000 10.739401 7.954458 -3.054941 1.000000
aniFrame
  m_time -0.458000
  m_vertexTransformMat -0.057987 0.242975 -0.968298 0.000000 -0.826626 0.532154 0.183036 0.000000 0.559757 0.811034 0.169991 0.000000 11.566254 6.958242 -3.317819 1.000000
aniFrame
  m_time -0.442000
  m_vertexTransformMat -0.064954 0.277637 -0.958488 0.000000 -0.794943 0.566211 0.217880 0.000000 0.603198 0.776095 0.183928 0.000000 12.336029 5.824071 -3.604147 1.000000
aniFrame
  m_time -0.426000
  m_vertexTransformMat -0.065194 0.310486 -0.948340 0.000000 -0.760861 0.599424 0.248557 0.000000 0.645631 0.737759 0.197158 0.000000 12.950338 4.658569 -3.864172 1.000000
aniFrame
  m_time -0.410000
  m_vertexTransformMat -0.058601 0.341720 -0.937974 0.000000 -0.724639 0.631702 0.275412 0.000000 0.686633 0.695831 0.210605 0.000000 13.399010 3.453901 -4.082335 1.000000
aniFrame
  m_time -0.394000
  m_vertexTransformMat -0.046656 0.368156 -0.928593 0.000000 -0.690136 0.660189 0.296418 0.000000 0.722174 0.654685 0.223276 0.000000 13.671440 2.330196 -4.235017 1.000000
aniFrame
  m_time -0.378000
  m_vertexTransformMat -0.029910 0.389951 -0.920350 0.000000 -0.658204 0.685265 0.311737 0.000000 0.752245 0.615102 0.236171 0.000000 13.774264 1.293243 -4.302784 1.000000
aniFrame
  m_time -0.362000
  m_vertexTransformMat -0.011124 0.404468 -0.914485 0.000000 -0.632820 0.705251 0.319624 0.000000 0.774219 0.582260 0.248110 0.000000 13.756730 0.460445 -4.288284 1.000000
aniFrame
  m_time -0.346000
  m_vertexTransformMat 0.008237 0.411075 -0.911564 0.000000 -0.616014 0.720166 0.319197 0.000000 0.787692 0.558907 0.259160 0.000000 13.649515 -0.119093 -4.180515 1.000000
aniFrame
  m_time -0.330000
  m_vertexTransformMat 0.027609 0.411686 -0.910908 0.000000 -0.606178 0.731482 0.312222 0.000000 0.794849 0.543552 0.269751 0.000000 13.488824 -0.509367 -3.995449 1.000000
aniFrame
  m_time -0.314000
  m_vertexTransformMat 0.046298 0.406173 -0.912623 0.000000 -0.603995 0.739064 0.298288 0.000000 0.795642 0.537409 0.279543 0.000000 13.292533 -0.692209 -3.733502 1.000000
aniFrame
  m_time -0.298000
  m_vertexTransformMat 0.065225 0.397159 -0.915429 0.000000 -0.605637 0.744851 0.280002 0.000000 0.793063 0.536155 0.289118 0.000000 13.070289 -0.780033 -3.426377 1.000000
aniFrame
  m_time -0.282000
  m_vertexTransformMat 0.085380 0.386089 -0.918502 0.000000 -0.609081 0.749781 0.258550 0.000000 0.788499 0.537367 0.299176 0.000000 12.825193 -0.836405 -3.085730 1.000000
aniFrame
  m_time -0.266000
  m_vertexTransformMat 0.105831 0.372515 -0.921972 0.000000 -0.614258 0.753617 0.233983 0.000000 0.781976 0.541566 0.308576 0.000000 12.558863 -0.840551 -2.728547 1.000000
aniFrame
  m_time -0.250000
  m_vertexTransformMat 0.127197 0.356598 -0.925559 0.000000 -0.621067 0.756202 0.205996 0.000000 0.773367 0.548632 0.317658 0.000000 12.265558 -0.792425 -2.357773 1.000000
aniFrame
  m_time -0.234000
  m_vertexTransformMat 0.148586 0.338392 -0.929200 0.000000 -0.628666 0.757640 0.175386 0.000000 0.763349 0.558096 0.325310 0.000000 11.952960 -0.696584 -1.994978 1.000000
aniFrame
  m_time -0.218000
  m_vertexTransformMat 0.170489 0.317923 -0.932662 0.000000 -0.636310 0.758224 0.142145 0.000000 0.752358 0.569228 0.331567 0.000000 11.618973 -0.558925 -1.649136 1.000000
aniFrame
  m_time -0.202000
  m_vertexTransformMat 0.192927 0.295735 -0.935585 0.000000 -0.644809 0.756917 0.106293 0.000000 0.739595 0.582767 0.336722 0.000000 11.263319 -0.371094 -1.324525 1.000000
aniFrame
  m_time -0.186000
  m_vertexTransformMat 0.214593 0.271559 -0.938193 0.000000 -0.652215 0.754859 0.069312 0.000000 0.727026 0.597029 0.339102 0.000000 10.900461 -0.149873 -1.051998 1.000000
aniFrame
  m_time -0.170000
  m_vertexTransformMat 0.238036 0.245663 -0.939675 0.000000 -0.659312 0.751294 0.029399 0.000000 0.713194 0.612541 0.340803 0.000000 10.508527 0.112422 -0.810825 1.000000
aniFrame
  m_time -0.154000
  m_vertexTransformMat 0.259925 0.219209 -0.940418 0.000000 -0.666538 0.745397 -0.010477 0.000000 0.698689 0.629548 0.339858 0.000000 10.111026 0.411690 -0.643095 1.000000
aniFrame
  m_time -0.138000
  m_vertexTransformMat 0.283089 0.190034 -0.940079 0.000000 -0.670510 0.740054 -0.052314 0.000000 0.685768 0.645141 0.336921 0.000000 9.689292 0.733237 -0.532314 1.000000
aniFrame
  m_time -0.122000
  m_vertexTransformMat 0.306449 0.160742 -0.938217 0.000000 -0.673440 0.733197 -0.094349 0.000000 0.672732 0.660746 0.332937 0.000000 9.254723 1.067144 -0.481482 1.000000
aniFrame
  m_time -0.106000
  m_vertexTransformMat 0.328284 0.129734 -0.935627 0.000000 -0.674818 0.725307 -0.136203 0.000000 0.660946 0.676092 0.325654 0.000000 8.814879 1.443025 -0.505419 1.000000
aniFrame
  m_time -0.090000
  m_vertexTransformMat 0.351118 0.098572 -0.931128 0.000000 -0.673909 0.716997 -0.178220 0.000000 0.650048 0.690072 0.318179 0.000000 8.354978 1.818530 -0.574111 1.000000
aniFrame
  m_time -0.074000
  m_vertexTransformMat 0.371896 0.066500 -0.925890 0.000000 -0.671544 0.707895 -0.218892 0.000000 0.640877 0.703180 0.307921 0.000000 7.921186 2.220372 -0.711155 1.000000
aniFrame
  m_time -0.058000
  m_vertexTransformMat 0.393453 0.034035 -0.918715 0.000000 -0.666528 0.698834 -0.259561 0.000000 0.633195 0.714474 0.297643 0.000000 7.466294 2.631018 -0.881537 1.000000
aniFrame
  m_time -0.042000
  m_vertexTransformMat 0.413002 0.001741 -0.910729 0.000000 -0.659923 0.689732 -0.297947 0.000000 0.627640 0.724063 0.286009 0.000000 7.050630 3.040935 -1.102698 1.000000
aniFrame
  m_time -0.026000
  m_vertexTransformMat 0.431544 -0.030877 -0.901564 0.000000 -0.651240 0.680906 -0.335043 0.000000 0.624225 0.731720 0.273733 0.000000 6.655257 3.468628 -1.349303 1.000000
aniFrame
  m_time -0.010000
  m_vertexTransformMat 0.448701 -0.061562 -0.891559 0.000000 -0.641092 0.672874 -0.369108 0.000000 0.622630 0.737191 0.262452 0.000000 6.287744 3.863280 -1.607391 1.000000
aniFrame
  m_time 0.005000
  m_vertexTransformMat 0.466149 -0.097534 -0.879313 0.000000 -0.625729 0.666283 -0.405622 0.000000 0.625434 0.739293 0.249558 0.000000 5.922289 4.343380 -1.930519 1.000000
aniFrame
  m_time 0.021000
  m_vertexTransformMat 0.483961 -0.138144 -0.864117 0.000000 -0.604553 0.661155 -0.444286 0.000000 0.632691 0.737421 0.236458 0.000000 5.553208 4.889614 -2.322856 1.000000
aniFrame
  m_time 0.037000
  m_vertexTransformMat 0.501486 -0.185548 -0.845035 0.000000 -0.577161 0.655877 -0.486529 0.000000 0.644514 0.731709 0.221822 0.000000 5.196337 5.542065 -2.812164 1.000000
aniFrame
  m_time 0.053000
  m_vertexTransformMat 0.518973 -0.240675 -0.820209 0.000000 -0.541949 0.649393 -0.533461 0.000000 0.661029 0.721363 0.206584 0.000000 4.844778 6.309803 -3.427226 1.000000
aniFrame
  m_time 0.069000
  m_vertexTransformMat 0.533545 -0.297928 -0.791561 0.000000 -0.503503 0.640103 -0.580305 0.000000 0.679569 0.708172 0.191515 0.000000 4.549958 7.121148 -4.112079 1.000000
aniFrame
  m_time 0.085000
  m_vertexTransformMat 0.545487 -0.356247 -0.758639 0.000000 -0.461868 0.627547 -0.626788 0.000000 0.699373 0.692295 0.177780 0.000000 4.314782 7.957219 -4.856016 1.000000
aniFrame
  m_time 0.101000
  m_vertexTransformMat 0.553214 -0.411425 -0.724352 0.000000 -0.421186 0.612058 -0.669319 0.000000 0.718719 0.675363 0.165312 0.000000 4.160354 8.768216 -5.604704 1.000000
aniFrame
  m_time 0.117000
  m_vertexTransformMat 0.557968 -0.462611 -0.688958 0.000000 -0.381650 0.594155 -0.708042 0.000000 0.736895 0.658006 0.154964 0.000000 4.092607 9.539719 -6.322424 1.000000
aniFrame
  m_time 0.133000
  m_vertexTransformMat 0.558913 -0.506550 -0.656524 0.000000 -0.347368 0.575891 -0.740058 0.000000 0.752962 0.641683 0.145913 0.000000 4.092689 10.237593 -6.965733 1.000000
aniFrame
  m_time 0.149000
  m_vertexTransformMat 0.557225 -0.542016 -0.629061 0.000000 -0.320532 0.558454 -0.765108 0.000000 0.766002 0.627971 0.137451 0.000000 4.145047 10.852938 -7.491323 1.000000
aniFrame
  m_time 0.165000
  m_vertexTransformMat 0.554821 -0.568317 -0.607610 0.000000 -0.299524 0.544909 -0.783173 0.000000 0.776183 0.616514 0.132103 0.000000 4.231043 11.365846 -7.860236 1.000000
aniFrame
  m_time 0.181000
  m_vertexTransformMat 0.550458 -0.581748 -0.598804 0.000000 -0.291955 0.537826 -0.790890 0.000000 0.782151 0.610175 0.126206 0.000000 4.310538 11.751102 -8.028032 1.000000
aniFrame
  m_time 0.197000
  m_vertexTransformMat 0.546750 -0.584592 -0.599431 0.000000 -0.294329 0.536034 -0.791226 0.000000 0.783859 0.609032 0.121014 0.000000 4.371649 12.042082 -8.018923 1.000000
aniFrame
  m_time 0.213000
  m_vertexTransformMat 0.542387 -0.577495 -0.610177 0.000000 -0.305736 0.540811 -0.783613 0.000000 0.782523 0.611574 0.116768 0.000000 4.428444 12.235908 -7.835543 1.000000
aniFrame
  m_time 0.229000
  m_vertexTransformMat 0.536293 -0.562238 -0.629507 0.000000 -0.328374 0.548086 -0.769268 0.000000 0.777535 0.619266 0.109311 0.000000 4.465007 12.361572 -7.540737 1.000000
aniFrame
  m_time 0.245000
  m_vertexTransformMat 0.529972 -0.543610 -0.650859 0.000000 -0.353577 0.555962 -0.752256 0.000000 0.770787 0.628803 0.102436 0.000000 4.500875 12.459945 -7.207486 1.000000
aniFrame
  m_time 0.261000
  m_vertexTransformMat 0.520674 -0.519634 -0.677406 0.000000 -0.384912 0.565353 -0.729534 0.000000 0.762064 0.640591 0.094351 0.000000 4.540528 12.521822 -6.812985 1.000000
aniFrame
  m_time 0.277000
  m_vertexTransformMat 0.510112 -0.492309 -0.705279 0.000000 -0.419237 0.573668 -0.703666 0.000000 0.751016 0.654628 0.086240 0.000000 4.583068 12.557865 -6.404850 1.000000
aniFrame
  m_time 0.293000
  m_vertexTransformMat 0.496696 -0.460276 -0.735826 0.000000 -0.457329 0.581761 -0.672610 0.000000 0.737661 0.670597 0.078460 0.000000 4.636050 12.563399 -5.966339 1.000000
aniFrame
  m_time 0.309000
  m_vertexTransformMat 0.480255 -0.425270 -0.767138 0.000000 -0.497781 0.587972 -0.637576 0.000000 0.722197 0.688066 0.070684 0.000000 4.699693 12.540700 -5.536234 1.000000
aniFrame
  m_time 0.325000
  m_vertexTransformMat 0.461388 -0.387127 -0.798282 0.000000 -0.539568 0.591810 -0.598855 0.000000 0.704264 0.707032 0.064172 0.000000 4.774942 12.493267 -5.116767 1.000000
aniFrame
  m_time 0.341000
  m_vertexTransformMat 0.439216 -0.346770 -0.828758 0.000000 -0.581885 0.593038 -0.556521 0.000000 0.684469 0.726675 0.058692 0.000000 4.867885 12.415829 -4.717335 1.000000
aniFrame
  m_time 0.357000
  m_vertexTransformMat 0.414025 -0.304747 -0.857737 0.000000 -0.624164 0.590842 -0.511201 0.000000 0.662574 0.747018 0.054411 0.000000 4.981855 12.323451 -4.351405 1.000000
aniFrame
  m_time 0.373000
  m_vertexTransformMat 0.385994 -0.261425 -0.884684 0.000000 -0.665007 0.585802 -0.463252 0.000000 0.639355 0.767134 0.052266 0.000000 5.117775 12.197439 -4.002554 1.000000
aniFrame
  m_time 0.389000
  m_vertexTransformMat 0.355055 -0.218106 -0.909047 0.000000 -0.704279 0.577050 -0.413528 0.000000 0.614758 0.787048 0.051277 0.000000 5.282805 12.067999 -3.693234 1.000000
aniFrame
  m_time 0.405000
  m_vertexTransformMat 0.321857 -0.174647 -0.930541 0.000000 -0.740694 0.565737 -0.362372 0.000000 0.589729 0.805878 0.052726 0.000000 5.475572 11.907614 -3.408157 1.000000
aniFrame
  m_time 0.421000
  m_vertexTransformMat 0.286953 -0.132380 -0.948754 0.000000 -0.773994 0.551526 -0.311051 0.000000 0.564439 0.823587 0.055801 0.000000 5.690246 11.744384 -3.163422 1.000000
aniFrame
  m_time 0.437000
  m_vertexTransformMat 0.249905 -0.091667 -0.963922 0.000000 -0.803756 0.535479 -0.259304 0.000000 0.539929 0.839559 0.060141 0.000000 5.954489 11.568128 -2.961657 1.000000
aniFrame
  m_time 0.453000
  m_vertexTransformMat 0.212942 -0.052526 -0.975652 0.000000 -0.829346 0.518212 -0.208909 0.000000 0.516567 0.853638 0.066787 0.000000 6.229090 11.375745 -2.789484 1.000000
aniFrame
  m_time 0.469000
  m_vertexTransformMat 0.175444 -0.016425 -0.984353 0.000000 -0.850750 0.500629 -0.159985 0.000000 0.495423 0.865507 0.073859 0.000000 6.547707 11.186770 -2.667592 1.000000
aniFrame
  m_time 0.485000
  m_vertexTransformMat 0.138740 0.017900 -0.990167 0.000000 -0.867895 0.483757 -0.112863 0.000000 0.476980 0.875019 0.082652 0.000000 6.892442 10.971297 -2.574396 1.000000
aniFrame
  m_time 0.501000
  m_vertexTransformMat 0.104175 0.048617 -0.993370 0.000000 -0.880632 0.468689 -0.069414 0.000000 0.462206 0.882025 0.091639 0.000000 7.254665 10.760024 -2.521960 1.000000
aniFrame
  m_time 0.517000
  m_vertexTransformMat 0.071864 0.076146 -0.994504 0.000000 -0.889792 0.455418 -0.029428 0.000000 0.450674 0.887016 0.100482 0.000000 7.629305 10.549439 -2.498807 1.000000
aniFrame
  m_time 0.533000
  m_vertexTransformMat 0.041937 0.102513 -0.993848 0.000000 -0.893931 0.448125 0.008502 0.000000 0.446239 0.888074 0.110433 0.000000 8.074600 10.267522 -2.510446 1.000000
aniFrame
  m_time 0.549000
  m_vertexTransformMat 0.014279 0.128794 -0.991569 0.000000 -0.891701 0.450317 0.045650 0.000000 0.452399 0.883531 0.121276 0.000000 8.651748 9.864614 -2.579523 1.000000
aniFrame
  m_time 0.565000
  m_vertexTransformMat -0.010611 0.156544 -0.987614 0.000000 -0.883351 0.461372 0.082621 0.000000 0.468591 0.873287 0.133387 0.000000 9.339031 9.314675 -2.700349 1.000000
aniFrame
  m_time 0.581000
  m_vertexTransformMat -0.032495 0.187463 -0.981734 0.000000 -0.867347 0.482797 0.120899 0.000000 0.496642 0.855432 0.146907 0.000000 10.157210 8.560305 -2.892507 1.000000
aniFrame
  m_time 0.597000
  m_vertexTransformMat -0.049802 0.220583 -0.974096 0.000000 -0.844510 0.511398 0.158982 0.000000 0.533219 0.830551 0.160816 0.000000 11.022480 7.634434 -3.140578 1.000000
aniFrame
  m_time 0.613000
  m_vertexTransformMat -0.061045 0.254527 -0.965137 0.000000 -0.816578 0.543324 0.194934 0.000000 0.573998 0.800010 0.174674 0.000000 11.833676 6.591314 -3.412435 1.000000
aniFrame
  m_time 0.629000
  m_vertexTransformMat -0.065788 0.288877 -0.955103 0.000000 -0.783713 0.577505 0.228653 0.000000 0.617630 0.763569 0.188404 0.000000 12.561625 5.435441 -3.696282 1.000000
aniFrame
  m_time 0.645000
  m_vertexTransformMat -0.063711 0.321191 -0.944869 0.000000 -0.748904 0.610397 0.257991 0.000000 0.659609 0.724053 0.201652 0.000000 13.118645 4.257455 -3.942072 1.000000
aniFrame
  m_time 0.661000
  m_vertexTransformMat -0.055126 0.351204 -0.934675 0.000000 -0.712740 0.641731 0.283167 0.000000 0.699259 0.681790 0.214941 0.000000 13.509671 3.064447 -4.142263 1.000000
aniFrame
  m_time 0.677000
  m_vertexTransformMat -0.041528 0.375996 -0.925690 0.000000 -0.679104 0.668957 0.302182 0.000000 0.732866 0.641189 0.227560 0.000000 13.722889 1.972195 -4.266896 1.000000
aniFrame
  m_time 0.693000
  m_vertexTransformMat -0.023696 0.395769 -0.918045 0.000000 -0.648751 0.692598 0.315324 0.000000 0.760632 0.603054 0.240344 0.000000 13.778653 0.985082 -4.307134 1.000000
aniFrame
  m_time 0.709000
  m_vertexTransformMat -0.004730 0.407440 -0.913220 0.000000 -0.626347 0.710691 0.320324 0.000000 0.779530 0.573507 0.251837 0.000000 13.729781 0.242597 -4.262601 1.000000
aniFrame
  m_time 0.725000
  m_vertexTransformMat 0.014737 0.411872 -0.911123 0.000000 -0.612031 0.724293 0.317517 0.000000 0.790696 0.552956 0.262753 0.000000 13.599801 -0.267624 -4.126151 1.000000
aniFrame
  m_time 0.741000
  m_vertexTransformMat 0.033902 0.410495 -0.911233 0.000000 -0.604642 0.734395 0.308337 0.000000 0.795775 0.540516 0.273100 0.000000 13.427229 -0.592315 -3.916357 1.000000
aniFrame
  m_time 0.757000
  m_vertexTransformMat 0.052505 0.403356 -0.913536 0.000000 -0.604418 0.741045 0.292457 0.000000 0.794935 0.536802 0.282704 0.000000 13.220686 -0.722987 -3.633709 1.000000
aniFrame
  m_time 0.773000
  m_vertexTransformMat 0.071834 0.393777 -0.916395 0.000000 -0.606481 0.746652 0.273297 0.000000 0.791846 0.536144 0.292454 0.000000 12.991344 -0.805969 -3.317188 1.000000
aniFrame
  m_time 0.789000
  m_vertexTransformMat 0.092215 0.381817 -0.919627 0.000000 -0.610697 0.751154 0.250632 0.000000 0.786477 0.538501 0.302442 0.000000 12.738520 -0.842525 -2.966644 1.000000
aniFrame
  m_time 0.805000
  m_vertexTransformMat 0.112768 0.367489 -0.923166 0.000000 -0.616281 0.754661 0.225130 0.000000 0.779411 0.543543 0.311578 0.000000 12.464700 -0.831544 -2.607838 1.000000
aniFrame
  m_time 0.821000
  m_vertexTransformMat 0.134444 0.350759 -0.926765 0.000000 -0.623625 0.756767 0.195951 0.000000 0.770076 0.551609 0.320485 0.000000 12.162462 -0.764429 -2.233312 1.000000
aniFrame
  m_time 0.837000
  m_vertexTransformMat 0.155578 0.331860 -0.930411 0.000000 -0.631099 0.757987 0.164831 0.000000 0.759940 0.561538 0.327362 0.000000 11.846061 -0.657253 -1.881069 1.000000
aniFrame
  m_time 0.853000
  m_vertexTransformMat 0.178106 0.310644 -0.933691 0.000000 -0.639081 0.758024 0.130291 0.000000 0.748234 0.573498 0.333535 0.000000 11.501158 -0.500885 -1.535576 1.000000
aniFrame
  m_time 0.869000
  m_vertexTransformMat 0.199947 0.288100 -0.936493 0.000000 -0.647577 0.756136 0.094353 0.000000 0.735300 0.587586 0.337754 0.000000 11.145262 -0.301549 -1.230420 1.000000
aniFrame
  m_time 0.885000
  m_vertexTransformMat 0.222341 0.262929 -0.938847 0.000000 -0.654441 0.754022 0.056181 0.000000 0.722683 0.601929 0.339722 0.000000 10.772305 -0.066834 -0.966556 1.000000
aniFrame
  m_time 0.901000
  m_vertexTransformMat 0.245494 0.237218 -0.939926 0.000000 -0.662024 0.749308 0.016199 0.000000 0.708136 0.618277 0.340994 0.000000 10.376576 0.207098 -0.745893 1.000000
aniFrame
  m_time 0.917000
  m_vertexTransformMat 0.267370 0.209630 -0.940515 0.000000 -0.668158 0.743626 -0.024198 0.000000 0.694319 0.634883 0.338889 0.000000 9.974111 0.518326 -0.601303 1.000000
aniFrame
  m_time 0.933000
  m_vertexTransformMat 0.291182 0.180366 -0.939511 0.000000 -0.671535 0.737987 -0.066451 0.000000 0.681362 0.650264 0.336010 0.000000 9.542879 0.840078 -0.505729 1.000000
aniFrame
  m_time 0.949000
  m_vertexTransformMat 0.313697 0.150548 -0.937512 0.000000 -0.674139 0.730630 -0.108244 0.000000 0.668678 0.665969 0.330687 0.000000 9.111106 1.189555 -0.483326 1.000000
aniFrame
  m_time 0.965000
  m_vertexTransformMat 0.335952 0.119310 -0.934292 0.000000 -0.674716 0.722604 -0.150337 0.000000 0.657186 0.680888 0.323261 0.000000 8.659938 1.569095 -0.522009 1.000000
aniFrame
  m_time 0.981000
  m_vertexTransformMat 0.358142 0.088037 -0.929507 0.000000 -0.673335 0.714023 -0.191810 0.000000 0.646803 0.694565 0.315001 0.000000 8.210200 1.948321 -0.613770 1.000000
aniFrame
  m_time 0.997000
  m_vertexTransformMat 0.378979 0.055596 -0.923734 0.000000 -0.670178 0.704834 -0.232532 0.000000 0.638151 0.707191 0.304377 0.000000 7.771403 2.359552 -0.764841 1.000000
aniFrame
  m_time 1.013000
  m_vertexTransformMat 0.400229 0.023350 -0.916118 0.000000 -0.664499 0.695808 -0.272569 0.000000 0.631077 0.717849 0.293998 0.000000 7.322524 2.765037 -0.949811 1.000000
aniFrame
  m_time 1.029000
  m_vertexTransformMat 0.419209 -0.009247 -0.907843 0.000000 -0.657266 0.686726 -0.310497 0.000000 0.626311 0.726858 0.281804 0.000000 6.918416 3.184493 -1.184453 1.000000
aniFrame
  m_time 1.045000
  m_vertexTransformMat 0.437378 -0.041036 -0.898341 0.000000 -0.648149 0.678095 -0.346541 0.000000 0.623381 0.733829 0.269986 0.000000 6.529950 3.599451 -1.431846 1.000000
aniFrame
  m_time 1.061000
  m_vertexTransformMat 0.454384 -0.072641 -0.887839 0.000000 -0.636752 0.670509 -0.380741 0.000000 0.622962 0.738336 0.258414 0.000000 6.167605 4.008393 -1.705279 1.000000
aniFrame
  m_time 1.077000
  m_vertexTransformMat 0.472097 -0.110593 -0.874582 0.000000 -0.619284 0.664457 -0.418310 0.000000 0.627385 0.739098 0.245200 0.000000 5.798653 4.518897 -2.053450 1.000000
aniFrame
  m_time 1.093000
  m_vertexTransformMat 0.489843 -0.152972 -0.858286 0.000000 -0.596190 0.659524 -0.457805 0.000000 0.636091 0.735954 0.231863 0.000000 5.432528 5.091205 -2.472602 1.000000
aniFrame
  m_time 1.109000
  m_vertexTransformMat 0.507419 -0.203311 -0.837371 0.000000 -0.566170 0.653911 -0.501848 0.000000 0.649598 0.728742 0.216698 0.000000 5.077047 5.788939 -3.004890 1.000000
aniFrame
  m_time 1.125000
  m_vertexTransformMat 0.524300 -0.259799 -0.810934 0.000000 -0.529197 0.646679 -0.549323 0.000000 0.667128 0.717154 0.201570 0.000000 4.737226 6.578454 -3.651380 1.000000
aniFrame
  m_time 1.141000
  m_vertexTransformMat 0.537798 -0.317289 -0.781090 0.000000 -0.490017 0.636274 -0.595851 0.000000 0.686044 0.703195 0.186710 0.000000 4.465547 7.397991 -4.353391 1.000000
aniFrame
  m_time 1.157000
  m_vertexTransformMat 0.548653 -0.375307 -0.747078 0.000000 -0.447811 0.622666 -0.641679 0.000000 0.706007 0.686609 0.173560 0.000000 4.252274 8.233740 -5.110137 1.000000
aniFrame
  m_time 1.173000
  m_vertexTransformMat 0.555020 -0.428837 -0.712777 0.000000 -0.408062 0.606324 -0.682537 0.000000 0.724871 0.669679 0.161530 0.000000 4.129486 9.029140 -5.846483 1.000000
aniFrame
  m_time 1.189000
  m_vertexTransformMat 0.558813 -0.478398 -0.677394 0.000000 -0.369153 0.587944 -0.719756 0.000000 0.742600 0.652271 0.151949 0.000000 4.086098 9.783726 -6.549881 1.000000
aniFrame
  m_time 1.205000
  m_vertexTransformMat 0.558389 -0.519042 -0.647146 0.000000 -0.338043 0.570023 -0.748866 0.000000 0.757581 0.636922 0.142836 0.000000 4.104565 10.449478 -7.152787 1.000000
aniFrame
  m_time 1.221000
  m_vertexTransformMat 0.556569 -0.552077 -0.620839 0.000000 -0.312582 0.553217 -0.772168 0.000000 0.769755 0.623828 0.135334 0.000000 4.171612 11.038634 -7.635855 1.000000
aniFrame
  m_time 1.237000
  m_vertexTransformMat 0.553539 -0.574144 -0.603286 0.000000 -0.295293 0.542017 -0.786778 0.000000 0.778715 0.613659 0.130487 0.000000 4.259941 11.505547 -7.936875 1.000000
aniFrame
  m_time 1.253000
  m_vertexTransformMat 0.549057 -0.583721 -0.598170 0.000000 -0.292059 0.536579 -0.791697 0.000000 0.783095 0.609388 0.124132 0.000000 4.331879 11.858211 -8.043560 1.000000
aniFrame
  m_time 1.269000
  m_vertexTransformMat 0.545596 -0.583636 -0.601411 0.000000 -0.296342 0.536909 -0.789880 0.000000 0.783905 0.609179 0.119979 0.000000 4.393322 12.118153 -7.979626 1.000000
aniFrame
  m_time 1.285000
  m_vertexTransformMat 0.540421 -0.572889 -0.616233 0.000000 -0.312622 0.543247 -0.779199 0.000000 0.781161 0.613743 0.114485 0.000000 4.441888 12.282284 -7.742413 1.000000
aniFrame
  m_time 1.301000
  m_vertexTransformMat 0.534407 -0.556693 -0.636005 0.000000 -0.336195 0.550379 -0.764235 0.000000 0.775488 0.622234 0.106969 0.000000 4.476748 12.398448 -7.438975 1.000000
aniFrame
  m_time 1.317000
  m_vertexTransformMat 0.527183 -0.536062 -0.659330 0.000000 -0.363450 0.559110 -0.745185 0.000000 0.768103 0.632482 0.099921 0.000000 4.513530 12.484075 -7.079317 1.000000
aniFrame
  m_time 1.333000
  m_vertexTransformMat 0.517276 -0.511003 -0.686514 0.000000 -0.396040 0.568183 -0.721333 0.000000 0.758669 0.645015 0.091530 0.000000 4.554222 12.536661 -6.680031 1.000000
aniFrame
  m_time 1.349000
  m_vertexTransformMat 0.506028 -0.482085 -0.715213 0.000000 -0.431547 0.576451 -0.693882 0.000000 0.746795 0.659772 0.083658 0.000000 4.599344 12.563297 -6.260390 1.000000
aniFrame
  m_time 1.365000
  m_vertexTransformMat 0.491482 -0.448899 -0.746281 0.000000 -0.470628 0.584117 -0.661300 0.000000 0.732772 0.676237 0.075819 0.000000 4.656250 12.558280 -5.820818 1.000000
aniFrame
  m_time 1.381000
  m_vertexTransformMat 0.474266 -0.412886 -0.777559 0.000000 -0.511617 0.589505 -0.625086 0.000000 0.716464 0.694269 0.068343 0.000000 4.723246 12.528315 -5.395308 1.000000
aniFrame
  m_time 1.397000
  m_vertexTransformMat 0.454401 -0.373854 -0.808550 0.000000 -0.553622 0.592567 -0.585121 0.000000 0.697869 0.713511 0.062289 0.000000 4.803609 12.469819 -4.980009 1.000000
aniFrame
  m_time 1.413000
  m_vertexTransformMat 0.431131 -0.332950 -0.838612 0.000000 -0.596062 0.592651 -0.541733 0.000000 0.677375 0.733423 0.057052 0.000000 4.903517 12.387837 -4.592671 1.000000
aniFrame
  m_time 1.429000
  m_vertexTransformMat 0.405004 -0.290392 -0.866974 0.000000 -0.637971 0.589491 -0.495475 0.000000 0.654955 0.753773 0.053485 0.000000 5.024596 12.284771 -4.233010 1.000000
aniFrame
  m_time 1.445000
  m_vertexTransformMat 0.375990 -0.246979 -0.893103 0.000000 -0.678321 0.583262 -0.446864 0.000000 0.631279 0.773826 0.051770 0.000000 5.169209 12.155343 -3.895265 1.000000
aniFrame
  m_time 1.461000
  m_vertexTransformMat 0.344180 -0.203639 -0.916554 0.000000 -0.716801 0.573509 -0.396591 0.000000 0.606414 0.793485 0.051422 0.000000 5.344783 12.019238 -3.596408 1.000000
aniFrame
  m_time 1.477000
  m_vertexTransformMat 0.310459 -0.160345 -0.936966 0.000000 -0.752133 0.561321 -0.345276 0.000000 0.581302 0.811917 0.053666 0.000000 5.542993 11.852110 -3.320761 1.000000
aniFrame
  m_time 1.493000
  m_vertexTransformMat 0.274798 -0.118694 -0.954148 0.000000 -0.784360 0.546286 -0.293855 0.000000 0.556117 0.829146 0.057019 0.000000 5.772777 11.689547 -3.092769 1.000000
aniFrame
  m_time 1.509000
  m_vertexTransformMat 0.237541 -0.078325 -0.968215 0.000000 -0.812747 0.529861 -0.242262 0.000000 0.531994 0.844460 0.062205 0.000000 6.045037 11.503234 -2.899608 1.000000
aniFrame
  m_time 1.525000
  m_vertexTransformMat 0.200574 -0.040179 -0.978855 0.000000 -0.836953 0.512293 -0.192526 0.000000 0.509195 0.857871 0.069125 0.000000 6.327535 11.313893 -2.743231 1.000000
aniFrame
  m_time 1.541000
  m_vertexTransformMat 0.162956 -0.004743 -0.986622 0.000000 -0.856946 0.494907 -0.143917 0.000000 0.488968 0.868934 0.076584 0.000000 6.662902 11.116824 -2.633780 1.000000
aniFrame
  m_time 1.557000
  m_vertexTransformMat 0.127022 0.028629 -0.991487 0.000000 -0.872634 0.478445 -0.097980 0.000000 0.471567 0.877651 0.085756 0.000000 7.008871 10.899324 -2.551194 1.000000
aniFrame
  m_time 1.573000
  m_vertexTransformMat 0.093096 0.058010 -0.993966 0.000000 -0.884062 0.464037 -0.055720 0.000000 0.458005 0.883914 0.094485 0.000000 7.379335 10.692401 -2.512697 1.000000
aniFrame
  m_time 1.589000
  m_vertexTransformMat 0.061663 0.085001 -0.994471 0.000000 -0.891877 0.451970 -0.016670 0.000000 0.448054 0.887974 0.103680 0.000000 7.763538 10.467497 -2.496574 1.000000
aniFrame
  m_time 1.605000
  m_vertexTransformMat 0.032418 0.111222 -0.993267 0.000000 -0.893822 0.447931 0.020985 0.000000 0.447249 0.887123 0.113934 0.000000 8.255116 10.146807 -2.528294 1.000000
aniFrame
  m_time 1.621000
  m_vertexTransformMat 0.005666 0.137802 -0.990444 0.000000 -0.889642 0.452970 0.057933 0.000000 0.456624 0.880811 0.125161 0.000000 8.868360 9.699694 -2.613423 1.000000
aniFrame
  m_time 1.637000
  m_vertexTransformMat -0.018268 0.166417 -0.985886 0.000000 -0.878969 0.467288 0.095165 0.000000 0.476530 0.868301 0.137739 0.000000 9.595792 9.089465 -2.755446 1.000000
aniFrame
  m_time 1.653000
  m_vertexTransformMat -0.038881 0.198414 -0.979347 0.000000 -0.860322 0.491875 0.133808 0.000000 0.508265 0.847756 0.151576 0.000000 10.448932 8.264690 -2.971501 1.000000
aniFrame
  m_time 1.669000
  m_vertexTransformMat -0.054229 0.231634 -0.971291 0.000000 -0.835953 0.521470 0.171033 0.000000 0.546116 0.821228 0.165356 0.000000 11.294856 7.306684 -3.226917 1.000000
aniFrame
  m_time 1.685000
  m_vertexTransformMat -0.063373 0.266134 -0.961851 0.000000 -0.805961 0.554749 0.206595 0.000000 0.588567 0.788306 0.179338 0.000000 12.091893 6.211349 -3.508663 1.000000
aniFrame
  m_time 1.701000
  m_vertexTransformMat -0.065887 0.299721 -0.951749 0.000000 -0.772453 0.588468 0.238793 0.000000 0.631645 0.750915 0.192748 0.000000 12.765008 5.050829 -3.782442 1.000000
aniFrame
  m_time 1.717000
  m_vertexTransformMat -0.061491 0.331660 -0.941393 0.000000 -0.736764 0.621209 0.266981 0.000000 0.673349 0.710001 0.206156 0.000000 13.268517 3.853753 -4.015175 1.000000
aniFrame
  m_time 1.733000
  m_vertexTransformMat -0.051167 0.359953 -0.931567 0.000000 -0.701289 0.651168 0.290127 0.000000 0.711038 0.668142 0.219113 0.000000 13.600528 2.692037 -4.193519 1.000000
aniFrame
  m_time 1.749000
  m_vertexTransformMat -0.035902 0.383313 -0.922921 0.000000 -0.668392 0.677352 0.307322 0.000000 0.742943 0.627906 0.231885 0.000000 13.756486 1.624413 -4.289414 1.000000
aniFrame
  m_time 1.765000
  m_vertexTransformMat -0.017410 0.400627 -0.916076 0.000000 -0.640246 0.699267 0.317978 0.000000 0.767973 0.592050 0.244326 0.000000 13.772410 0.706299 -4.302557 1.000000
aniFrame
  m_time 1.781000
  m_vertexTransformMat 0.001727 0.409689 -0.912224 0.000000 -0.620839 0.715567 0.320193 0.000000 0.783936 0.565791 0.255586 0.000000 13.693727 0.049069 -4.226350 1.000000
aniFrame
  m_time 1.797000
  m_vertexTransformMat 0.021203 0.412117 -0.910884 0.000000 -0.608799 0.728015 0.315209 0.000000 0.793041 0.547862 0.266332 0.000000 13.546049 -0.398429 -4.064316 1.000000
aniFrame
  m_time 1.813000
  m_vertexTransformMat 0.040068 0.408269 -0.911982 0.000000 -0.603573 0.737269 0.303536 0.000000 0.796300 0.538285 0.275961 0.000000 13.360811 -0.646691 -3.829312 1.000000
aniFrame
  m_time 1.829000
  m_vertexTransformMat 0.058683 0.399257 -0.914959 0.000000 -0.603729 0.744125 0.285989 0.000000 0.795027 0.535604 0.284710 0.000000 13.144321 -0.734874 -3.533836 1.000000
aniFrame
  m_time 1.845000
  m_vertexTransformMat 0.078349 0.387763 -0.918423 0.000000 -0.604785 0.750857 0.265423 0.000000 0.792525 0.534653 0.293343 0.000000 12.905702 -0.785282 -3.210943 1.000000
aniFrame
  m_time 1.861000
  m_vertexTransformMat 0.098638 0.373226 -0.922482 0.000000 -0.607427 0.756852 0.241263 0.000000 0.788228 0.536543 0.301362 0.000000 12.645008 -0.769489 -2.862981 1.000000
aniFrame
  m_time 1.877000
  m_vertexTransformMat 0.119380 0.356138 -0.926776 0.000000 -0.611205 0.761971 0.214077 0.000000 0.782417 0.540894 0.308638 0.000000 12.362620 -0.694961 -2.509013 1.000000
aniFrame
  m_time 1.893000
  m_vertexTransformMat 0.140728 0.336348 -0.931164 0.000000 -0.616046 0.766017 0.183592 0.000000 0.775038 0.547803 0.315006 0.000000 12.058117 -0.556694 -2.151821 1.000000
aniFrame
  m_time 1.909000
  m_vertexTransformMat 0.162212 0.314464 -0.935308 0.000000 -0.621208 0.768998 0.150812 0.000000 0.766674 0.556556 0.320088 0.000000 11.737585 -0.373017 -1.814089 1.000000
aniFrame
  m_time 1.925000
  m_vertexTransformMat 0.184469 0.290325 -0.938980 0.000000 -0.626905 0.770549 0.115088 0.000000 0.756942 0.567421 0.324148 0.000000 11.395820 -0.134567 -1.492836 1.000000
aniFrame
  m_time 1.941000
  m_vertexTransformMat 0.206201 0.264613 -0.942052 0.000000 -0.632063 0.770961 0.078207 0.000000 0.746979 0.579309 0.326225 0.000000 11.047810 0.132410 -1.218350 1.000000
aniFrame
  m_time 1.957000
  m_vertexTransformMat 0.229097 0.236928 -0.944129 0.000000 -0.637091 0.769822 0.038594 0.000000 0.735956 0.592654 0.327308 0.000000 10.678630 0.444767 -0.976824 1.000000
aniFrame
  m_time 1.973000
  m_vertexTransformMat 0.251047 0.208941 -0.945156 0.000000 -0.642323 0.766433 -0.001178 0.000000 0.724153 0.607391 0.326618 0.000000 10.299521 0.777685 -0.800765 1.000000
aniFrame
  m_time 1.989000
  m_vertexTransformMat 0.273789 0.178815 -0.945021 0.000000 -0.645768 0.762331 -0.042843 0.000000 0.712758 0.621995 0.324191 0.000000 9.897460 1.137365 -0.683730 1.000000
aniFrame
  m_time 2.005000
  m_vertexTransformMat 0.296433 0.149235 -0.943322 0.000000 -0.649386 0.755750 -0.084504 0.000000 0.700304 0.637630 0.320940 0.000000 9.476315 1.502923 -0.625338 1.000000
aniFrame
  m_time 2.021000
  m_vertexTransformMat 0.318222 0.118311 -0.940605 0.000000 -0.651380 0.748172 -0.126266 0.000000 0.688795 0.652872 0.315150 0.000000 9.046070 1.884310 -0.638393 1.000000
aniFrame
  m_time 2.037000
  m_vertexTransformMat 0.341400 0.087489 -0.935838 0.000000 -0.651674 0.739523 -0.168599 0.000000 0.677323 0.667421 0.309487 0.000000 8.587200 2.253466 -0.691510 1.000000
aniFrame
  m_time 2.053000
  m_vertexTransformMat 0.362485 0.056872 -0.930253 0.000000 -0.651448 0.729264 -0.209260 0.000000 0.666499 0.681865 0.301396 0.000000 8.148549 2.622540 -0.809210 1.000000
aniFrame
  m_time 2.069000
  m_vertexTransformMat 0.384164 0.026487 -0.922885 0.000000 -0.649559 0.718112 -0.249779 0.000000 0.656119 0.695424 0.293077 0.000000 7.688536 2.982103 -0.958609 1.000000
aniFrame
  m_time 2.085000
  m_vertexTransformMat 0.404644 -0.002802 -0.914470 0.000000 -0.646703 0.706148 -0.288323 0.000000 0.646559 0.708058 0.283927 0.000000 7.248589 3.313445 -1.146644 1.000000
aniFrame
  m_time 2.101000
  m_vertexTransformMat 0.423946 -0.031601 -0.905136 0.000000 -0.642790 0.693551 -0.325282 0.000000 0.638037 0.719715 0.273715 0.000000 6.830056 3.635520 -1.360934 1.000000
aniFrame
  m_time 2.117000
  m_vertexTransformMat 0.443038 -0.057405 -0.894663 0.000000 -0.637371 0.681628 -0.359363 0.000000 0.630456 0.729444 0.265399 0.000000 6.418952 3.884686 -1.570708 1.000000
aniFrame
  m_time 2.133000
