m_aniFrameList.size 84
aniFrame
  m_time -1.066000
  m_vertexTransformMat 1.000000 -0.000000 -0.000000 0.000000 0.000000 1.000000 0.000000 0.000000 0.000000 -0.000000 1.000000 0.000000 -0.232181 -1.643668 -1.082508 1.000000
aniFrame
  m_time -1.027000
  m_vertexTransformMat 0.999902 -0.001824 0.013915 0.000000 0.001659 0.999929 0.011800 0.000000 -0.013935 -0.011775 0.999834 0.000000 -0.623131 -1.570244 -1.405643 1.000000
aniFrame
  m_time -0.988000
  m_vertexTransformMat 0.999548 -0.004094 0.029766 0.000000 0.003342 0.999675 0.025273 0.000000 -0.029860 -0.025162 0.999237 0.000000 -1.029361 -1.486797 -1.770546 1.000000
aniFrame
  m_time -0.949000
  m_vertexTransformMat 0.998975 -0.006453 0.044809 0.000000 0.004745 0.999262 0.038129 0.000000 -0.045022 -0.037877 0.998268 0.000000 -1.315543 -1.398692 -2.008999 1.000000
aniFrame
  m_time -0.910000
  m_vertexTransformMat 0.998379 -0.008386 0.056293 0.000000 0.005685 0.998833 0.047967 0.000000 -0.056629 -0.047569 0.997262 0.000000 -1.407895 -1.308208 -1.989224 1.000000
aniFrame
  m_time -0.871000
  m_vertexTransformMat 0.998073 -0.009270 0.061353 0.000000 0.006058 0.998611 0.052342 0.000000 -0.061753 -0.051869 0.996743 0.000000 -1.383491 -1.216059 -1.750509 1.000000
aniFrame
  m_time -0.832000
  m_vertexTransformMat 0.998124 -0.009107 0.060539 0.000000 0.006021 0.998682 0.050966 0.000000 -0.060923 -0.050506 0.996864 0.000000 -1.301298 -1.151136 -1.387529 1.000000
aniFrame
  m_time -0.793000
  m_vertexTransformMat 0.998331 -0.008467 0.057138 0.000000 0.005836 0.998922 0.046064 0.000000 -0.057466 -0.045654 0.997303 0.000000 -1.184161 -1.157405 -0.997804 1.000000
aniFrame
  m_time -0.754000
  m_vertexTransformMat 0.998636 -0.007464 0.051679 0.000000 0.005468 0.999237 0.038667 0.000000 -0.051928 -0.038332 0.997915 0.000000 -1.034801 -1.218159 -0.686453 1.000000
aniFrame
  m_time -0.715000
  m_vertexTransformMat 0.998989 -0.006223 0.044525 0.000000 0.004900 0.999545 0.029770 0.000000 -0.044690 -0.029522 0.998565 0.000000 -0.865977 -1.310611 -0.537977 1.000000
aniFrame
  m_time -0.676000
  m_vertexTransformMat 0.999334 -0.004888 0.036175 0.000000 0.004145 0.999780 0.020573 0.000000 -0.036267 -0.020410 0.999134 0.000000 -0.673849 -1.418008 -0.533221 1.000000
aniFrame
  m_time -0.637000
  m_vertexTransformMat 0.999630 -0.003531 0.026990 0.000000 0.003203 0.999921 0.012165 0.000000 -0.027031 -0.012074 0.999562 0.000000 -0.457039 -1.523042 -0.624447 1.000000
aniFrame
  m_time -0.598000
  m_vertexTransformMat 0.999858 -0.002142 0.016725 0.000000 0.002055 0.999984 0.005247 0.000000 -0.016736 -0.005212 0.999846 0.000000 -0.206309 -1.601650 -0.779221 1.000000
aniFrame
  m_time -0.559000
  m_vertexTransformMat 0.999977 -0.000848 0.006721 0.000000 0.000843 0.999999 0.000674 0.000000 -0.006722 -0.000668 0.999977 0.000000 0.050405 -1.637485 -0.959838 1.000000
aniFrame
  m_time -0.520000
  m_vertexTransformMat 0.999992 0.000490 -0.003862 0.000000 -0.000487 1.000000 0.000664 0.000000 0.003862 -0.000662 0.999992 0.000000 0.341179 -1.632622 -1.159087 1.000000
aniFrame
  m_time -0.481000
  m_vertexTransformMat 0.999813 0.002517 -0.019159 0.000000 -0.002351 0.999959 0.008725 0.000000 0.019180 -0.008678 0.999779 0.000000 0.758757 -1.591634 -1.476786 1.000000
aniFrame
  m_time -0.442000
  m_vertexTransformMat 0.999266 0.005250 -0.037954 0.000000 -0.004392 0.999734 0.022667 0.000000 0.038063 -0.022484 0.999022 0.000000 1.194914 -1.521211 -1.832146 1.000000
aniFrame
  m_time -0.403000
  m_vertexTransformMat 0.998412 0.008134 -0.055754 0.000000 -0.006037 0.999272 0.037674 0.000000 0.056020 -0.037278 0.997734 0.000000 1.434569 -1.430562 -2.016209 1.000000
aniFrame
  m_time -0.364000
  m_vertexTransformMat 0.997607 0.010357 -0.068366 0.000000 -0.007008 0.998772 0.049048 0.000000 0.068790 -0.048452 0.996454 0.000000 1.453740 -1.322725 -1.955196 1.000000
aniFrame
  m_time -0.325000
  m_vertexTransformMat 0.997329 0.011068 -0.072201 0.000000 -0.007270 0.998587 0.052643 0.000000 0.072682 -0.051977 0.996000 0.000000 1.394499 -1.204009 -1.739100 1.000000
aniFrame
  m_time -0.286000
  m_vertexTransformMat 0.997514 0.010583 -0.069666 0.000000 -0.007120 0.998735 0.049769 0.000000 0.070104 -0.049149 0.996328 0.000000 1.308522 -1.145063 -1.420266 1.000000
aniFrame
  m_time -0.247000
  m_vertexTransformMat 0.997879 0.009579 -0.064395 0.000000 -0.006758 0.999013 0.043891 0.000000 0.064752 -0.043363 0.996959 0.000000 1.200895 -1.173496 -1.070035 1.000000
aniFrame
  m_time -0.208000
  m_vertexTransformMat 0.998355 0.008193 -0.056742 0.000000 -0.006163 0.999338 0.035861 0.000000 0.056998 -0.035452 0.997745 0.000000 1.062565 -1.247406 -0.756916 1.000000
aniFrame
  m_time -0.169000
  m_vertexTransformMat 0.998857 0.006617 -0.047334 0.000000 -0.005351 0.999626 0.026833 0.000000 0.047494 -0.026549 0.998518 0.000000 0.909017 -1.349020 -0.547854 1.000000
aniFrame
  m_time -0.130000
  m_vertexTransformMat 0.999310 0.004995 -0.036823 0.000000 -0.004332 0.999828 0.018041 0.000000 0.036907 -0.017869 0.999159 0.000000 0.719865 -1.463032 -0.503040 1.000000
aniFrame
  m_time -0.091000
  m_vertexTransformMat 0.999671 0.003349 -0.025425 0.000000 -0.003095 0.999945 0.010038 0.000000 0.025457 -0.009956 0.999626 0.000000 0.465901 -1.561425 -0.606100 1.000000
aniFrame
  m_time -0.052000
  m_vertexTransformMat 0.999904 0.001790 -0.013765 0.000000 -0.001737 0.999991 0.003823 0.000000 0.013772 -0.003798 0.999898 0.000000 0.168527 -1.628253 -0.797477 1.000000
aniFrame
  m_time -0.013000
  m_vertexTransformMat 0.999994 0.000467 -0.003580 0.000000 -0.000467 1.000000 0.000100 0.000000 0.003580 -0.000098 0.999994 0.000000 -0.123155 -1.646062 -1.005810 1.000000
aniFrame
  m_time 0.025000
  m_vertexTransformMat 0.999970 -0.000967 0.007684 0.000000 0.000948 0.999997 0.002457 0.000000 -0.007687 -0.002450 0.999968 0.000000 -0.472766 -1.625336 -1.256574 1.000000
aniFrame
  m_time 0.064000
  m_vertexTransformMat 0.999742 -0.002963 0.022521 0.000000 0.002674 0.999914 0.012846 0.000000 -0.022557 -0.012782 0.999664 0.000000 -0.908958 -1.571925 -1.612159 1.000000
aniFrame
  m_time 0.103000
  m_vertexTransformMat 0.999247 -0.005321 0.038426 0.000000 0.004266 0.999613 0.027473 0.000000 -0.038558 -0.027289 0.998884 0.000000 -1.282983 -1.493593 -1.926461 1.000000
aniFrame
  m_time 0.142000
  m_vertexTransformMat 0.998611 -0.007591 0.052133 0.000000 0.005410 0.999110 0.041833 0.000000 -0.052404 -0.041493 0.997764 0.000000 -1.440070 -1.398139 -2.018526 1.000000
aniFrame
  m_time 0.181000
  m_vertexTransformMat 0.998141 -0.009056 0.060264 0.000000 0.005982 0.998682 0.050982 0.000000 -0.060646 -0.050527 0.996880 0.000000 -1.419403 -1.282832 -1.851063 1.000000
aniFrame
  m_time 0.220000
  m_vertexTransformMat 0.998078 -0.009233 0.061286 0.000000 0.006045 0.998628 0.052006 0.000000 -0.061682 -0.051535 0.996764 0.000000 -1.337296 -1.172991 -1.522713 1.000000
aniFrame
  m_time 0.259000
  m_vertexTransformMat 0.998245 -0.008711 0.058583 0.000000 0.005895 0.998827 0.048057 0.000000 -0.058933 -0.047627 0.997125 0.000000 -1.229014 -1.146929 -1.129127 1.000000
aniFrame
  m_time 0.298000
  m_vertexTransformMat 0.998520 -0.007831 0.053811 0.000000 0.005602 0.999124 0.041459 0.000000 -0.054088 -0.041097 0.997690 0.000000 -1.089187 -1.192206 -0.777765 1.000000
aniFrame
  m_time 0.337000
  m_vertexTransformMat 0.998860 -0.006702 0.047256 0.000000 0.005136 0.999436 0.033179 0.000000 -0.047452 -0.032898 0.998332 0.000000 -0.928576 -1.279968 -0.569058 1.000000
aniFrame
  m_time 0.376000
  m_vertexTransformMat 0.999212 -0.005401 0.039317 0.000000 0.004455 0.999699 0.024118 0.000000 -0.039435 -0.023924 0.998936 0.000000 -0.746743 -1.387457 -0.522541 1.000000
aniFrame
  m_time 0.415000
  m_vertexTransformMat 0.999527 -0.004043 0.030506 0.000000 0.003575 0.999876 0.015366 0.000000 -0.030564 -0.015249 0.999416 0.000000 -0.540721 -1.496650 -0.583477 1.000000
aniFrame
  m_time 0.454000
  m_vertexTransformMat 0.999786 -0.002651 0.020523 0.000000 0.002492 0.999967 0.007784 0.000000 -0.020543 -0.007731 0.999759 0.000000 -0.300280 -1.586350 -0.720537 1.000000
aniFrame
  m_time 0.493000
  m_vertexTransformMat 0.999948 -0.001297 0.010153 0.000000 0.001273 0.999996 0.002364 0.000000 -0.010156 -0.002351 0.999946 0.000000 -0.039719 -1.640761 -0.898036 1.000000
aniFrame
  m_time 0.532000
  m_vertexTransformMat 1.000000 -0.000038 0.000287 0.000000 0.000038 1.000000 0.000001 0.000000 -0.000287 -0.000001 1.000000 0.000000 0.224251 -1.644800 -1.076937 1.000000
aniFrame
  m_time 0.571000
  m_vertexTransformMat 0.999913 0.001687 -0.013083 0.000000 -0.001624 0.999987 0.004852 0.000000 0.013091 -0.004830 0.999903 0.000000 0.596032 -1.608914 -1.347534 1.000000
aniFrame
  m_time 0.610000
  m_vertexTransformMat 0.999504 0.004216 -0.031201 0.000000 -0.003679 0.999845 0.017227 0.000000 0.031269 -0.017103 0.999365 0.000000 1.050073 -1.546024 -1.712930 1.000000
aniFrame
  m_time 0.649000
  m_vertexTransformMat 0.998731 0.007131 -0.049856 0.000000 -0.005515 0.999458 0.032464 0.000000 0.050061 -0.032148 0.998229 0.000000 1.378216 -1.462839 -1.977842 1.000000
aniFrame
  m_time 0.688000
  m_vertexTransformMat 0.997849 0.009720 -0.064837 0.000000 -0.006756 0.998929 0.045778 0.000000 0.065213 -0.045241 0.996845 0.000000 1.462082 -1.362200 -1.998242 1.000000
aniFrame
  m_time 0.727000
  m_vertexTransformMat 0.997361 0.010996 -0.071771 0.000000 -0.007251 0.998608 0.052235 0.000000 0.072246 -0.051577 0.996052 0.000000 1.419446 -1.241012 -1.828548 1.000000
aniFrame
  m_time 0.766000
  m_vertexTransformMat 0.997428 0.010813 -0.070858 0.000000 -0.007196 0.998667 0.051110 0.000000 0.071316 -0.050469 0.996176 0.000000 1.339575 -1.152142 -1.538481 1.000000
aniFrame
  m_time 0.805000
  m_vertexTransformMat 0.997733 0.010005 -0.066546 0.000000 -0.006929 0.998904 0.046296 0.000000 0.066936 -0.045730 0.996709 0.000000 1.243277 -1.158137 -1.192645 1.000000
aniFrame
  m_time 0.844000
  m_vertexTransformMat 0.998180 0.008743 -0.059674 0.000000 -0.006425 0.999221 0.038938 0.000000 0.059968 -0.038484 0.997458 0.000000 1.114158 -1.218814 -0.859286 1.000000
aniFrame
  m_time 0.883000
  m_vertexTransformMat 0.998683 0.007195 -0.050797 0.000000 -0.005674 0.999533 0.030032 0.000000 0.050989 -0.029704 0.998257 0.000000 0.965131 -1.310852 -0.605819 1.000000
aniFrame
  m_time 0.922000
  m_vertexTransformMat 0.999160 0.005554 -0.040609 0.000000 -0.004712 0.999773 0.020805 0.000000 0.040716 -0.020596 0.998958 0.000000 0.792656 -1.417873 -0.500296 1.000000
aniFrame
  m_time 0.961000
  m_vertexTransformMat 0.999549 0.003934 -0.029769 0.000000 -0.003568 0.999917 0.012363 0.000000 0.029816 -0.012251 0.999480 0.000000 0.567810 -1.522870 -0.557376 1.000000
aniFrame
  m_time 1.000000
  m_vertexTransformMat 0.999833 0.002338 -0.018141 0.000000 -0.002240 0.999983 0.005403 0.000000 0.018153 -0.005361 0.999821 0.000000 0.283349 -1.601758 -0.724044 1.000000
aniFrame
  m_time 1.039000
  m_vertexTransformMat 0.999974 0.000903 -0.007133 0.000000 -0.000897 0.999999 0.000759 0.000000 0.007134 -0.000753 0.999974 0.000000 -0.018679 -1.637686 -0.936130 1.000000
aniFrame
  m_time 1.078000
  m_vertexTransformMat 0.999994 -0.000427 0.003398 0.000000 0.000426 1.000000 0.000518 0.000000 -0.003398 -0.000517 0.999994 0.000000 -0.338245 -1.632095 -1.157922 1.000000
aniFrame
  m_time 1.117000
  m_vertexTransformMat 0.999853 -0.002205 0.016992 0.000000 0.002064 0.999963 0.008355 0.000000 -0.017010 -0.008318 0.999821 0.000000 -0.752347 -1.592087 -1.480557 1.000000
aniFrame
  m_time 1.156000
  m_vertexTransformMat 0.999446 -0.004497 0.032978 0.000000 0.003765 0.999746 0.022223 0.000000 -0.033070 -0.022087 0.999209 0.000000 -1.172178 -1.523721 -1.835338 1.000000
aniFrame
  m_time 1.195000
  m_vertexTransformMat 0.998831 -0.006876 0.047848 0.000000 0.005094 0.999293 0.037264 0.000000 -0.048070 -0.036977 0.998159 0.000000 -1.410583 -1.434475 -2.019264 1.000000
aniFrame
  m_time 1.234000
  m_vertexTransformMat 0.998259 -0.008709 0.058342 0.000000 0.005862 0.998792 0.048797 0.000000 -0.058696 -0.048370 0.997104 0.000000 -1.435483 -1.327407 -1.931697 1.000000
aniFrame
  m_time 1.273000
  m_vertexTransformMat 0.998055 -0.009315 0.061636 0.000000 0.006073 0.998598 0.052582 0.000000 -0.062040 -0.052105 0.996713 0.000000 -1.370146 -1.207177 -1.652396 1.000000
aniFrame
  m_time 1.312000
  m_vertexTransformMat 0.998173 -0.008954 0.059745 0.000000 0.005977 0.998741 0.049813 0.000000 -0.060116 -0.049365 0.996970 0.000000 -1.269033 -1.144420 -1.269258 1.000000
aniFrame
  m_time 1.351000
  m_vertexTransformMat 0.998415 -0.008178 0.055693 0.000000 0.005728 0.999015 0.044008 0.000000 -0.055998 -0.043619 0.997478 0.000000 -1.141395 -1.170042 -0.890120 1.000000
aniFrame
  m_time 1.390000
  m_vertexTransformMat 0.998740 -0.007086 0.049676 0.000000 0.005298 0.999337 0.036032 0.000000 -0.049899 -0.035723 0.998115 0.000000 -0.985841 -1.242069 -0.623102 1.000000
aniFrame
  m_time 1.429000
  m_vertexTransformMat 0.999096 -0.005819 0.042109 0.000000 0.004684 0.999624 0.027017 0.000000 -0.042250 -0.026796 0.998748 0.000000 -0.810942 -1.342550 -0.525392 1.000000
aniFrame
  m_time 1.468000
  m_vertexTransformMat 0.999432 -0.004486 0.033416 0.000000 0.003879 0.999827 0.018198 0.000000 -0.033492 -0.018058 0.999276 0.000000 -0.609196 -1.456197 -0.551635 1.000000
aniFrame
  m_time 1.507000
  m_vertexTransformMat 0.999716 -0.003091 0.023629 0.000000 0.002852 0.999945 0.010162 0.000000 -0.023659 -0.010092 0.999669 0.000000 -0.376016 -1.555655 -0.665597 1.000000
aniFrame
  m_time 1.546000
  m_vertexTransformMat 0.999910 -0.001724 0.013347 0.000000 0.001672 0.999991 0.003870 0.000000 -0.013354 -0.003847 0.999904 0.000000 -0.121893 -1.623963 -0.833070 1.000000
aniFrame
  m_time 1.585000
  m_vertexTransformMat 0.999992 -0.000499 0.003846 0.000000 0.000499 1.000000 0.000065 0.000000 -0.003846 -0.000063 0.999993 0.000000 0.127063 -1.643937 -1.010077 1.000000
aniFrame
  m_time 1.624000
  m_vertexTransformMat 0.999969 0.000990 -0.007815 0.000000 -0.000972 0.999997 0.002281 0.000000 0.007818 -0.002274 0.999967 0.000000 0.452957 -1.625949 -1.239502 1.000000
aniFrame
  m_time 1.663000
  m_vertexTransformMat 0.999691 0.003277 -0.024642 0.000000 -0.002968 0.999917 0.012536 0.000000 0.024681 -0.012459 0.999618 0.000000 0.897779 -1.573440 -1.589218 1.000000
aniFrame
  m_time 1.702000
  m_vertexTransformMat 0.999035 0.006097 -0.043507 0.000000 -0.004920 0.999621 0.027104 0.000000 0.043656 -0.026864 0.998685 0.000000 1.293830 -1.494235 -1.911675 1.000000
aniFrame
  m_time 1.741000
  m_vertexTransformMat 0.998147 0.008877 -0.060195 0.000000 -0.006381 0.999117 0.041527 0.000000 0.060511 -0.041065 0.997323 0.000000 1.459694 -1.398455 -2.021951 1.000000
aniFrame
  m_time 1.780000
  m_vertexTransformMat 0.997462 0.010724 -0.070386 0.000000 -0.007147 0.998679 0.050876 0.000000 0.070839 -0.050244 0.996221 0.000000 1.441294 -1.284119 -1.904321 1.000000
aniFrame
  m_time 1.819000
  m_vertexTransformMat 0.997362 0.010979 -0.071752 0.000000 -0.007228 0.998604 0.052325 0.000000 0.072226 -0.051668 0.996049 0.000000 1.369660 -1.178609 -1.650804 1.000000
aniFrame
  m_time 1.858000
  m_vertexTransformMat 0.997627 0.010324 -0.068074 0.000000 -0.006954 0.998747 0.049568 0.000000 0.068500 -0.048977 0.996448 0.000000 1.282352 -1.157327 -1.319430 1.000000
aniFrame
  m_time 1.897000
  m_vertexTransformMat 0.998057 0.009202 -0.061635 0.000000 -0.006441 0.998973 0.044846 0.000000 0.061984 -0.044361 0.997091 0.000000 1.175469 -1.191066 -0.981092 1.000000
aniFrame
  m_time 1.936000
  m_vertexTransformMat 0.998564 0.007763 -0.053000 0.000000 -0.005720 0.999239 0.038577 0.000000 0.053259 -0.038218 0.997849 0.000000 1.049056 -1.254697 -0.699892 1.000000
aniFrame
  m_time 1.975000
  m_vertexTransformMat 0.999063 0.006120 -0.042855 0.000000 -0.004786 0.999502 0.031176 0.000000 0.043024 -0.030942 0.998595 0.000000 0.903703 -1.336068 -0.539507 1.000000
aniFrame
  m_time 2.014000
  m_vertexTransformMat 0.999478 0.004428 -0.032017 0.000000 -0.003687 0.999725 0.023182 0.000000 0.032110 -0.023052 0.999219 0.000000 0.692975 -1.425355 -0.550996 1.000000
aniFrame
  m_time 2.053000
  m_vertexTransformMat 0.999777 0.002793 -0.020928 0.000000 -0.002477 0.999883 0.015108 0.000000 0.020968 -0.015053 0.999667 0.000000 0.407314 -1.513081 -0.694077 1.000000
aniFrame
  m_time 2.092000
  m_vertexTransformMat 0.999951 0.001288 -0.009865 0.000000 -0.001216 0.999972 0.007395 0.000000 0.009874 -0.007383 0.999924 0.000000 0.082390 -1.589245 -0.894140 1.000000
aniFrame
  m_time 2.131000
  m_vertexTransformMat 1.000000 0.000049 -0.000351 0.000000 -0.000049 1.000000 0.000855 0.000000 0.000351 -0.000855 1.000000 0.000000 -0.219604 -1.652998 -1.074315 1.000000
aniFrame
  m_time 2.133000
  m_vertexTransformMat 1.000000 -0.000000 0.000000 0.000000 0.000000 1.000000 0.000000 0.000000 0.000000 -0.000000 1.000000 0.000000 -0.232181 -1.643669 -1.082508 1.000000
