m_aniFrameList.size 84
aniFrame
  m_time -1.066000
  m_vertexTransformMat 0.229958 0.076718 -0.970172 0.000000 -0.641210 0.761862 -0.091739 0.000000 0.732100 0.643180 0.224388 0.000000 10.273667 2.272315 -1.544064 1.000000
aniFrame
  m_time -1.027000
  m_vertexTransformMat 0.225440 0.036184 -0.973585 0.000000 -0.623643 0.773103 -0.115676 0.000000 0.748496 0.633247 0.196854 0.000000 10.143577 2.747035 -1.966579 1.000000
aniFrame
  m_time -0.988000
  m_vertexTransformMat 0.221970 -0.013907 -0.974955 0.000000 -0.599572 0.786569 -0.147726 0.000000 0.768923 0.617346 0.166256 0.000000 10.020428 3.251183 -2.442060 1.000000
aniFrame
  m_time -0.949000
  m_vertexTransformMat 0.216339 -0.060079 -0.974468 0.000000 -0.577823 0.796650 -0.177397 0.000000 0.786968 0.601448 0.137631 0.000000 9.995492 3.741784 -2.794782 1.000000
aniFrame
  m_time -0.910000
  m_vertexTransformMat 0.206252 -0.088984 -0.974445 0.000000 -0.568137 0.799910 -0.193299 0.000000 0.796668 0.593486 0.114428 0.000000 10.100307 4.189675 -2.891948 1.000000
aniFrame
  m_time -0.871000
  m_vertexTransformMat 0.191671 -0.086945 -0.977601 0.000000 -0.578884 0.794345 -0.184145 0.000000 0.792563 0.601213 0.101922 0.000000 10.206978 4.553626 -2.750101 1.000000
aniFrame
  m_time -0.832000
  m_vertexTransformMat 0.171193 -0.052869 -0.983818 0.000000 -0.611690 0.777092 -0.148199 0.000000 0.772352 0.627162 0.100694 0.000000 10.249663 4.834319 -2.466681 1.000000
aniFrame
  m_time -0.793000
  m_vertexTransformMat 0.142768 -0.000560 -0.989756 0.000000 -0.657117 0.747752 -0.095210 0.000000 0.740145 0.663978 0.106387 0.000000 10.251272 5.053575 -2.161217 1.000000
aniFrame
  m_time -0.754000
  m_vertexTransformMat 0.105904 0.063740 -0.992331 0.000000 -0.707637 0.705932 -0.030177 0.000000 0.698595 0.705406 0.119865 0.000000 10.226368 5.216046 -1.926417 1.000000
aniFrame
  m_time -0.715000
  m_vertexTransformMat 0.062639 0.132652 -0.989181 0.000000 -0.756828 0.652416 0.039566 0.000000 0.650606 0.746161 0.141262 0.000000 10.172335 5.332986 -1.833968 1.000000
aniFrame
  m_time -0.676000
  m_vertexTransformMat 0.014776 0.200252 -0.979633 0.000000 -0.799651 0.590552 0.108657 0.000000 0.600283 0.781759 0.168858 0.000000 10.118782 5.406098 -1.862946 1.000000
aniFrame
  m_time -0.637000
  m_vertexTransformMat -0.034006 0.261309 -0.964656 0.000000 -0.832981 0.525943 0.171833 0.000000 0.552256 0.809383 0.199781 0.000000 10.090768 5.443343 -1.969827 1.000000
aniFrame
  m_time -0.598000
  m_vertexTransformMat -0.079449 0.311580 -0.946893 0.000000 -0.855642 0.466033 0.225143 0.000000 0.511433 0.828089 0.229575 0.000000 10.119744 5.464030 -2.139682 1.000000
aniFrame
  m_time -0.559000
  m_vertexTransformMat -0.115449 0.348540 -0.930157 0.000000 -0.868503 0.419022 0.264808 0.000000 0.482052 0.838416 0.254332 0.000000 10.201542 5.482785 -2.336678 1.000000
aniFrame
  m_time -0.520000
  m_vertexTransformMat -0.135269 0.369925 -0.919162 0.000000 -0.871798 0.396388 0.287829 0.000000 0.470819 0.840257 0.268881 0.000000 10.388548 5.495623 -2.569500 1.000000
aniFrame
  m_time -0.481000
  m_vertexTransformMat -0.127098 0.371006 -0.919892 0.000000 -0.861633 0.418123 0.287684 0.000000 0.491361 0.829173 0.266529 0.000000 10.798142 5.474839 -2.963661 1.000000
aniFrame
  m_time -0.442000
  m_vertexTransformMat -0.095333 0.353844 -0.930433 0.000000 -0.838220 0.475629 0.266766 0.000000 0.536935 0.805339 0.251256 0.000000 11.300786 5.400214 -3.412198 1.000000
aniFrame
  m_time -0.403000
  m_vertexTransformMat -0.053265 0.324499 -0.944386 0.000000 -0.805435 0.545082 0.232723 0.000000 0.590286 0.773037 0.232329 0.000000 11.642661 5.268203 -3.660043 1.000000
aniFrame
  m_time -0.364000
  m_vertexTransformMat -0.012318 0.291269 -0.956562 0.000000 -0.771254 0.606088 0.194483 0.000000 0.636408 0.740148 0.217177 0.000000 11.766682 5.097998 -3.608756 1.000000
aniFrame
  m_time -0.325000
  m_vertexTransformMat 0.019399 0.264882 -0.964086 0.000000 -0.747577 0.644132 0.161932 0.000000 0.663891 0.717587 0.210516 0.000000 11.789730 4.917690 -3.343364 1.000000
aniFrame
  m_time -0.286000
  m_vertexTransformMat 0.046993 0.244313 -0.968557 0.000000 -0.732898 0.667261 0.132753 0.000000 0.678714 0.703615 0.210413 0.000000 11.759868 4.676762 -2.917399 1.000000
aniFrame
  m_time -0.247000
  m_vertexTransformMat 0.076411 0.223400 -0.971728 0.000000 -0.719593 0.686960 0.101347 0.000000 0.690179 0.691504 0.213248 0.000000 11.694869 4.332807 -2.411557 1.000000
aniFrame
  m_time -0.208000
  m_vertexTransformMat 0.105916 0.202130 -0.973615 0.000000 -0.707006 0.703814 0.069205 0.000000 0.699232 0.681021 0.217452 0.000000 11.588304 3.919231 -1.921570 1.000000
aniFrame
  m_time -0.169000
  m_vertexTransformMat 0.134605 0.180678 -0.974288 0.000000 -0.695441 0.717630 0.037002 0.000000 0.705863 0.672579 0.222248 0.000000 11.443732 3.482944 -1.531137 1.000000
aniFrame
  m_time -0.130000
  m_vertexTransformMat 0.162240 0.158964 -0.973863 0.000000 -0.684388 0.729101 0.004996 0.000000 0.710838 0.665690 0.227082 0.000000 11.238186 3.059592 -1.310705 1.000000
aniFrame
  m_time -0.091000
  m_vertexTransformMat 0.187457 0.136133 -0.972794 0.000000 -0.672547 0.739594 -0.026101 0.000000 0.715919 0.659143 0.230197 0.000000 10.961682 2.688760 -1.263500 1.000000
aniFrame
  m_time -0.052000
  m_vertexTransformMat 0.209082 0.112028 -0.971460 0.000000 -0.659974 0.749225 -0.055643 0.000000 0.721609 0.652773 0.230585 0.000000 10.649607 2.416019 -1.339252 1.000000
aniFrame
  m_time -0.013000
  m_vertexTransformMat 0.225503 0.086702 -0.970377 0.000000 -0.646561 0.758389 -0.082491 0.000000 0.728771 0.646010 0.227077 0.000000 10.365340 2.278197 -1.479545 1.000000
aniFrame
  m_time 0.025000
  m_vertexTransformMat 0.235965 0.053884 -0.970267 0.000000 -0.628996 0.769554 -0.110232 0.000000 0.740732 0.636305 0.215481 0.000000 10.109721 2.352658 -1.716874 1.000000
aniFrame
  m_time 0.064000
  m_vertexTransformMat 0.237545 0.006868 -0.971352 0.000000 -0.605200 0.783221 -0.142465 0.000000 0.759806 0.621705 0.190207 0.000000 9.915015 2.712862 -2.137105 1.000000
aniFrame
  m_time 0.103000
  m_vertexTransformMat 0.230020 -0.042641 -0.972252 0.000000 -0.582166 0.794544 -0.172578 0.000000 0.779855 0.605708 0.157937 0.000000 9.853348 3.252014 -2.576667 1.000000
aniFrame
  m_time 0.142000
  m_vertexTransformMat 0.215179 -0.080101 -0.973284 0.000000 -0.568660 0.799957 -0.191559 0.000000 0.793930 0.594687 0.126583 0.000000 9.980458 3.845236 -2.829540 1.000000
aniFrame
  m_time 0.181000
  m_vertexTransformMat 0.197945 -0.091190 -0.975962 0.000000 -0.571834 0.797936 -0.190535 0.000000 0.796130 0.595804 0.105802 0.000000 10.161262 4.362889 -2.803804 1.000000
aniFrame
  m_time 0.220000
  m_vertexTransformMat 0.179445 -0.066692 -0.981505 0.000000 -0.597834 0.784948 -0.162636 0.000000 0.781277 0.615961 0.100985 0.000000 10.239482 4.728105 -2.566620 1.000000
aniFrame
  m_time 0.259000
  m_vertexTransformMat 0.153572 -0.020022 -0.987935 0.000000 -0.640307 0.759473 -0.114926 0.000000 0.752610 0.650231 0.103813 0.000000 10.254725 4.980982 -2.262723 1.000000
aniFrame
  m_time 0.298000
  m_vertexTransformMat 0.119813 0.040560 -0.991968 0.000000 -0.689814 0.721985 -0.053797 0.000000 0.714004 0.690719 0.114482 0.000000 10.238101 5.163508 -1.991515 1.000000
aniFrame
  m_time 0.337000
  m_vertexTransformMat 0.078591 0.108525 -0.990982 0.000000 -0.740055 0.672380 0.014943 0.000000 0.667938 0.732207 0.133158 0.000000 10.191743 5.292745 -1.845738 1.000000
aniFrame
  m_time 0.376000
  m_vertexTransformMat 0.031966 0.177307 -0.983636 0.000000 -0.785553 0.612935 0.084957 0.000000 0.617968 0.769983 0.158877 0.000000 10.133999 5.377556 -1.839793 1.000000
aniFrame
  m_time 0.415000
  m_vertexTransformMat -0.016876 0.241251 -0.970316 0.000000 -0.822476 0.548480 0.150674 0.000000 0.568549 0.800605 0.189167 0.000000 10.092237 5.424936 -1.920143 1.000000
aniFrame
  m_time 0.454000
  m_vertexTransformMat -0.064151 0.295723 -0.953117 0.000000 -0.848936 0.485888 0.207895 0.000000 0.524587 0.822473 0.219880 0.000000 10.099552 5.449996 -2.071545 1.000000
aniFrame
  m_time 0.493000
  m_vertexTransformMat -0.104229 0.337654 -0.935482 0.000000 -0.865033 0.433371 0.252801 0.000000 0.490770 0.835572 0.246912 0.000000 10.165680 5.465997 -2.265073 1.000000
aniFrame
  m_time 0.532000
  m_vertexTransformMat -0.131368 0.365030 -0.921681 0.000000 -0.872170 0.399397 0.282492 0.000000 0.471234 0.840973 0.265901 0.000000 10.296631 5.488018 -2.468834 1.000000
aniFrame
  m_time 0.571000
  m_vertexTransformMat -0.133528 0.373110 -0.918128 0.000000 -0.866975 0.404845 0.290610 0.000000 0.480129 0.834799 0.269418 0.000000 10.627213 5.488573 -2.802543 1.000000
aniFrame
  m_time 0.610000
  m_vertexTransformMat -0.108427 0.361617 -0.926001 0.000000 -0.847847 0.452706 0.276065 0.000000 0.519036 0.815040 0.257511 0.000000 11.126327 5.435320 -3.261844 1.000000
aniFrame
  m_time 0.649000
  m_vertexTransformMat -0.068523 0.335776 -0.939446 0.000000 -0.817706 0.520564 0.245703 0.000000 0.571543 0.785027 0.238896 0.000000 11.548367 5.321661 -3.604843 1.000000
aniFrame
  m_time 0.688000
  m_vertexTransformMat -0.025832 0.302626 -0.952759 0.000000 -0.782579 0.586904 0.207637 0.000000 0.622015 0.750973 0.221668 0.000000 11.739869 5.159749 -3.655055 1.000000
aniFrame
  m_time 0.727000
  m_vertexTransformMat 0.009104 0.273252 -0.961900 0.000000 -0.754594 0.633060 0.172695 0.000000 0.656129 0.724271 0.211958 0.000000 11.788895 4.985535 -3.456661 1.000000
aniFrame
  m_time 0.766000
  m_vertexTransformMat 0.036938 0.251631 -0.967118 0.000000 -0.737955 0.659440 0.143392 0.000000 0.673839 0.708393 0.210050 0.000000 11.773095 4.775330 -3.080181 1.000000
aniFrame
  m_time 0.805000
  m_vertexTransformMat 0.065683 0.230729 -0.970799 0.000000 -0.723972 0.680550 0.112763 0.000000 0.686695 0.695425 0.211742 0.000000 11.725993 4.461581 -2.596270 1.000000
aniFrame
  m_time 0.844000
  m_vertexTransformMat 0.095077 0.209628 -0.973148 0.000000 -0.711156 0.698357 0.080955 0.000000 0.696575 0.684363 0.215476 0.000000 11.634880 4.067002 -2.092754 1.000000
aniFrame
  m_time 0.883000
  m_vertexTransformMat 0.123874 0.188175 -0.974292 0.000000 -0.699191 0.713263 0.048863 0.000000 0.704122 0.675163 0.219925 0.000000 11.505688 3.634591 -1.660473 1.000000
aniFrame
  m_time 0.922000
  m_vertexTransformMat 0.151717 0.166636 -0.974276 0.000000 -0.688806 0.724753 0.016696 0.000000 0.708892 0.668554 0.224737 0.000000 11.322433 3.215012 -1.376808 1.000000
aniFrame
  m_time 0.961000
  m_vertexTransformMat 0.178207 0.144039 -0.973394 0.000000 -0.676857 0.735961 -0.015013 0.000000 0.714218 0.661524 0.228647 0.000000 11.074137 2.816343 -1.272423 1.000000
aniFrame
  m_time 1.000000
  m_vertexTransformMat 0.201459 0.120365 -0.972074 0.000000 -0.664551 0.745864 -0.045371 0.000000 0.719573 0.655133 0.230250 0.000000 10.768640 2.505485 -1.308299 1.000000
aniFrame
  m_time 1.039000
  m_vertexTransformMat 0.220115 0.095197 -0.970818 0.000000 -0.651320 0.755223 -0.073619 0.000000 0.726176 0.648518 0.228240 0.000000 10.464687 2.319399 -1.432513 1.000000
aniFrame
  m_time 1.078000
  m_vertexTransformMat 0.233135 0.066616 -0.970160 0.000000 -0.635896 0.765234 -0.100265 0.000000 0.735720 0.640296 0.220764 0.000000 10.195995 2.300617 -1.615969 1.000000
aniFrame
  m_time 1.117000
  m_vertexTransformMat 0.238127 0.024407 -0.970927 0.000000 -0.613966 0.778384 -0.131013 0.000000 0.752556 0.627314 0.200340 0.000000 9.972471 2.560172 -1.974507 1.000000
aniFrame
  m_time 1.156000
  m_vertexTransformMat 0.233975 -0.026188 -0.971890 0.000000 -0.589418 0.791168 -0.163216 0.000000 0.773203 0.611038 0.169678 0.000000 9.851532 3.052277 -2.433522 1.000000
aniFrame
  m_time 1.195000
  m_vertexTransformMat 0.222070 -0.069658 -0.972540 0.000000 -0.571217 0.799058 -0.187664 0.000000 0.790187 0.597206 0.137657 0.000000 9.914462 3.638561 -2.762760 1.000000
aniFrame
  m_time 1.234000
  m_vertexTransformMat 0.205035 -0.091540 -0.974465 0.000000 -0.567880 0.799773 -0.194616 0.000000 0.797166 0.593282 0.111998 0.000000 10.103110 4.197654 -2.831633 1.000000
aniFrame
  m_time 1.273000
  m_vertexTransformMat 0.187305 -0.079406 -0.979087 0.000000 -0.585958 0.790943 -0.176244 0.000000 0.788397 0.606716 0.101619 0.000000 10.218367 4.620722 -2.662960 1.000000
aniFrame
  m_time 1.312000
  m_vertexTransformMat 0.164151 -0.038947 -0.985666 0.000000 -0.624255 0.769578 -0.134371 0.000000 0.763780 0.637364 0.102014 0.000000 10.250404 4.908952 -2.370828 1.000000
aniFrame
  m_time 1.351000
  m_vertexTransformMat 0.132924 0.017746 -0.990968 0.000000 -0.672049 0.736497 -0.076957 0.000000 0.728479 0.676208 0.109824 0.000000 10.244875 5.108895 -2.076318 1.000000
aniFrame
  m_time 1.390000
  m_vertexTransformMat 0.093770 0.084190 -0.992028 0.000000 -0.722803 0.690986 -0.009680 0.000000 0.684662 0.717949 0.125646 0.000000 10.210841 5.256904 -1.881523 1.000000
aniFrame
  m_time 1.429000
  m_vertexTransformMat 0.048721 0.153337 -0.986972 0.000000 -0.770505 0.634552 0.060549 0.000000 0.635570 0.757517 0.149063 0.000000 10.154476 5.358511 -1.833331 1.000000
aniFrame
  m_time 1.468000
  m_vertexTransformMat 0.000010 0.219588 -0.975593 0.000000 -0.810652 0.571239 0.128567 0.000000 0.585528 0.790865 0.178015 0.000000 10.109320 5.415081 -1.886988 1.000000
aniFrame
  m_time 1.507000
  m_vertexTransformMat -0.048552 0.277779 -0.959418 0.000000 -0.840779 0.507172 0.189389 0.000000 0.539198 0.815853 0.208927 0.000000 10.101748 5.445672 -2.017705 1.000000
aniFrame
  m_time 1.546000
  m_vertexTransformMat -0.091759 0.324367 -0.941471 0.000000 -0.860377 0.450170 0.238953 0.000000 0.501330 0.831946 0.237771 0.000000 10.145350 5.463331 -2.199260 1.000000
aniFrame
  m_time 1.585000
  m_vertexTransformMat -0.123986 0.357141 -0.925785 0.000000 -0.870811 0.408135 0.274070 0.000000 0.475726 0.840165 0.260399 0.000000 10.237147 5.485226 -2.392321 1.000000
aniFrame
  m_time 1.624000
  m_vertexTransformMat -0.136034 0.372514 -0.918002 0.000000 -0.870320 0.397772 0.290379 0.000000 0.473326 0.838457 0.270096 0.000000 10.487681 5.492949 -2.667603 1.000000
aniFrame
  m_time 1.663000
  m_vertexTransformMat -0.119383 0.367475 -0.922340 0.000000 -0.855857 0.432784 0.283206 0.000000 0.503245 0.823201 0.262840 0.000000 10.951083 5.458562 -3.104735 1.000000
aniFrame
  m_time 1.702000
  m_vertexTransformMat -0.083426 0.346089 -0.934485 0.000000 -0.829280 0.495876 0.257683 0.000000 0.552570 0.796448 0.245636 0.000000 11.427695 5.368257 -3.515684 1.000000
aniFrame
  m_time 1.741000
  m_vertexTransformMat -0.040573 0.314552 -0.948373 0.000000 -0.794994 0.564795 0.221340 0.000000 0.605259 0.762931 0.227152 0.000000 11.699805 5.221733 -3.675184 1.000000
aniFrame
  m_time 1.780000
  m_vertexTransformMat -0.001980 0.282539 -0.959254 0.000000 -0.762972 0.619664 0.184091 0.000000 0.646428 0.732248 0.214343 0.000000 11.781446 5.047101 -3.549274 1.000000
aniFrame
  m_time 1.819000
  m_vertexTransformMat 0.027114 0.258551 -0.965617 0.000000 -0.742935 0.651505 0.153584 0.000000 0.668814 0.713227 0.209752 0.000000 11.784972 4.861074 -3.231095 1.000000
aniFrame
  m_time 1.858000
  m_vertexTransformMat 0.053163 0.237307 -0.969979 0.000000 -0.728770 0.673293 0.124779 0.000000 0.682691 0.700259 0.208736 0.000000 11.757679 4.622149 -2.792618 1.000000
aniFrame
  m_time 1.897000
  m_vertexTransformMat 0.079124 0.215448 -0.973305 0.000000 -0.715994 0.691628 0.094891 0.000000 0.693608 0.689372 0.208984 0.000000 11.704816 4.335310 -2.321258 1.000000
aniFrame
  m_time 1.936000
  m_vertexTransformMat 0.104635 0.193384 -0.975528 0.000000 -0.704337 0.706921 0.064590 0.000000 0.702111 0.680342 0.210176 0.000000 11.623271 4.014343 -1.893135 1.000000
aniFrame
  m_time 1.975000
  m_vertexTransformMat 0.129832 0.171172 -0.976649 0.000000 -0.693567 0.719593 0.033919 0.000000 0.708596 0.672968 0.212145 0.000000 11.506010 3.673686 -1.578445 1.000000
aniFrame
  m_time 2.014000
  m_vertexTransformMat 0.154857 0.148750 -0.976675 0.000000 -0.682939 0.730470 0.002968 0.000000 0.713873 0.666549 0.214705 0.000000 11.301812 3.321711 -1.434928 1.000000
aniFrame
  m_time 2.053000
  m_vertexTransformMat 0.180233 0.125716 -0.975557 0.000000 -0.670779 0.741113 -0.028422 0.000000 0.719425 0.659505 0.217901 0.000000 11.002083 2.958204 -1.424944 1.000000
aniFrame
  m_time 2.092000
  m_vertexTransformMat 0.204994 0.102286 -0.973404 0.000000 -0.657487 0.751110 -0.059536 0.000000 0.725043 0.652205 0.221225 0.000000 10.644409 2.609125 -1.483432 1.000000
aniFrame
  m_time 2.131000
  m_vertexTransformMat 0.228881 0.078481 -0.970286 0.000000 -0.642029 0.761395 -0.089864 0.000000 0.731718 0.643520 0.224656 0.000000 10.289403 2.276754 -1.539027 1.000000
aniFrame
  m_time 2.133000
  m_vertexTransformMat 0.229958 0.076718 -0.970172 0.000000 -0.641210 0.761862 -0.091739 0.000000 0.732100 0.643180 0.224388 0.000000 10.273667 2.272316 -1.544065 1.000000
