m_aniFrameList.size 202
aniFrame
  m_time -1.066000
  m_vertexTransformMat -0.591620 0.182508 0.785287 0.000000 -0.410056 0.770522 -0.488005 0.000000 -0.694147 -0.610726 -0.381018 0.000000 17.897467 -16.694038 -49.514606 1.000000
aniFrame
  m_time -1.050000
  m_vertexTransformMat -0.602620 0.231478 0.763720 0.000000 -0.375644 0.762074 -0.527385 0.000000 -0.704089 -0.604700 -0.372287 0.000000 17.959251 -18.180815 -48.819790 1.000000
aniFrame
  m_time -1.034000
  m_vertexTransformMat -0.612693 0.281681 0.738420 0.000000 -0.339335 0.750061 -0.567680 0.000000 -0.713764 -0.598385 -0.363973 0.000000 17.998005 -19.707073 -48.014069 1.000000
aniFrame
  m_time -1.018000
  m_vertexTransformMat -0.622267 0.336804 0.706645 0.000000 -0.297565 0.733174 -0.611483 0.000000 -0.724044 -0.590778 -0.356009 0.000000 18.006128 -21.403954 -47.016342 1.000000
aniFrame
  m_time -1.002000
  m_vertexTransformMat -0.629900 0.392931 0.669949 0.000000 -0.253353 0.711449 -0.655479 0.000000 -0.734193 -0.582619 -0.348591 0.000000 17.955561 -23.136143 -45.868996 1.000000
aniFrame
  m_time -0.986000
  m_vertexTransformMat -0.634890 0.447007 0.630158 0.000000 -0.209243 0.685665 -0.697195 0.000000 -0.743729 -0.574498 -0.341789 0.000000 17.843952 -24.803825 -44.616711 1.000000
aniFrame
  m_time -0.970000
  m_vertexTransformMat -0.637179 0.497978 0.588235 0.000000 -0.166073 0.656592 -0.735736 0.000000 -0.752611 -0.566486 -0.335666 0.000000 17.669756 -26.369417 -43.289360 1.000000
aniFrame
  m_time -0.954000
  m_vertexTransformMat -0.636821 0.542986 0.547381 0.000000 -0.127027 0.626361 -0.769114 0.000000 -0.760476 -0.559320 -0.329906 0.000000 17.456203 -27.736040 -41.967457 1.000000
aniFrame
  m_time -0.938000
  m_vertexTransformMat -0.634548 0.582147 0.508384 0.000000 -0.091931 0.596256 -0.797514 0.000000 -0.767397 -0.552797 -0.324836 0.000000 17.224262 -28.905457 -40.682076 1.000000
aniFrame
  m_time -0.922000
  m_vertexTransformMat -0.630726 0.612786 0.476108 0.000000 -0.065173 0.569539 -0.819377 0.000000 -0.773264 -0.547832 -0.319286 0.000000 16.971748 -29.781267 -39.576283 1.000000
aniFrame
  m_time -0.906000
  m_vertexTransformMat -0.626752 0.636111 0.450051 0.000000 -0.044700 0.547265 -0.835766 0.000000 -0.777936 -0.543935 -0.314565 0.000000 16.762772 -30.402655 -38.643532 1.000000
aniFrame
  m_time -0.890000
  m_vertexTransformMat -0.622628 0.649484 0.436470 0.000000 -0.035016 0.534093 -0.844701 0.000000 -0.781734 -0.541218 -0.309798 0.000000 16.554710 -30.658134 -38.107029 1.000000
aniFrame
  m_time -0.874000
  m_vertexTransformMat -0.619691 0.653488 0.434669 0.000000 -0.036428 0.529282 -0.847664 0.000000 -0.784001 -0.541124 -0.304186 0.000000 16.405609 -30.589787 -37.925751 1.000000
aniFrame
  m_time -0.858000
  m_vertexTransformMat -0.617615 0.649827 0.443033 0.000000 -0.045462 0.532871 -0.844975 0.000000 -0.785166 -0.542010 -0.299566 0.000000 16.308500 -30.227873 -38.084206 1.000000
aniFrame
  m_time -0.842000
  m_vertexTransformMat -0.615480 0.637872 0.462930 0.000000 -0.066448 0.543273 -0.836922 0.000000 -0.785346 -0.545870 -0.291989 0.000000 16.192665 -29.582798 -38.578377 1.000000
aniFrame
  m_time -0.826000
  m_vertexTransformMat -0.613984 0.622167 0.485729 0.000000 -0.091602 0.555055 -0.826755 0.000000 -0.783985 -0.552108 -0.283803 0.000000 16.126842 -28.835163 -39.154007 1.000000
aniFrame
  m_time -0.810000
  m_vertexTransformMat -0.611039 0.601427 0.514701 0.000000 -0.123094 0.570104 -0.812299 0.000000 -0.781972 -0.559703 -0.274323 0.000000 15.994844 -27.897324 -39.922520 1.000000
aniFrame
  m_time -0.794000
  m_vertexTransformMat -0.606888 0.577004 0.546584 0.000000 -0.159166 0.585546 -0.794860 0.000000 -0.778687 -0.569388 -0.263521 0.000000 15.826118 -26.856524 -40.774525 1.000000
aniFrame
  m_time -0.778000
  m_vertexTransformMat -0.601285 0.547985 0.581523 0.000000 -0.199352 0.601886 -0.773299 0.000000 -0.773767 -0.580901 -0.252664 0.000000 15.622110 -25.662256 -41.732872 1.000000
aniFrame
  m_time -0.762000
  m_vertexTransformMat -0.592940 0.515233 0.618836 0.000000 -0.243365 0.617907 -0.747639 0.000000 -0.767591 -0.593908 -0.240993 0.000000 15.316657 -24.353313 -42.773827 1.000000
aniFrame
  m_time -0.746000
  m_vertexTransformMat -0.582430 0.479005 0.656757 0.000000 -0.289846 0.632456 -0.718324 0.000000 -0.759450 -0.608732 -0.229523 0.000000 14.955952 -22.944368 -43.853058 1.000000
aniFrame
  m_time -0.730000
  m_vertexTransformMat -0.569025 0.439717 0.694881 0.000000 -0.337920 0.645343 -0.685086 0.000000 -0.749681 -0.624645 -0.218627 0.000000 14.504190 -21.448292 -44.959335 1.000000
aniFrame
  m_time -0.714000
  m_vertexTransformMat -0.552421 0.398104 0.732355 0.000000 -0.387250 0.655448 -0.648403 0.000000 -0.738153 -0.641796 -0.207917 0.000000 13.955572 -19.890207 -46.064472 1.000000
aniFrame
  m_time -0.698000
  m_vertexTransformMat -0.532796 0.354398 0.768460 0.000000 -0.436336 0.663016 -0.608294 0.000000 -0.725080 -0.659403 -0.198615 0.000000 13.317967 -18.278492 -47.146961 1.000000
aniFrame
  m_time -0.682000
  m_vertexTransformMat -0.509965 0.309722 0.802501 0.000000 -0.484749 0.667211 -0.565551 0.000000 -0.710601 -0.677423 -0.190116 0.000000 12.585360 -16.648771 -48.174534 1.000000
aniFrame
  m_time -0.666000
  m_vertexTransformMat -0.484127 0.264450 0.834078 0.000000 -0.531478 0.668369 -0.520398 0.000000 -0.695091 -0.695234 -0.183026 0.000000 11.765870 -15.012506 -49.140858 1.000000
aniFrame
  m_time -0.650000
  m_vertexTransformMat -0.456039 0.219265 0.862526 0.000000 -0.575465 0.666646 -0.473733 0.000000 -0.678873 -0.712394 -0.177837 0.000000 10.879180 -13.391239 -50.025505 1.000000
aniFrame
  m_time -0.634000
  m_vertexTransformMat -0.425208 0.175404 0.887937 0.000000 -0.616638 0.661989 -0.426061 0.000000 -0.662537 -0.728700 -0.173322 0.000000 9.912820 -11.821310 -50.825108 1.000000
aniFrame
  m_time -0.618000
  m_vertexTransformMat -0.392952 0.132578 0.909952 0.000000 -0.653786 0.655587 -0.377848 0.000000 -0.646647 -0.743390 -0.170937 0.000000 8.902961 -10.294555 -51.536617 1.000000
aniFrame
  m_time -0.602000
  m_vertexTransformMat -0.359967 0.092438 0.928375 0.000000 -0.686589 0.647488 -0.330688 0.000000 -0.631680 -0.756449 -0.169607 0.000000 7.871001 -8.858907 -52.146637 1.000000
aniFrame
  m_time -0.586000
  m_vertexTransformMat -0.326088 0.054589 0.943762 0.000000 -0.714815 0.639072 -0.283948 0.000000 -0.618632 -0.767208 -0.169373 0.000000 6.809456 -7.502947 -52.674049 1.000000
aniFrame
  m_time -0.570000
  m_vertexTransformMat -0.293632 0.019805 0.955713 0.000000 -0.737849 0.630943 -0.239771 0.000000 -0.607749 -0.775576 -0.170652 0.000000 5.786847 -6.247886 -53.107857 1.000000
aniFrame
  m_time -0.554000
  m_vertexTransformMat -0.262538 -0.010763 0.964862 0.000000 -0.756032 0.623627 -0.198759 0.000000 -0.599574 -0.781648 -0.171863 0.000000 4.802405 -5.132601 -53.452049 1.000000
aniFrame
  m_time -0.538000
  m_vertexTransformMat -0.233348 -0.038868 0.971617 0.000000 -0.768838 0.619134 -0.159880 0.000000 -0.595346 -0.784323 -0.174357 0.000000 3.866643 -4.095819 -53.738785 1.000000
aniFrame
  m_time -0.522000
  m_vertexTransformMat -0.205426 -0.064624 0.976537 0.000000 -0.773155 0.622480 -0.121449 0.000000 -0.600026 -0.779963 -0.177838 0.000000 2.939425 -3.107002 -54.016850 1.000000
aniFrame
  m_time -0.506000
  m_vertexTransformMat -0.179345 -0.089429 0.979713 0.000000 -0.769322 0.633445 -0.083010 0.000000 -0.613171 -0.768602 -0.182405 0.000000 2.041005 -2.122228 -54.285999 1.000000
aniFrame
  m_time -0.490000
  m_vertexTransformMat -0.155155 -0.114741 0.981204 0.000000 -0.756033 0.653109 -0.043175 0.000000 -0.635879 -0.748521 -0.188081 0.000000 1.162208 -1.078620 -54.559948 1.000000
aniFrame
  m_time -0.474000
  m_vertexTransformMat -0.133711 -0.141037 0.980934 0.000000 -0.732633 0.680621 -0.002006 0.000000 -0.667361 -0.718932 -0.194336 0.000000 0.336135 0.044513 -54.827393 1.000000
aniFrame
  m_time -0.458000
  m_vertexTransformMat -0.117132 -0.167185 0.978943 0.000000 -0.702417 0.710786 0.037344 0.000000 -0.702062 -0.683252 -0.200690 0.000000 -0.354050 1.190922 -55.046207 1.000000
aniFrame
  m_time -0.442000
  m_vertexTransformMat -0.105875 -0.193630 0.975345 0.000000 -0.664817 0.743194 0.075376 0.000000 -0.739465 -0.640445 -0.207415 0.000000 -0.888373 2.380699 -55.222347 1.000000
aniFrame
  m_time -0.426000
  m_vertexTransformMat -0.100740 -0.218336 0.970660 0.000000 -0.623900 0.773822 0.109309 0.000000 -0.774984 -0.594583 -0.214174 0.000000 -1.232140 3.520315 -55.330105 1.000000
aniFrame
  m_time -0.410000
  m_vertexTransformMat -0.101862 -0.241505 0.965039 0.000000 -0.579974 0.802579 0.139631 0.000000 -0.808241 -0.545475 -0.221819 0.000000 -1.381015 4.615867 -55.379337 1.000000
aniFrame
  m_time -0.394000
  m_vertexTransformMat -0.108371 -0.260701 0.959318 0.000000 -0.537797 0.826973 0.163982 0.000000 -0.836080 -0.498148 -0.229824 0.000000 -1.327281 5.549925 -55.380428 1.000000
aniFrame
  m_time -0.378000
  m_vertexTransformMat -0.119883 -0.276032 0.953643 0.000000 -0.498289 0.847547 0.182683 0.000000 -0.858683 -0.453289 -0.239150 0.000000 -1.088992 6.319224 -55.342018 1.000000
aniFrame
  m_time -0.362000
  m_vertexTransformMat -0.134341 -0.285404 0.948945 0.000000 -0.466278 0.863194 0.193603 0.000000 -0.874379 -0.416463 -0.249040 0.000000 -0.689671 6.811145 -55.299561 1.000000
aniFrame
  m_time -0.346000
  m_vertexTransformMat -0.150674 -0.288290 0.945615 0.000000 -0.444061 0.874340 0.195804 0.000000 -0.883237 -0.390407 -0.259759 0.000000 -0.157331 6.988237 -55.269047 1.000000
aniFrame
  m_time -0.330000
  m_vertexTransformMat -0.168102 -0.286240 0.943297 0.000000 -0.429771 0.882464 0.191193 0.000000 -0.887152 -0.373261 -0.271361 0.000000 0.467970 6.907079 -55.246155 1.000000
aniFrame
  m_time -0.314000
  m_vertexTransformMat -0.186068 -0.279196 0.942035 0.000000 -0.424198 0.887644 0.179289 0.000000 -0.886248 -0.366249 -0.283597 0.000000 1.172658 6.555383 -55.228764 1.000000
aniFrame
  m_time -0.298000
  m_vertexTransformMat -0.204868 -0.269221 0.941037 0.000000 -0.422918 0.891397 0.162948 0.000000 -0.882706 -0.364599 -0.296477 0.000000 1.941386 6.032226 -55.203991 1.000000
aniFrame
  m_time -0.282000
  m_vertexTransformMat -0.225140 -0.257473 0.939691 0.000000 -0.423537 0.894425 0.143595 0.000000 -0.877456 -0.365665 -0.310420 0.000000 2.792699 5.391582 -55.160118 1.000000
aniFrame
  m_time -0.266000
  m_vertexTransformMat -0.245959 -0.243574 0.938177 0.000000 -0.426148 0.896520 0.121037 0.000000 -0.870576 -0.370032 -0.324306 0.000000 3.681475 4.622247 -55.097721 1.000000
aniFrame
  m_time -0.250000
  m_vertexTransformMat -0.267909 -0.227710 0.936148 0.000000 -0.430568 0.897534 0.095097 0.000000 -0.861879 -0.377599 -0.338502 0.000000 4.634864 3.735156 -55.011871 1.000000
aniFrame
  m_time -0.234000
  m_vertexTransformMat -0.289980 -0.209897 0.933732 0.000000 -0.436015 0.897491 0.066341 0.000000 -0.851941 -0.387883 -0.351773 0.000000 5.600599 2.737537 -54.900879 1.000000
aniFrame
  m_time -0.218000
  m_vertexTransformMat -0.312531 -0.190079 0.930696 0.000000 -0.441599 0.896537 0.034812 0.000000 -0.841020 -0.400114 -0.364135 0.000000 6.590064 1.638669 -54.762794 1.000000
aniFrame
  m_time -0.202000
  m_vertexTransformMat -0.335706 -0.169012 0.926681 0.000000 -0.448249 0.893909 0.000649 0.000000 -0.828478 -0.415166 -0.375850 0.000000 7.622254 0.461699 -54.590176 1.000000
aniFrame
  m_time -0.186000
  m_vertexTransformMat -0.357924 -0.146157 0.922241 0.000000 -0.453943 0.890340 -0.035075 0.000000 -0.815982 -0.431200 -0.385021 0.000000 8.602283 -0.792657 -54.395092 1.000000
aniFrame
  m_time -0.170000
  m_vertexTransformMat -0.381786 -0.121940 0.916172 0.000000 -0.459265 0.885248 -0.073560 0.000000 -0.802069 -0.448850 -0.393978 0.000000 9.665590 -2.111951 -54.154255 1.000000
aniFrame
  m_time -0.154000
  m_vertexTransformMat -0.404123 -0.097662 0.909476 0.000000 -0.465113 0.878089 -0.112380 0.000000 -0.787626 -0.468425 -0.400280 0.000000 10.660507 -3.445705 -53.897190 1.000000
aniFrame
  m_time -0.138000
  m_vertexTransformMat -0.427158 -0.070561 0.901420 0.000000 -0.467292 0.870715 -0.153279 0.000000 -0.774064 -0.486701 -0.404906 0.000000 11.653530 -4.864530 -53.598190 1.000000
aniFrame
  m_time -0.122000
  m_vertexTransformMat -0.450186 -0.043629 0.891868 0.000000 -0.468453 0.861859 -0.194299 0.000000 -0.760187 -0.505269 -0.408435 0.000000 12.642864 -6.272935 -53.262390 1.000000
aniFrame
  m_time -0.106000
  m_vertexTransformMat -0.471471 -0.015197 0.881751 0.000000 -0.468149 0.851652 -0.235640 0.000000 -0.747364 -0.523888 -0.408644 0.000000 13.522319 -7.716088 -52.899418 1.000000
aniFrame
  m_time -0.090000
  m_vertexTransformMat -0.493340 0.013356 0.869735 0.000000 -0.465289 0.840754 -0.276837 0.000000 -0.734930 -0.541253 -0.408563 0.000000 14.407020 -9.138638 -52.482628 1.000000
aniFrame
  m_time -0.074000
  m_vertexTransformMat -0.512976 0.042685 0.857341 0.000000 -0.461061 0.828765 -0.317131 0.000000 -0.724071 -0.557967 -0.405456 0.000000 15.177573 -10.560090 -52.045212 1.000000
aniFrame
  m_time -0.058000
  m_vertexTransformMat -0.532935 0.072470 0.843047 0.000000 -0.453852 0.816401 -0.357083 0.000000 -0.714143 -0.572921 -0.402198 0.000000 15.928397 -11.955695 -51.545147 1.000000
aniFrame
  m_time -0.042000
  m_vertexTransformMat -0.550698 0.102138 0.828432 0.000000 -0.445062 0.803704 -0.394943 0.000000 -0.706153 -0.586198 -0.397141 0.000000 16.572218 -13.309115 -51.034611 1.000000
aniFrame
  m_time -0.026000
  m_vertexTransformMat -0.567159 0.132243 0.812922 0.000000 -0.434037 0.790851 -0.431471 0.000000 -0.699959 -0.597551 -0.391140 0.000000 17.137905 -14.622581 -50.481808 1.000000
aniFrame
  m_time -0.010000
  m_vertexTransformMat -0.582049 0.160676 0.797121 0.000000 -0.421498 0.778692 -0.464734 0.000000 -0.695383 -0.606484 -0.385512 0.000000 17.622452 -15.831758 -49.927265 1.000000
aniFrame
  m_time 0.005000
  m_vertexTransformMat -0.596403 0.194685 0.778717 0.000000 -0.403037 0.766348 -0.500271 0.000000 -0.694165 -0.612215 -0.378587 0.000000 18.020895 -17.152565 -49.287971 1.000000
aniFrame
  m_time 0.021000
  m_vertexTransformMat -0.610181 0.233660 0.757022 0.000000 -0.378052 0.753843 -0.537399 0.000000 -0.696244 -0.614105 -0.371645 0.000000 18.328321 -18.560135 -48.562298 1.000000
aniFrame
  m_time 0.037000
  m_vertexTransformMat -0.622673 0.279409 0.730896 0.000000 -0.346251 0.739258 -0.577587 0.000000 -0.701704 -0.612722 -0.363571 0.000000 18.525118 -20.119144 -47.701202 1.000000
aniFrame
  m_time 0.053000
  m_vertexTransformMat -0.633829 0.332676 0.698275 0.000000 -0.306014 0.721262 -0.621399 0.000000 -0.710364 -0.607542 -0.355353 0.000000 18.609892 -21.847704 -46.657501 1.000000
aniFrame
  m_time 0.069000
  m_vertexTransformMat -0.641588 0.387605 0.661912 0.000000 -0.262788 0.699639 -0.664416 0.000000 -0.720630 -0.600223 -0.347022 0.000000 18.557949 -23.572803 -45.498524 1.000000
aniFrame
  m_time 0.085000
  m_vertexTransformMat -0.646213 0.443062 0.621374 0.000000 -0.216707 0.674165 -0.706074 0.000000 -0.731743 -0.590930 -0.339640 0.000000 18.401838 -25.262926 -44.215378 1.000000
aniFrame
  m_time 0.101000
  m_vertexTransformMat -0.646862 0.494923 0.580192 0.000000 -0.172381 0.646214 -0.743433 0.000000 -0.742870 -0.580912 -0.332696 0.000000 18.130049 -26.793873 -42.905746 1.000000
aniFrame
  m_time 0.117000
  m_vertexTransformMat -0.644766 0.542429 0.538561 0.000000 -0.129911 0.616560 -0.776517 0.000000 -0.753260 -0.570637 -0.327069 0.000000 17.824863 -28.152163 -41.563416 1.000000
aniFrame
  m_time 0.133000
  m_vertexTransformMat -0.639840 0.582716 0.501046 0.000000 -0.093590 0.588037 -0.803402 0.000000 -0.762788 -0.560941 -0.321713 0.000000 17.455963 -29.246132 -40.336964 1.000000
aniFrame
  m_time 0.149000
  m_vertexTransformMat -0.633617 0.614750 0.469694 0.000000 -0.065500 0.562310 -0.824329 0.000000 -0.770870 -0.553073 -0.316023 0.000000 17.090286 -30.059065 -39.268818 1.000000
aniFrame
  m_time 0.165000
  m_vertexTransformMat -0.627681 0.638436 0.445440 0.000000 -0.043708 0.542395 -0.838987 0.000000 -0.777243 -0.546085 -0.312546 0.000000 16.796135 -30.577724 -38.422256 1.000000
aniFrame
  m_time 0.181000
  m_vertexTransformMat -0.622189 0.650517 0.435557 0.000000 -0.036040 0.531971 -0.845996 0.000000 -0.782038 -0.542066 -0.307542 0.000000 16.519629 -30.708956 -38.015747 1.000000
aniFrame
  m_time 0.197000
  m_vertexTransformMat -0.619052 0.653013 0.436290 0.000000 -0.038666 0.529519 -0.847417 0.000000 -0.784398 -0.541464 -0.302551 0.000000 16.369616 -30.530579 -37.932114 1.000000
aniFrame
  m_time 0.213000
  m_vertexTransformMat -0.616856 0.646851 0.448412 0.000000 -0.050708 0.535873 -0.842775 0.000000 -0.785441 -0.542608 -0.297756 0.000000 16.268478 -30.050343 -38.214283 1.000000
aniFrame
  m_time 0.229000
  m_vertexTransformMat -0.614934 0.632966 0.470331 0.000000 -0.074597 0.547062 -0.833762 0.000000 -0.785042 -0.547793 -0.289190 0.000000 16.165359 -29.345739 -38.762215 1.000000
aniFrame
  m_time 0.245000
  m_vertexTransformMat -0.613208 0.615820 0.494714 0.000000 -0.101336 0.559779 -0.822422 0.000000 -0.783395 -0.554448 -0.280856 0.000000 16.092670 -28.540821 -39.390499 1.000000
aniFrame
  m_time 0.261000
  m_vertexTransformMat -0.609638 0.593629 0.525307 0.000000 -0.134899 0.575334 -0.806718 0.000000 -0.781117 -0.562669 -0.270665 0.000000 15.933034 -27.557692 -40.204960 1.000000
aniFrame
  m_time 0.277000
  m_vertexTransformMat -0.605305 0.567870 0.557790 0.000000 -0.172015 0.590869 -0.788216 0.000000 -0.777185 -0.573060 -0.259974 0.000000 15.768694 -26.477444 -41.079155 1.000000
aniFrame
  m_time 0.293000
  m_vertexTransformMat -0.598794 0.537381 0.593859 0.000000 -0.213712 0.607392 -0.765116 0.000000 -0.771863 -0.585062 -0.248858 0.000000 15.530429 -25.233564 -42.075653 1.000000
aniFrame
  m_time 0.309000
  m_vertexTransformMat -0.589682 0.503569 0.631422 0.000000 -0.258625 0.622908 -0.738308 0.000000 -0.765107 -0.598668 -0.237082 0.000000 15.202290 -23.896294 -43.129066 1.000000
aniFrame
  m_time 0.325000
  m_vertexTransformMat -0.578352 0.466181 0.669466 0.000000 -0.305725 0.636973 -0.707671 0.000000 -0.756334 -0.613955 -0.225872 0.000000 14.819290 -22.452597 -44.220181 1.000000
aniFrame
  m_time 0.341000
  m_vertexTransformMat -0.563813 0.426108 0.707493 0.000000 -0.354275 0.649038 -0.673230 0.000000 -0.746059 -0.630223 -0.214977 0.000000 14.329753 -20.936239 -45.328812 1.000000
aniFrame
  m_time 0.357000
  m_vertexTransformMat -0.546228 0.383736 0.744569 0.000000 -0.403722 0.658225 -0.635413 0.000000 -0.733924 -0.647679 -0.204618 0.000000 13.754292 -19.357504 -46.429226 1.000000
aniFrame
  m_time 0.373000
  m_vertexTransformMat -0.525542 0.339563 0.780067 0.000000 -0.452538 0.664852 -0.594291 0.000000 -0.720428 -0.665334 -0.195742 0.000000 13.083417 -17.735994 -47.496460 1.000000
aniFrame
  m_time 0.389000
  m_vertexTransformMat -0.501659 0.294706 0.813319 0.000000 -0.500612 0.667856 -0.550778 0.000000 -0.705497 -0.683460 -0.187502 0.000000 12.321614 -16.104052 -48.503624 1.000000
aniFrame
  m_time 0.405000
  m_vertexTransformMat -0.475008 0.249271 0.843938 0.000000 -0.546411 0.668207 -0.504911 0.000000 -0.689785 -0.700974 -0.181199 0.000000 11.476973 -14.467476 -49.446377 1.000000
aniFrame
  m_time 0.421000
  m_vertexTransformMat -0.446091 0.204502 0.871311 0.000000 -0.589552 0.665334 -0.457995 0.000000 -0.673373 -0.717991 -0.176235 0.000000 10.566951 -12.862167 -50.300629 1.000000
aniFrame
  m_time 0.437000
  m_vertexTransformMat -0.414435 0.160976 0.895729 0.000000 -0.629510 0.660083 -0.409888 0.000000 -0.657237 -0.733742 -0.172225 0.000000 9.575423 -11.306794 -51.074104 1.000000
aniFrame
  m_time 0.453000
  m_vertexTransformMat -0.382121 0.118831 0.916440 0.000000 -0.665205 0.653016 -0.362040 0.000000 -0.641472 -0.747964 -0.170484 0.000000 8.564093 -9.803704 -51.750278 1.000000
aniFrame
  m_time 0.469000
  m_vertexTransformMat -0.348576 0.079688 0.933887 0.000000 -0.696534 0.644686 -0.314994 0.000000 -0.627165 -0.760283 -0.169217 0.000000 7.514468 -8.401947 -52.331753 1.000000
aniFrame
  m_time 0.485000
  m_vertexTransformMat -0.315109 0.042504 0.948103 0.000000 -0.723094 0.636282 -0.268851 0.000000 -0.614688 -0.770285 -0.169764 0.000000 6.464360 -7.068843 -52.829247 1.000000
aniFrame
  m_time 0.501000
  m_vertexTransformMat -0.283044 0.009286 0.959062 0.000000 -0.744324 0.628504 -0.225755 0.000000 -0.604870 -0.777751 -0.170982 0.000000 5.451550 -5.864050 -53.232601 1.000000
aniFrame
  m_time 0.517000
  m_vertexTransformMat -0.252636 -0.020396 0.967347 0.000000 -0.761084 0.621514 -0.185663 0.000000 -0.597433 -0.783137 -0.172540 0.000000 4.487639 -4.780204 -53.550877 1.000000
aniFrame
  m_time 0.533000
  m_vertexTransformMat -0.223876 -0.047682 0.973451 0.000000 -0.771228 0.619346 -0.147031 0.000000 -0.595893 -0.783669 -0.175430 0.000000 3.555632 -3.761926 -53.832321 1.000000
aniFrame
  m_time 0.549000
  m_vertexTransformMat -0.196519 -0.072915 0.977785 0.000000 -0.772809 0.625261 -0.108696 0.000000 -0.603445 -0.777002 -0.179226 0.000000 2.636991 -2.781476 -54.106995 1.000000
aniFrame
  m_time 0.565000
  m_vertexTransformMat -0.171085 -0.097734 0.980397 0.000000 -0.766088 0.638914 -0.069994 0.000000 -0.619548 -0.763044 -0.184182 0.000000 1.746669 -1.784499 -54.375721 1.000000
aniFrame
  m_time 0.581000
  m_vertexTransformMat -0.147581 -0.123462 0.981314 0.000000 -0.749192 0.661700 -0.029422 0.000000 -0.645702 -0.739534 -0.190151 0.000000 0.876258 -0.709969 -54.652584 1.000000
aniFrame
  m_time 0.597000
  m_vertexTransformMat -0.127590 -0.149763 0.980455 0.000000 -0.723269 0.690473 0.011347 0.000000 -0.678677 -0.707685 -0.196417 0.000000 0.088879 0.424003 -54.905891 1.000000
aniFrame
  m_time 0.613000
  m_vertexTransformMat -0.112745 -0.176054 0.977903 0.000000 -0.690555 0.721530 0.050283 0.000000 -0.714438 -0.669627 -0.202924 0.000000 -0.551464 1.586506 -55.111004 1.000000
aniFrame
  m_time 0.629000
  m_vertexTransformMat -0.103457 -0.202118 0.973881 0.000000 -0.651383 0.753719 0.087228 0.000000 -0.751663 -0.625345 -0.209634 0.000000 -1.024828 2.769114 -55.266422 1.000000
aniFrame
  m_time 0.645000
  m_vertexTransformMat -0.100445 -0.226317 0.968861 0.000000 -0.609439 0.783717 0.119887 0.000000 -0.786445 -0.578419 -0.216646 0.000000 -1.304264 3.894449 -55.352467 1.000000
aniFrame
  m_time 0.661000
  m_vertexTransformMat -0.103487 -0.248452 0.963100 0.000000 -0.565473 0.811283 0.148527 0.000000 -0.818249 -0.529237 -0.224450 0.000000 -1.385049 4.950651 -55.384533 1.000000
aniFrame
  m_time 0.677000
  m_vertexTransformMat -0.111713 -0.266289 0.957398 0.000000 -0.524207 0.834271 0.170876 0.000000 -0.844232 -0.482785 -0.232789 0.000000 -1.267602 5.827381 -55.370743 1.000000
aniFrame
  m_time 0.693000
  m_vertexTransformMat -0.124507 -0.279953 0.951906 0.000000 -0.486468 0.853376 0.187347 0.000000 -0.864781 -0.439746 -0.242440 0.000000 -0.972056 6.521301 -55.326218 1.000000
aniFrame
  m_time 0.709000
  m_vertexTransformMat -0.139593 -0.287000 0.947705 0.000000 -0.457885 0.867314 0.195210 0.000000 -0.877983 -0.406690 -0.252484 0.000000 -0.525231 6.901732 -55.288383 1.000000
aniFrame
  m_time 0.725000
  m_vertexTransformMat -0.156415 -0.288094 0.944742 0.000000 -0.438493 0.877338 0.194941 0.000000 -0.885019 -0.383770 -0.263556 0.000000 0.042701 6.987864 -55.260715 1.000000
aniFrame
  m_time 0.741000
  m_vertexTransformMat -0.174024 -0.284420 0.942773 0.000000 -0.426996 0.884490 0.188019 0.000000 -0.887350 -0.369840 -0.275369 0.000000 0.694308 6.818610 -55.240150 1.000000
aniFrame
  m_time 0.757000
  m_vertexTransformMat -0.192217 -0.276038 0.941730 0.000000 -0.423641 0.888943 0.174096 0.000000 -0.885201 -0.365492 -0.287811 0.000000 1.422707 6.392412 -55.222065 1.000000
aniFrame
  m_time 0.773000
  m_vertexTransformMat -0.211472 -0.265563 0.940615 0.000000 -0.422793 0.892534 0.156935 0.000000 -0.881207 -0.364498 -0.301024 0.000000 2.215570 5.834664 -55.191692 1.000000
aniFrame
  m_time 0.789000
  m_vertexTransformMat -0.232082 -0.253061 0.939201 0.000000 -0.424269 0.895209 0.136368 0.000000 -0.875291 -0.366825 -0.315127 0.000000 3.088552 5.147957 -55.141090 1.000000
aniFrame
  m_time 0.805000
  m_vertexTransformMat -0.253058 -0.238514 0.937589 0.000000 -0.427358 0.897012 0.112846 0.000000 -0.867944 -0.372130 -0.328927 0.000000 3.986934 4.340471 -55.072666 1.000000
aniFrame
  m_time 0.821000
  m_vertexTransformMat -0.275388 -0.221976 0.935355 0.000000 -0.432378 0.897609 0.085717 0.000000 -0.858610 -0.380821 -0.343168 0.000000 4.962771 3.413378 -54.976940 1.000000
aniFrame
  m_time 0.837000
  m_vertexTransformMat -0.297181 -0.203539 0.932875 0.000000 -0.437772 0.897320 0.056323 0.000000 -0.848552 -0.391648 -0.355770 0.000000 5.914137 2.384079 -54.859772 1.000000
aniFrame
  m_time 0.853000
  m_vertexTransformMat -0.320384 -0.183119 0.929420 0.000000 -0.443706 0.895864 0.023556 0.000000 -0.836947 -0.404842 -0.368272 0.000000 6.938875 1.251831 -54.707890 1.000000
aniFrame
  m_time 0.869000
  m_vertexTransformMat -0.342967 -0.161829 0.925303 0.000000 -0.450492 0.892715 -0.010847 0.000000 -0.824277 -0.420561 -0.379074 0.000000 7.944820 0.059242 -54.529655 1.000000
aniFrame
  m_time 0.885000
  m_vertexTransformMat -0.365796 -0.138012 0.920405 0.000000 -0.455544 0.888932 -0.047754 0.000000 -0.811587 -0.436753 -0.388038 0.000000 8.950165 -1.232177 -54.319176 1.000000
aniFrame
  m_time 0.901000
  m_vertexTransformMat -0.389439 -0.114220 0.913943 0.000000 -0.461520 0.882921 -0.086316 0.000000 -0.797080 -0.455418 -0.396559 0.000000 10.011075 -2.544482 -54.070141 1.000000
aniFrame
  m_time 0.917000
  m_vertexTransformMat -0.411583 -0.088776 0.907038 0.000000 -0.466187 0.875692 -0.125832 0.000000 -0.783115 -0.474640 -0.401806 0.000000 10.983590 -3.914746 -53.803825 1.000000
aniFrame
  m_time 0.933000
  m_vertexTransformMat -0.435141 -0.061635 0.898250 0.000000 -0.467684 0.867976 -0.167004 0.000000 -0.769366 -0.492768 -0.406518 0.000000 11.998211 -5.332726 -53.487305 1.000000
aniFrame
  m_time 0.949000
  m_vertexTransformMat -0.457292 -0.034284 0.888656 0.000000 -0.468612 0.858563 -0.208020 0.000000 -0.755835 -0.511561 -0.408680 0.000000 12.940687 -6.752181 -53.146820 1.000000
aniFrame
  m_time 0.965000
  m_vertexTransformMat -0.478849 -0.005635 0.877879 0.000000 -0.467404 0.848104 -0.249507 0.000000 -0.743126 -0.529800 -0.408748 0.000000 13.821481 -8.194136 -52.763920 1.000000
aniFrame
  m_time 0.981000
  m_vertexTransformMat -0.500015 0.022986 0.865712 0.000000 -0.464105 0.836867 -0.290276 0.000000 -0.731158 -0.546924 -0.407778 0.000000 14.672884 -9.611547 -52.341747 1.000000
aniFrame
  m_time 0.997000
  m_vertexTransformMat -0.519581 0.052678 0.852796 0.000000 -0.459003 0.824636 -0.330594 0.000000 -0.720661 -0.563206 -0.404286 0.000000 15.428816 -11.031897 -51.884453 1.000000
aniFrame
  m_time 1.013000
  m_vertexTransformMat -0.539135 0.082276 0.838191 0.000000 -0.451093 0.812224 -0.369876 0.000000 -0.711231 -0.577515 -0.400784 0.000000 16.156479 -12.409149 -51.376846 1.000000
aniFrame
  m_time 1.029000
  m_vertexTransformMat -0.556249 0.112266 0.823398 0.000000 -0.441648 0.799384 -0.407349 0.000000 -0.703942 -0.590239 -0.395074 0.000000 16.766134 -13.756367 -50.855465 1.000000
aniFrame
  m_time 1.045000
  m_vertexTransformMat -0.572279 0.141618 0.807738 0.000000 -0.430178 0.786735 -0.442715 0.000000 -0.698172 -0.600828 -0.389310 0.000000 17.309370 -15.028341 -50.298908 1.000000
aniFrame
  m_time 1.061000
  m_vertexTransformMat -0.586829 0.171071 0.791434 0.000000 -0.416236 0.774661 -0.476075 0.000000 -0.694535 -0.608798 -0.383388 0.000000 17.764635 -16.250469 -49.728901 1.000000
aniFrame
  m_time 1.077000
  m_vertexTransformMat -0.601105 0.207171 0.771851 0.000000 -0.395388 0.762233 -0.512512 0.000000 -0.694508 -0.613254 -0.376269 0.000000 18.134350 -17.613033 -49.055458 1.000000
aniFrame
  m_time 1.093000
  m_vertexTransformMat -0.614509 0.247962 0.748928 0.000000 -0.368289 0.749360 -0.550293 0.000000 -0.697669 -0.613982 -0.369167 0.000000 18.407104 -19.056753 -48.295258 1.000000
aniFrame
  m_time 1.109000
  m_vertexTransformMat -0.626619 0.296583 0.720685 0.000000 -0.333621 0.733648 -0.591994 0.000000 -0.704305 -0.611391 -0.360772 0.000000 18.566895 -20.684366 -47.371178 1.000000
aniFrame
  m_time 1.125000
  m_vertexTransformMat -0.636886 0.351089 0.686377 0.000000 -0.291599 0.714453 -0.636024 0.000000 -0.713685 -0.605221 -0.352648 0.000000 18.608318 -22.431293 -46.280090 1.000000
aniFrame
  m_time 1.141000
  m_vertexTransformMat -0.643466 0.406068 0.648891 0.000000 -0.247782 0.691566 -0.678484 0.000000 -0.724262 -0.597365 -0.344383 0.000000 18.516972 -24.141430 -45.084244 1.000000
aniFrame
  m_time 1.157000
  m_vertexTransformMat -0.646922 0.461058 0.607386 0.000000 -0.201313 0.664994 -0.719206 0.000000 -0.735503 -0.587545 -0.337382 0.000000 18.324295 -25.799915 -43.773682 1.000000
aniFrame
  m_time 1.173000
  m_vertexTransformMat -0.646394 0.511142 0.566488 0.000000 -0.158220 0.636512 -0.754864 0.000000 -0.746419 -0.577569 -0.330565 0.000000 18.029257 -27.262856 -42.464355 1.000000
aniFrame
  m_time 1.189000
  m_vertexTransformMat -0.643457 0.556965 0.525123 0.000000 -0.116610 0.606675 -0.786351 0.000000 -0.756549 -0.567218 -0.325421 0.000000 17.711639 -28.555534 -41.127716 1.000000
aniFrame
  m_time 1.205000
  m_vertexTransformMat -0.637742 0.594049 0.490298 0.000000 -0.083802 0.579253 -0.810829 0.000000 -0.765679 -0.558187 -0.319632 0.000000 17.323879 -29.539425 -39.975315 1.000000
aniFrame
  m_time 1.221000
  m_vertexTransformMat -0.631616 0.623792 0.460374 0.000000 -0.057227 0.554684 -0.830091 0.000000 -0.773166 -0.550645 -0.314649 0.000000 16.987526 -30.272650 -38.945763 1.000000
aniFrame
  m_time 1.237000
  m_vertexTransformMat -0.625719 0.643714 0.440577 0.000000 -0.039369 0.538027 -0.842008 0.000000 -0.779055 -0.544205 -0.311311 0.000000 16.699366 -30.660429 -38.243164 1.000000
aniFrame
  m_time 1.253000
  m_vertexTransformMat -0.620866 0.652247 0.434856 0.000000 -0.036209 0.530268 -0.847057 0.000000 -0.783080 -0.541654 -0.305608 0.000000 16.453068 -30.680035 -37.956036 1.000000
aniFrame
  m_time 1.269000
  m_vertexTransformMat -0.618298 0.652233 0.438522 0.000000 -0.040806 0.530562 -0.846664 0.000000 -0.784884 -0.541384 -0.301430 0.000000 16.338793 -30.412569 -37.973373 1.000000
aniFrame
  m_time 1.285000
  m_vertexTransformMat -0.616167 0.642709 0.455262 0.000000 -0.057965 0.539454 -0.840018 0.000000 -0.785480 -0.543980 -0.295139 0.000000 16.230803 -29.826733 -38.386021 1.000000
aniFrame
  m_time 1.301000
  m_vertexTransformMat -0.614474 0.627848 0.477732 0.000000 -0.082872 0.550823 -0.830498 0.000000 -0.784572 -0.549910 -0.286436 0.000000 16.146194 -29.101021 -38.947647 1.000000
aniFrame
  m_time 1.317000
  m_vertexTransformMat -0.612224 0.608871 0.504440 0.000000 -0.111874 0.564855 -0.817572 0.000000 -0.782730 -0.556970 -0.277701 0.000000 16.048189 -28.226532 -39.648907 1.000000
aniFrame
  m_time 1.333000
  m_vertexTransformMat -0.608265 0.585531 0.535880 0.000000 -0.146892 0.580436 -0.800948 0.000000 -0.780023 -0.565905 -0.267049 0.000000 15.877188 -27.213371 -40.486923 1.000000
aniFrame
  m_time 1.349000
  m_vertexTransformMat -0.603451 0.558174 0.569463 0.000000 -0.185427 0.596345 -0.781018 0.000000 -0.775541 -0.576901 -0.256365 0.000000 15.701375 -26.078247 -41.399490 1.000000
aniFrame
  m_time 1.365000
  m_vertexTransformMat -0.595993 0.526456 0.606330 0.000000 -0.228406 0.612754 -0.756547 0.000000 -0.769820 -0.589387 -0.244951 0.000000 15.427377 -24.796846 -42.423519 1.000000
aniFrame
  m_time 1.381000
  m_vertexTransformMat -0.586191 0.491482 0.644070 0.000000 -0.274135 0.627761 -0.728537 0.000000 -0.762385 -0.603624 -0.233256 0.000000 15.082752 -23.426210 -43.489052 1.000000
aniFrame
  m_time 1.397000
  m_vertexTransformMat -0.573900 0.453066 0.682180 0.000000 -0.321748 0.641286 -0.696585 0.000000 -0.753072 -0.619260 -0.222261 0.000000 14.669512 -21.953169 -44.589367 1.000000
aniFrame
  m_time 1.413000
  m_vertexTransformMat -0.558280 0.412234 0.719991 0.000000 -0.370744 0.652395 -0.661007 0.000000 -0.742207 -0.635959 -0.211386 0.000000 14.147102 -20.416704 -45.697392 1.000000
aniFrame
  m_time 1.429000
  m_vertexTransformMat -0.539690 0.369155 0.756611 0.000000 -0.420100 0.660746 -0.622038 0.000000 -0.729556 -0.653560 -0.201516 0.000000 13.542155 -18.819775 -46.790497 1.000000
aniFrame
  m_time 1.445000
  m_vertexTransformMat -0.517930 0.324673 0.791414 0.000000 -0.468700 0.666230 -0.580051 0.000000 -0.715591 -0.671361 -0.192886 0.000000 12.839284 -17.192783 -47.838852 1.000000
aniFrame
  m_time 1.461000
  m_vertexTransformMat -0.493034 0.279617 0.823852 0.000000 -0.516215 0.668223 -0.535725 0.000000 -0.700314 -0.689415 -0.185114 0.000000 12.048269 -15.558617 -48.825886 1.000000
aniFrame
  m_time 1.477000
  m_vertexTransformMat -0.465665 0.234194 0.853411 0.000000 -0.561076 0.667622 -0.489362 0.000000 -0.684361 -0.706707 -0.179487 0.000000 11.182055 -13.926561 -49.741032 1.000000
aniFrame
  m_time 1.493000
  m_vertexTransformMat -0.435807 0.189893 0.879780 0.000000 -0.603296 0.663754 -0.442114 0.000000 -0.667912 -0.723444 -0.174707 0.000000 10.244730 -12.339161 -50.567013 1.000000
aniFrame
  m_time 1.509000
  m_vertexTransformMat -0.403702 0.146657 0.903060 0.000000 -0.641889 0.657952 -0.393800 0.000000 -0.651923 -0.738642 -0.171479 0.000000 9.239382 -10.796520 -51.311367 1.000000
aniFrame
  m_time 1.525000
  m_vertexTransformMat -0.371146 0.105455 0.922567 0.000000 -0.676143 0.650292 -0.346342 0.000000 -0.636461 -0.752331 -0.170050 0.000000 8.220754 -9.325236 -51.953224 1.000000
aniFrame
  m_time 1.541000
  m_vertexTransformMat -0.337251 0.067030 0.939026 0.000000 -0.705954 0.641882 -0.299363 0.000000 -0.622809 -0.763869 -0.169155 0.000000 7.159662 -7.948715 -52.508018 1.000000
aniFrame
  m_time 1.557000
  m_vertexTransformMat -0.304303 0.030885 0.952074 0.000000 -0.730775 0.633554 -0.254124 0.000000 -0.611039 -0.773082 -0.170222 0.000000 6.123917 -6.649766 -52.973675 1.000000
aniFrame
  m_time 1.573000
  m_vertexTransformMat -0.272663 -0.000871 0.962109 0.000000 -0.750397 0.626036 -0.212097 0.000000 -0.602129 -0.779794 -0.171351 0.000000 5.123036 -5.493410 -53.346828 1.000000
aniFrame
  m_time 1.589000
  m_vertexTransformMat -0.242920 -0.029767 0.969590 0.000000 -0.765404 0.619937 -0.172731 0.000000 -0.595942 -0.784087 -0.173379 0.000000 4.176507 -4.434961 -53.645687 1.000000
aniFrame
  m_time 1.605000
  m_vertexTransformMat -0.214545 -0.056235 0.975094 0.000000 -0.772619 0.620523 -0.134209 0.000000 -0.597521 -0.782170 -0.176578 0.000000 3.245467 -3.432925 -53.925526 1.000000
aniFrame
  m_time 1.621000
  m_vertexTransformMat -0.187825 -0.081168 0.978843 0.000000 -0.771546 0.628904 -0.095898 0.000000 -0.607815 -0.773234 -0.180749 0.000000 2.337664 -2.453941 -54.196545 1.000000
aniFrame
  m_time 1.637000
  m_vertexTransformMat -0.163024 -0.106148 0.980896 0.000000 -0.761707 0.645432 -0.056749 0.000000 -0.627077 -0.756406 -0.186074 0.000000 1.453667 -1.437619 -54.466816 1.000000
aniFrame
  m_time 1.653000
  m_vertexTransformMat -0.140403 -0.132248 0.981223 0.000000 -0.741336 0.670952 -0.015647 0.000000 -0.656284 -0.729612 -0.192244 0.000000 0.599693 -0.334576 -54.742405 1.000000
aniFrame
  m_time 1.669000
  m_vertexTransformMat -0.122092 -0.158403 0.979797 0.000000 -0.713345 0.700391 0.024343 0.000000 -0.690097 -0.695961 -0.198509 0.000000 -0.140081 0.802687 -54.977493 1.000000
aniFrame
  m_time 1.685000
  m_vertexTransformMat -0.108980 -0.184906 0.976695 0.000000 -0.677951 0.732401 0.063010 0.000000 -0.726984 -0.655285 -0.205175 0.000000 -0.730154 1.984774 -55.170170 1.000000
aniFrame
  m_time 1.701000
  m_vertexTransformMat -0.101742 -0.210274 0.972334 0.000000 -0.637869 0.763828 0.098439 0.000000 -0.763395 -0.610207 -0.211840 0.000000 -1.138842 3.145432 -55.301689 1.000000
aniFrame
  m_time 1.717000
  m_vertexTransformMat -0.100831 -0.234084 0.966974 0.000000 -0.594715 0.793350 0.130039 0.000000 -0.797588 -0.561962 -0.219208 0.000000 -1.354086 4.261720 -55.368797 1.000000
aniFrame
  m_time 1.733000
  m_vertexTransformMat -0.105642 -0.254802 0.961206 0.000000 -0.551479 0.819360 0.156590 0.000000 -0.827472 -0.513543 -0.227076 0.000000 -1.366675 5.259827 -55.385029 1.000000
aniFrame
  m_time 1.749000
  m_vertexTransformMat -0.115583 -0.271440 0.955490 0.000000 -0.510954 0.841157 0.177151 0.000000 -0.851802 -0.467736 -0.235916 0.000000 -1.187913 6.085893 -55.357426 1.000000
aniFrame
  m_time 1.765000
  m_vertexTransformMat -0.129342 -0.283093 0.950331 0.000000 -0.475748 0.858590 0.191014 0.000000 -0.870020 -0.427412 -0.245733 0.000000 -0.838620 6.686199 -55.311756 1.000000
aniFrame
  m_time 1.781000
  m_vertexTransformMat -0.145055 -0.288028 0.946572 0.000000 -0.450586 0.870957 0.195971 0.000000 -0.880870 -0.398086 -0.256118 0.000000 -0.345987 6.961612 -55.278114 1.000000
aniFrame
  m_time 1.797000
  m_vertexTransformMat -0.162239 -0.287461 0.943952 0.000000 -0.433780 0.880010 0.193434 0.000000 -0.886292 -0.378085 -0.267467 0.000000 0.252308 6.961744 -55.253017 1.000000
aniFrame
  m_time 1.813000
  m_vertexTransformMat -0.179896 -0.281619 0.942511 0.000000 -0.424771 0.886448 0.183792 0.000000 -0.887247 -0.367287 -0.279092 0.000000 0.918952 6.691549 -55.234848 1.000000
aniFrame
  m_time 1.829000
  m_vertexTransformMat -0.198156 -0.271397 0.941849 0.000000 -0.421863 0.890963 0.167978 0.000000 -0.884741 -0.364045 -0.291042 0.000000 1.647685 6.193984 -55.215542 1.000000
aniFrame
  m_time 1.845000
  m_vertexTransformMat -0.217574 -0.258821 0.941103 0.000000 -0.419871 0.895247 0.149140 0.000000 -0.881119 -0.362693 -0.303453 0.000000 2.433381 5.577147 -55.182384 1.000000
aniFrame
  m_time 1.861000
  m_vertexTransformMat -0.237837 -0.243493 0.940290 0.000000 -0.419641 0.898817 0.126609 0.000000 -0.875977 -0.364472 -0.315951 0.000000 3.268179 4.820922 -55.131550 1.000000
aniFrame
  m_time 1.877000
  m_vertexTransformMat -0.258705 -0.225911 0.939168 0.000000 -0.420714 0.901557 0.100974 0.000000 -0.869524 -0.368998 -0.328281 0.000000 4.137186 3.950342 -55.063217 1.000000
aniFrame
  m_time 1.893000
  m_vertexTransformMat -0.280311 -0.205966 0.937552 0.000000 -0.423004 0.903266 0.071963 0.000000 -0.861681 -0.376416 -0.340320 0.000000 5.048412 2.961368 -54.969135 1.000000
aniFrame
  m_time 1.909000
  m_vertexTransformMat -0.302078 -0.184228 0.935312 0.000000 -0.425766 0.903925 0.040536 0.000000 -0.852920 -0.385979 -0.351494 0.000000 5.971074 1.880132 -54.850418 1.000000
aniFrame
  m_time 1.925000
  m_vertexTransformMat -0.324656 -0.160617 0.932095 0.000000 -0.429168 0.903204 0.006156 0.000000 -0.842860 -0.398026 -0.362163 0.000000 6.939642 0.703617 -54.696411 1.000000
aniFrame
  m_time 1.941000
  m_vertexTransformMat -0.346610 -0.135711 0.928140 0.000000 -0.432186 0.901298 -0.029611 0.000000 -0.832513 -0.411393 -0.371051 0.000000 7.879242 -0.539586 -54.516468 1.000000
aniFrame
  m_time 1.957000
  m_vertexTransformMat -0.369645 -0.109208 0.922734 0.000000 -0.435073 0.897822 -0.068029 0.000000 -0.821021 -0.426603 -0.379389 0.000000 8.876156 -1.860035 -54.293053 1.000000
aniFrame
  m_time 1.973000
  m_vertexTransformMat -0.391763 -0.082878 0.916326 0.000000 -0.438474 0.892382 -0.106751 0.000000 -0.808866 -0.443606 -0.385942 0.000000 9.832712 -3.196846 -54.047043 1.000000
aniFrame
  m_time 1.989000
  m_vertexTransformMat -0.414338 -0.054577 0.908486 0.000000 -0.439930 0.885849 -0.147424 0.000000 -0.796735 -0.460753 -0.391051 0.000000 10.792396 -4.607893 -53.762650 1.000000
aniFrame
  m_time 2.005000
  m_vertexTransformMat -0.436812 -0.027312 0.899138 0.000000 -0.441771 0.877215 -0.187972 0.000000 -0.783603 -0.479321 -0.395243 0.000000 11.749928 -6.000215 -53.443085 1.000000
aniFrame
  m_time 2.021000
  m_vertexTransformMat -0.458176 0.001101 0.888861 0.000000 -0.442017 0.867305 -0.228918 0.000000 -0.771165 -0.497776 -0.396892 0.000000 12.632782 -7.432490 -53.093250 1.000000
aniFrame
  m_time 2.037000
  m_vertexTransformMat -0.480587 0.029237 0.876459 0.000000 -0.440367 0.856248 -0.270029 0.000000 -0.758362 -0.515736 -0.398627 0.000000 13.550266 -8.855143 -52.683296 1.000000
aniFrame
  m_time 2.053000
