m_aniFrameList.size 84
aniFrame
  m_time -1.066000
  m_vertexTransformMat 0.987500 0.034390 0.153822 0.000000 -0.016029 0.992759 -0.119051 0.000000 -0.156802 0.115097 0.980901 0.000000 -2.334871 -8.805527 2.160110 1.000000
aniFrame
  m_time -1.027000
  m_vertexTransformMat 0.998205 -0.033349 0.049737 0.000000 0.035440 0.998499 -0.041770 0.000000 -0.048269 0.043457 0.997889 0.000000 4.018969 -9.386061 0.913118 1.000000
aniFrame
  m_time -0.988000
  m_vertexTransformMat 0.997640 -0.068170 -0.008209 0.000000 0.068164 0.997674 -0.001084 0.000000 0.008264 0.000522 0.999966 0.000000 7.164602 -9.212847 -0.061415 1.000000
aniFrame
  m_time -0.949000
  m_vertexTransformMat 0.997040 -0.074879 -0.017419 0.000000 0.074889 0.997192 -0.000037 0.000000 0.017373 -0.001268 0.999849 0.000000 7.702451 -7.751350 0.011749 1.000000
aniFrame
  m_time -0.910000
  m_vertexTransformMat 0.996490 -0.080148 -0.024158 0.000000 0.080178 0.996781 0.000265 0.000000 0.024059 -0.002201 0.999708 0.000000 8.075505 -6.161031 -0.008128 1.000000
aniFrame
  m_time -0.871000
  m_vertexTransformMat 0.996348 -0.081507 -0.025448 0.000000 0.081565 0.996667 0.001253 0.000000 0.025261 -0.003324 0.999676 0.000000 8.132832 -4.557584 0.019773 1.000000
aniFrame
  m_time -0.832000
  m_vertexTransformMat 0.996446 -0.080946 -0.023293 0.000000 0.081025 0.996709 0.002471 0.000000 0.023016 -0.004350 0.999726 0.000000 7.992122 -2.934950 0.071290 1.000000
aniFrame
  m_time -0.793000
  m_vertexTransformMat 0.996859 -0.077289 -0.017303 0.000000 0.077591 0.996832 0.017486 0.000000 0.015897 -0.018774 0.999698 0.000000 7.572952 -2.031281 0.193196 1.000000
aniFrame
  m_time -0.754000
  m_vertexTransformMat 0.997264 -0.073237 -0.010027 0.000000 0.073610 0.996311 0.044126 0.000000 0.006758 -0.044744 0.998976 0.000000 7.040094 -1.759796 0.319764 1.000000
aniFrame
  m_time -0.715000
  m_vertexTransformMat 0.997286 -0.073375 -0.006079 0.000000 0.073614 0.995268 0.063431 0.000000 0.001396 -0.063706 0.997968 0.000000 6.730933 -1.112988 0.396858 1.000000
aniFrame
  m_time -0.676000
  m_vertexTransformMat 0.996995 -0.077224 -0.006122 0.000000 0.077466 0.993682 0.081212 0.000000 -0.000188 -0.081442 0.996678 0.000000 6.652754 -0.390695 0.402280 1.000000
aniFrame
  m_time -0.637000
  m_vertexTransformMat 0.995694 -0.091954 -0.011751 0.000000 0.092681 0.990119 0.105237 0.000000 0.001958 -0.105873 0.994378 0.000000 6.832017 -0.104617 0.310122 1.000000
aniFrame
  m_time -0.598000
  m_vertexTransformMat 0.992672 -0.118556 -0.023381 0.000000 0.120718 0.981633 0.147727 0.000000 0.005437 -0.149467 0.988752 0.000000 7.119418 -0.939072 0.025704 1.000000
aniFrame
  m_time -0.559000
  m_vertexTransformMat 0.989425 -0.140382 -0.036492 0.000000 0.144963 0.965624 0.215768 0.000000 0.004947 -0.218776 0.975763 0.000000 7.188633 -3.041204 -0.568184 1.000000
aniFrame
  m_time -0.520000
  m_vertexTransformMat 0.990038 -0.132059 -0.048828 0.000000 0.140753 0.937023 0.319650 0.000000 0.003541 -0.323338 0.946277 0.000000 7.120639 -6.503651 -1.835188 1.000000
aniFrame
  m_time -0.481000
  m_vertexTransformMat 0.996156 -0.073707 -0.047335 0.000000 0.087467 0.866391 0.491647 0.000000 0.004773 -0.493898 0.869507 0.000000 7.054855 -12.538836 -5.219025 1.000000
aniFrame
  m_time -0.442000
  m_vertexTransformMat 0.999337 -0.036196 -0.003999 0.000000 0.029493 0.740055 0.671900 0.000000 -0.021361 -0.671572 0.740632 0.000000 5.435640 -20.403397 -11.238146 1.000000
aniFrame
  m_time -0.403000
  m_vertexTransformMat 0.997711 -0.032860 0.059095 0.000000 -0.028915 0.582682 0.812186 0.000000 -0.061122 -0.812035 0.580399 0.000000 2.895384 -28.081432 -18.393412 1.000000
aniFrame
  m_time -0.364000
  m_vertexTransformMat 0.995854 -0.034556 0.084144 0.000000 -0.059438 0.453043 0.889505 0.000000 -0.068858 -0.890819 0.449111 0.000000 1.633335 -33.792126 -24.213444 1.000000
aniFrame
  m_time -0.325000
  m_vertexTransformMat 0.999630 -0.012983 0.023908 0.000000 -0.016690 0.401354 0.915771 0.000000 -0.021485 -0.915831 0.400989 0.000000 2.678331 -37.899872 -27.016918 1.000000
aniFrame
  m_time -0.286000
  m_vertexTransformMat 0.998099 0.013842 -0.060052 0.000000 0.049108 0.410072 0.910730 0.000000 0.037233 -0.911948 0.408613 0.000000 4.411285 -41.278244 -27.196634 1.000000
aniFrame
  m_time -0.247000
  m_vertexTransformMat 0.997600 0.018644 -0.066692 0.000000 0.050748 0.458445 0.887272 0.000000 0.047116 -0.888527 0.456399 0.000000 4.591650 -43.591255 -24.610298 1.000000
aniFrame
  m_time -0.208000
  m_vertexTransformMat 0.999956 0.007211 0.006017 0.000000 -0.008967 0.542662 0.839903 0.000000 0.002791 -0.839920 0.542703 0.000000 2.668729 -44.590965 -19.508263 1.000000
aniFrame
  m_time -0.169000
  m_vertexTransformMat 0.997144 0.001277 0.075517 0.000000 -0.057433 0.662156 0.747162 0.000000 -0.049050 -0.749365 0.660338 0.000000 0.402931 -43.104671 -13.339556 1.000000
aniFrame
  m_time -0.130000
  m_vertexTransformMat 0.993654 0.004841 0.112381 0.000000 -0.070884 0.802694 0.592164 0.000000 -0.087341 -0.596372 0.797943 0.000000 -1.133429 -38.227818 -7.049989 1.000000
aniFrame
  m_time -0.091000
  m_vertexTransformMat 0.989630 0.015891 0.142756 0.000000 -0.069095 0.923984 0.376139 0.000000 -0.125927 -0.382102 0.915500 0.000000 -2.491522 -30.233974 -1.643644 1.000000
aniFrame
  m_time -0.052000
  m_vertexTransformMat 0.986739 0.029350 0.159642 0.000000 -0.051864 0.988969 0.138747 0.000000 -0.153808 -0.145187 0.977376 0.000000 -3.138881 -20.501925 1.489033 1.000000
aniFrame
  m_time -0.013000
  m_vertexTransformMat 0.985986 0.038716 0.162271 0.000000 -0.027150 0.996970 -0.072899 0.000000 -0.164602 0.067472 0.984050 0.000000 -2.972249 -11.152997 2.305348 1.000000
aniFrame
  m_time 0.025000
  m_vertexTransformMat 0.995095 -0.003010 0.098879 0.000000 0.013850 0.993931 -0.109132 0.000000 -0.097950 0.109967 0.989097 0.000000 1.246388 -7.735964 1.557588 1.000000
aniFrame
  m_time 0.064000
  m_vertexTransformMat 0.998167 -0.060382 0.004073 0.000000 0.060419 0.998128 -0.009556 0.000000 -0.003489 0.009784 0.999946 0.000000 6.518270 -9.420333 0.119521 1.000000
aniFrame
  m_time 0.103000
  m_vertexTransformMat 0.997308 -0.072055 -0.013566 0.000000 0.072058 0.997400 -0.000278 0.000000 0.013551 -0.000701 0.999908 0.000000 7.484611 -8.293124 0.024463 1.000000
aniFrame
  m_time 0.142000
  m_vertexTransformMat 0.996628 -0.078886 -0.022566 0.000000 0.078905 0.996882 -0.000032 0.000000 0.022498 -0.001749 0.999746 0.000000 7.989734 -6.715951 -0.008964 1.000000
aniFrame
  m_time 0.181000
  m_vertexTransformMat 0.996360 -0.081343 -0.025508 0.000000 0.081393 0.996682 0.000938 0.000000 0.025347 -0.003011 0.999674 0.000000 8.141766 -5.126800 0.005887 1.000000
aniFrame
  m_time 0.220000
  m_vertexTransformMat 0.996383 -0.081379 -0.024439 0.000000 0.081435 0.996678 0.001290 0.000000 0.024253 -0.003276 0.999701 0.000000 8.066780 -3.466968 0.046999 1.000000
aniFrame
  m_time 0.259000
  m_vertexTransformMat 0.996682 -0.078938 -0.019854 0.000000 0.079138 0.996819 0.009491 0.000000 0.019041 -0.011030 0.999758 0.000000 7.756129 -2.203138 0.138594 1.000000
aniFrame
  m_time 0.298000
  m_vertexTransformMat 0.997163 -0.074253 -0.012346 0.000000 0.074642 0.996601 0.034866 0.000000 0.009715 -0.035689 0.999316 0.000000 7.211863 -1.856774 0.284007 1.000000
aniFrame
  m_time 0.337000
  m_vertexTransformMat 0.997327 -0.072740 -0.006903 0.000000 0.073018 0.995639 0.058064 0.000000 0.002649 -0.058413 0.998289 0.000000 6.804512 -1.407331 0.373812 1.000000
aniFrame
  m_time 0.376000
  m_vertexTransformMat 0.997118 -0.075657 -0.005678 0.000000 0.075869 0.994331 0.074499 0.000000 0.000009 -0.074715 0.997205 0.000000 6.660417 -0.607960 0.412579 1.000000
aniFrame
  m_time 0.415000
  m_vertexTransformMat 0.996325 -0.085198 -0.008835 0.000000 0.085653 0.991663 0.096276 0.000000 0.000559 -0.096679 0.995316 0.000000 6.733602 -0.147156 0.357093 1.000000
aniFrame
  m_time 0.454000
  m_vertexTransformMat 0.993872 -0.108938 -0.018746 0.000000 0.110458 0.985262 0.130607 0.000000 0.004242 -0.131878 0.991257 0.000000 7.023149 -0.515914 0.153709 1.000000
aniFrame
  m_time 0.493000
  m_vertexTransformMat 0.990364 -0.134673 -0.032284 0.000000 0.138360 0.972219 0.188802 0.000000 0.005960 -0.191450 0.981484 0.000000 7.216372 -2.156928 -0.312117 1.000000
aniFrame
  m_time 0.532000
  m_vertexTransformMat 0.988768 -0.142972 -0.043566 0.000000 0.149454 0.948779 0.278357 0.000000 0.001538 -0.281742 0.959489 0.000000 7.027596 -5.179224 -1.269752 1.000000
aniFrame
  m_time 0.571000
  m_vertexTransformMat 0.993951 -0.096633 -0.052185 0.000000 0.109627 0.901405 0.418869 0.000000 0.006563 -0.422056 0.906546 0.000000 7.213308 -9.848847 -3.557502 1.000000
aniFrame
  m_time 0.610000
  m_vertexTransformMat 0.998851 -0.041835 -0.023380 0.000000 0.047355 0.786500 0.615772 0.000000 -0.007373 -0.616172 0.787578 0.000000 6.254988 -17.660500 -9.018222 1.000000
aniFrame
  m_time 0.649000
  m_vertexTransformMat 0.998829 -0.031012 0.037140 0.000000 -0.008686 0.640194 0.768164 0.000000 -0.047600 -0.767587 0.639175 0.000000 3.796033 -25.490248 -15.826315 1.000000
aniFrame
  m_time 0.688000
  m_vertexTransformMat 0.995910 -0.035192 0.083219 0.000000 -0.055279 0.491228 0.869275 0.000000 -0.071471 -0.870320 0.487273 0.000000 1.851845 -32.021629 -22.469646 1.000000
aniFrame
  m_time 0.727000
  m_vertexTransformMat 0.998471 -0.022208 0.050613 0.000000 -0.036971 0.412349 0.910275 0.000000 -0.041086 -0.910755 0.410898 0.000000 2.172273 -36.537823 -26.321005 1.000000
aniFrame
  m_time 0.766000
  m_vertexTransformMat 0.999312 0.006378 -0.036540 0.000000 0.030897 0.401967 0.915133 0.000000 0.020525 -0.915632 0.401494 0.000000 3.901854 -40.224770 -27.428604 1.000000
aniFrame
  m_time 0.805000
  m_vertexTransformMat 0.996708 0.020170 -0.078527 0.000000 0.061800 0.437924 0.896886 0.000000 0.052479 -0.898786 0.435236 0.000000 4.845872 -42.902699 -25.859722 1.000000
aniFrame
  m_time 0.844000
  m_vertexTransformMat 0.999624 0.011516 -0.024902 0.000000 0.015586 0.508583 0.860872 0.000000 0.022578 -0.860936 0.508212 0.000000 3.525861 -44.432648 -21.537916 1.000000
aniFrame
  m_time 0.883000
  m_vertexTransformMat 0.998505 0.002269 0.054614 0.000000 -0.044378 0.616981 0.785726 0.000000 -0.031913 -0.786975 0.616159 0.000000 1.150428 -43.968357 -15.545998 1.000000
aniFrame
  m_time 0.922000
  m_vertexTransformMat 0.994881 0.002737 0.101020 0.000000 -0.068441 0.753732 0.653609 0.000000 -0.074353 -0.657177 0.750060 0.000000 -0.635753 -40.305901 -9.203235 1.000000
aniFrame
  m_time 0.961000
  m_vertexTransformMat 0.991024 0.011114 0.133218 0.000000 -0.071232 0.887182 0.455888 0.000000 -0.113122 -0.461286 0.880011 0.000000 -2.082960 -33.296341 -3.304344 1.000000
aniFrame
  m_time 1.000000
  m_vertexTransformMat 0.987535 0.024768 0.155435 0.000000 -0.059118 0.973604 0.220455 0.000000 -0.145872 -0.226896 0.962933 0.000000 -3.022118 -23.955843 0.698194 1.000000
aniFrame
  m_time 1.039000
  m_vertexTransformMat 0.986235 0.035273 0.161545 0.000000 -0.035367 0.999372 -0.002298 0.000000 -0.161525 -0.003447 0.986863 0.000000 -3.046857 -14.312768 2.222753 1.000000
aniFrame
  m_time 1.078000
  m_vertexTransformMat 0.990901 0.019881 0.133119 0.000000 -0.002974 0.992023 -0.126019 0.000000 -0.134562 0.124476 0.983056 0.000000 -0.941086 -7.900399 1.920201 1.000000
aniFrame
  m_time 1.117000
  m_vertexTransformMat 0.998422 -0.043963 0.034951 0.000000 0.045576 0.997865 -0.046773 0.000000 -0.032820 0.048292 0.998294 0.000000 4.928554 -8.701832 0.657551 1.000000
aniFrame
  m_time 1.156000
  m_vertexTransformMat 0.997445 -0.070527 -0.011418 0.000000 0.070542 0.997508 0.000879 0.000000 0.011328 -0.001683 0.999934 0.000000 7.341495 -8.863429 -0.039911 1.000000
aniFrame
  m_time 1.195000
  m_vertexTransformMat 0.996814 -0.077170 -0.020182 0.000000 0.077182 0.997017 -0.000208 0.000000 0.020137 -0.001351 0.999797 0.000000 7.856928 -7.270164 -0.005470 1.000000
aniFrame
  m_time 1.234000
  m_vertexTransformMat 0.996405 -0.080927 -0.025059 0.000000 0.080966 0.996717 0.000554 0.000000 0.024932 -0.002581 0.999686 0.000000 8.121699 -5.686578 -0.004724 1.000000
aniFrame
  m_time 1.273000
  m_vertexTransformMat 0.996347 -0.081599 -0.025171 0.000000 0.081661 0.996659 0.001446 0.000000 0.024968 -0.003496 0.999682 0.000000 8.111429 -4.067518 0.030022 1.000000
aniFrame
  m_time 1.312000
  m_vertexTransformMat 0.996534 -0.080240 -0.021930 0.000000 0.080367 0.996753 0.004985 0.000000 0.021459 -0.006730 0.999747 0.000000 7.898311 -2.561137 0.097205 1.000000
aniFrame
  m_time 1.351000
  m_vertexTransformMat 0.997003 -0.075876 -0.015087 0.000000 0.076234 0.996784 0.024735 0.000000 0.013162 -0.025812 0.999581 0.000000 7.412587 -1.910751 0.236423 1.000000
aniFrame
  m_time 1.390000
  m_vertexTransformMat 0.997316 -0.072737 -0.008414 0.000000 0.073073 0.996025 0.050946 0.000000 0.004675 -0.051425 0.998666 0.000000 6.918547 -1.622390 0.343801 1.000000
aniFrame
  m_time 1.429000
  m_vertexTransformMat 0.997211 -0.074405 -0.005841 0.000000 0.074629 0.994911 0.067700 0.000000 0.000774 -0.067947 0.997689 0.000000 6.695554 -0.841602 0.409647 1.000000
aniFrame
  m_time 1.468000
  m_vertexTransformMat 0.996771 -0.079980 -0.007148 0.000000 0.080299 0.992864 0.088166 0.000000 0.000046 -0.088455 0.996080 0.000000 6.674332 -0.268218 0.384245 1.000000
aniFrame
  m_time 1.507000
  m_vertexTransformMat 0.994977 -0.098964 -0.015067 0.000000 0.100046 0.988210 0.115899 0.000000 0.003419 -0.116824 0.993147 0.000000 6.926092 -0.229235 0.247623 1.000000
aniFrame
  m_time 1.546000
  m_vertexTransformMat 0.991592 -0.126392 -0.027758 0.000000 0.129253 0.977734 0.165316 0.000000 0.006245 -0.167514 0.985850 0.000000 7.185303 -1.436689 -0.113300 1.000000
aniFrame
  m_time 1.585000
  m_vertexTransformMat 0.988767 -0.144112 -0.039639 0.000000 0.149432 0.958648 0.242208 0.000000 0.003095 -0.245410 0.969415 0.000000 7.102844 -3.946874 -0.841608 1.000000
aniFrame
  m_time 1.624000
  m_vertexTransformMat 0.991746 -0.116956 -0.052540 0.000000 0.128055 0.924032 0.360232 0.000000 0.006418 -0.363987 0.931382 0.000000 7.246346 -7.796631 -2.466799 1.000000
aniFrame
  m_time 1.663000
  m_vertexTransformMat 0.997702 -0.055518 -0.038838 0.000000 0.067737 0.830058 0.553549 0.000000 0.001506 -0.554908 0.831911 0.000000 6.809391 -14.952517 -6.936902 1.000000
aniFrame
  m_time 1.702000
  m_vertexTransformMat 0.999365 -0.032867 0.013752 0.000000 0.013057 0.696999 0.716953 0.000000 -0.033149 -0.716318 0.696986 0.000000 4.714789 -22.726152 -13.253980 1.000000
aniFrame
  m_time 1.741000
  m_vertexTransformMat 0.996771 -0.034397 0.072557 0.000000 -0.042673 0.538528 0.841526 0.000000 -0.068020 -0.841905 0.535322 0.000000 2.328964 -30.001020 -20.370632 1.000000
aniFrame
  m_time 1.780000
  m_vertexTransformMat 0.996859 -0.030409 0.073130 0.000000 -0.052991 0.430157 0.901198 0.000000 -0.058862 -0.902242 0.427194 0.000000 1.764913 -35.117893 -25.343964 1.000000
aniFrame
  m_time 1.819000
  m_vertexTransformMat 0.999983 -0.003317 -0.004739 0.000000 0.005668 0.398783 0.917028 0.000000 -0.001152 -0.917039 0.398795 0.000000 3.265793 -39.021511 -27.348871 1.000000
aniFrame
  m_time 1.858000
  m_vertexTransformMat 0.997080 0.018784 -0.074021 0.000000 0.059254 0.421166 0.905046 0.000000 0.048175 -0.906789 0.418823 0.000000 4.758617 -42.077045 -26.735285 1.000000
aniFrame
  m_time 1.897000
  m_vertexTransformMat 0.998642 0.016062 -0.049564 0.000000 0.035807 0.479443 0.876842 0.000000 0.037847 -0.877426 0.478217 0.000000 4.193668 -44.049320 -23.310186 1.000000
aniFrame
  m_time 1.936000
  m_vertexTransformMat 0.999541 0.004813 0.029927 0.000000 -0.027247 0.575266 0.817513 0.000000 -0.013282 -0.817952 0.575132 0.000000 1.968894 -44.454170 -17.707857 1.000000
aniFrame
  m_time 1.975000
  m_vertexTransformMat 0.996116 0.001910 0.088032 0.000000 -0.064021 0.702101 0.709194 0.000000 -0.060453 -0.712075 0.699496 0.000000 -0.071564 -42.040012 -11.501121 1.000000
aniFrame
  m_time 2.014000
  m_vertexTransformMat 0.993576 0.005064 0.113052 0.000000 -0.066826 0.832476 0.550017 0.000000 -0.091327 -0.554039 0.827466 0.000000 -1.192715 -36.575966 -5.816748 1.000000
aniFrame
  m_time 2.053000
  m_vertexTransformMat 0.991469 0.011779 0.129812 0.000000 -0.056744 0.935591 0.348497 0.000000 -0.117346 -0.352890 0.928277 0.000000 -1.873928 -28.682413 -1.335620 1.000000
aniFrame
  m_time 2.092000
  m_vertexTransformMat 0.989656 0.021032 0.141909 0.000000 -0.038471 0.991872 0.121288 0.000000 -0.138205 -0.125492 0.982421 0.000000 -2.144041 -19.155588 1.373272 1.000000
aniFrame
  m_time 2.131000
  m_vertexTransformMat 0.987588 0.034000 0.153341 0.000000 -0.017616 0.994107 -0.106966 0.000000 -0.156074 0.102937 0.982367 0.000000 -2.327669 -9.326724 2.166968 1.000000
aniFrame
  m_time 2.133000
  m_vertexTransformMat 0.987500 0.034390 0.153822 0.000000 -0.016029 0.992759 -0.119051 0.000000 -0.156802 0.115097 0.980901 0.000000 -2.334871 -8.805519 2.160110 1.000000
