m_aniFrameList.size 202
aniFrame
  m_time -1.066000
  m_vertexTransformMat 0.987500 0.034390 0.153822 0.000000 -0.016029 0.992759 -0.119051 0.000000 -0.156802 0.115097 0.980901 0.000000 -2.334871 -8.805527 2.160110 1.000000
aniFrame
  m_time -1.050000
  m_vertexTransformMat 0.994008 0.003165 0.109258 0.000000 0.006096 0.996420 -0.084326 0.000000 -0.109134 0.084487 0.990430 0.000000 0.485401 -9.085565 1.684501 1.000000
aniFrame
  m_time -1.034000
  m_vertexTransformMat 0.997544 -0.023797 0.065881 0.000000 0.027346 0.998194 -0.053492 0.000000 -0.064490 0.055162 0.996393 0.000000 3.089853 -9.313079 1.152720 1.000000
aniFrame
  m_time -1.018000
  m_vertexTransformMat 0.998543 -0.044435 0.030617 0.000000 0.045279 0.998597 -0.027445 0.000000 -0.029355 0.028792 0.999154 0.000000 5.084730 -9.474632 0.594383 1.000000
aniFrame
  m_time -1.002000
  m_vertexTransformMat 0.998172 -0.060329 0.003683 0.000000 0.060357 0.998145 -0.007962 0.000000 -0.003196 0.008169 0.999962 0.000000 6.531559 -9.487408 0.111929 1.000000
aniFrame
  m_time -0.986000
  m_vertexTransformMat 0.997593 -0.068758 -0.008945 0.000000 0.068753 0.997634 -0.000785 0.000000 0.008978 0.000168 0.999960 0.000000 7.205077 -9.152693 -0.063753 1.000000
aniFrame
  m_time -0.970000
  m_vertexTransformMat 0.997413 -0.070942 -0.011608 0.000000 0.070940 0.997480 -0.000601 0.000000 0.011622 -0.000224 0.999932 0.000000 7.369895 -8.572029 0.009932 1.000000
aniFrame
  m_time -0.954000
  m_vertexTransformMat 0.997142 -0.073813 -0.016075 0.000000 0.073822 0.997271 -0.000011 0.000000 0.016032 -0.001176 0.999871 0.000000 7.626729 -7.955286 0.018853 1.000000
aniFrame
  m_time -0.938000
  m_vertexTransformMat 0.996824 -0.077068 -0.020047 0.000000 0.077079 0.997025 -0.000204 0.000000 0.020003 -0.001342 0.999799 0.000000 7.849498 -7.296965 -0.005077 1.000000
aniFrame
  m_time -0.922000
  m_vertexTransformMat 0.996608 -0.079074 -0.022809 0.000000 0.079094 0.996868 -0.000045 0.000000 0.022741 -0.001760 0.999740 0.000000 8.003125 -6.646494 -0.009116 1.000000
aniFrame
  m_time -0.906000
  m_vertexTransformMat 0.996458 -0.080446 -0.024506 0.000000 0.080480 0.996756 0.000372 0.000000 0.024396 -0.002343 0.999700 0.000000 8.093560 -5.998823 -0.007294 1.000000
aniFrame
  m_time -0.890000
  m_vertexTransformMat 0.996370 -0.081246 -0.025420 0.000000 0.081291 0.996690 0.000744 0.000000 0.025275 -0.002808 0.999677 0.000000 8.138988 -5.344189 0.000956 1.000000
aniFrame
  m_time -0.874000
  m_vertexTransformMat 0.996349 -0.081478 -0.025491 0.000000 0.081534 0.996670 0.001168 0.000000 0.025311 -0.003242 0.999675 0.000000 8.136713 -4.681782 0.016844 1.000000
aniFrame
  m_time -0.858000
  m_vertexTransformMat 0.996348 -0.081601 -0.025126 0.000000 0.081662 0.996659 0.001384 0.000000 0.024929 -0.003431 0.999684 0.000000 8.108808 -4.006606 0.031149 1.000000
aniFrame
  m_time -0.842000
  m_vertexTransformMat 0.996396 -0.081300 -0.024188 0.000000 0.081355 0.996684 0.001290 0.000000 0.024003 -0.003254 0.999707 0.000000 8.051563 -3.307234 0.052196 1.000000
aniFrame
  m_time -0.826000
  m_vertexTransformMat 0.996489 -0.080612 -0.022618 0.000000 0.080717 0.996730 0.003795 0.000000 0.022238 -0.005607 0.999737 0.000000 7.945259 -2.744513 0.084804 1.000000
aniFrame
  m_time -0.810000
  m_vertexTransformMat 0.996658 -0.079129 -0.020272 0.000000 0.079323 0.996809 0.008931 0.000000 0.019501 -0.010510 0.999755 0.000000 7.783208 -2.319350 0.131235 1.000000
aniFrame
  m_time -0.794000
  m_vertexTransformMat 0.996846 -0.077412 -0.017493 0.000000 0.077707 0.996834 0.016864 0.000000 0.016132 -0.018171 0.999705 0.000000 7.586741 -2.041691 0.189276 1.000000
aniFrame
  m_time -0.778000
  m_vertexTransformMat 0.997060 -0.075290 -0.014278 0.000000 0.075667 0.996741 0.027979 0.000000 0.012125 -0.028977 0.999507 0.000000 7.351861 -1.939437 0.251187 1.000000
aniFrame
  m_time -0.762000
  m_vertexTransformMat 0.997213 -0.073753 -0.011296 0.000000 0.074141 0.996483 0.039053 0.000000 0.008376 -0.039781 0.999173 0.000000 7.134617 -1.833305 0.301242 1.000000
aniFrame
  m_time -0.746000
  m_vertexTransformMat 0.997305 -0.072832 -0.008871 0.000000 0.073181 0.996114 0.049011 0.000000 0.005267 -0.049528 0.998759 0.000000 6.952827 -1.677273 0.336535 1.000000
aniFrame
  m_time -0.730000
  m_vertexTransformMat 0.997334 -0.072639 -0.006958 0.000000 0.072921 0.995656 0.057888 0.000000 0.002723 -0.058241 0.998299 0.000000 6.808993 -1.454786 0.370011 1.000000
aniFrame
  m_time -0.714000
  m_vertexTransformMat 0.997281 -0.073450 -0.006050 0.000000 0.073687 0.995242 0.063759 0.000000 0.001338 -0.064031 0.997947 0.000000 6.727345 -1.088242 0.398278 1.000000
aniFrame
  m_time -0.698000
  m_vertexTransformMat 0.997171 -0.074948 -0.005753 0.000000 0.075167 0.994691 0.070287 0.000000 0.000455 -0.070521 0.997510 0.000000 6.680684 -0.745108 0.412986 1.000000
aniFrame
  m_time -0.682000
  m_vertexTransformMat 0.997060 -0.076407 -0.005837 0.000000 0.076629 0.993995 0.078114 0.000000 -0.000166 -0.078332 0.996927 0.000000 6.652519 -0.477264 0.408735 1.000000
aniFrame
  m_time -0.666000
  m_vertexTransformMat 0.996813 -0.079470 -0.006971 0.000000 0.079775 0.993001 0.087097 0.000000 0.000001 -0.087376 0.996176 0.000000 6.669575 -0.282102 0.387095 1.000000
aniFrame
  m_time -0.650000
  m_vertexTransformMat 0.996298 -0.085497 -0.008943 0.000000 0.085962 0.991599 0.096654 0.000000 0.000604 -0.097065 0.995278 0.000000 6.737730 -0.141205 0.355354 1.000000
aniFrame
  m_time -0.634000
  m_vertexTransformMat 0.995530 -0.093605 -0.012598 0.000000 0.094419 0.989691 0.107690 0.000000 0.002388 -0.108398 0.994105 0.000000 6.857013 -0.121387 0.295711 1.000000
aniFrame
  m_time -0.618000
  m_vertexTransformMat 0.994409 -0.104213 -0.017016 0.000000 0.105520 0.986721 0.123483 0.000000 0.003921 -0.124589 0.992201 0.000000 6.980074 -0.362909 0.200751 1.000000
aniFrame
  m_time -0.602000
  m_vertexTransformMat 0.993018 -0.115924 -0.021855 0.000000 0.117861 0.982777 0.142329 0.000000 0.004980 -0.143911 0.989578 0.000000 7.091179 -0.797211 0.067734 1.000000
aniFrame
  m_time -0.586000
  m_vertexTransformMat 0.991559 -0.126621 -0.027885 0.000000 0.129504 0.977622 0.165784 0.000000 0.006269 -0.167996 0.985768 0.000000 7.187647 -1.448765 -0.117310 1.000000
aniFrame
  m_time -0.570000
  m_vertexTransformMat 0.990158 -0.135979 -0.033129 0.000000 0.139835 0.971039 0.193724 0.000000 0.005827 -0.196450 0.980497 0.000000 7.217074 -2.313285 -0.356855 1.000000
aniFrame
  m_time -0.554000
  m_vertexTransformMat 0.989106 -0.142256 -0.037863 0.000000 0.147148 0.962796 0.226654 0.000000 0.004212 -0.229756 0.973239 0.000000 7.155440 -3.412102 -0.677522 1.000000
aniFrame
  m_time -0.538000
  m_vertexTransformMat 0.988631 -0.144302 -0.042247 0.000000 0.150348 0.952116 0.266215 0.000000 0.001808 -0.269540 0.962987 0.000000 7.040959 -4.768684 -1.117939 1.000000
aniFrame
  m_time -0.522000
  m_vertexTransformMat 0.989790 -0.134204 -0.048012 0.000000 0.142502 0.938902 0.313299 0.000000 0.003032 -0.316942 0.948440 0.000000 7.097119 -6.305150 -1.743754 1.000000
aniFrame
  m_time -0.506000
  m_vertexTransformMat 0.992119 -0.113580 -0.052903 0.000000 0.125113 0.920864 0.369265 0.000000 0.006775 -0.372974 0.927817 0.000000 7.258925 -8.097544 -2.620252 1.000000
aniFrame
  m_time -0.490000
  m_vertexTransformMat 0.994723 -0.088986 -0.051057 0.000000 0.102413 0.890796 0.442713 0.000000 0.006086 -0.445606 0.895209 0.000000 7.169374 -10.718092 -4.063234 1.000000
aniFrame
  m_time -0.474000
  m_vertexTransformMat 0.997139 -0.062335 -0.042765 0.000000 0.075530 0.844891 0.529580 0.000000 0.003120 -0.531295 0.847181 0.000000 6.925214 -13.997110 -6.234668 1.000000
aniFrame
  m_time -0.458000
  m_vertexTransformMat 0.998707 -0.043455 -0.026380 0.000000 0.050551 0.794103 0.605679 0.000000 -0.005371 -0.606229 0.795272 0.000000 6.374187 -17.195520 -8.653398 1.000000
aniFrame
  m_time -0.442000
  m_vertexTransformMat 0.999337 -0.036196 -0.003999 0.000000 0.029493 0.740055 0.671900 0.000000 -0.021361 -0.671572 0.740632 0.000000 5.435640 -20.403397 -11.238146 1.000000
aniFrame
  m_time -0.426000
  m_vertexTransformMat 0.999276 -0.031796 0.020891 0.000000 0.006290 0.679629 0.733529 0.000000 -0.037521 -0.732867 0.679337 0.000000 4.437620 -23.600193 -14.049189 1.000000
aniFrame
  m_time -0.410000
  m_vertexTransformMat 0.998323 -0.031635 0.048488 0.000000 -0.019033 0.611623 0.790920 0.000000 -0.054677 -0.790517 0.609995 0.000000 3.336097 -26.795601 -17.101488 1.000000
aniFrame
  m_time -0.394000
  m_vertexTransformMat 0.996978 -0.034139 0.069779 0.000000 -0.039684 0.548385 0.835284 0.000000 -0.066781 -0.835529 0.545374 0.000000 2.444986 -29.578735 -19.931791 1.000000
aniFrame
  m_time -0.378000
  m_vertexTransformMat 0.995924 -0.035184 0.083053 0.000000 -0.055050 0.492294 0.868687 0.000000 -0.071450 -0.869718 0.488351 0.000000 1.860844 -31.975311 -22.422100 1.000000
aniFrame
  m_time -0.362000
  m_vertexTransformMat 0.995961 -0.034138 0.083040 0.000000 -0.058985 0.448504 0.891833 0.000000 -0.067689 -0.893129 0.444679 0.000000 1.634092 -34.030087 -24.430370 1.000000
aniFrame
  m_time -0.346000
  m_vertexTransformMat 0.997620 -0.026846 0.063504 0.000000 -0.046340 0.420913 0.905917 0.000000 -0.051050 -0.906704 0.418667 0.000000 1.934132 -35.788242 -25.836405 1.000000
aniFrame
  m_time -0.330000
  m_vertexTransformMat 0.999262 -0.016684 0.034594 0.000000 -0.024897 0.404433 0.914229 0.000000 -0.029244 -0.914416 0.403719 0.000000 2.467906 -37.404720 -26.797667 1.000000
aniFrame
  m_time -0.314000
  m_vertexTransformMat 0.999988 -0.003870 -0.003049 0.000000 0.004339 0.398774 0.917039 0.000000 -0.002333 -0.917041 0.398786 0.000000 3.230919 -38.959274 -27.336672 1.000000
aniFrame
  m_time -0.298000
  m_vertexTransformMat 0.999185 0.007278 -0.039694 0.000000 0.033407 0.402646 0.914746 0.000000 0.022641 -0.915327 0.402075 0.000000 3.962767 -40.360394 -27.417101 1.000000
aniFrame
  m_time -0.282000
  m_vertexTransformMat 0.997719 0.015810 -0.065636 0.000000 0.053245 0.413483 0.908954 0.000000 0.041510 -0.910375 0.411698 0.000000 4.548209 -41.562126 -27.066858 1.000000
aniFrame
  m_time -0.266000
  m_vertexTransformMat 0.996689 0.020210 -0.078764 0.000000 0.062401 0.430964 0.900209 0.000000 0.052138 -0.902143 0.428276 0.000000 4.861857 -42.594902 -26.247274 1.000000
aniFrame
  m_time -0.250000
  m_vertexTransformMat 0.997339 0.019124 -0.070359 0.000000 0.054059 0.453586 0.889571 0.000000 0.048926 -0.891007 0.451345 0.000000 4.670183 -43.453403 -24.912884 1.000000
aniFrame
  m_time -0.234000
  m_vertexTransformMat 0.998748 0.015686 -0.047507 0.000000 0.034072 0.482066 0.875472 0.000000 0.036634 -0.875994 0.480928 0.000000 4.140614 -44.093384 -23.150919 1.000000
aniFrame
  m_time -0.218000
  m_vertexTransformMat 0.999806 0.010235 -0.016834 0.000000 0.009114 0.517252 0.855784 0.000000 0.017466 -0.855771 0.517059 0.000000 3.304241 -44.503120 -21.011473 1.000000
aniFrame
  m_time -0.202000
  m_vertexTransformMat 0.999803 0.005858 0.018970 0.000000 -0.019003 0.559053 0.828914 0.000000 -0.005750 -0.829111 0.559054 0.000000 2.297768 -44.555695 -18.583580 1.000000
aniFrame
  m_time -0.186000
  m_vertexTransformMat 0.998803 0.002824 0.048840 0.000000 -0.040544 0.606457 0.794082 0.000000 -0.027377 -0.795111 0.605846 0.000000 1.349836 -44.120026 -16.079609 1.000000
aniFrame
  m_time -0.170000
  m_vertexTransformMat 0.997245 0.001258 0.074171 0.000000 -0.056630 0.658748 0.750229 0.000000 -0.047916 -0.752362 0.657005 0.000000 0.451786 -43.181675 -13.501446 1.000000
aniFrame
  m_time -0.154000
  m_vertexTransformMat 0.995754 0.002150 0.092029 0.000000 -0.065817 0.715579 0.695424 0.000000 -0.064359 -0.698529 0.712682 0.000000 -0.237797 -41.639977 -10.889582 1.000000
aniFrame
  m_time -0.138000
  m_vertexTransformMat 0.994390 0.003329 0.105729 0.000000 -0.069462 0.774373 0.628905 0.000000 -0.079780 -0.632721 0.770259 0.000000 -0.845696 -39.482658 -8.297226 1.000000
aniFrame
  m_time -0.122000
  m_vertexTransformMat 0.992874 0.006577 0.118987 0.000000 -0.071660 0.830729 0.552045 0.000000 -0.095215 -0.556637 0.825281 0.000000 -1.433118 -36.817726 -5.813200 1.000000
aniFrame
  m_time -0.106000
  m_vertexTransformMat 0.991171 0.010699 0.132156 0.000000 -0.071339 0.883199 0.463542 0.000000 -0.111760 -0.468877 0.876164 0.000000 -2.036367 -33.583351 -3.482697 1.000000
aniFrame
  m_time -0.090000
  m_vertexTransformMat 0.989540 0.016243 0.143340 0.000000 -0.068818 0.926437 0.370106 0.000000 -0.126784 -0.376099 0.917865 0.000000 -2.517538 -29.997309 -1.531750 1.000000
aniFrame
  m_time -0.074000
  m_vertexTransformMat 0.988206 0.021815 0.151567 0.000000 -0.062826 0.960418 0.271385 0.000000 -0.139647 -0.277707 0.950462 0.000000 -2.878143 -26.047529 0.053959 1.000000
aniFrame
  m_time -0.058000
  m_vertexTransformMat 0.987018 0.027439 0.158249 0.000000 -0.055302 0.983110 0.174460 0.000000 -0.150790 -0.180946 0.971865 0.000000 -3.108469 -22.026531 1.178675 1.000000
aniFrame
  m_time -0.042000
  m_vertexTransformMat 0.986478 0.032029 0.160735 0.000000 -0.045486 0.995696 0.080751 0.000000 -0.157456 -0.086971 0.983689 0.000000 -3.128871 -17.984337 1.883694 1.000000
aniFrame
  m_time -0.026000
  m_vertexTransformMat 0.986212 0.035466 0.161642 0.000000 -0.034968 0.999371 -0.005926 0.000000 -0.161751 0.000192 0.986832 0.000000 -3.046532 -14.152780 2.232163 1.000000
aniFrame
  m_time -0.010000
  m_vertexTransformMat 0.986104 0.038801 0.161531 0.000000 -0.025102 0.995979 -0.085997 0.000000 -0.164218 0.080747 0.983114 0.000000 -2.902744 -10.538068 2.290883 1.000000
aniFrame
  m_time 0.005000
  m_vertexTransformMat 0.988878 0.028775 0.145917 0.000000 -0.010322 0.992017 -0.125679 0.000000 -0.148368 0.122775 0.981281 0.000000 -1.793256 -8.273767 2.059615 1.000000
aniFrame
  m_time 0.021000
  m_vertexTransformMat 0.994004 0.003839 0.109277 0.000000 0.008879 0.993249 -0.115659 0.000000 -0.108983 0.115936 0.987260 0.000000 0.594922 -7.722040 1.671562 1.000000
aniFrame
  m_time 0.037000
  m_vertexTransformMat 0.997310 -0.022615 0.069731 0.000000 0.028660 0.995801 -0.086943 0.000000 -0.067472 0.088707 0.993770 0.000000 3.008332 -7.915704 1.190443 1.000000
aniFrame
  m_time 0.053000
  m_vertexTransformMat 0.998464 -0.047749 0.028104 0.000000 0.048807 0.998077 -0.038216 0.000000 -0.026225 0.039529 0.998874 0.000000 5.287643 -8.882450 0.541959 1.000000
aniFrame
  m_time 0.069000
  m_vertexTransformMat 0.997925 -0.064310 -0.003104 0.000000 0.064301 0.997927 -0.002730 0.000000 0.003274 0.002525 0.999992 0.000000 6.885724 -9.465393 -0.001768 1.000000
aniFrame
  m_time 0.085000
  m_vertexTransformMat 0.997476 -0.070110 -0.011261 0.000000 0.070134 0.997536 0.001745 0.000000 0.011111 -0.002531 0.999935 0.000000 7.322625 -9.049995 -0.071399 1.000000
aniFrame
  m_time 0.101000
  m_vertexTransformMat 0.997342 -0.071703 -0.012966 0.000000 0.071704 0.997426 -0.000398 0.000000 0.012961 -0.000533 0.999916 0.000000 7.450127 -8.368703 0.023110 1.000000
aniFrame
  m_time 0.117000
  m_vertexTransformMat 0.997037 -0.074915 -0.017492 0.000000 0.074925 0.997189 -0.000085 0.000000 0.017449 -0.001226 0.999847 0.000000 7.707029 -7.735211 0.012852 1.000000
aniFrame
  m_time 0.133000
  m_vertexTransformMat 0.996741 -0.077864 -0.021108 0.000000 0.077877 0.996963 -0.000196 0.000000 0.021059 -0.001449 0.999777 0.000000 7.908680 -7.079742 -0.008521 1.000000
aniFrame
  m_time 0.149000
  m_vertexTransformMat 0.996553 -0.079568 -0.023459 0.000000 0.079593 0.996827 0.000131 0.000000 0.023374 -0.001998 0.999725 0.000000 8.038288 -6.432848 -0.008717 1.000000
aniFrame
  m_time 0.165000
  m_vertexTransformMat 0.996421 -0.080786 -0.024898 0.000000 0.080824 0.996728 0.000536 0.000000 0.024773 -0.002546 0.999690 0.000000 8.113371 -5.783805 -0.005574 1.000000
aniFrame
  m_time 0.181000
  m_vertexTransformMat 0.996360 -0.081343 -0.025508 0.000000 0.081393 0.996682 0.000938 0.000000 0.025347 -0.003011 0.999674 0.000000 8.141766 -5.126800 0.005887 1.000000
aniFrame
  m_time 0.197000
  m_vertexTransformMat 0.996348 -0.081518 -0.025397 0.000000 0.081579 0.996666 0.001377 0.000000 0.025200 -0.003444 0.999677 0.000000 8.128431 -4.464448 0.021980 1.000000
aniFrame
  m_time 0.213000
  m_vertexTransformMat 0.996361 -0.081528 -0.024868 0.000000 0.081587 0.996666 0.001343 0.000000 0.024676 -0.003368 0.999690 0.000000 8.092649 -3.773959 0.037380 1.000000
aniFrame
  m_time 0.229000
  m_vertexTransformMat 0.996423 -0.081106 -0.023726 0.000000 0.081171 0.996699 0.001792 0.000000 0.023502 -0.003712 0.999717 0.000000 8.021504 -3.101802 0.062292 1.000000
aniFrame
  m_time 0.245000
  m_vertexTransformMat 0.996531 -0.080266 -0.021974 0.000000 0.080392 0.996751 0.004903 0.000000 0.021509 -0.006653 0.999747 0.000000 7.901321 -2.571307 0.096372 1.000000
aniFrame
  m_time 0.261000
  m_vertexTransformMat 0.996705 -0.078732 -0.019521 0.000000 0.078944 0.996826 0.010335 0.000000 0.018645 -0.011842 0.999756 0.000000 7.733047 -2.160415 0.145592 1.000000
aniFrame
  m_time 0.277000
  m_vertexTransformMat 0.996901 -0.076895 -0.016598 0.000000 0.077213 0.996825 0.019433 0.000000 0.015051 -0.020654 0.999674 0.000000 7.523377 -1.946410 0.207150 1.000000
aniFrame
  m_time 0.293000
  m_vertexTransformMat 0.997113 -0.074753 -0.013300 0.000000 0.075138 0.996682 0.031302 0.000000 0.010916 -0.032211 0.999422 0.000000 7.281428 -1.884630 0.267881 1.000000
aniFrame
  m_time 0.309000
  m_vertexTransformMat 0.997242 -0.073475 -0.010504 0.000000 0.073854 0.996384 0.042008 0.000000 0.007379 -0.042668 0.999062 0.000000 7.076299 -1.761358 0.313274 1.000000
aniFrame
  m_time 0.325000
  m_vertexTransformMat 0.997317 -0.072737 -0.008240 0.000000 0.073067 0.995990 0.051632 0.000000 0.004451 -0.052095 0.998632 0.000000 6.905242 -1.587833 0.348361 1.000000
aniFrame
  m_time 0.341000
  m_vertexTransformMat 0.997320 -0.072867 -0.006591 0.000000 0.073132 0.995530 0.059765 0.000000 0.002206 -0.060087 0.998191 0.000000 6.779107 -1.326604 0.381528 1.000000
aniFrame
  m_time 0.357000
  m_vertexTransformMat 0.997248 -0.073900 -0.005932 0.000000 0.074130 0.995091 0.065567 0.000000 0.001057 -0.065826 0.997831 0.000000 6.710727 -0.957834 0.404708 1.000000
aniFrame
  m_time 0.373000
  m_vertexTransformMat 0.997137 -0.075406 -0.005678 0.000000 0.075619 0.994457 0.073053 0.000000 0.000138 -0.073274 0.997312 0.000000 6.666334 -0.659467 0.413086 1.000000
aniFrame
  m_time 0.389000
  m_vertexTransformMat 0.997004 -0.077110 -0.006075 0.000000 0.077349 0.993716 0.080903 0.000000 -0.000201 -0.081130 0.996704 0.000000 6.651914 -0.401794 0.402816 1.000000
aniFrame
  m_time 0.405000
  m_vertexTransformMat 0.996669 -0.081205 -0.007540 0.000000 0.081554 0.992559 0.090423 0.000000 0.000141 -0.090737 0.995875 0.000000 6.686481 -0.235439 0.377908 1.000000
aniFrame
  m_time 0.421000
  m_vertexTransformMat 0.996071 -0.087996 -0.009921 0.000000 0.088547 0.991048 0.099917 0.000000 0.001039 -0.100403 0.994947 0.000000 6.772367 -0.111038 0.339830 1.000000
aniFrame
  m_time 0.437000
  m_vertexTransformMat 0.995207 -0.096763 -0.014151 0.000000 0.097743 0.988816 0.112650 0.000000 0.003092 -0.113493 0.993534 0.000000 6.900100 -0.182125 0.266718 1.000000
aniFrame
  m_time 0.453000
  m_vertexTransformMat 0.993959 -0.108190 -0.018461 0.000000 0.109673 0.985500 0.129463 0.000000 0.004187 -0.130706 0.991412 0.000000 7.016253 -0.490469 0.161557 1.000000
aniFrame
  m_time 0.469000
  m_vertexTransformMat 0.992556 -0.119425 -0.023889 0.000000 0.121664 0.981219 0.149688 0.000000 0.005564 -0.151480 0.988445 0.000000 7.127375 -0.994245 0.010632 1.000000
aniFrame
  m_time 0.485000
  m_vertexTransformMat 0.991059 -0.130073 -0.029706 0.000000 0.133275 0.975565 0.174674 0.000000 0.006260 -0.177071 0.984178 0.000000 7.204727 -1.716925 -0.190092 1.000000
aniFrame
  m_time 0.501000
  m_vertexTransformMat 0.989800 -0.138144 -0.034811 0.000000 0.142356 0.968534 0.204151 0.000000 0.005514 -0.207024 0.978320 0.000000 7.211031 -2.653477 -0.455033 1.000000
aniFrame
  m_time 0.517000
  m_vertexTransformMat 0.988823 -0.143826 -0.039282 0.000000 0.149057 0.959511 0.239001 0.000000 0.003317 -0.242185 0.970224 0.000000 7.113429 -3.836576 -0.806900 1.000000
aniFrame
  m_time 0.533000
  m_vertexTransformMat 0.988821 -0.142506 -0.043884 0.000000 0.149102 0.947980 0.281253 0.000000 0.001521 -0.284652 0.958630 0.000000 7.026669 -5.276403 -1.307229 1.000000
aniFrame
  m_time 0.549000
  m_vertexTransformMat 0.990488 -0.128146 -0.050118 0.000000 0.137527 0.933702 0.330587 0.000000 0.004432 -0.334335 0.942444 0.000000 7.161260 -6.846304 -1.997092 1.000000
aniFrame
  m_time 0.565000
  m_vertexTransformMat 0.992979 -0.105733 -0.053049 0.000000 0.118084 0.912680 0.391244 0.000000 0.007049 -0.394761 0.918757 0.000000 7.258256 -8.855427 -3.015588 1.000000
aniFrame
  m_time 0.581000
  m_vertexTransformMat 0.995589 -0.079934 -0.049123 0.000000 0.093667 0.876878 0.471500 0.000000 0.005386 -0.474021 0.880497 0.000000 7.106996 -11.782841 -4.723312 1.000000
aniFrame
  m_time 0.597000
  m_vertexTransformMat 0.997776 -0.054615 -0.038218 0.000000 0.066648 0.827939 0.556844 0.000000 0.001230 -0.558152 0.829738 0.000000 6.790405 -15.086790 -7.037422 1.000000
aniFrame
  m_time 0.613000
  m_vertexTransformMat 0.999008 -0.040105 -0.019359 0.000000 0.043355 0.776596 0.628506 0.000000 -0.010172 -0.628722 0.777564 0.000000 6.090124 -18.260620 -9.493540 1.000000
aniFrame
  m_time 0.629000
  m_vertexTransformMat 0.999386 -0.034798 0.004042 0.000000 0.022298 0.720862 0.692720 0.000000 -0.027019 -0.692205 0.721195 0.000000 5.097760 -21.470205 -12.143428 1.000000
aniFrame
  m_time 0.645000
  m_vertexTransformMat 0.999063 -0.031087 0.030121 0.000000 -0.002268 0.657315 0.753612 0.000000 -0.043227 -0.752974 0.656629 0.000000 4.075340 -24.684050 -15.058335 1.000000
aniFrame
  m_time 0.661000
  m_vertexTransformMat 0.997858 -0.032553 0.056744 0.000000 -0.026686 0.589403 0.807398 0.000000 -0.059729 -0.807183 0.587272 0.000000 2.993991 -27.785042 -18.092800 1.000000
aniFrame
  m_time 0.677000
  m_vertexTransformMat 0.996571 -0.034618 0.075152 0.000000 -0.045541 0.528825 0.847508 0.000000 -0.069082 -0.848025 0.525435 0.000000 2.219924 -30.414433 -20.801369 1.000000
aniFrame
  m_time 0.693000
  m_vertexTransformMat 0.995759 -0.035210 0.084996 0.000000 -0.058079 0.475927 0.877565 0.000000 -0.071351 -0.878780 0.471864 0.000000 1.735747 -32.698566 -23.156347 1.000000
aniFrame
  m_time 0.709000
  m_vertexTransformMat 0.996394 -0.032395 0.078423 0.000000 -0.056397 0.437687 0.897357 0.000000 -0.063395 -0.898544 0.434281 0.000000 1.683018 -34.641674 -24.960672 1.000000
aniFrame
  m_time 0.725000
  m_vertexTransformMat 0.998251 -0.023495 0.054238 0.000000 -0.039644 0.414492 0.909189 0.000000 -0.043842 -0.909750 0.412836 0.000000 2.104999 -36.335480 -26.196924 1.000000
aniFrame
  m_time 0.741000
  m_vertexTransformMat 0.999651 -0.012720 0.023148 0.000000 -0.016103 0.401193 0.915852 0.000000 -0.020936 -0.915905 0.400849 0.000000 2.693651 -37.932674 -27.029892 1.000000
aniFrame
  m_time 0.757000
  m_vertexTransformMat 0.999865 0.000398 -0.016433 0.000000 0.014908 0.399285 0.916706 0.000000 0.006927 -0.916827 0.399225 0.000000 3.504227 -39.449028 -27.412306 1.000000
aniFrame
  m_time 0.773000
  m_vertexTransformMat 0.998731 0.010230 -0.049307 0.000000 0.040933 0.405405 0.913221 0.000000 0.029332 -0.914080 0.404472 0.000000 4.163270 -40.780865 -27.349566 1.000000
aniFrame
  m_time 0.789000
  m_vertexTransformMat 0.997254 0.018015 -0.071831 0.000000 0.057716 0.418678 0.906299 0.000000 0.046401 -0.907956 0.416489 0.000000 4.703785 -41.924313 -26.847948 1.000000
aniFrame
  m_time 0.805000
  m_vertexTransformMat 0.996708 0.020170 -0.078527 0.000000 0.061800 0.437924 0.896886 0.000000 0.052479 -0.898786 0.435236 0.000000 4.845872 -42.902699 -25.859722 1.000000
aniFrame
  m_time 0.821000
  m_vertexTransformMat 0.997812 0.018219 -0.063552 0.000000 0.047949 0.462372 0.885388 0.000000 0.045516 -0.886499 0.460487 0.000000 4.523070 -43.692970 -24.365231 1.000000
aniFrame
  m_time 0.837000
  m_vertexTransformMat 0.999149 0.013990 -0.038805 0.000000 0.026870 0.493034 0.869595 0.000000 0.031297 -0.869898 0.492238 0.000000 3.905637 -44.255394 -22.487310 1.000000
aniFrame
  m_time 0.853000
  m_vertexTransformMat 0.999953 0.008513 -0.004644 0.000000 -0.000580 0.530491 0.847690 0.000000 0.009680 -0.847647 0.530471 0.000000 2.967138 -44.570850 -20.219189 1.000000
aniFrame
  m_time 0.869000
  m_vertexTransformMat 0.999559 0.004880 0.029277 0.000000 -0.026770 0.574257 0.818237 0.000000 -0.012820 -0.818660 0.574135 0.000000 1.989126 -44.462513 -17.761139 1.000000
aniFrame
  m_time 0.885000
  m_vertexTransformMat 0.998316 0.001981 0.057972 0.000000 -0.046562 0.623393 0.780521 0.000000 -0.034593 -0.781906 0.622436 0.000000 1.032723 -43.866627 -15.224585 1.000000
aniFrame
  m_time 0.901000
  m_vertexTransformMat 0.996716 0.001540 0.080961 0.000000 -0.060618 0.677102 0.733388 0.000000 -0.053689 -0.735887 0.674972 0.000000 0.205026 -42.743942 -12.637694 1.000000
aniFrame
  m_time 0.917000
  m_vertexTransformMat 0.995303 0.002412 0.096783 0.000000 -0.067361 0.735283 0.674405 0.000000 -0.069536 -0.677756 0.731991 0.000000 -0.445926 -40.980751 -10.015333 1.000000
aniFrame
  m_time 0.933000
  m_vertexTransformMat 0.993904 0.004261 0.110165 0.000000 -0.070426 0.793334 0.604699 0.000000 -0.084821 -0.608772 0.788798 0.000000 -1.037718 -38.659630 -7.462933 1.000000
aniFrame
  m_time 0.949000
  m_vertexTransformMat 0.992326 0.007809 0.123400 0.000000 -0.071781 0.848991 0.523508 0.000000 -0.100677 -0.528349 0.843037 0.000000 -1.638101 -35.792221 -5.005436 1.000000
aniFrame
  m_time 0.965000
  m_vertexTransformMat 0.990588 0.012446 0.136310 0.000000 -0.070857 0.898665 0.432875 0.000000 -0.117109 -0.438459 0.891089 0.000000 -2.215446 -32.426201 -2.788724 1.000000
aniFrame
  m_time 0.981000
  m_vertexTransformMat 0.989078 0.018105 0.146275 0.000000 -0.067105 0.938919 0.337533 0.000000 -0.131229 -0.343663 0.929879 0.000000 -2.649237 -28.709522 -0.958281 1.000000
aniFrame
  m_time 0.997000
  m_vertexTransformMat 0.987777 0.023695 0.154060 0.000000 -0.060462 0.969238 0.238585 0.000000 -0.143668 -0.244984 0.958824 0.000000 -2.974249 -24.704979 0.482312 1.000000
aniFrame
  m_time 1.013000
  m_vertexTransformMat 0.986764 0.029148 0.159519 0.000000 -0.052264 0.988386 0.142692 0.000000 -0.153507 -0.149140 0.976828 0.000000 -3.136978 -20.671381 1.457312 1.000000
aniFrame
  m_time 1.029000
  m_vertexTransformMat 0.986411 0.033163 0.160918 0.000000 -0.041892 0.997812 0.051160 0.000000 -0.158869 -0.057206 0.985641 0.000000 -3.099129 -16.681528 2.034068 1.000000
aniFrame
  m_time 1.045000
  m_vertexTransformMat 0.986034 0.037072 0.162367 0.000000 -0.031845 0.998891 -0.034682 0.000000 -0.163473 0.029027 0.986121 0.000000 -3.042207 -12.880829 2.288757 1.000000
aniFrame
  m_time 1.061000
  m_vertexTransformMat 0.986590 0.037674 0.158809 0.000000 -0.020976 0.994194 -0.105539 0.000000 -0.161863 0.100793 0.981652 0.000000 -2.691111 -9.569952 2.239334 1.000000
aniFrame
  m_time 1.077000
  m_vertexTransformMat 0.990568 0.021408 0.135338 0.000000 -0.004165 0.991968 -0.126424 0.000000 -0.136957 0.124668 0.982701 0.000000 -1.087249 -7.943255 1.943503 1.000000
aniFrame
  m_time 1.093000
  m_vertexTransformMat 0.995420 -0.005268 0.095447 0.000000 0.015504 0.994158 -0.106821 0.000000 -0.094327 0.107812 0.989687 0.000000 1.459025 -7.747009 1.518528 1.000000
aniFrame
  m_time 1.109000
  m_vertexTransformMat 0.997930 -0.031426 0.056102 0.000000 0.035457 0.996748 -0.072362 0.000000 -0.053645 0.074202 0.995800 0.000000 3.782727 -8.173823 0.992888 1.000000
aniFrame
  m_time 1.125000
  m_vertexTransformMat 0.998395 -0.054520 0.015358 0.000000 0.054857 0.998241 -0.022505 0.000000 -0.014104 0.023311 0.999629 0.000000 5.944446 -9.200904 0.319513 1.000000
aniFrame
  m_time 1.141000
  m_vertexTransformMat 0.997706 -0.067238 -0.007869 0.000000 0.067248 0.997736 0.001015 0.000000 0.007783 -0.001542 0.999969 0.000000 7.131810 -9.402687 -0.071839 1.000000
aniFrame
  m_time 1.157000
  m_vertexTransformMat 0.997439 -0.070598 -0.011435 0.000000 0.070610 0.997504 0.000651 0.000000 0.011360 -0.001457 0.999934 0.000000 7.345083 -8.818479 -0.031901 1.000000
aniFrame
  m_time 1.173000
  m_vertexTransformMat 0.997250 -0.072666 -0.014534 0.000000 0.072672 0.997356 -0.000074 0.000000 0.014501 -0.000983 0.999894 0.000000 7.539588 -8.168139 0.024873 1.000000
aniFrame
  m_time 1.189000
  m_vertexTransformMat 0.996928 -0.076033 -0.018822 0.000000 0.076044 0.997105 -0.000131 0.000000 0.018777 -0.001301 0.999823 0.000000 7.781156 -7.517556 0.003495 1.000000
aniFrame
  m_time 1.205000
  m_vertexTransformMat 0.996671 -0.078494 -0.022020 0.000000 0.078510 0.996913 -0.000114 0.000000 0.021961 -0.001615 0.999758 0.000000 7.959628 -6.863675 -0.008916 1.000000
aniFrame
  m_time 1.221000
  m_vertexTransformMat 0.996503 -0.080036 -0.024027 0.000000 0.080064 0.996790 0.000237 0.000000 0.023931 -0.002160 0.999712 0.000000 8.068669 -6.215281 -0.008188 1.000000
aniFrame
  m_time 1.237000
  m_vertexTransformMat 0.996390 -0.081067 -0.025223 0.000000 0.081108 0.996705 0.000626 0.000000 0.025089 -0.002670 0.999682 0.000000 8.129764 -5.563848 -0.003118 1.000000
aniFrame
  m_time 1.253000
  m_vertexTransformMat 0.996353 -0.081421 -0.025532 0.000000 0.081474 0.996675 0.001039 0.000000 0.025362 -0.003115 0.999673 0.000000 8.141273 -4.903601 0.011303 1.000000
aniFrame
  m_time 1.269000
  m_vertexTransformMat 0.996345 -0.081591 -0.025295 0.000000 0.081654 0.996660 0.001461 0.000000 0.025091 -0.003521 0.999679 0.000000 8.119948 -4.240345 0.026363 1.000000
aniFrame
  m_time 1.285000
  m_vertexTransformMat 0.996377 -0.081425 -0.024555 0.000000 0.081481 0.996674 0.001264 0.000000 0.024370 -0.003260 0.999698 0.000000 8.073895 -3.537986 0.044502 1.000000
aniFrame
  m_time 1.301000
  m_vertexTransformMat 0.996450 -0.080920 -0.023227 0.000000 0.081002 0.996711 0.002595 0.000000 0.022941 -0.004467 0.999727 0.000000 7.987486 -2.912705 0.072526 1.000000
aniFrame
  m_time 1.317000
  m_vertexTransformMat 0.996585 -0.079804 -0.021221 0.000000 0.079955 0.996778 0.006396 0.000000 0.020642 -0.008071 0.999755 0.000000 7.849912 -2.417876 0.110892 1.000000
aniFrame
  m_time 1.333000
  m_vertexTransformMat 0.996764 -0.078196 -0.018618 0.000000 0.078442 0.996836 0.012841 0.000000 0.017555 -0.014260 0.999744 0.000000 7.669715 -2.060062 0.164967 1.000000
aniFrame
  m_time 1.349000
  m_vertexTransformMat 0.996975 -0.076156 -0.015505 0.000000 0.076503 0.996799 0.023243 0.000000 0.013686 -0.024359 0.999610 0.000000 7.443249 -1.917936 0.228589 1.000000
aniFrame
  m_time 1.365000
  m_vertexTransformMat 0.997165 -0.074233 -0.012292 0.000000 0.074622 0.996596 0.035046 0.000000 0.009649 -0.035864 0.999310 0.000000 7.208076 -1.851570 0.285120 1.000000
aniFrame
  m_time 1.381000
  m_vertexTransformMat 0.997275 -0.073140 -0.009678 0.000000 0.073507 0.996259 0.045454 0.000000 0.006317 -0.046041 0.998920 0.000000 7.014197 -1.716106 0.324849 1.000000
aniFrame
  m_time 1.397000
  m_vertexTransformMat 0.997332 -0.072609 -0.007545 0.000000 0.072915 0.995822 0.054965 0.000000 0.003523 -0.055368 0.998460 0.000000 6.853210 -1.532456 0.358555 1.000000
aniFrame
  m_time 1.413000
  m_vertexTransformMat 0.997305 -0.073094 -0.006251 0.000000 0.073342 0.995381 0.061949 0.000000 0.001694 -0.062241 0.998060 0.000000 6.749127 -1.216481 0.389925 1.000000
aniFrame
  m_time 1.429000
  m_vertexTransformMat 0.997211 -0.074405 -0.005841 0.000000 0.074629 0.994911 0.067700 0.000000 0.000774 -0.067947 0.997689 0.000000 6.695554 -0.841602 0.409647 1.000000
aniFrame
  m_time 1.445000
  m_vertexTransformMat 0.997101 -0.075874 -0.005714 0.000000 0.076088 0.994238 0.075512 0.000000 -0.000048 -0.075727 0.997129 0.000000 6.657843 -0.563128 0.412191 1.000000
aniFrame
  m_time 1.461000
  m_vertexTransformMat 0.996924 -0.078106 -0.006461 0.000000 0.078373 0.993395 0.083820 0.000000 -0.000128 -0.084068 0.996460 0.000000 6.658030 -0.333391 0.395748 1.000000
aniFrame
  m_time 1.477000
  m_vertexTransformMat 0.996498 -0.083223 -0.008168 0.000000 0.083623 0.992096 0.093564 0.000000 0.000317 -0.093920 0.995580 0.000000 6.708906 -0.186278 0.367730 1.000000
aniFrame
  m_time 1.493000
  m_vertexTransformMat 0.995816 -0.090706 -0.011140 0.000000 0.091373 0.990423 0.103506 0.000000 0.001645 -0.104091 0.994567 0.000000 6.812838 -0.100606 0.320319 1.000000
aniFrame
  m_time 1.509000
  m_vertexTransformMat 0.994830 -0.100348 -0.015600 0.000000 0.101491 0.987823 0.117925 0.000000 0.003577 -0.118898 0.992900 0.000000 6.940997 -0.262551 0.235491 1.000000
aniFrame
  m_time 1.525000
  m_vertexTransformMat 0.993490 -0.112145 -0.020048 0.000000 0.113833 0.984188 0.135706 0.000000 0.004512 -0.137105 0.990546 0.000000 7.053133 -0.634214 0.117576 1.000000
aniFrame
  m_time 1.541000
  m_vertexTransformMat 0.992066 -0.123015 -0.025931 0.000000 0.125574 0.979500 0.157514 0.000000 0.006023 -0.159520 0.987176 0.000000 7.160540 -1.211335 -0.050980 1.000000
aniFrame
  m_time 1.557000
  m_vertexTransformMat 0.990584 -0.133245 -0.031441 0.000000 0.136768 0.973372 0.183959 0.000000 0.006093 -0.186527 0.982431 0.000000 7.214594 -2.003882 -0.269331 1.000000
aniFrame
  m_time 1.573000
  m_vertexTransformMat 0.989447 -0.140248 -0.036394 0.000000 0.144808 0.965799 0.215089 0.000000 0.004984 -0.218090 0.975916 0.000000 7.190108 -3.018785 -0.561404 1.000000
aniFrame
  m_time 1.589000
  m_vertexTransformMat 0.988648 -0.144624 -0.040726 0.000000 0.150229 0.955954 0.252156 0.000000 0.002464 -0.255412 0.966829 0.000000 7.072645 -4.288634 -0.952453 1.000000
aniFrame
  m_time 1.605000
  m_vertexTransformMat 0.989222 -0.139069 -0.045825 0.000000 0.146412 0.943596 0.296970 0.000000 0.001941 -0.300478 0.953787 0.000000 7.046164 -5.789720 -1.516387 1.000000
aniFrame
  m_time 1.621000
  m_vertexTransformMat 0.991277 -0.121171 -0.051846 0.000000 0.131669 0.927781 0.349121 0.000000 0.005798 -0.352903 0.935642 0.000000 7.221272 -7.434718 -2.284975 1.000000
aniFrame
  m_time 1.637000
  m_vertexTransformMat 0.993841 -0.097692 -0.052316 0.000000 0.110620 0.902808 0.415573 0.000000 0.006633 -0.418801 0.908054 0.000000 7.219488 -9.728655 -3.490129 1.000000
aniFrame
  m_time 1.653000
  m_vertexTransformMat 0.996403 -0.070916 -0.046389 0.000000 0.084624 0.861421 0.500792 0.000000 0.004446 -0.502916 0.864324 0.000000 7.028023 -12.885591 -5.453693 1.000000
aniFrame
  m_time 1.669000
  m_vertexTransformMat 0.998301 -0.048212 -0.032733 0.000000 0.058255 0.811167 0.581906 0.000000 -0.001503 -0.582824 0.812597 0.000000 6.610894 -16.139578 -7.836085 1.000000
aniFrame
  m_time 1.685000
  m_vertexTransformMat 0.999214 -0.037817 -0.011846 0.000000 0.036423 0.758601 0.650537 0.000000 -0.015615 -0.650457 0.759382 0.000000 5.772174 -19.331621 -10.355300 1.000000
aniFrame
  m_time 1.701000
  m_vertexTransformMat 0.999376 -0.033170 0.012174 0.000000 0.014576 0.700881 0.713129 0.000000 -0.032187 -0.712507 0.700927 0.000000 4.775799 -22.526772 -13.074769 1.000000
aniFrame
  m_time 1.717000
  m_vertexTransformMat 0.998738 -0.031069 0.039463 0.000000 -0.010802 0.634459 0.772881 0.000000 -0.049051 -0.772332 0.633323 0.000000 3.702765 -25.755951 -16.082724 1.000000
aniFrame
  m_time 1.733000
  m_vertexTransformMat 0.997403 -0.033477 0.063773 0.000000 -0.033483 0.568414 0.822061 0.000000 -0.063769 -0.822061 0.565817 0.000000 2.697484 -28.708744 -19.034159 1.000000
aniFrame
  m_time 1.749000
  m_vertexTransformMat 0.996208 -0.034968 0.079667 0.000000 -0.050764 0.510028 0.858659 0.000000 -0.070658 -0.859447 0.506319 0.000000 2.024012 -31.213726 -21.634308 1.000000
aniFrame
  m_time 1.765000
  m_vertexTransformMat 0.995754 -0.034953 0.085153 0.000000 -0.059515 0.461237 0.885279 0.000000 -0.070219 -0.886589 0.457198 0.000000 1.655505 -33.383499 -23.828642 1.000000
aniFrame
  m_time 1.781000
  m_vertexTransformMat 0.996975 -0.029892 0.071744 0.000000 -0.052060 0.428565 0.902010 0.000000 -0.057709 -0.903016 0.425713 0.000000 1.788211 -35.225574 -25.426830 1.000000
aniFrame
  m_time 1.797000
  m_vertexTransformMat 0.998808 -0.020077 0.044510 0.000000 -0.032416 0.409047 0.911937 0.000000 -0.036516 -0.912293 0.407908 0.000000 2.285019 -36.872658 -26.515848 1.000000
aniFrame
  m_time 1.813000
  m_vertexTransformMat 0.999912 -0.008342 0.010392 0.000000 -0.006196 0.399351 0.916777 0.000000 -0.011798 -0.916760 0.399264 0.000000 2.954303 -38.452358 -27.209486 1.000000
aniFrame
  m_time 1.829000
  m_vertexTransformMat 0.999573 0.004184 -0.028931 0.000000 0.024832 0.400660 0.915890 0.000000 0.015424 -0.916218 0.400385 0.000000 3.754161 -39.917355 -27.438231 1.000000
aniFrame
  m_time 1.845000
  m_vertexTransformMat 0.998228 0.013144 -0.058036 0.000000 0.047595 0.409035 0.911277 0.000000 0.035717 -0.912424 0.407685 0.000000 4.363051 -41.181217 -27.233473 1.000000
aniFrame
  m_time 1.861000
  m_vertexTransformMat 0.996892 0.019552 -0.076315 0.000000 0.060829 0.424536 0.903365 0.000000 0.050061 -0.905200 0.422027 0.000000 4.813971 -42.268417 -26.575184 1.000000
aniFrame
  m_time 1.877000
  m_vertexTransformMat 0.996946 0.019784 -0.075545 0.000000 0.058857 0.445451 0.893370 0.000000 0.051326 -0.895088 0.442926 0.000000 4.779730 -43.189461 -25.413052 1.000000
aniFrame
  m_time 1.893000
  m_vertexTransformMat 0.998300 0.017082 -0.055727 0.000000 0.041089 0.471854 0.880719 0.000000 0.041339 -0.881512 0.470350 0.000000 4.344556 -43.906715 -23.775932 1.000000
aniFrame
  m_time 1.909000
  m_vertexTransformMat 0.999523 0.012109 -0.028426 0.000000 0.018430 0.504751 0.863069 0.000000 0.024799 -0.863181 0.504287 0.000000 3.622201 -44.395271 -21.771603 1.000000
aniFrame
  m_time 1.925000
  m_vertexTransformMat 0.999947 0.007043 0.007502 0.000000 -0.010127 0.544424 0.838749 0.000000 0.001822 -0.838780 0.544467 0.000000 2.626535 -44.591072 -19.406618 1.000000
aniFrame
  m_time 1.941000
  m_vertexTransformMat 0.999219 0.003820 0.039335 0.000000 -0.034004 0.590257 0.806499 0.000000 -0.020137 -0.807206 0.589926 0.000000 1.667714 -44.313927 -16.918516 1.000000
aniFrame
  m_time 1.957000
  m_vertexTransformMat 0.997765 0.001407 0.066809 0.000000 -0.052156 0.641411 0.765423 0.000000 -0.041775 -0.767196 0.640051 0.000000 0.716277 -43.539932 -14.341664 1.000000
aniFrame
  m_time 1.973000
  m_vertexTransformMat 0.996273 0.001836 0.086242 0.000000 -0.063266 0.695171 0.716056 0.000000 -0.058639 -0.718843 0.692696 0.000000 0.001861 -42.244461 -11.813620 1.000000
aniFrame
  m_time 1.989000
  m_vertexTransformMat 0.995149 0.002247 0.098354 0.000000 -0.066644 0.750802 0.657157 0.000000 -0.072368 -0.660524 0.747309 0.000000 -0.532890 -40.370831 -9.355785 1.000000
aniFrame
  m_time 2.005000
  m_vertexTransformMat 0.994122 0.003968 0.108195 0.000000 -0.067528 0.803852 0.590984 0.000000 -0.084627 -0.594816 0.799395 0.000000 -0.968172 -38.071663 -7.052518 1.000000
aniFrame
  m_time 2.021000
  m_vertexTransformMat 0.993154 0.005898 0.116664 0.000000 -0.065727 0.853844 0.516363 0.000000 -0.096567 -0.520496 0.848386 0.000000 -1.358891 -35.313927 -4.895960 1.000000
aniFrame
  m_time 2.037000
  m_vertexTransformMat 0.992192 0.008701 0.124416 0.000000 -0.062484 0.898019 0.435496 0.000000 -0.107939 -0.439870 0.891552 0.000000 -1.673764 -32.185192 -2.984015 1.000000
aniFrame
  m_time 2.053000
  m_vertexTransformMat 0.991469 0.011779 0.129812 0.000000 -0.056744 0.935591 0.348497 0.000000 -0.117346 -0.352890 0.928277 0.000000 -1.873928 -28.682413 -1.335620 1.000000
aniFrame
  m_time 2.069000
  m_vertexTransformMat 0.990614 0.015206 0.135842 0.000000 -0.050064 0.965098 0.257059 0.000000 -0.127192 -0.261447 0.956801 0.000000 -2.049624 -24.912224 0.013923 1.000000
aniFrame
  m_time 2.085000
  m_vertexTransformMat 0.989926 0.019236 0.140270 0.000000 -0.042267 0.985702 0.163113 0.000000 -0.135127 -0.167398 0.976585 0.000000 -2.125407 -20.940603 1.028060 1.000000
aniFrame
  m_time 2.101000
  m_vertexTransformMat 0.989197 0.023497 0.144695 0.000000 -0.033569 0.997150 0.067568 0.000000 -0.142695 -0.071696 0.987167 0.000000 -2.192420 -16.861050 1.727641 1.000000
aniFrame
  m_time 2.117000
