m_aniFrameList.size 84
aniFrame
  m_time -1.066000
  m_vertexTransformMat -0.415022 0.451629 -0.789803 0.000000 0.771150 0.635270 -0.041957 0.000000 0.482789 -0.626469 -0.611924 0.000000 -9.332949 7.938828 -53.617863 1.000000
aniFrame
  m_time -1.027000
  m_vertexTransformMat -0.422181 0.466960 -0.776989 0.000000 0.708375 0.704777 0.038662 0.000000 0.565658 -0.534077 -0.628326 0.000000 -8.911085 9.419064 -53.964542 1.000000
aniFrame
  m_time -0.988000
  m_vertexTransformMat -0.433075 0.486139 -0.759023 0.000000 0.626892 0.767515 0.133893 0.000000 0.647651 -0.417840 -0.637148 0.000000 -8.549197 11.371637 -54.113064 1.000000
aniFrame
  m_time -0.949000
  m_vertexTransformMat -0.453063 0.501732 -0.736885 0.000000 0.538811 0.812641 0.222033 0.000000 0.710223 -0.296447 -0.638516 0.000000 -8.594189 13.281312 -53.899651 1.000000
aniFrame
  m_time -0.910000
  m_vertexTransformMat -0.482575 0.506855 -0.714298 0.000000 0.463327 0.839819 0.282902 0.000000 0.743270 -0.194432 -0.640115 0.000000 -9.201158 14.559334 -53.378757 1.000000
aniFrame
  m_time -0.871000
  m_vertexTransformMat -0.518662 0.496217 -0.696247 0.000000 0.421270 0.856951 0.296930 0.000000 0.743990 -0.139302 -0.653509 0.000000 -10.479736 14.612874 -52.861786 1.000000
aniFrame
  m_time -0.832000
  m_vertexTransformMat -0.556683 0.474422 -0.681930 0.000000 0.413954 0.870129 0.267428 0.000000 0.720241 -0.133415 -0.680775 0.000000 -12.259230 13.504957 -52.433205 1.000000
aniFrame
  m_time -0.793000
  m_vertexTransformMat -0.593662 0.450147 -0.667034 0.000000 0.424166 0.879451 0.215988 0.000000 0.683849 -0.154709 -0.713033 0.000000 -14.245852 11.795981 -51.952209 1.000000
aniFrame
  m_time -0.754000
  m_vertexTransformMat -0.629243 0.422958 -0.652043 0.000000 0.443333 0.884410 0.145855 0.000000 0.638364 -0.197294 -0.744020 0.000000 -16.332882 9.585176 -51.459869 1.000000
aniFrame
  m_time -0.715000
  m_vertexTransformMat -0.663218 0.392307 -0.637368 0.000000 0.464607 0.883460 0.060329 0.000000 0.586756 -0.256114 -0.768195 0.000000 -18.438818 6.978784 -50.988689 1.000000
aniFrame
  m_time -0.676000
  m_vertexTransformMat -0.695871 0.358210 -0.622454 0.000000 0.482774 0.874997 -0.036172 0.000000 0.531688 -0.325676 -0.781820 0.000000 -20.502331 4.111163 -50.464287 1.000000
aniFrame
  m_time -0.637000
  m_vertexTransformMat -0.728733 0.317739 -0.606623 0.000000 0.490332 0.860489 -0.138323 0.000000 0.478042 -0.398247 -0.782863 0.000000 -22.467091 1.036412 -49.806850 1.000000
aniFrame
  m_time -0.598000
  m_vertexTransformMat -0.761074 0.271419 -0.589150 0.000000 0.485601 0.840573 -0.240059 0.000000 0.430067 -0.468795 -0.771540 0.000000 -24.226467 -2.098074 -48.984627 1.000000
aniFrame
  m_time -0.559000
  m_vertexTransformMat -0.792163 0.219142 -0.569609 0.000000 0.467303 0.818114 -0.335138 0.000000 0.392562 -0.531664 -0.750485 0.000000 -25.691837 -5.171808 -48.008831 1.000000
aniFrame
  m_time -0.520000
  m_vertexTransformMat -0.824208 0.154294 -0.544862 0.000000 0.429802 0.796920 -0.424487 0.000000 0.368715 -0.584049 -0.723144 0.000000 -26.856251 -8.313647 -46.831326 1.000000
aniFrame
  m_time -0.481000
  m_vertexTransformMat -0.863679 0.047435 -0.501805 0.000000 0.350911 0.771255 -0.531062 0.000000 0.361829 -0.634756 -0.682763 0.000000 -27.759592 -12.533405 -45.026161 1.000000
aniFrame
  m_time -0.442000
  m_vertexTransformMat -0.896620 -0.085041 -0.434558 0.000000 0.242833 0.726216 -0.643152 0.000000 0.370277 -0.682188 -0.630488 0.000000 -28.133278 -17.286743 -42.378693 1.000000
aniFrame
  m_time -0.403000
  m_vertexTransformMat -0.910690 -0.201647 -0.360531 0.000000 0.142106 0.666572 -0.731771 0.000000 0.387879 -0.717650 -0.578385 0.000000 -27.935507 -21.169273 -39.451233 1.000000
aniFrame
  m_time -0.364000
  m_vertexTransformMat -0.910423 -0.274155 -0.309788 0.000000 0.079729 0.618536 -0.781701 0.000000 0.405922 -0.736378 -0.541271 0.000000 -27.498041 -23.256252 -37.334064 1.000000
aniFrame
  m_time -0.325000
  m_vertexTransformMat -0.905709 -0.282814 -0.315766 0.000000 0.082940 0.612279 -0.786279 0.000000 0.415708 -0.738330 -0.531090 0.000000 -27.141567 -22.929131 -37.325951 1.000000
aniFrame
  m_time -0.286000
  m_vertexTransformMat -0.895924 -0.243079 -0.371799 0.000000 0.141395 0.637402 -0.757448 0.000000 0.421104 -0.731186 -0.536693 0.000000 -26.678921 -20.844774 -39.073318 1.000000
aniFrame
  m_time -0.247000
  m_vertexTransformMat -0.875690 -0.174644 -0.450186 0.000000 0.229287 0.670108 -0.705963 0.000000 0.424966 -0.721426 -0.546762 0.000000 -25.858023 -17.726976 -41.572964 1.000000
aniFrame
  m_time -0.208000
  m_vertexTransformMat -0.838433 -0.081215 -0.538919 0.000000 0.337346 0.699303 -0.630216 0.000000 0.428051 -0.710197 -0.558922 0.000000 -24.449472 -13.733617 -44.437759 1.000000
aniFrame
  m_time -0.169000
  m_vertexTransformMat -0.780685 0.029359 -0.624234 0.000000 0.452863 0.714914 -0.532741 0.000000 0.430633 -0.698596 -0.571418 0.000000 -22.338291 -9.190508 -47.241573 1.000000
aniFrame
  m_time -0.130000
  m_vertexTransformMat -0.703176 0.146764 -0.695705 0.000000 0.563171 0.712258 -0.418962 0.000000 0.434032 -0.686405 -0.583495 0.000000 -19.569332 -4.470985 -49.693916 1.000000
aniFrame
  m_time -0.091000
  m_vertexTransformMat -0.612047 0.259338 -0.747089 0.000000 0.656937 0.692662 -0.297746 0.000000 0.440263 -0.673025 -0.594311 0.000000 -16.371119 0.021975 -51.582451 1.000000
aniFrame
  m_time -0.052000
  m_vertexTransformMat -0.518529 0.356729 -0.777093 0.000000 0.725673 0.664272 -0.179280 0.000000 0.452246 -0.656877 -0.603313 0.000000 -13.086545 3.944139 -52.826633 1.000000
aniFrame
  m_time -0.013000
  m_vertexTransformMat -0.437605 0.431310 -0.788970 0.000000 0.765507 0.639011 -0.075260 0.000000 0.471700 -0.636896 -0.609806 0.000000 -10.187664 7.040991 -53.480995 1.000000
aniFrame
  m_time 0.025000
  m_vertexTransformMat -0.384974 0.481261 -0.787517 0.000000 0.765100 0.643622 0.019310 0.000000 0.516156 -0.595096 -0.615991 0.000000 -8.040920 9.416340 -53.823719 1.000000
aniFrame
  m_time 0.064000
  m_vertexTransformMat -0.371969 0.512215 -0.774128 0.000000 0.710467 0.693819 0.117697 0.000000 0.597391 -0.506213 -0.621991 0.000000 -6.900669 11.526468 -54.028938 1.000000
aniFrame
  m_time 0.103000
  m_vertexTransformMat -0.396741 0.526224 -0.752121 0.000000 0.615643 0.760299 0.207196 0.000000 0.680868 -0.380835 -0.625608 0.000000 -6.970948 13.366117 -53.966267 1.000000
aniFrame
  m_time 0.142000
  m_vertexTransformMat -0.447117 0.522345 -0.726115 0.000000 0.510613 0.815562 0.272273 0.000000 0.734412 -0.249026 -0.631369 0.000000 -8.107788 14.591887 -53.573185 1.000000
aniFrame
  m_time 0.181000
  m_vertexTransformMat -0.501577 0.504501 -0.702781 0.000000 0.435411 0.849182 0.298843 0.000000 0.747556 -0.156105 -0.645595 0.000000 -9.823296 14.812525 -53.032265 1.000000
aniFrame
  m_time 0.220000
  m_vertexTransformMat -0.543830 0.482383 -0.686699 0.000000 0.413255 0.866127 0.281149 0.000000 0.730390 -0.130885 -0.670373 0.000000 -11.617826 13.979050 -52.582287 1.000000
aniFrame
  m_time 0.259000
  m_vertexTransformMat -0.580964 0.458988 -0.672170 0.000000 0.419365 0.876578 0.236104 0.000000 0.697577 -0.144716 -0.701744 0.000000 -13.543540 12.455786 -52.120434 1.000000
aniFrame
  m_time 0.298000
  m_vertexTransformMat -0.616981 0.433098 -0.657085 0.000000 0.436450 0.883087 0.172248 0.000000 0.654863 -0.180511 -0.733874 0.000000 -15.603990 10.415870 -51.623959 1.000000
aniFrame
  m_time 0.337000
  m_vertexTransformMat -0.651300 0.404113 -0.642263 0.000000 0.457963 0.884204 0.091936 0.000000 0.605044 -0.234254 -0.760952 0.000000 -17.706217 7.949398 -51.147408 1.000000
aniFrame
  m_time 0.376000
  m_vertexTransformMat -0.684335 0.371561 -0.627399 0.000000 0.478000 0.878360 -0.001191 0.000000 0.550639 -0.300711 -0.778698 0.000000 -19.796564 5.169333 -50.653297 1.000000
aniFrame
  m_time 0.415000
  m_vertexTransformMat -0.717545 0.332757 -0.611885 0.000000 0.488896 0.866337 -0.102184 0.000000 0.496096 -0.372470 -0.784319 0.000000 -21.818817 2.134994 -50.045139 1.000000
aniFrame
  m_time 0.454000
  m_vertexTransformMat -0.749801 0.288566 -0.595423 0.000000 0.488838 0.848046 -0.204585 0.000000 0.445910 -0.444463 -0.776928 0.000000 -23.640562 -0.992257 -49.292927 1.000000
aniFrame
  m_time 0.493000
  m_vertexTransformMat -0.781496 0.238200 -0.576650 0.000000 0.475243 0.826100 -0.302825 0.000000 0.404237 -0.510706 -0.758797 0.000000 -25.217777 -4.108390 -48.368748 1.000000
aniFrame
  m_time 0.532000
  m_vertexTransformMat -0.811794 0.181620 -0.554981 0.000000 0.447443 0.804147 -0.391335 0.000000 0.375212 -0.566006 -0.734066 0.000000 -26.467419 -7.098114 -47.295952 1.000000
aniFrame
  m_time 0.571000
  m_vertexTransformMat -0.849113 0.090753 -0.520357 0.000000 0.384320 0.781961 -0.490751 0.000000 0.362362 -0.616686 -0.698851 0.000000 -27.475241 -10.891966 -45.776424 1.000000
aniFrame
  m_time 0.610000
  m_vertexTransformMat -0.886626 -0.037959 -0.460927 0.000000 0.282579 0.744497 -0.604875 0.000000 0.366119 -0.666546 -0.649364 0.000000 -28.062403 -15.637399 -43.400517 1.000000
aniFrame
  m_time 0.649000
  m_vertexTransformMat -0.907602 -0.164008 -0.386472 0.000000 0.175576 0.687898 -0.704251 0.000000 0.381356 -0.707035 -0.595541 0.000000 -28.037100 -19.954664 -40.477734 1.000000
aniFrame
  m_time 0.688000
  m_vertexTransformMat -0.910998 -0.254649 -0.324401 0.000000 0.097364 0.631562 -0.769187 0.000000 0.400753 -0.732314 -0.550559 0.000000 -27.614311 -22.762859 -37.939575 1.000000
aniFrame
  m_time 0.727000
  m_vertexTransformMat -0.906986 -0.286826 -0.308396 0.000000 0.075579 0.609518 -0.789162 0.000000 0.414325 -0.739066 -0.531146 0.000000 -27.202185 -23.306313 -37.119320 1.000000
aniFrame
  m_time 0.766000
  m_vertexTransformMat -0.899870 -0.260225 -0.350027 0.000000 0.117947 0.627432 -0.769687 0.000000 0.419910 -0.733902 -0.533914 0.000000 -26.844185 -21.688757 -38.385666 1.000000
aniFrame
  m_time 0.805000
  m_vertexTransformMat -0.884244 -0.201868 -0.421145 0.000000 0.195792 0.658454 -0.726708 0.000000 0.424004 -0.725043 -0.542710 0.000000 -26.187195 -18.936102 -40.640491 1.000000
aniFrame
  m_time 0.844000
  m_vertexTransformMat -0.853556 -0.116500 -0.507809 0.000000 0.298057 0.690238 -0.659344 0.000000 0.427323 -0.714143 -0.554433 0.000000 -25.005663 -15.217823 -43.428146 1.000000
aniFrame
  m_time 0.883000
  m_vertexTransformMat -0.803272 -0.010856 -0.595513 0.000000 0.412326 0.711380 -0.569144 0.000000 0.429814 -0.702724 -0.566956 0.000000 -23.155376 -10.827701 -46.287506 1.000000
aniFrame
  m_time 0.922000
  m_vertexTransformMat -0.732259 0.105490 -0.672807 0.000000 0.525954 0.715194 -0.460294 0.000000 0.432631 -0.690920 -0.579190 0.000000 -20.601170 -6.122647 -48.891201 1.000000
aniFrame
  m_time 0.961000
  m_vertexTransformMat -0.645051 0.221062 -0.731465 0.000000 0.626589 0.700918 -0.340735 0.000000 0.437374 -0.678119 -0.590643 0.000000 -17.528162 -1.505904 -50.990009 1.000000
aniFrame
  m_time 1.000000
  m_vertexTransformMat -0.550930 0.324642 -0.768820 0.000000 0.704751 0.674403 -0.220245 0.000000 0.446993 -0.663166 -0.600340 0.000000 -14.229395 2.644038 -52.459072 1.000000
aniFrame
  m_time 1.039000
  m_vertexTransformMat -0.463892 0.407793 -0.786454 0.000000 0.754587 0.646978 -0.109623 0.000000 0.464115 -0.644301 -0.607843 0.000000 -11.137476 6.052344 -53.310387 1.000000
aniFrame
  m_time 1.078000
  m_vertexTransformMat -0.399266 0.466262 -0.789422 0.000000 0.770878 0.636834 -0.013749 0.000000 0.496320 -0.614038 -0.613698 0.000000 -8.688648 8.638612 -53.722408 1.000000
aniFrame
  m_time 1.117000
  m_vertexTransformMat -0.371837 0.503287 -0.780025 0.000000 0.735630 0.672269 0.083088 0.000000 0.566203 -0.542914 -0.620207 0.000000 -7.168672 10.804997 -53.978588 1.000000
aniFrame
  m_time 1.156000
  m_vertexTransformMat -0.384490 0.523353 -0.760440 0.000000 0.651523 0.737428 0.178095 0.000000 0.653976 -0.426968 -0.624510 0.000000 -6.812762 12.775196 -54.026299 1.000000
aniFrame
  m_time 1.195000
  m_vertexTransformMat -0.428054 0.525660 -0.735154 0.000000 0.545669 0.798765 0.253420 0.000000 0.720427 -0.292673 -0.628751 0.000000 -7.617741 14.266213 -53.740852 1.000000
aniFrame
  m_time 1.234000
  m_vertexTransformMat -0.483902 0.511705 -0.709929 0.000000 0.455153 0.840039 0.295245 0.000000 0.747446 -0.180257 -0.639400 0.000000 -9.202432 14.874466 -53.210007 1.000000
aniFrame
  m_time 1.273000
  m_vertexTransformMat -0.530573 0.490110 -0.691582 0.000000 0.415215 0.861576 0.292033 0.000000 0.738979 -0.132211 -0.660630 0.000000 -10.992226 14.375566 -52.729576 1.000000
aniFrame
  m_time 1.312000
  m_vertexTransformMat -0.567950 0.467414 -0.677463 0.000000 0.415634 0.873317 0.254097 0.000000 0.710409 -0.137263 -0.690274 0.000000 -12.841907 13.051385 -52.292522 1.000000
aniFrame
  m_time 1.351000
  m_vertexTransformMat -0.604639 0.442488 -0.662281 0.000000 0.429619 0.881344 0.196623 0.000000 0.670700 -0.165642 -0.722997 0.000000 -14.879213 11.185225 -51.796940 1.000000
aniFrame
  m_time 1.390000
  m_vertexTransformMat -0.639864 0.414205 -0.647309 0.000000 0.449956 0.884765 0.121370 0.000000 0.622988 -0.213600 -0.752503 0.000000 -16.986645 8.840529 -51.309830 1.000000
aniFrame
  m_time 1.429000
  m_vertexTransformMat -0.673520 0.382502 -0.632506 0.000000 0.470654 0.881736 0.032048 0.000000 0.569962 -0.276107 -0.773893 0.000000 -19.092405 6.142099 -50.831635 1.000000
aniFrame
  m_time 1.468000
  m_vertexTransformMat -0.706360 0.346595 -0.617195 0.000000 0.485838 0.871507 -0.066619 0.000000 0.514799 -0.346913 -0.783986 0.000000 -21.139641 3.204234 -50.266495 1.000000
aniFrame
  m_time 1.507000
  m_vertexTransformMat -0.738940 0.304593 -0.600992 0.000000 0.490086 0.855095 -0.169201 0.000000 0.462368 -0.419567 -0.781140 0.000000 -23.042608 0.104745 -49.562366 1.000000
aniFrame
  m_time 1.546000
  m_vertexTransformMat -0.770811 0.256474 -0.583158 0.000000 0.481402 0.834041 -0.269499 0.000000 0.417257 -0.488465 -0.766354 0.000000 -24.711325 -3.026315 -48.698460 1.000000
aniFrame
  m_time 1.585000
  m_vertexTransformMat -0.800859 0.203435 -0.563240 0.000000 0.459754 0.811539 -0.360598 0.000000 0.383733 -0.547740 -0.743458 0.000000 -26.060785 -6.023428 -47.695049 1.000000
aniFrame
  m_time 1.624000
  m_vertexTransformMat -0.835419 0.127624 -0.534591 0.000000 0.411123 0.790642 -0.453722 0.000000 0.364764 -0.598831 -0.712987 0.000000 -27.161077 -9.428418 -46.385132 1.000000
aniFrame
  m_time 1.663000
  m_vertexTransformMat -0.875080 0.008376 -0.483906 0.000000 0.320010 0.760104 -0.565540 0.000000 0.363082 -0.649748 -0.667832 0.000000 -27.933525 -13.970886 -44.313236 1.000000
aniFrame
  m_time 1.702000
  m_vertexTransformMat -0.902385 -0.122501 -0.413153 0.000000 0.211572 0.709296 -0.672411 0.000000 0.375419 -0.694185 -0.614140 0.000000 -28.090809 -18.566496 -41.533154 1.000000
aniFrame
  m_time 1.741000
  m_vertexTransformMat -0.911110 -0.228588 -0.342968 0.000000 0.119544 0.649786 -0.750658 0.000000 0.394447 -0.724932 -0.564700 0.000000 -27.767481 -21.998692 -38.725277 1.000000
aniFrame
  m_time 1.780000
  m_vertexTransformMat -0.908757 -0.283814 -0.305958 0.000000 0.073811 0.612273 -0.787194 0.000000 0.410746 -0.737951 -0.535459 0.000000 -27.340111 -23.412292 -37.122135 1.000000
aniFrame
  m_time 1.819000
  m_vertexTransformMat -0.903518 -0.275110 -0.328589 0.000000 0.095214 0.618713 -0.779825 0.000000 0.417840 -0.735873 -0.532824 0.000000 -27.021450 -22.451881 -37.726055 1.000000
aniFrame
  m_time 1.858000
  m_vertexTransformMat -0.892359 -0.232578 -0.386786 0.000000 0.153963 0.648721 -0.745290 0.000000 0.424254 -0.724617 -0.543083 0.000000 -26.488024 -20.275110 -39.583324 1.000000
aniFrame
  m_time 1.897000
  m_vertexTransformMat -0.871850 -0.166844 -0.460480 0.000000 0.232870 0.685905 -0.689425 0.000000 0.430872 -0.708307 -0.559153 0.000000 -25.627220 -17.251621 -42.002678 1.000000
aniFrame
  m_time 1.936000
  m_vertexTransformMat -0.836761 -0.079505 -0.541765 0.000000 0.327344 0.720508 -0.611322 0.000000 0.438950 -0.688874 -0.576868 0.000000 -24.242216 -13.463514 -44.718693 1.000000
aniFrame
  m_time 1.975000
  m_vertexTransformMat -0.783699 0.024781 -0.620647 0.000000 0.429830 0.742959 -0.513087 0.000000 0.448400 -0.668878 -0.592907 0.000000 -22.230762 -9.113886 -47.415775 1.000000
aniFrame
  m_time 2.014000
  m_vertexTransformMat -0.711694 0.138727 -0.688656 0.000000 0.532128 0.746454 -0.399560 0.000000 0.458620 -0.650817 -0.605067 0.000000 -19.621944 -4.485827 -49.836197 1.000000
aniFrame
  m_time 2.053000
  m_vertexTransformMat -0.622898 0.253231 -0.740184 0.000000 0.626438 0.728194 -0.278046 0.000000 0.468588 -0.636873 -0.612224 0.000000 -16.509275 0.085784 -51.744232 1.000000
aniFrame
  m_time 2.092000
  m_vertexTransformMat -0.522686 0.358904 -0.773297 0.000000 0.706493 0.690023 -0.157277 0.000000 0.477145 -0.628536 -0.614228 0.000000 -13.045699 4.267727 -53.004890 1.000000
aniFrame
  m_time 2.131000
  m_vertexTransformMat -0.420361 0.447768 -0.789177 0.000000 0.768351 0.638293 -0.047108 0.000000 0.482633 -0.626167 -0.612357 0.000000 -9.516753 7.784934 -53.598598 1.000000
aniFrame
  m_time 2.133000
  m_vertexTransformMat -0.415022 0.451629 -0.789803 0.000000 0.771150 0.635270 -0.041957 0.000000 0.482789 -0.626469 -0.611924 0.000000 -9.332948 7.938828 -53.617867 1.000000
