m_aniFrameList.size 202
aniFrame
  m_time -1.066000
  m_vertexTransformMat 0.183075 -0.315343 -0.931151 0.000000 -0.625933 0.692981 -0.357751 0.000000 0.758084 0.648333 -0.070516 0.000000 13.744207 8.643237 -3.816712 1.000000
aniFrame
  m_time -1.050000
  m_vertexTransformMat 0.193456 -0.357893 -0.913503 0.000000 -0.596560 0.696286 -0.399127 0.000000 0.778904 0.622172 -0.078804 0.000000 13.594707 9.088845 -4.268235 1.000000
aniFrame
  m_time -1.034000
  m_vertexTransformMat 0.203377 -0.401913 -0.892807 0.000000 -0.565116 0.696459 -0.442254 0.000000 0.799551 0.594484 -0.085483 0.000000 13.451889 9.543126 -4.755735 1.000000
aniFrame
  m_time -1.018000
  m_vertexTransformMat 0.213341 -0.450469 -0.866928 0.000000 -0.528382 0.693181 -0.490216 0.000000 0.821765 0.562653 -0.090135 0.000000 13.312160 10.004673 -5.315151 1.000000
aniFrame
  m_time -1.002000
  m_vertexTransformMat 0.221951 -0.500353 -0.836890 0.000000 -0.488853 0.685531 -0.539508 0.000000 0.843658 0.528861 -0.092444 0.000000 13.190616 10.462684 -5.919793 1.000000
aniFrame
  m_time -0.986000
  m_vertexTransformMat 0.228435 -0.548966 -0.804024 0.000000 -0.448763 0.673515 -0.587358 0.000000 0.863961 0.494989 -0.092501 0.000000 13.103282 10.902537 -6.536452 1.000000
aniFrame
  m_time -0.970000
  m_vertexTransformMat 0.232642 -0.595287 -0.769097 0.000000 -0.408899 0.657638 -0.632704 0.000000 0.882428 0.461677 -0.090419 0.000000 13.050818 11.317880 -7.152712 1.000000
aniFrame
  m_time -0.954000
  m_vertexTransformMat 0.234339 -0.636774 -0.734578 0.000000 -0.372296 0.639231 -0.672889 0.000000 0.898043 0.431164 -0.087272 0.000000 13.046685 11.702623 -7.723164 1.000000
aniFrame
  m_time -0.938000
  m_vertexTransformMat 0.234177 -0.673268 -0.701336 0.000000 -0.338952 0.619590 -0.707970 0.000000 0.911193 0.403509 -0.083112 0.000000 13.082309 12.052517 -8.234978 1.000000
aniFrame
  m_time -0.922000
  m_vertexTransformMat 0.231931 -0.702310 -0.673030 0.000000 -0.313165 0.601149 -0.735220 0.000000 0.920943 0.381290 -0.080514 0.000000 13.141292 12.372916 -8.659006 1.000000
aniFrame
  m_time -0.906000
  m_vertexTransformMat 0.229194 -0.724634 -0.649905 0.000000 -0.293236 0.585259 -0.755967 0.000000 0.928161 0.363838 -0.078351 0.000000 13.221256 12.660765 -8.969898 1.000000
aniFrame
  m_time -0.890000
  m_vertexTransformMat 0.225218 -0.737285 -0.636937 0.000000 -0.283560 0.575833 -0.766819 0.000000 0.932133 0.353311 -0.079376 0.000000 13.293941 12.912514 -9.150327 1.000000
aniFrame
  m_time -0.874000
  m_vertexTransformMat 0.221438 -0.741494 -0.633366 0.000000 -0.284623 0.572067 -0.769240 0.000000 0.932714 0.350609 -0.084368 0.000000 13.340562 13.155289 -9.211647 1.000000
aniFrame
  m_time -0.858000
  m_vertexTransformMat 0.217854 -0.738092 -0.638562 0.000000 -0.293067 0.574610 -0.764157 0.000000 0.930941 0.353616 -0.091129 0.000000 13.377325 13.382601 -9.152204 1.000000
aniFrame
  m_time -0.842000
  m_vertexTransformMat 0.213002 -0.727571 -0.652128 0.000000 -0.312888 0.581501 -0.750971 0.000000 0.925597 0.364001 -0.103788 0.000000 13.381163 13.618628 -9.027480 1.000000
aniFrame
  m_time -0.826000
  m_vertexTransformMat 0.208802 -0.714498 -0.667753 0.000000 -0.336643 0.588562 -0.735028 0.000000 0.918190 0.378270 -0.117638 0.000000 13.365834 13.865949 -8.880020 1.000000
aniFrame
  m_time -0.810000
  m_vertexTransformMat 0.202711 -0.697033 -0.687789 0.000000 -0.366107 0.597490 -0.713423 0.000000 0.908225 0.396423 -0.134070 0.000000 13.333825 14.124357 -8.703619 1.000000
aniFrame
  m_time -0.794000
  m_vertexTransformMat 0.195450 -0.677088 -0.709472 0.000000 -0.399542 0.605693 -0.688115 0.000000 0.895637 0.417956 -0.152143 0.000000 13.283684 14.389761 -8.528557 1.000000
aniFrame
  m_time -0.778000
  m_vertexTransformMat 0.187012 -0.653666 -0.733313 0.000000 -0.436395 0.613503 -0.658160 0.000000 0.880105 0.443098 -0.170524 0.000000 13.215957 14.664999 -8.334560 1.000000
aniFrame
  m_time -0.762000
  m_vertexTransformMat 0.176120 -0.627566 -0.758381 0.000000 -0.476164 0.619977 -0.623616 0.000000 0.861539 0.470945 -0.189634 0.000000 13.131104 14.939691 -8.150025 1.000000
aniFrame
  m_time -0.746000
  m_vertexTransformMat 0.163775 -0.599314 -0.783582 0.000000 -0.517558 0.624012 -0.585442 0.000000 0.839828 0.501430 -0.207982 0.000000 13.027689 15.221142 -7.975504 1.000000
aniFrame
  m_time -0.730000
  m_vertexTransformMat 0.149301 -0.569000 -0.808671 0.000000 -0.559624 0.625622 -0.543523 0.000000 0.815187 0.533700 -0.225020 0.000000 12.910461 15.492709 -7.806333 1.000000
aniFrame
  m_time -0.714000
  m_vertexTransformMat 0.132524 -0.537501 -0.832785 0.000000 -0.601953 0.623862 -0.498447 0.000000 0.787458 0.567353 -0.240873 0.000000 12.782394 15.766532 -7.662066 1.000000
aniFrame
  m_time -0.698000
  m_vertexTransformMat 0.113720 -0.504661 -0.855795 0.000000 -0.643165 0.619134 -0.450567 0.000000 0.757236 0.601656 -0.254172 0.000000 12.648584 16.020439 -7.515412 1.000000
aniFrame
  m_time -0.682000
  m_vertexTransformMat 0.092723 -0.471584 -0.876932 0.000000 -0.682830 0.610880 -0.400710 0.000000 0.724669 0.635951 -0.265369 0.000000 12.514589 16.266695 -7.381281 1.000000
aniFrame
  m_time -0.666000
  m_vertexTransformMat 0.069691 -0.438299 -0.896123 0.000000 -0.720067 0.599597 -0.349266 0.000000 0.690396 0.669610 -0.273818 0.000000 12.390149 16.490841 -7.252060 1.000000
aniFrame
  m_time -0.650000
  m_vertexTransformMat 0.045312 -0.405212 -0.913099 0.000000 -0.754067 0.585649 -0.297318 0.000000 0.655232 0.702010 -0.279020 0.000000 12.271010 16.687378 -7.120242 1.000000
aniFrame
  m_time -0.634000
  m_vertexTransformMat 0.018906 -0.373353 -0.927497 0.000000 -0.784742 0.569280 -0.245153 0.000000 0.619534 0.732481 -0.282223 0.000000 12.183528 16.866928 -7.014677 1.000000
aniFrame
  m_time -0.618000
  m_vertexTransformMat -0.008417 -0.341982 -0.939669 0.000000 -0.811290 0.551689 -0.193513 0.000000 0.584583 0.760715 -0.282090 0.000000 12.122792 17.001194 -6.903673 1.000000
aniFrame
  m_time -0.602000
  m_vertexTransformMat -0.036190 -0.312565 -0.949207 0.000000 -0.833623 0.533280 -0.143821 0.000000 0.551147 0.786076 -0.279861 0.000000 12.094301 17.112640 -6.812677 1.000000
aniFrame
  m_time -0.586000
  m_vertexTransformMat -0.064947 -0.284281 -0.956539 0.000000 -0.851629 0.515399 -0.095351 0.000000 0.520106 0.808423 -0.275575 0.000000 12.127325 17.174147 -6.736197 1.000000
aniFrame
  m_time -0.570000
  m_vertexTransformMat -0.092630 -0.257703 -0.961774 0.000000 -0.865250 0.498809 -0.050320 0.000000 0.492709 0.827513 -0.269182 0.000000 12.197498 17.194471 -6.665620 1.000000
aniFrame
  m_time -0.554000
  m_vertexTransformMat -0.119568 -0.233829 -0.964897 0.000000 -0.874882 0.484254 -0.008939 0.000000 0.469346 0.843102 -0.262474 0.000000 12.323392 17.186329 -6.624462 1.000000
aniFrame
  m_time -0.538000
  m_vertexTransformMat -0.145723 -0.210354 -0.966704 0.000000 -0.880318 0.473456 0.029677 0.000000 0.451448 0.855331 -0.254172 0.000000 12.528743 17.100618 -6.587918 1.000000
aniFrame
  m_time -0.522000
  m_vertexTransformMat -0.173327 -0.184961 -0.967341 0.000000 -0.879148 0.471770 0.067320 0.000000 0.443910 0.862104 -0.244378 0.000000 12.946292 16.848394 -6.591432 1.000000
aniFrame
  m_time -0.506000
  m_vertexTransformMat -0.201725 -0.156438 -0.966868 0.000000 -0.871759 0.478676 0.104433 0.000000 0.446479 0.863943 -0.232937 0.000000 13.558761 16.414696 -6.628392 1.000000
aniFrame
  m_time -0.490000
  m_vertexTransformMat -0.231158 -0.122610 -0.965160 0.000000 -0.857061 0.495155 0.142366 0.000000 0.460448 0.860110 -0.219543 0.000000 14.386374 15.747076 -6.710799 1.000000
aniFrame
  m_time -0.474000
  m_vertexTransformMat -0.260436 -0.082832 -0.961932 0.000000 -0.834493 0.520401 0.181121 0.000000 0.485587 0.849895 -0.204654 0.000000 15.401102 14.823005 -6.846470 1.000000
aniFrame
  m_time -0.458000
  m_vertexTransformMat -0.285773 -0.040266 -0.957451 0.000000 -0.806871 0.549138 0.217735 0.000000 0.517005 0.834762 -0.189418 0.000000 16.431932 13.742986 -7.002454 1.000000
aniFrame
  m_time -0.442000
  m_vertexTransformMat -0.306465 0.005868 -0.951864 0.000000 -0.773669 0.581027 0.252674 0.000000 0.554541 0.813863 -0.173525 0.000000 17.463066 12.477329 -7.172304 1.000000
aniFrame
  m_time -0.426000
  m_vertexTransformMat -0.320421 0.051482 -0.945875 0.000000 -0.738308 0.612026 0.283418 0.000000 0.593491 0.789160 -0.158096 0.000000 18.361670 11.146496 -7.315022 1.000000
aniFrame
  m_time -0.410000
  m_vertexTransformMat -0.327402 0.096828 -0.939911 0.000000 -0.701061 0.642028 0.310343 0.000000 0.633499 0.760542 -0.142319 0.000000 19.115149 9.742237 -7.409001 1.000000
aniFrame
  m_time -0.394000
  m_vertexTransformMat -0.327513 0.137266 -0.934823 0.000000 -0.665865 0.668414 0.331432 0.000000 0.670343 0.731014 -0.127514 0.000000 19.679155 8.405334 -7.441911 1.000000
aniFrame
  m_time -0.378000
  m_vertexTransformMat -0.321298 0.172679 -0.931102 0.000000 -0.633552 0.691583 0.346880 0.000000 0.703833 0.701353 -0.112803 0.000000 20.058466 7.147863 -7.387637 1.000000
aniFrame
  m_time -0.362000
  m_vertexTransformMat -0.310559 0.198698 -0.929555 0.000000 -0.608091 0.710097 0.354947 0.000000 0.730601 0.675486 -0.099701 0.000000 20.273056 6.115389 -7.262032 1.000000
aniFrame
  m_time -0.346000
  m_vertexTransformMat -0.296601 0.213757 -0.930772 0.000000 -0.591480 0.724078 0.354771 0.000000 0.749786 0.655758 -0.088329 0.000000 20.345514 5.374778 -7.055410 1.000000
aniFrame
  m_time -0.330000
  m_vertexTransformMat -0.280664 0.220232 -0.934198 0.000000 -0.582027 0.734892 0.348107 0.000000 0.763199 0.641429 -0.078077 0.000000 20.324123 4.858535 -6.779041 1.000000
aniFrame
  m_time -0.314000
  m_vertexTransformMat -0.263407 0.217566 -0.939831 0.000000 -0.580393 0.742447 0.334540 0.000000 0.770559 0.633591 -0.069292 0.000000 20.223701 4.593569 -6.436001 1.000000
aniFrame
  m_time -0.298000
  m_vertexTransformMat -0.244879 0.209823 -0.946577 0.000000 -0.582693 0.748466 0.316651 0.000000 0.774922 0.629105 -0.061021 0.000000 20.077032 4.445452 -6.050098 1.000000
aniFrame
  m_time -0.282000
  m_vertexTransformMat -0.224571 0.199249 -0.953870 0.000000 -0.586891 0.753768 0.295623 0.000000 0.777899 0.626206 -0.052336 0.000000 19.900436 4.338320 -5.624872 1.000000
aniFrame
  m_time -0.266000
  m_vertexTransformMat -0.203359 0.185231 -0.961423 0.000000 -0.592890 0.758145 0.271474 0.000000 0.779184 0.625224 -0.044354 0.000000 19.691067 4.294940 -5.186698 1.000000
aniFrame
  m_time -0.250000
  m_vertexTransformMat -0.180615 0.167958 -0.969107 0.000000 -0.600611 0.761432 0.243903 0.000000 0.778874 0.626109 -0.036649 0.000000 19.445152 4.315422 -4.734212 1.000000
aniFrame
  m_time -0.234000
  m_vertexTransformMat -0.157381 0.147650 -0.976438 0.000000 -0.609165 0.763717 0.213668 0.000000 0.777270 0.628439 -0.030251 0.000000 19.170202 4.391800 -4.297983 1.000000
aniFrame
  m_time -0.218000
  m_vertexTransformMat -0.133322 0.124601 -0.983209 0.000000 -0.617811 0.765269 0.180756 0.000000 0.774942 0.631536 -0.025047 0.000000 18.869064 4.512425 -3.885573 1.000000
aniFrame
  m_time -0.202000
  m_vertexTransformMat -0.108168 0.099017 -0.989189 0.000000 -0.627381 0.765058 0.145186 0.000000 0.771163 0.636303 -0.020633 0.000000 18.536352 4.695093 -3.497266 1.000000
aniFrame
  m_time -0.186000
  m_vertexTransformMat -0.083761 0.071289 -0.993933 0.000000 -0.635829 0.764181 0.108393 0.000000 0.767272 0.641050 -0.018681 0.000000 18.192915 4.907647 -3.179363 1.000000
aniFrame
  m_time -0.170000
  m_vertexTransformMat -0.057233 0.041452 -0.997500 0.000000 -0.644063 0.761889 0.068615 0.000000 0.762828 0.646380 -0.016908 0.000000 17.819244 5.163929 -2.889220 1.000000
aniFrame
  m_time -0.154000
  m_vertexTransformMat -0.031922 0.010469 -0.999436 0.000000 -0.652398 0.757330 0.028771 0.000000 0.757204 0.652948 -0.017345 0.000000 17.427355 5.468318 -2.689041 1.000000
aniFrame
  m_time -0.138000
  m_vertexTransformMat -0.005854 -0.022530 -0.999729 0.000000 -0.657472 0.753365 -0.013128 0.000000 0.753457 0.657217 -0.019223 0.000000 17.026041 5.770221 -2.553471 1.000000
aniFrame
  m_time -0.122000
  m_vertexTransformMat 0.020478 -0.055702 -0.998238 0.000000 -0.661515 0.747890 -0.055302 0.000000 0.749653 0.661482 -0.021532 0.000000 16.610844 6.085633 -2.478080 1.000000
aniFrame
  m_time -0.106000
  m_vertexTransformMat 0.045003 -0.090425 -0.994886 0.000000 -0.663923 0.741428 -0.097420 0.000000 0.746446 0.664912 -0.026668 0.000000 16.190662 6.433714 -2.499143 1.000000
aniFrame
  m_time -0.090000
  m_vertexTransformMat 0.070237 -0.124824 -0.989690 0.000000 -0.664049 0.734510 -0.139766 0.000000 0.744383 0.667019 -0.031299 0.000000 15.759618 6.770734 -2.556808 1.000000
aniFrame
  m_time -0.074000
  m_vertexTransformMat 0.092993 -0.159794 -0.982761 0.000000 -0.662604 0.726802 -0.180874 0.000000 0.743175 0.668001 -0.038292 0.000000 15.356074 7.123828 -2.701802 1.000000
aniFrame
  m_time -0.058000
  m_vertexTransformMat 0.116053 -0.194485 -0.974016 0.000000 -0.658488 0.719091 -0.222041 0.000000 0.743589 0.667147 -0.044613 0.000000 14.943723 7.469955 -2.870724 1.000000
aniFrame
  m_time -0.042000
  m_vertexTransformMat 0.136545 -0.228411 -0.963942 0.000000 -0.652659 0.711280 -0.260993 0.000000 0.745246 0.664763 -0.051953 0.000000 14.575121 7.803295 -3.099211 1.000000
aniFrame
  m_time -0.026000
  m_vertexTransformMat 0.155418 -0.261942 -0.952487 0.000000 -0.644657 0.703697 -0.298712 0.000000 0.748507 0.660452 -0.059495 0.000000 14.235861 8.137816 -3.353608 1.000000
aniFrame
  m_time -0.010000
  m_vertexTransformMat 0.172409 -0.292861 -0.940483 0.000000 -0.635093 0.696780 -0.333398 0.000000 0.752949 0.654775 -0.065863 0.000000 13.929861 8.431366 -3.611072 1.000000
aniFrame
  m_time 0.005000
  m_vertexTransformMat 0.188315 -0.327462 -0.925908 0.000000 -0.620193 0.691361 -0.370649 0.000000 0.761510 0.644040 -0.072896 0.000000 13.655127 8.757100 -3.932120 1.000000
aniFrame
  m_time 0.021000
  m_vertexTransformMat 0.203208 -0.364925 -0.908590 0.000000 -0.599358 0.687424 -0.410144 0.000000 0.774259 0.627916 -0.079031 0.000000 13.406091 9.094299 -4.307040 1.000000
aniFrame
  m_time 0.037000
  m_vertexTransformMat 0.216456 -0.407373 -0.887240 0.000000 -0.572166 0.683427 -0.453382 0.000000 0.791059 0.605785 -0.085153 0.000000 13.195790 9.475173 -4.767551 1.000000
aniFrame
  m_time 0.053000
  m_vertexTransformMat 0.228311 -0.455435 -0.860496 0.000000 -0.537014 0.678319 -0.501497 0.000000 0.812090 0.576596 -0.089708 0.000000 13.017787 9.899318 -5.324955 1.000000
aniFrame
  m_time 0.069000
  m_vertexTransformMat 0.236850 -0.504583 -0.830240 0.000000 -0.498482 0.670385 -0.549637 0.000000 0.833917 0.544041 -0.092745 0.000000 12.894025 10.337999 -5.932102 1.000000
aniFrame
  m_time 0.085000
  m_vertexTransformMat 0.242612 -0.553901 -0.796451 0.000000 -0.456643 0.659139 -0.597507 0.000000 0.855931 0.508656 -0.093020 0.000000 12.823064 10.779285 -6.567503 1.000000
aniFrame
  m_time 0.101000
  m_vertexTransformMat 0.244562 -0.600026 -0.761682 0.000000 -0.415641 0.644833 -0.641431 0.000000 0.876032 0.473455 -0.091694 0.000000 12.809613 11.206160 -7.195574 1.000000
aniFrame
  m_time 0.117000
  m_vertexTransformMat 0.244106 -0.642367 -0.726483 0.000000 -0.375729 0.627981 -0.681519 0.000000 0.894002 0.439324 -0.088062 0.000000 12.860525 11.612637 -7.775244 1.000000
aniFrame
  m_time 0.133000
  m_vertexTransformMat 0.240635 -0.678323 -0.694243 0.000000 -0.341015 0.610577 -0.714776 0.000000 0.908738 0.408747 -0.084392 0.000000 12.950143 11.989494 -8.292535 1.000000
aniFrame
  m_time 0.149000
  m_vertexTransformMat 0.235486 -0.707261 -0.666580 0.000000 -0.313751 0.593821 -0.740903 0.000000 0.919841 0.383612 -0.082067 0.000000 13.064135 12.344565 -8.719725 1.000000
aniFrame
  m_time 0.165000
  m_vertexTransformMat 0.230454 -0.728287 -0.645360 0.000000 -0.292377 0.580743 -0.759773 0.000000 0.928120 0.363780 -0.079100 0.000000 13.192824 12.655337 -9.003819 1.000000
aniFrame
  m_time 0.181000
  m_vertexTransformMat 0.224557 -0.738858 -0.635346 0.000000 -0.284497 0.573882 -0.767933 0.000000 0.932006 0.353199 -0.081334 0.000000 13.287926 12.933832 -9.164600 1.000000
aniFrame
  m_time 0.197000
  m_vertexTransformMat 0.220393 -0.741178 -0.634100 0.000000 -0.286703 0.572144 -0.768410 0.000000 0.932324 0.351151 -0.086402 0.000000 13.346310 13.204045 -9.197682 1.000000
aniFrame
  m_time 0.213000
  m_vertexTransformMat 0.216342 -0.735265 -0.642326 0.000000 -0.298007 0.576778 -0.760605 0.000000 0.929725 0.355968 -0.094333 0.000000 13.383809 13.447016 -9.107867 1.000000
aniFrame
  m_time 0.229000
  m_vertexTransformMat 0.211528 -0.723462 -0.657160 0.000000 -0.320590 0.583815 -0.745910 0.000000 0.923297 0.368460 -0.108441 0.000000 13.376976 13.698522 -8.980685 1.000000
aniFrame
  m_time 0.245000
  m_vertexTransformMat 0.207027 -0.709144 -0.673985 0.000000 -0.345784 0.591407 -0.728472 0.000000 0.915190 0.383866 -0.122773 0.000000 13.357743 13.952735 -8.823509 1.000000
aniFrame
  m_time 0.261000
  m_vertexTransformMat 0.200204 -0.690571 -0.695004 0.000000 -0.377073 0.600417 -0.705207 0.000000 0.904287 0.403253 -0.140189 0.000000 13.319256 14.212301 -8.646122 1.000000
aniFrame
  m_time 0.277000
  m_vertexTransformMat 0.192909 -0.669712 -0.717128 0.000000 -0.411382 0.608318 -0.678759 0.000000 0.890815 0.425953 -0.158157 0.000000 13.262998 14.480818 -8.465245 1.000000
aniFrame
  m_time 0.293000
  m_vertexTransformMat 0.183619 -0.645151 -0.741663 0.000000 -0.449438 0.615914 -0.647036 0.000000 0.874237 0.452139 -0.176861 0.000000 13.189644 14.756988 -8.270314 1.000000
aniFrame
  m_time 0.309000
  m_vertexTransformMat 0.172161 -0.618423 -0.766756 0.000000 -0.489823 0.621584 -0.611316 0.000000 0.854654 0.480819 -0.195905 0.000000 13.098572 15.033029 -8.091853 1.000000
aniFrame
  m_time 0.325000
  m_vertexTransformMat 0.159262 -0.589389 -0.791995 0.000000 -0.531544 0.624833 -0.571878 0.000000 0.831923 0.512058 -0.213775 0.000000 12.989812 15.313774 -7.917601 1.000000
aniFrame
  m_time 0.341000
  m_vertexTransformMat 0.143917 -0.558632 -0.816834 0.000000 -0.573751 0.625428 -0.528819 0.000000 0.806286 0.544765 -0.230506 0.000000 12.868877 15.583420 -7.756168 1.000000
aniFrame
  m_time 0.357000
  m_vertexTransformMat 0.126500 -0.526705 -0.840584 0.000000 -0.615891 0.622573 -0.482786 0.000000 0.777610 0.578780 -0.245637 0.000000 12.738058 15.855379 -7.614981 1.000000
aniFrame
  m_time 0.373000
  m_vertexTransformMat 0.106958 -0.493595 -0.863090 0.000000 -0.656552 0.616829 -0.434123 0.000000 0.746659 0.613096 -0.258095 0.000000 12.603563 16.101480 -7.467463 1.000000
aniFrame
  m_time 0.389000
  m_vertexTransformMat 0.085254 -0.460563 -0.883524 0.000000 -0.695595 0.607371 -0.383730 0.000000 0.713358 0.647289 -0.268584 0.000000 12.471648 16.346630 -7.339867 1.000000
aniFrame
  m_time 0.405000
  m_vertexTransformMat 0.061704 -0.427117 -0.902089 0.000000 -0.731729 0.595317 -0.331919 0.000000 0.678797 0.680565 -0.275800 0.000000 12.349937 16.556076 -7.205388 1.000000
aniFrame
  m_time 0.421000
  m_vertexTransformMat 0.036779 -0.394499 -0.918160 0.000000 -0.764705 0.580369 -0.279995 0.000000 0.643330 0.712420 -0.280330 0.000000 12.236353 16.751417 -7.082881 1.000000
aniFrame
  m_time 0.437000
  m_vertexTransformMat 0.009714 -0.362789 -0.931821 0.000000 -0.794059 0.563582 -0.227699 0.000000 0.607764 0.742132 -0.282601 0.000000 12.163842 16.914862 -6.979171 1.000000
aniFrame
  m_time 0.453000
  m_vertexTransformMat -0.017516 -0.331922 -0.943144 0.000000 -0.819210 0.545565 -0.176788 0.000000 0.573226 0.769537 -0.281470 0.000000 12.106303 17.041359 -6.869099 1.000000
aniFrame
  m_time 0.469000
  m_vertexTransformMat -0.045867 -0.303121 -0.951848 0.000000 -0.840097 0.527258 -0.127426 0.000000 0.540494 0.793799 -0.278835 0.000000 12.102443 17.139811 -6.789525 1.000000
aniFrame
  m_time 0.485000
  m_vertexTransformMat -0.074268 -0.275113 -0.958539 0.000000 -0.856668 0.509644 -0.079900 0.000000 0.510495 0.815215 -0.273531 0.000000 12.144533 17.184320 -6.709365 1.000000
aniFrame
  m_time 0.501000
  m_vertexTransformMat -0.101802 -0.249513 -0.963006 0.000000 -0.868789 0.493864 -0.036118 0.000000 0.484605 0.832972 -0.267050 0.000000 12.237756 17.194214 -6.651620 1.000000
aniFrame
  m_time 0.517000
  m_vertexTransformMat -0.128240 -0.226102 -0.965626 0.000000 -0.877305 0.479916 0.004137 0.000000 0.462484 0.847678 -0.259905 0.000000 12.375269 17.171808 -6.610275 1.000000
aniFrame
  m_time 0.533000
  m_vertexTransformMat -0.154776 -0.202144 -0.967049 0.000000 -0.880660 0.471855 0.042317 0.000000 0.447753 0.858190 -0.251051 0.000000 12.643692 17.035954 -6.584245 1.000000
aniFrame
  m_time 0.549000
  m_vertexTransformMat -0.182706 -0.175899 -0.967305 0.000000 -0.877397 0.473101 0.079694 0.000000 0.443615 0.863270 -0.240771 0.000000 13.128763 16.725817 -6.600010 1.000000
aniFrame
  m_time 0.565000
  m_vertexTransformMat -0.211375 -0.145906 -0.966453 0.000000 -0.867795 0.482982 0.116881 0.000000 0.449726 0.863389 -0.228706 0.000000 13.807225 16.222935 -6.649427 1.000000
aniFrame
  m_time 0.581000
  m_vertexTransformMat -0.241148 -0.109838 -0.964253 0.000000 -0.850273 0.502891 0.155359 0.000000 0.467849 0.857343 -0.214664 0.000000 14.713227 15.462170 -6.751396 1.000000
aniFrame
  m_time 0.597000
  m_vertexTransformMat -0.269406 -0.068935 -0.960557 0.000000 -0.825804 0.529686 0.193599 0.000000 0.495448 0.845388 -0.199627 0.000000 15.746284 14.479567 -6.897430 1.000000
aniFrame
  m_time 0.613000
  m_vertexTransformMat -0.293293 -0.025118 -0.955693 0.000000 -0.796301 0.559604 0.229669 0.000000 0.529041 0.828379 -0.184130 0.000000 16.781584 13.337148 -7.058808 1.000000
aniFrame
  m_time 0.629000
  m_vertexTransformMat -0.311929 0.021263 -0.949868 0.000000 -0.761980 0.591582 0.263471 0.000000 0.567527 0.805964 -0.168329 0.000000 17.782032 12.036697 -7.225419 1.000000
aniFrame
  m_time 0.645000
  m_vertexTransformMat -0.323531 0.066785 -0.943858 0.000000 -0.725978 0.622238 0.292875 0.000000 0.606864 0.779974 -0.152829 0.000000 18.630535 10.682118 -7.351886 1.000000
aniFrame
  m_time 0.661000
  m_vertexTransformMat -0.328174 0.111072 -0.938065 0.000000 -0.688892 0.651326 0.318123 0.000000 0.646320 0.750625 -0.137231 0.000000 19.325987 9.281979 -7.428123 1.000000
aniFrame
  m_time 0.677000
  m_vertexTransformMat -0.326087 0.149731 -0.933407 0.000000 -0.654672 0.676519 0.337234 0.000000 0.681962 0.721043 -0.122580 0.000000 19.825186 7.973928 -7.433168 1.000000
aniFrame
  m_time 0.693000
  m_vertexTransformMat -0.318101 0.182683 -0.930290 0.000000 -0.624040 0.698361 0.350521 0.000000 0.713712 0.692039 -0.108148 0.000000 20.146982 6.768880 -7.352800 1.000000
aniFrame
  m_time 0.709000
  m_vertexTransformMat -0.306219 0.204798 -0.929671 0.000000 -0.601657 0.715172 0.355722 0.000000 0.737726 0.668271 -0.095781 0.000000 20.310991 5.839778 -7.202545 1.000000
aniFrame
  m_time 0.725000
  m_vertexTransformMat -0.291441 0.216779 -0.931702 0.000000 -0.587608 0.727993 0.353189 0.000000 0.754837 0.650409 -0.084786 0.000000 20.346378 5.180472 -6.969740 1.000000
aniFrame
  m_time 0.741000
  m_vertexTransformMat -0.275056 0.220313 -0.935845 0.000000 -0.580656 0.737746 0.344339 0.000000 0.766278 0.638117 -0.074995 0.000000 20.298946 4.743473 -6.671884 1.000000
aniFrame
  m_time 0.757000
  m_vertexTransformMat -0.257375 0.215230 -0.942037 0.000000 -0.581028 0.744494 0.328840 0.000000 0.772117 0.631985 -0.066560 0.000000 20.177570 4.542127 -6.310355 1.000000
aniFrame
  m_time 0.773000
  m_vertexTransformMat -0.238308 0.206740 -0.948930 0.000000 -0.583776 0.750368 0.310085 0.000000 0.776154 0.627858 -0.058129 0.000000 20.022367 4.400795 -5.913037 1.000000
aniFrame
  m_time 0.789000
  m_vertexTransformMat -0.217534 0.194911 -0.956394 0.000000 -0.588776 0.755306 0.287847 0.000000 0.778474 0.625718 -0.049546 0.000000 19.833876 4.318241 -5.477923 1.000000
aniFrame
  m_time 0.805000
  m_vertexTransformMat -0.196049 0.179877 -0.963955 0.000000 -0.595202 0.759403 0.262759 0.000000 0.779294 0.625261 -0.041817 0.000000 19.613829 4.293034 -5.039456 1.000000
aniFrame
  m_time 0.821000
  m_vertexTransformMat -0.172779 0.161470 -0.971635 0.000000 -0.603489 0.762266 0.233990 0.000000 0.778427 0.626799 -0.034258 0.000000 19.355579 4.336617 -4.583308 1.000000
aniFrame
  m_time 0.837000
  m_vertexTransformMat -0.149736 0.140340 -0.978715 0.000000 -0.611915 0.764369 0.203223 0.000000 0.776620 0.629320 -0.028577 0.000000 19.074543 4.424676 -4.162990 1.000000
aniFrame
  m_time 0.853000
  m_vertexTransformMat -0.124853 0.116278 -0.985338 0.000000 -0.620938 0.765424 0.169006 0.000000 0.773853 0.632935 -0.023364 0.000000 18.760504 4.567216 -3.749252 1.000000
aniFrame
  m_time 0.869000
  m_vertexTransformMat -0.100195 0.090143 -0.990876 0.000000 -0.630493 0.764661 0.133317 0.000000 0.769701 0.638098 -0.019780 0.000000 18.423302 4.764430 -3.386833 1.000000
aniFrame
  m_time 0.885000
  m_vertexTransformMat -0.075070 0.061456 -0.995283 0.000000 -0.638424 0.763760 0.095313 0.000000 0.766015 0.642568 -0.018101 0.000000 18.072409 4.986252 -3.078172 1.000000
aniFrame
  m_time 0.901000
  m_vertexTransformMat -0.048578 0.031448 -0.998324 0.000000 -0.647155 0.760339 0.055441 0.000000 0.760809 0.648764 -0.016584 0.000000 17.688602 5.262679 -2.809741 1.000000
aniFrame
  m_time 0.917000
  m_vertexTransformMat -0.023480 -0.000442 -0.999724 0.000000 -0.654379 0.756017 0.015035 0.000000 0.755803 0.654551 -0.018041 0.000000 17.295723 5.570161 -2.640188 1.000000
aniFrame
  m_time 0.933000
  m_vertexTransformMat 0.003228 -0.033461 -0.999435 0.000000 -0.658880 0.751753 -0.027297 0.000000 0.752241 0.658596 -0.019620 0.000000 16.887182 5.870537 -2.515655 1.000000
aniFrame
  m_time 0.949000
  m_vertexTransformMat 0.028660 -0.067179 -0.997329 0.000000 -0.662560 0.745798 -0.069276 0.000000 0.748460 0.662776 -0.023136 0.000000 16.472939 6.200236 -2.478458 1.000000
aniFrame
  m_time 0.965000
  m_vertexTransformMat 0.053505 -0.101972 -0.993347 0.000000 -0.664171 0.739195 -0.111656 0.000000 0.745663 0.665727 -0.028176 0.000000 16.044870 6.547732 -2.511981 1.000000
aniFrame
  m_time 0.981000
  m_vertexTransformMat 0.077972 -0.136376 -0.987584 0.000000 -0.663790 0.732000 -0.153490 0.000000 0.743844 0.667516 -0.033450 0.000000 15.624209 6.885915 -2.597872 1.000000
aniFrame
  m_time 0.997000
  m_vertexTransformMat 0.100631 -0.171523 -0.980027 0.000000 -0.661540 0.724201 -0.194677 0.000000 0.743128 0.667917 -0.040592 0.000000 15.219044 7.243009 -2.756974 1.000000
aniFrame
  m_time 1.013000
  m_vertexTransformMat 0.123215 -0.205782 -0.970810 0.000000 -0.656734 0.716498 -0.235228 0.000000 0.743989 0.666547 -0.046861 0.000000 14.815089 7.580187 -2.939758 1.000000
aniFrame
  m_time 1.029000
  m_vertexTransformMat 0.142919 -0.239785 -0.960249 0.000000 -0.650236 0.708700 -0.273748 0.000000 0.746168 0.663512 -0.054630 0.000000 14.460550 7.917131 -3.185059 1.000000
aniFrame
  m_time 1.045000
  m_vertexTransformMat 0.161289 -0.272290 -0.948601 0.000000 -0.641773 0.701264 -0.310413 0.000000 0.749742 0.658853 -0.061643 0.000000 14.129566 8.237589 -3.436239 1.000000
aniFrame
  m_time 1.061000
  m_vertexTransformMat 0.177770 -0.303708 -0.936034 0.000000 -0.630921 0.694792 -0.345258 0.000000 0.755206 0.651940 -0.068102 0.000000 13.835577 8.533081 -3.708656 1.000000
aniFrame
  m_time 1.077000
  m_vertexTransformMat 0.193431 -0.339660 -0.920443 0.000000 -0.613876 0.689931 -0.383604 0.000000 0.765337 0.639239 -0.075055 0.000000 13.568664 8.868685 -4.051041 1.000000
aniFrame
  m_time 1.093000
  m_vertexTransformMat 0.207823 -0.378315 -0.902046 0.000000 -0.591079 0.686203 -0.423970 0.000000 0.779382 0.621291 -0.081005 0.000000 13.331188 9.213347 -4.448255 1.000000
aniFrame
  m_time 1.109000
  m_vertexTransformMat 0.220625 -0.422985 -0.878868 0.000000 -0.561211 0.681915 -0.469078 0.000000 0.797727 0.596720 -0.086937 0.000000 13.132481 9.613983 -4.944767 1.000000
aniFrame
  m_time 1.125000
  m_vertexTransformMat 0.231623 -0.471906 -0.850679 0.000000 -0.524251 0.676064 -0.517783 0.000000 0.819458 0.565899 -0.090806 0.000000 12.969028 10.044567 -5.524229 1.000000
aniFrame
  m_time 1.141000
  m_vertexTransformMat 0.239055 -0.521046 -0.819368 0.000000 -0.484939 0.666999 -0.565638 0.000000 0.841241 0.532562 -0.093226 0.000000 12.865164 10.485645 -6.141383 1.000000
aniFrame
  m_time 1.157000
  m_vertexTransformMat 0.243767 -0.569873 -0.784744 0.000000 -0.442492 0.654671 -0.612868 0.000000 0.863005 0.496640 -0.092577 0.000000 12.811327 10.923844 -6.780471 1.000000
aniFrame
  m_time 1.173000
  m_vertexTransformMat 0.244582 -0.614493 -0.750052 0.000000 -0.402395 0.639463 -0.655107 0.000000 0.882189 0.462045 -0.090868 0.000000 12.820159 11.344202 -7.394633 1.000000
aniFrame
  m_time 1.189000
  m_vertexTransformMat 0.243363 -0.655318 -0.715076 0.000000 -0.363094 0.622083 -0.693669 0.000000 0.899409 0.428453 -0.086551 0.000000 12.887964 11.741910 -7.955842 1.000000
aniFrame
  m_time 1.205000
  m_vertexTransformMat 0.238873 -0.688529 -0.684740 0.000000 -0.331541 0.604952 -0.723958 0.000000 0.912700 0.399953 -0.083769 0.000000 12.984408 12.109924 -8.447139 1.000000
aniFrame
  m_time 1.221000
  m_vertexTransformMat 0.233854 -0.715392 -0.658428 0.000000 -0.305674 0.588770 -0.748274 0.000000 0.922971 0.376251 -0.080990 0.000000 13.107354 12.454819 -8.832108 1.000000
aniFrame
  m_time 1.237000
  m_vertexTransformMat 0.228524 -0.732828 -0.640890 0.000000 -0.288033 0.577944 -0.763557 0.000000 0.929954 0.359088 -0.079004 0.000000 13.230047 12.747727 -9.067486 1.000000
aniFrame
  m_time 1.253000
  m_vertexTransformMat 0.222909 -0.740469 -0.634049 0.000000 -0.284530 0.572674 -0.768823 0.000000 0.932392 0.351783 -0.083031 0.000000 13.309652 13.026580 -9.191888 1.000000
aniFrame
  m_time 1.269000
  m_vertexTransformMat 0.219220 -0.740302 -0.635528 0.000000 -0.288678 0.572994 -0.767036 0.000000 0.931991 0.351612 -0.088098 0.000000 13.364820 13.284996 -9.177482 1.000000
aniFrame
  m_time 1.285000
  m_vertexTransformMat 0.214719 -0.731637 -0.646995 0.000000 -0.304868 0.579137 -0.756079 0.000000 0.927874 0.359592 -0.098702 0.000000 13.384677 13.529962 -9.066758 1.000000
aniFrame
  m_time 1.301000
  m_vertexTransformMat 0.210185 -0.719248 -0.662197 0.000000 -0.328409 0.586028 -0.740756 0.000000 0.920853 0.373167 -0.113033 0.000000 13.372351 13.782820 -8.934242 1.000000
aniFrame
  m_time 1.317000
  m_vertexTransformMat 0.204986 -0.703278 -0.680722 0.000000 -0.355645 0.594433 -0.721225 0.000000 0.911865 0.389936 -0.128267 0.000000 13.346962 14.038649 -8.763928 1.000000
aniFrame
  m_time 1.333000
  m_vertexTransformMat 0.197797 -0.683970 -0.702183 0.000000 -0.388190 0.603116 -0.696822 0.000000 0.900103 0.410410 -0.146216 0.000000 13.302463 14.300277 -8.588455 1.000000
aniFrame
  m_time 1.349000
  m_vertexTransformMat 0.190109 -0.661881 -0.725102 0.000000 -0.423684 0.610944 -0.668760 0.000000 0.885636 0.434351 -0.164283 0.000000 13.240409 14.572769 -8.400056 1.000000
aniFrame
  m_time 1.365000
  m_vertexTransformMat 0.179962 -0.636438 -0.750041 0.000000 -0.462714 0.618093 -0.635498 0.000000 0.868049 0.461420 -0.183255 0.000000 13.161409 14.848310 -8.208737 1.000000
aniFrame
  m_time 1.381000
  m_vertexTransformMat 0.168058 -0.609001 -0.775161 0.000000 -0.503639 0.622927 -0.598590 0.000000 0.847411 0.490999 -0.202028 0.000000 13.064027 15.127227 -8.033702 1.000000
aniFrame
  m_time 1.397000
  m_vertexTransformMat 0.154454 -0.579266 -0.800372 0.000000 -0.545568 0.625382 -0.557900 0.000000 0.823711 0.522827 -0.219436 0.000000 12.950673 15.404240 -7.860730 1.000000
aniFrame
  m_time 1.413000
  m_vertexTransformMat 0.138327 -0.548139 -0.824869 0.000000 -0.587885 0.624826 -0.513794 0.000000 0.797030 0.555999 -0.235812 0.000000 12.826093 15.675319 -7.708651 1.000000
aniFrame
  m_time 1.429000
  m_vertexTransformMat 0.120238 -0.515752 -0.848259 0.000000 -0.629643 0.620991 -0.466820 0.000000 0.767524 0.590229 -0.250073 0.000000 12.693383 15.940341 -7.566280 1.000000
aniFrame
  m_time 1.445000
  m_vertexTransformMat 0.099960 -0.482583 -0.870128 0.000000 -0.669795 0.614055 -0.417507 0.000000 0.735788 0.624541 -0.261851 0.000000 12.558720 16.184284 -7.423286 1.000000
aniFrame
  m_time 1.461000
  m_vertexTransformMat 0.077567 -0.449480 -0.889917 0.000000 -0.708028 0.603589 -0.366575 0.000000 0.701911 0.658520 -0.271425 0.000000 12.430148 16.422024 -7.297373 1.000000
aniFrame
  m_time 1.477000
  m_vertexTransformMat 0.053603 -0.416081 -0.907747 0.000000 -0.743066 0.590652 -0.314614 0.000000 0.667067 0.691380 -0.277515 0.000000 12.309495 16.621826 -7.161114 1.000000
aniFrame
  m_time 1.493000
  m_vertexTransformMat 0.027975 -0.383901 -0.922951 0.000000 -0.774945 0.574886 -0.262613 0.000000 0.631409 0.722583 -0.281420 0.000000 12.206914 16.812050 -7.048260 1.000000
aniFrame
  m_time 1.509000
  m_vertexTransformMat 0.000631 -0.352293 -0.935890 0.000000 -0.802906 0.557711 -0.210478 0.000000 0.596106 0.751564 -0.282506 0.000000 12.142838 16.959150 -6.941129 1.000000
aniFrame
  m_time 1.525000
  m_vertexTransformMat -0.026747 -0.322129 -0.946318 0.000000 -0.826659 0.539403 -0.160250 0.000000 0.562068 0.777996 -0.280718 0.000000 12.095955 17.079033 -6.838671 1.000000
aniFrame
  m_time 1.541000
  m_vertexTransformMat -0.055481 -0.293655 -0.954300 0.000000 -0.846102 0.521289 -0.111220 0.000000 0.530126 0.801265 -0.277384 0.000000 12.113696 17.159765 -6.763652 1.000000
aniFrame
  m_time 1.557000
  m_vertexTransformMat -0.083475 -0.266239 -0.960286 0.000000 -0.861210 0.504089 -0.064896 0.000000 0.501347 0.821591 -0.271366 0.000000 12.167150 17.191053 -6.685246 1.000000
aniFrame
  m_time 1.573000
  m_vertexTransformMat -0.110790 -0.241596 -0.964032 0.000000 -0.872005 0.488988 -0.022331 0.000000 0.476794 0.838166 -0.264848 0.000000 12.279554 17.192354 -6.638538 1.000000
aniFrame
  m_time 1.589000
  m_vertexTransformMat -0.136918 -0.218310 -0.966227 0.000000 -0.879157 0.476230 0.016980 0.000000 0.456439 0.851790 -0.257133 0.000000 12.441522 17.144587 -6.597433 1.000000
aniFrame
  m_time 1.605000
  m_vertexTransformMat -0.164020 -0.193680 -0.967257 0.000000 -0.880229 0.471366 0.054878 0.000000 0.445303 0.860408 -0.247796 0.000000 12.784791 16.951197 -6.586176 1.000000
aniFrame
  m_time 1.621000
  m_vertexTransformMat -0.192170 -0.166415 -0.967149 0.000000 -0.874945 0.475393 0.092050 0.000000 0.444457 0.863891 -0.236960 0.000000 13.332751 16.581791 -6.612173 1.000000
aniFrame
  m_time 1.637000
  m_vertexTransformMat -0.221174 -0.134679 -0.965890 0.000000 -0.862938 0.488436 0.129494 0.000000 0.454336 0.862144 -0.224249 0.000000 14.081775 16.002131 -6.676549 1.000000
aniFrame
  m_time 1.653000
  m_vertexTransformMat -0.250964 -0.096524 -0.963172 0.000000 -0.842703 0.511389 0.168326 0.000000 0.476308 0.853911 -0.209681 0.000000 15.054149 15.152396 -6.797147 1.000000
aniFrame
  m_time 1.669000
  m_vertexTransformMat -0.277785 -0.054903 -0.959073 0.000000 -0.816723 0.539124 0.205692 0.000000 0.505766 0.840435 -0.194601 0.000000 16.085537 14.124544 -6.948510 1.000000
aniFrame
  m_time 1.685000
  m_vertexTransformMat -0.300224 -0.009668 -0.953820 0.000000 -0.785174 0.570303 0.241361 0.000000 0.541633 0.821377 -0.178810 0.000000 17.127510 12.913100 -7.116040 1.000000
aniFrame
  m_time 1.701000
  m_vertexTransformMat -0.316556 0.036321 -0.947878 0.000000 -0.750298 0.601813 0.273632 0.000000 0.580384 0.797810 -0.163256 0.000000 18.079214 11.597517 -7.273024 1.000000
aniFrame
  m_time 1.717000
  m_vertexTransformMat -0.325860 0.081983 -0.941857 0.000000 -0.713495 0.632289 0.301889 0.000000 0.620275 0.770383 -0.147543 0.000000 18.882603 10.211538 -7.383369 1.000000
aniFrame
  m_time 1.733000
  m_vertexTransformMat -0.328209 0.124466 -0.936369 0.000000 -0.677212 0.660067 0.325110 0.000000 0.658531 0.740824 -0.132350 0.000000 19.513468 8.838770 -7.439893 1.000000
aniFrame
  m_time 1.749000
  m_vertexTransformMat -0.323990 0.161616 -0.932154 0.000000 -0.643832 0.684274 0.342417 0.000000 0.693189 0.711090 -0.117645 0.000000 19.951487 7.552181 -7.414740 1.000000
aniFrame
  m_time 1.765000
  m_vertexTransformMat -0.314503 0.191395 -0.929761 0.000000 -0.615510 0.704537 0.353235 0.000000 0.722658 0.683371 -0.103773 0.000000 20.218311 6.423195 -7.311126 1.000000
aniFrame
  m_time 1.781000
  m_vertexTransformMat -0.301537 0.209834 -0.930078 0.000000 -0.596216 0.719736 0.355676 0.000000 0.744044 0.661777 -0.091921 0.000000 20.334303 5.593410 -7.132738 1.000000
aniFrame
  m_time 1.797000
  m_vertexTransformMat -0.286108 0.218965 -0.932843 0.000000 -0.584505 0.731548 0.350986 0.000000 0.759274 0.645671 -0.081316 0.000000 20.338840 5.008121 -6.877021 1.000000
aniFrame
  m_time 1.813000
  m_vertexTransformMat -0.269441 0.219141 -0.937752 0.000000 -0.579761 0.740617 0.339654 0.000000 0.768947 0.635188 -0.072503 0.000000 20.265787 4.658036 -6.561575 1.000000
aniFrame
  m_time 1.829000
  m_vertexTransformMat -0.251611 0.211949 -0.944336 0.000000 -0.580525 0.747660 0.322483 0.000000 0.774392 0.629351 -0.065078 0.000000 20.131638 4.497567 -6.195237 1.000000
aniFrame
  m_time 1.845000
  m_vertexTransformMat -0.232398 0.201820 -0.951452 0.000000 -0.582260 0.754708 0.302307 0.000000 0.779080 0.624248 -0.057881 0.000000 19.972189 4.375906 -5.801497 1.000000
aniFrame
  m_time 1.861000
  m_vertexTransformMat -0.212028 0.187808 -0.959048 0.000000 -0.585653 0.761200 0.278541 0.000000 0.782340 0.620727 -0.051405 0.000000 19.781811 4.327824 -5.386384 1.000000
aniFrame
  m_time 1.877000
  m_vertexTransformMat -0.190741 0.170507 -0.966719 0.000000 -0.590240 0.766972 0.251736 0.000000 0.784369 0.618613 -0.045653 0.000000 19.561716 4.345542 -4.968783 1.000000
aniFrame
  m_time 1.893000
  m_vertexTransformMat -0.168374 0.149730 -0.974285 0.000000 -0.595958 0.771832 0.221609 0.000000 0.785166 0.617946 -0.040724 0.000000 19.311716 4.434281 -4.551739 1.000000
aniFrame
  m_time 1.909000
  m_vertexTransformMat -0.145542 0.126300 -0.981258 0.000000 -0.602029 0.775749 0.189143 0.000000 0.785098 0.618273 -0.036868 0.000000 19.039234 4.573264 -4.160228 1.000000
aniFrame
  m_time 1.925000
  m_vertexTransformMat -0.121524 0.099957 -0.987543 0.000000 -0.608701 0.778371 0.153690 0.000000 0.784037 0.619795 -0.033746 0.000000 18.739515 4.773487 -3.787441 1.000000
aniFrame
  m_time 1.941000
  m_vertexTransformMat -0.097892 0.071737 -0.992608 0.000000 -0.614826 0.779936 0.117002 0.000000 0.782564 0.621735 -0.032244 0.000000 18.428617 5.003502 -3.472280 1.000000
aniFrame
  m_time 1.957000
  m_vertexTransformMat -0.072791 0.041095 -0.996500 0.000000 -0.620889 0.780056 0.077523 0.000000 0.780512 0.624359 -0.031266 0.000000 18.094095 5.281909 -3.189752 1.000000
aniFrame
  m_time 1.973000
  m_vertexTransformMat -0.048305 0.009587 -0.998787 0.000000 -0.627151 0.777980 0.037798 0.000000 0.777399 0.628216 -0.031568 0.000000 17.739273 5.592414 -2.980809 1.000000
aniFrame
  m_time 1.989000
  m_vertexTransformMat -0.023153 -0.023900 -0.999446 0.000000 -0.631640 0.775253 -0.003906 0.000000 0.774917 0.631199 -0.033045 0.000000 17.366568 5.918887 -2.836310 1.000000
aniFrame
  m_time 2.005000
  m_vertexTransformMat 0.002276 -0.057340 -0.998352 0.000000 -0.636330 0.770064 -0.045680 0.000000 0.771414 0.635385 -0.034734 0.000000 16.966434 6.264468 -2.748996 1.000000
aniFrame
  m_time 2.021000
  m_vertexTransformMat 0.026636 -0.091936 -0.995409 0.000000 -0.639343 0.763908 -0.087663 0.000000 0.768460 0.638743 -0.038431 0.000000 16.558399 6.617336 -2.747289 1.000000
aniFrame
  m_time 2.037000
  m_vertexTransformMat 0.052347 -0.126233 -0.990619 0.000000 -0.640699 0.756659 -0.130276 0.000000 0.766005 0.641508 -0.041269 0.000000 16.127026 6.954370 -2.773948 1.000000
aniFrame
  m_time 2.053000
  m_vertexTransformMat 0.075893 -0.160365 -0.984136 0.000000 -0.641451 0.747791 -0.171319 0.000000 0.763401 0.644277 -0.046114 0.000000 15.709906 7.293291 -2.881429 1.000000
aniFrame
  m_time 2.069000
  m_vertexTransformMat 0.099903 -0.194001 -0.975902 0.000000 -0.640547 0.737996 -0.212281 0.000000 0.761393 0.646318 -0.050539 0.000000 15.275922 7.618087 -3.013696 1.000000
aniFrame
  m_time 2.085000
  m_vertexTransformMat 0.122540 -0.226316 -0.966315 0.000000 -0.638614 0.727329 -0.251328 0.000000 0.759708 0.647900 -0.055402 0.000000 14.861276 7.913924 -3.187892 1.000000
aniFrame
  m_time 2.101000
