m_aniFrameList.size 84
aniFrame
  m_time -1.066000
  m_vertexTransformMat 0.327219 -0.690783 0.644784 0.000000 0.763493 0.595324 0.250333 0.000000 -0.556781 0.410374 0.722210 0.000000 -2.731942 -6.829075 -3.687040 1.000000
aniFrame
  m_time -1.027000
  m_vertexTransformMat 0.363733 -0.702175 0.612087 0.000000 0.692157 0.643483 0.326877 0.000000 -0.623392 0.304764 0.720071 0.000000 -3.060677 -8.215296 -4.877335 1.000000
aniFrame
  m_time -0.988000
  m_vertexTransformMat 0.407644 -0.711124 0.572825 0.000000 0.603983 0.680465 0.414936 0.000000 -0.684858 0.176830 0.706895 0.000000 -3.131688 -9.705833 -6.351781 1.000000
aniFrame
  m_time -0.949000
  m_vertexTransformMat 0.457859 -0.711870 0.532547 0.000000 0.514791 0.700672 0.494014 0.000000 -0.724814 0.047962 0.687274 0.000000 -2.771346 -11.045081 -7.757771 1.000000
aniFrame
  m_time -0.910000
  m_vertexTransformMat 0.508705 -0.702564 0.497618 0.000000 0.444640 0.709337 0.546934 0.000000 -0.737235 -0.056968 0.673231 0.000000 -2.053425 -12.038847 -8.699910 1.000000
aniFrame
  m_time -0.871000
  m_vertexTransformMat 0.552365 -0.685226 0.474719 0.000000 0.413168 0.719653 0.558026 0.000000 -0.724007 -0.112095 0.680624 0.000000 -1.313786 -12.573803 -8.911557 1.000000
aniFrame
  m_time -0.832000
  m_vertexTransformMat 0.585655 -0.666027 0.461969 0.000000 0.419254 0.736685 0.530586 0.000000 -0.693711 -0.117058 0.710678 0.000000 -0.759217 -12.807946 -8.499952 1.000000
aniFrame
  m_time -0.793000
  m_vertexTransformMat 0.611725 -0.648964 0.452370 0.000000 0.443840 0.754920 0.482807 0.000000 -0.654827 -0.094566 0.749840 0.000000 -0.345578 -13.005038 -7.833681 1.000000
aniFrame
  m_time -0.754000
  m_vertexTransformMat 0.632761 -0.632356 0.446921 0.000000 0.478081 0.773053 0.416926 0.000000 -0.609140 -0.050150 0.791475 0.000000 0.006896 -13.148017 -7.064342 1.000000
aniFrame
  m_time -0.715000
  m_vertexTransformMat 0.650609 -0.614358 0.446398 0.000000 0.514906 0.788941 0.335327 0.000000 -0.558193 0.011686 0.829629 0.000000 0.359511 -13.185672 -6.325858 1.000000
aniFrame
  m_time -0.676000
  m_vertexTransformMat 0.667177 -0.593566 0.450061 0.000000 0.548981 0.800183 0.241510 0.000000 -0.503483 0.085945 0.859720 0.000000 0.772476 -13.073668 -5.666808 1.000000
aniFrame
  m_time -0.637000
  m_vertexTransformMat 0.686488 -0.565971 0.456520 0.000000 0.572735 0.807684 0.140081 0.000000 -0.448006 0.165301 0.878616 0.000000 1.336361 -12.764281 -5.111360 1.000000
aniFrame
  m_time -0.598000
  m_vertexTransformMat 0.709039 -0.531229 0.463745 0.000000 0.583714 0.811129 0.036698 0.000000 -0.395652 0.244674 0.885208 0.000000 2.056013 -12.231151 -4.698036 1.000000
aniFrame
  m_time -0.559000
  m_vertexTransformMat 0.735342 -0.488734 0.469479 0.000000 0.579760 0.812397 -0.062359 0.000000 -0.350926 0.318040 0.880739 0.000000 2.905412 -11.469087 -4.450928 1.000000
aniFrame
  m_time -0.520000
  m_vertexTransformMat 0.769341 -0.432423 0.470239 0.000000 0.555523 0.816312 -0.158205 0.000000 -0.315450 0.382942 0.868243 0.000000 3.977717 -10.359121 -4.406891 1.000000
aniFrame
  m_time -0.481000
  m_vertexTransformMat 0.822612 -0.334623 0.459714 0.000000 0.490850 0.826010 -0.277081 0.000000 -0.287011 0.453581 0.843736 0.000000 5.630874 -8.276911 -4.755714 1.000000
aniFrame
  m_time -0.442000
  m_vertexTransformMat 0.878875 -0.207525 0.429548 0.000000 0.394242 0.822955 -0.409048 0.000000 -0.268610 0.528847 0.805090 0.000000 7.403372 -5.412656 -5.624057 1.000000
aniFrame
  m_time -0.403000
  m_vertexTransformMat 0.917305 -0.090149 0.387848 0.000000 0.298585 0.800146 -0.520205 0.000000 -0.263439 0.592992 0.760895 0.000000 8.612759 -2.576296 -6.690339 1.000000
aniFrame
  m_time -0.364000
  m_vertexTransformMat 0.933909 -0.014173 0.357229 0.000000 0.236017 0.774968 -0.586277 0.000000 -0.268532 0.631841 0.727095 0.000000 9.108696 -0.475620 -7.405173 1.000000
aniFrame
  m_time -0.325000
  m_vertexTransformMat 0.930632 -0.004932 0.365925 0.000000 0.236387 0.771419 -0.590790 0.000000 -0.279367 0.636308 0.719073 0.000000 9.037111 0.349773 -7.260255 1.000000
aniFrame
  m_time -0.286000
  m_vertexTransformMat 0.909842 -0.046924 0.412293 0.000000 0.289043 0.784559 -0.548564 0.000000 -0.297728 0.618277 0.727387 0.000000 8.550739 0.203432 -6.353369 1.000000
aniFrame
  m_time -0.247000
  m_vertexTransformMat 0.872465 -0.117488 0.474343 0.000000 0.367528 0.797488 -0.478474 0.000000 -0.322068 0.591786 0.738961 0.000000 7.752080 -0.407106 -5.170570 1.000000
aniFrame
  m_time -0.208000
  m_vertexTransformMat 0.814339 -0.210934 0.540702 0.000000 0.461241 0.800686 -0.382307 0.000000 -0.352291 0.560721 0.749322 0.000000 6.594876 -1.367147 -3.964704 1.000000
aniFrame
  m_time -0.169000
  m_vertexTransformMat 0.734910 -0.317815 0.599083 0.000000 0.557132 0.786620 -0.266144 0.000000 -0.386666 0.529360 0.755160 0.000000 5.100895 -2.534798 -2.997442 1.000000
aniFrame
  m_time -0.130000
  m_vertexTransformMat 0.637841 -0.427217 0.640816 0.000000 0.643055 0.753311 -0.137855 0.000000 -0.423839 0.500010 0.755216 0.000000 3.317893 -3.753802 -2.466674 1.000000
aniFrame
  m_time -0.091000
  m_vertexTransformMat 0.531827 -0.528144 0.661985 0.000000 0.709365 0.704800 -0.007588 0.000000 -0.462559 0.473625 0.749479 0.000000 1.353280 -4.876704 -2.423548 1.000000
aniFrame
  m_time -0.052000
  m_vertexTransformMat 0.429998 -0.612120 0.663634 0.000000 0.750242 0.651172 0.114510 0.000000 -0.502233 0.448647 0.739241 0.000000 -0.586053 -5.822802 -2.795680 1.000000
aniFrame
  m_time -0.013000
  m_vertexTransformMat 0.347862 -0.674183 0.651514 0.000000 0.765393 0.605538 0.217942 0.000000 -0.541449 0.422850 0.726658 0.000000 -2.246643 -6.569495 -3.416558 1.000000
aniFrame
  m_time 0.025000
  m_vertexTransformMat 0.306300 -0.714772 0.628715 0.000000 0.745068 0.591089 0.309011 0.000000 -0.592498 0.373785 0.713604 0.000000 -3.473421 -7.420641 -4.322156 1.000000
aniFrame
  m_time 0.064000
  m_vertexTransformMat 0.321457 -0.737678 0.593713 0.000000 0.676821 0.617493 0.400769 0.000000 -0.662252 0.273008 0.697774 0.000000 -4.091051 -8.753132 -5.700966 1.000000
aniFrame
  m_time 0.103000
  m_vertexTransformMat 0.381791 -0.740686 0.552829 0.000000 0.579063 0.657885 0.481533 0.000000 -0.720363 0.136278 0.680078 0.000000 -3.858002 -10.293564 -7.219275 1.000000
aniFrame
  m_time 0.142000
  m_vertexTransformMat 0.462935 -0.722919 0.512913 0.000000 0.482550 0.690931 0.538294 0.000000 -0.743530 -0.001689 0.668701 0.000000 -2.833493 -11.619046 -8.407713 1.000000
aniFrame
  m_time 0.181000
  m_vertexTransformMat 0.533693 -0.694792 0.482116 0.000000 0.421933 0.712834 0.560215 0.000000 -0.732902 -0.095562 0.673590 0.000000 -1.646775 -12.424788 -8.918485 1.000000
aniFrame
  m_time 0.220000
  m_vertexTransformMat 0.575495 -0.672296 0.465644 0.000000 0.413828 0.730502 0.543243 0.000000 -0.705374 -0.119937 0.698615 0.000000 -0.924988 -12.743011 -8.692141 1.000000
aniFrame
  m_time 0.259000
  m_vertexTransformMat 0.603291 -0.654851 0.455204 0.000000 0.433966 0.748425 0.501531 0.000000 -0.669114 -0.105027 0.735702 0.000000 -0.481525 -12.939721 -8.084035 1.000000
aniFrame
  m_time 0.298000
  m_vertexTransformMat 0.625733 -0.638485 0.448101 0.000000 0.465885 0.766651 0.441810 0.000000 -0.625626 -0.067692 0.777180 0.000000 -0.118037 -13.108191 -7.334537 1.000000
aniFrame
  m_time 0.337000
  m_vertexTransformMat 0.644210 -0.621528 0.445754 0.000000 0.502743 0.783309 0.365620 0.000000 -0.576406 -0.011436 0.817084 0.000000 0.221101 -13.192471 -6.578547 1.000000
aniFrame
  m_time 0.376000
  m_vertexTransformMat 0.660873 -0.602163 0.447936 0.000000 0.538594 0.796186 0.275691 0.000000 -0.522650 0.059059 0.850499 0.000000 0.601926 -13.141333 -5.894241 1.000000
aniFrame
  m_time 0.415000
  m_vertexTransformMat 0.679630 -0.576536 0.453553 0.000000 0.565768 0.805526 0.176169 0.000000 -0.466916 0.136876 0.873644 0.000000 1.120285 -12.903594 -5.297064 1.000000
aniFrame
  m_time 0.454000
  m_vertexTransformMat 0.700667 -0.544461 0.461116 0.000000 0.581545 0.810231 0.073018 0.000000 -0.413365 0.216998 0.884331 0.000000 1.783617 -12.451344 -4.828876 1.000000
aniFrame
  m_time 0.493000
  m_vertexTransformMat 0.725729 -0.504568 0.467686 0.000000 0.582895 0.812051 -0.028414 0.000000 -0.365448 0.293232 0.883438 0.000000 2.596266 -11.767215 -4.522736 1.000000
aniFrame
  m_time 0.532000
  m_vertexTransformMat 0.754968 -0.456579 0.470701 0.000000 0.568322 0.813668 -0.122289 0.000000 -0.327160 0.359834 0.873777 0.000000 3.529854 -10.851318 -4.391087 1.000000
aniFrame
  m_time 0.571000
  m_vertexTransformMat 0.801642 -0.374820 0.465704 0.000000 0.519141 0.822759 -0.231431 0.000000 -0.296417 0.427291 0.854143 0.000000 4.980747 -9.147033 -4.565806 1.000000
aniFrame
  m_time 0.610000
  m_vertexTransformMat 0.860007 -0.253420 0.442906 0.000000 0.430457 0.826407 -0.362985 0.000000 -0.274033 0.502821 0.819803 0.000000 6.807582 -6.463115 -5.260429 1.000000
aniFrame
  m_time 0.649000
  m_vertexTransformMat 0.905922 -0.128643 0.403432 0.000000 0.330867 0.809623 -0.484807 0.000000 -0.264260 0.572680 0.776019 0.000000 8.264757 -3.528650 -6.314711 1.000000
aniFrame
  m_time 0.688000
  m_vertexTransformMat 0.929680 -0.034825 0.366719 0.000000 0.253839 0.781994 -0.569254 0.000000 -0.266948 0.622311 0.735844 0.000000 9.001545 -1.091808 -7.208587 1.000000
aniFrame
  m_time 0.727000
  m_vertexTransformMat 0.933154 -0.000647 0.359476 0.000000 0.229878 0.769880 -0.595349 0.000000 -0.276368 0.638188 0.718566 0.000000 9.110934 0.199539 -7.394197 1.000000
aniFrame
  m_time 0.766000
  m_vertexTransformMat 0.918391 -0.028918 0.394615 0.000000 0.267774 0.779665 -0.566057 0.000000 -0.291298 0.625529 0.723781 0.000000 8.749598 0.309815 -6.701347 1.000000
aniFrame
  m_time 0.805000
  m_vertexTransformMat 0.887617 -0.089654 0.451774 0.000000 0.337745 0.793601 -0.506089 0.000000 -0.313155 0.601797 0.734694 0.000000 8.072073 -0.146524 -5.597553 1.000000
aniFrame
  m_time 0.844000
  m_vertexTransformMat 0.837059 -0.176003 0.518029 0.000000 0.427493 0.801307 -0.418517 0.000000 -0.341440 0.571777 0.745982 0.000000 7.041455 -0.998466 -4.369953 1.000000
aniFrame
  m_time 0.883000
  m_vertexTransformMat 0.765023 -0.279384 0.580245 0.000000 0.524039 0.793772 -0.308722 0.000000 -0.374330 0.540251 0.753662 0.000000 5.660776 -2.110409 -3.294624 1.000000
aniFrame
  m_time 0.922000
  m_vertexTransformMat 0.673348 -0.389228 0.628573 0.000000 0.614826 0.766973 -0.183692 0.000000 -0.410600 0.510152 0.755747 0.000000 3.969667 -3.326378 -2.596420 1.000000
aniFrame
  m_time 0.961000
  m_vertexTransformMat 0.569327 -0.494275 0.656932 0.000000 0.688904 0.722904 -0.053122 0.000000 -0.448642 0.482807 0.752077 0.000000 2.054471 -4.495449 -2.386158 1.000000
aniFrame
  m_time 1.000000
  m_vertexTransformMat 0.464445 -0.584809 0.665049 0.000000 0.739020 0.669736 0.072828 0.000000 -0.487998 0.457660 0.743241 0.000000 0.082472 -5.506399 -2.624423 1.000000
aniFrame
  m_time 1.039000
  m_vertexTransformMat 0.373862 -0.654830 0.656829 0.000000 0.762602 0.620103 0.184148 0.000000 -0.527887 0.432054 0.731208 0.000000 -1.705380 -6.326173 -3.184973 1.000000
aniFrame
  m_time 1.078000
  m_vertexTransformMat 0.314853 -0.702683 0.638047 0.000000 0.757231 0.591266 0.277498 0.000000 -0.572249 0.395778 0.718256 0.000000 -3.100605 -7.079261 -3.958225 1.000000
aniFrame
  m_time 1.117000
  m_vertexTransformMat 0.309838 -0.731732 0.607098 0.000000 0.705769 0.604857 0.368835 0.000000 -0.637095 0.314191 0.703842 0.000000 -3.961270 -8.236070 -5.173881 1.000000
aniFrame
  m_time 1.156000
  m_vertexTransformMat 0.357128 -0.742105 0.567221 0.000000 0.614607 0.643982 0.455571 0.000000 -0.703362 0.185920 0.686087 0.000000 -4.040210 -9.762488 -6.707002 1.000000
aniFrame
  m_time 1.195000
  m_vertexTransformMat 0.434462 -0.731066 0.526104 0.000000 0.513598 0.680926 0.522071 0.000000 -0.739905 0.043386 0.671310 0.000000 -3.245088 -11.208660 -8.060851 1.000000
aniFrame
  m_time 1.234000
  m_vertexTransformMat 0.512540 -0.704472 0.490941 0.000000 0.436490 0.706124 0.557553 0.000000 -0.739446 -0.071477 0.669411 0.000000 -2.013343 -12.218802 -8.836317 1.000000
aniFrame
  m_time 1.273000
  m_vertexTransformMat 0.564074 -0.678979 0.469904 0.000000 0.411092 0.724460 0.553318 0.000000 -0.716118 -0.118938 0.687771 0.000000 -1.115056 -12.670829 -8.846941 1.000000
aniFrame
  m_time 1.312000
  m_vertexTransformMat 0.594151 -0.660757 0.458678 0.000000 0.425178 0.742062 0.518235 0.000000 -0.682795 -0.112889 0.721836 0.000000 -0.624178 -12.869916 -8.320222 1.000000
aniFrame
  m_time 1.351000
  m_vertexTransformMat 0.618487 -0.644183 0.450002 0.000000 0.453824 0.760335 0.464688 0.000000 -0.641496 -0.083181 0.762603 0.000000 -0.239390 -13.055738 -7.606419 1.000000
aniFrame
  m_time 1.390000
  m_vertexTransformMat 0.638495 -0.627254 0.445956 0.000000 0.489447 0.778112 0.393681 0.000000 -0.593941 -0.033091 0.803828 0.000000 0.108152 -13.172012 -6.835498 1.000000
aniFrame
  m_time 1.429000
  m_vertexTransformMat 0.655882 -0.608528 0.446668 0.000000 0.525867 0.792851 0.307980 0.000000 -0.541555 0.032889 0.840022 0.000000 0.474717 -13.170228 -6.122421 1.000000
aniFrame
  m_time 1.468000
  m_vertexTransformMat 0.673247 -0.585870 0.451105 0.000000 0.557149 0.803044 0.211438 0.000000 -0.486132 0.108983 0.867064 0.000000 0.933849 -13.006222 -5.492232 1.000000
aniFrame
  m_time 1.507000
  m_vertexTransformMat 0.693235 -0.556420 0.458063 0.000000 0.577477 0.809113 0.108893 0.000000 -0.431215 0.189032 0.882225 0.000000 1.544935 -12.633185 -4.975953 1.000000
aniFrame
  m_time 1.546000
  m_vertexTransformMat 0.716741 -0.519389 0.465314 0.000000 0.584108 0.811652 0.006251 0.000000 -0.380920 0.267313 0.885124 0.000000 2.305579 -12.031313 -4.610499 1.000000
aniFrame
  m_time 1.585000
  m_vertexTransformMat 0.743544 -0.475452 0.470199 0.000000 0.576068 0.812500 -0.089382 0.000000 -0.339540 0.337326 0.878023 0.000000 3.169353 -11.220284 -4.412933 1.000000
aniFrame
  m_time 1.624000
  m_vertexTransformMat 0.783284 -0.408459 0.468645 0.000000 0.541035 0.819189 -0.190291 0.000000 -0.306183 0.402605 0.862648 0.000000 4.411353 -9.863353 -4.459684 1.000000
aniFrame
  m_time 1.663000
  m_vertexTransformMat 0.840368 -0.297801 0.452875 0.000000 0.463899 0.827303 -0.316808 0.000000 -0.280319 0.476323 0.833389 0.000000 6.188473 -7.463768 -4.967381 1.000000
aniFrame
  m_time 1.702000
  m_vertexTransformMat 0.892077 -0.170415 0.418518 0.000000 0.364949 0.817867 -0.444868 0.000000 -0.266479 0.549594 0.791793 0.000000 7.833894 -4.537292 -5.933326 1.000000
aniFrame
  m_time 1.741000
  m_vertexTransformMat 0.923813 -0.062209 0.377757 0.000000 0.276074 0.791858 -0.544742 0.000000 -0.265241 0.607528 0.748703 0.000000 8.826405 -1.850663 -6.949577 1.000000
aniFrame
  m_time 1.780000
  m_vertexTransformMat 0.934525 -0.003899 0.355875 0.000000 0.229186 0.771599 -0.593387 0.000000 -0.272280 0.636097 0.721972 0.000000 9.135638 -0.091348 -7.450574 1.000000
aniFrame
  m_time 1.819000
  m_vertexTransformMat 0.926332 -0.013197 0.376477 0.000000 0.247253 0.775293 -0.581194 0.000000 -0.284210 0.631464 0.721442 0.000000 8.933200 0.365128 -7.043862 1.000000
aniFrame
  m_time 1.858000
  m_vertexTransformMat 0.904365 -0.058101 0.422787 0.000000 0.299691 0.791770 -0.532246 0.000000 -0.303825 0.608050 0.733461 0.000000 8.430196 0.068916 -6.093190 1.000000
aniFrame
  m_time 1.897000
  m_vertexTransformMat 0.869184 -0.125753 0.478232 0.000000 0.369080 0.808614 -0.458174 0.000000 -0.329088 0.574744 0.749247 0.000000 7.665444 -0.651313 -4.978627 1.000000
aniFrame
  m_time 1.936000
  m_vertexTransformMat 0.817013 -0.212916 0.535870 0.000000 0.449546 0.817189 -0.360708 0.000000 -0.361107 0.535602 0.763369 0.000000 6.586913 -1.702232 -3.902194 1.000000
aniFrame
  m_time 1.975000
  m_vertexTransformMat 0.746198 -0.313593 0.587238 0.000000 0.533043 0.809887 -0.244842 0.000000 -0.398816 0.495724 0.771495 0.000000 5.180829 -2.952029 -3.083102 1.000000
aniFrame
  m_time 2.014000
  m_vertexTransformMat 0.657446 -0.419846 0.625695 0.000000 0.611584 0.782387 -0.117632 0.000000 -0.440148 0.460001 0.771148 0.000000 3.434206 -4.239128 -2.686384 1.000000
aniFrame
  m_time 2.053000
  m_vertexTransformMat 0.554281 -0.522796 0.647655 0.000000 0.678398 0.734591 0.012380 0.000000 -0.482233 0.432506 0.761833 0.000000 1.426796 -5.396433 -2.723877 1.000000
aniFrame
  m_time 2.092000
  m_vertexTransformMat 0.442957 -0.614140 0.653162 0.000000 0.728996 0.670803 0.136341 0.000000 -0.521876 0.415759 0.744842 0.000000 -0.670747 -6.283283 -3.102125 1.000000
aniFrame
  m_time 2.131000
  m_vertexTransformMat 0.332895 -0.687675 0.645200 0.000000 0.762153 0.599117 0.245320 0.000000 -0.555251 0.410075 0.723557 0.000000 -2.634261 -6.819192 -3.657605 1.000000
aniFrame
  m_time 2.133000
  m_vertexTransformMat 0.327219 -0.690783 0.644784 0.000000 0.763493 0.595324 0.250333 0.000000 -0.556781 0.410374 0.722210 0.000000 -2.731945 -6.829075 -3.687035 1.000000
