m_aniFrameList.size 202
aniFrame
  m_time -1.066000
  m_vertexTransformMat 0.327219 -0.690783 0.644784 0.000000 0.763493 0.595324 0.250333 0.000000 -0.556781 0.410374 0.722210 0.000000 -2.731942 -6.829075 -3.687040 1.000000
aniFrame
  m_time -1.050000
  m_vertexTransformMat 0.341342 -0.695992 0.631729 0.000000 0.736013 0.615937 0.280903 0.000000 -0.584611 0.369076 0.722505 0.000000 -2.892804 -7.393089 -4.150810 1.000000
aniFrame
  m_time -1.034000
  m_vertexTransformMat 0.356709 -0.700132 0.618526 0.000000 0.706353 0.635435 0.311911 0.000000 -0.611412 0.325636 0.721205 0.000000 -3.015157 -7.953442 -4.638629 1.000000
aniFrame
  m_time -1.018000
  m_vertexTransformMat 0.373160 -0.704785 0.603349 0.000000 0.672751 0.653377 0.347139 0.000000 -0.638873 0.276365 0.717959 0.000000 -3.110372 -8.562157 -5.206327 1.000000
aniFrame
  m_time -1.002000
  m_vertexTransformMat 0.391014 -0.708688 0.587255 0.000000 0.636477 0.669100 0.383670 0.000000 -0.664835 0.223754 0.712691 0.000000 -3.153014 -9.178982 -5.815240 1.000000
aniFrame
  m_time -0.986000
  m_vertexTransformMat 0.410100 -0.711415 0.570707 0.000000 0.599244 0.681904 0.419421 0.000000 -0.687550 0.169988 0.705960 0.000000 -3.124646 -9.780895 -6.430058 1.000000
aniFrame
  m_time -0.970000
  m_vertexTransformMat 0.430326 -0.712771 0.553874 0.000000 0.561574 0.691789 0.453943 0.000000 -0.706721 0.115698 0.697968 0.000000 -3.024896 -10.359854 -7.040863 1.000000
aniFrame
  m_time -0.954000
  m_vertexTransformMat 0.451222 -0.712298 0.537616 0.000000 0.525673 0.698970 0.484880 0.000000 -0.721156 0.063821 0.689827 0.000000 -2.843109 -10.887846 -7.593821 1.000000
aniFrame
  m_time -0.938000
  m_vertexTransformMat 0.472478 -0.710268 0.521808 0.000000 0.492091 0.703778 0.512390 0.000000 -0.731171 0.014685 0.682037 0.000000 -2.594052 -11.368088 -8.089065 1.000000
aniFrame
  m_time -0.922000
  m_vertexTransformMat 0.493413 -0.706342 0.507567 0.000000 0.463164 0.707300 0.534047 0.000000 -0.736222 -0.028419 0.676144 0.000000 -2.298453 -11.774094 -8.476048 1.000000
aniFrame
  m_time -0.906000
  m_vertexTransformMat 0.513655 -0.701113 0.494570 0.000000 0.439290 0.710043 0.550331 0.000000 -0.737010 -0.065421 0.672709 0.000000 -1.971389 -12.117009 -8.759268 1.000000
aniFrame
  m_time -0.890000
  m_vertexTransformMat 0.532389 -0.694338 0.484208 0.000000 0.422984 0.713688 0.558332 0.000000 -0.733244 -0.092438 0.673654 0.000000 -1.657602 -12.369432 -8.905858 1.000000
aniFrame
  m_time -0.874000
  m_vertexTransformMat 0.549372 -0.686701 0.476060 0.000000 0.414132 0.718607 0.558659 0.000000 -0.725732 -0.109759 0.679167 0.000000 -1.365298 -12.546134 -8.920293 1.000000
aniFrame
  m_time -0.858000
  m_vertexTransformMat 0.564594 -0.678776 0.469572 0.000000 0.411567 0.724676 0.552683 0.000000 -0.715435 -0.118781 0.688509 0.000000 -1.106455 -12.675602 -8.833011 1.000000
aniFrame
  m_time -0.842000
  m_vertexTransformMat 0.577945 -0.670834 0.464716 0.000000 0.415374 0.731983 0.540061 0.000000 -0.702456 -0.119095 0.701693 0.000000 -0.885614 -12.758153 -8.641177 1.000000
aniFrame
  m_time -0.826000
  m_vertexTransformMat 0.590101 -0.663270 0.460276 0.000000 0.422044 0.739454 0.524487 0.000000 -0.688229 -0.115243 0.716282 0.000000 -0.687819 -12.840178 -8.410736 1.000000
aniFrame
  m_time -0.810000
  m_vertexTransformMat 0.601134 -0.656284 0.455993 0.000000 0.431705 0.746860 0.505797 0.000000 -0.672509 -0.107198 0.732284 0.000000 -0.515565 -12.923112 -8.143384 1.000000
aniFrame
  m_time -0.794000
  m_vertexTransformMat 0.611125 -0.649383 0.452581 0.000000 0.443043 0.754450 0.484272 0.000000 -0.655927 -0.095438 0.748767 0.000000 -0.355078 -13.000466 -7.852601 1.000000
aniFrame
  m_time -0.778000
  m_vertexTransformMat 0.620322 -0.642822 0.449422 0.000000 0.456792 0.761871 0.459232 0.000000 -0.637606 -0.079579 0.766241 0.000000 -0.209921 -13.069276 -7.540082 1.000000
aniFrame
  m_time -0.762000
  m_vertexTransformMat 0.628608 -0.635976 0.447645 0.000000 0.470766 0.769313 0.431899 0.000000 -0.619056 -0.060759 0.782992 0.000000 -0.066174 -13.126823 -7.223009 1.000000
aniFrame
  m_time -0.746000
  m_vertexTransformMat 0.636772 -0.628817 0.446219 0.000000 0.485815 0.776593 0.401108 0.000000 -0.598754 -0.038634 0.800001 0.000000 0.077236 -13.165091 -6.906695 1.000000
aniFrame
  m_time -0.730000
  m_vertexTransformMat 0.643647 -0.622146 0.445704 0.000000 0.501519 0.782783 0.368416 0.000000 -0.578098 -0.013601 0.815854 0.000000 0.209063 -13.191509 -6.603399 1.000000
aniFrame
  m_time -0.714000
  m_vertexTransformMat 0.651092 -0.613824 0.446430 0.000000 0.515813 0.789329 0.333013 0.000000 -0.556791 0.013452 0.830544 0.000000 0.369902 -13.184443 -6.307852 1.000000
aniFrame
  m_time -0.698000
  m_vertexTransformMat 0.657825 -0.606261 0.446894 0.000000 0.531096 0.794106 0.295522 0.000000 -0.534045 0.042942 0.844365 0.000000 0.520965 -13.163744 -6.034344 1.000000
aniFrame
  m_time -0.682000
  m_vertexTransformMat 0.664203 -0.597543 0.449196 0.000000 0.544637 0.798404 0.256751 0.000000 -0.512060 0.074114 0.855746 0.000000 0.692665 -13.106671 -5.764841 1.000000
aniFrame
  m_time -0.666000
  m_vertexTransformMat 0.672411 -0.586926 0.450978 0.000000 0.555981 0.802713 0.215722 0.000000 -0.488619 0.105681 0.866073 0.000000 0.911322 -13.015800 -5.515812 1.000000
aniFrame
  m_time -0.650000
  m_vertexTransformMat 0.679939 -0.576047 0.453710 0.000000 0.566145 0.805639 0.174432 0.000000 -0.466007 0.138262 0.873911 0.000000 1.129901 -12.897506 -5.287605 1.000000
aniFrame
  m_time -0.634000
  m_vertexTransformMat 0.688208 -0.563540 0.456939 0.000000 0.574058 0.808101 0.132024 0.000000 -0.443653 0.171450 0.879646 0.000000 1.389725 -12.731241 -5.074509 1.000000
aniFrame
  m_time -0.618000
  m_vertexTransformMat 0.697218 -0.550155 0.459583 0.000000 0.579872 0.809761 0.089638 0.000000 -0.421467 0.204002 0.883600 0.000000 1.671665 -12.540847 -4.895999 1.000000
aniFrame
  m_time -0.602000
  m_vertexTransformMat 0.706386 -0.535219 0.463205 0.000000 0.583302 0.810871 0.047403 0.000000 -0.400970 0.236704 0.884983 0.000000 1.970247 -12.298290 -4.733200 1.000000
aniFrame
  m_time -0.586000
  m_vertexTransformMat 0.716958 -0.519042 0.465366 0.000000 0.584101 0.811663 0.005397 0.000000 -0.380522 0.267951 0.885102 0.000000 2.312620 -12.025359 -4.608227 1.000000
aniFrame
  m_time -0.570000
  m_vertexTransformMat 0.727560 -0.501502 0.468138 0.000000 0.582412 0.812133 -0.035146 0.000000 -0.362564 0.298220 0.882956 0.000000 2.655172 -11.710145 -4.506931 1.000000
aniFrame
  m_time -0.554000
  m_vertexTransformMat 0.738794 -0.483146 0.469844 0.000000 0.578372 0.812406 -0.074040 0.000000 -0.345932 0.326445 0.879639 0.000000 3.016812 -11.364686 -4.432233 1.000000
aniFrame
  m_time -0.538000
  m_vertexTransformMat 0.750997 -0.463221 0.470563 0.000000 0.571350 0.813107 -0.111428 0.000000 -0.331002 0.352538 0.875303 0.000000 3.405515 -10.984100 -4.395463 1.000000
aniFrame
  m_time -0.522000
  m_vertexTransformMat 0.767104 -0.436187 0.470417 0.000000 0.557664 0.815868 -0.152876 0.000000 -0.317116 0.379606 0.869101 0.000000 3.908066 -10.436109 -4.401289 1.000000
aniFrame
  m_time -0.506000
  m_vertexTransformMat 0.786253 -0.403191 0.468235 0.000000 0.537703 0.819800 -0.196984 0.000000 -0.304437 0.406650 0.861368 0.000000 4.503578 -9.752763 -4.474136 1.000000
aniFrame
  m_time -0.490000
  m_vertexTransformMat 0.808622 -0.361688 0.464018 0.000000 0.510107 0.823981 -0.246669 0.000000 -0.293124 0.436161 0.850789 0.000000 5.196631 -8.864245 -4.621056 1.000000
aniFrame
  m_time -0.474000
  m_vertexTransformMat 0.833427 -0.312623 0.455704 0.000000 0.474806 0.827013 -0.301013 0.000000 -0.282770 0.467243 0.837690 0.000000 5.969410 -7.793417 -4.879487 1.000000
aniFrame
  m_time -0.458000
  m_vertexTransformMat 0.856612 -0.261219 0.444949 0.000000 0.436487 0.826726 -0.354969 0.000000 -0.275127 0.498285 0.822203 0.000000 6.701304 -6.639589 -5.203784 1.000000
aniFrame
  m_time -0.442000
  m_vertexTransformMat 0.878875 -0.207525 0.429548 0.000000 0.394242 0.822955 -0.409048 0.000000 -0.268610 0.528847 0.805090 0.000000 7.403372 -5.412656 -5.624057 1.000000
aniFrame
  m_time -0.426000
  m_vertexTransformMat 0.896577 -0.157036 0.414113 0.000000 0.354240 0.815487 -0.457707 0.000000 -0.265827 0.557065 0.786775 0.000000 7.977354 -4.216169 -6.050173 1.000000
aniFrame
  m_time -0.410000
  m_vertexTransformMat 0.911929 -0.109226 0.395544 0.000000 0.314570 0.805047 -0.502937 0.000000 -0.263498 0.583069 0.768505 0.000000 8.446884 -3.052187 -6.503924 1.000000
aniFrame
  m_time -0.394000
  m_vertexTransformMat 0.922517 -0.068235 0.379878 0.000000 0.280839 0.793827 -0.539415 0.000000 -0.264750 0.604304 0.751481 0.000000 8.783641 -2.011067 -6.894730 1.000000
aniFrame
  m_time -0.378000
  m_vertexTransformMat 0.929550 -0.035418 0.366992 0.000000 0.254341 0.782214 -0.568728 0.000000 -0.266923 0.622002 0.736116 0.000000 8.998083 -1.108818 -7.202747 1.000000
aniFrame
  m_time -0.362000
  m_vertexTransformMat 0.934225 -0.011855 0.356486 0.000000 0.234175 0.774267 -0.587939 0.000000 -0.269045 0.632748 0.726116 0.000000 9.117785 -0.400218 -7.421942 1.000000
aniFrame
  m_time -0.346000
  m_vertexTransformMat 0.934058 -0.001223 0.357118 0.000000 0.228531 0.770479 -0.595093 0.000000 -0.274424 0.637464 0.719952 0.000000 9.131208 0.063027 -7.434956 1.000000
aniFrame
  m_time -0.330000
  m_vertexTransformMat 0.931887 -0.002429 0.362740 0.000000 0.233024 0.770371 -0.593487 0.000000 -0.278003 0.637590 0.718465 0.000000 9.071762 0.313131 -7.325723 1.000000
aniFrame
  m_time -0.314000
  m_vertexTransformMat 0.926157 -0.013709 0.376890 0.000000 0.248060 0.774889 -0.581389 0.000000 -0.284078 0.631949 0.721069 0.000000 8.929445 0.365407 -7.045182 1.000000
aniFrame
  m_time -0.298000
  m_vertexTransformMat 0.917487 -0.030842 0.396570 0.000000 0.270111 0.780175 -0.564241 0.000000 -0.291991 0.624801 0.724131 0.000000 8.727662 0.300883 -6.662519 1.000000
aniFrame
  m_time -0.282000
  m_vertexTransformMat 0.906825 -0.053013 0.418161 0.000000 0.296111 0.786150 -0.542482 0.000000 -0.299979 0.615758 0.728598 0.000000 8.484241 0.159584 -6.239738 1.000000
aniFrame
  m_time -0.266000
  m_vertexTransformMat 0.892804 -0.079862 0.443310 0.000000 0.326891 0.791978 -0.515668 0.000000 -0.309910 0.605304 0.733187 0.000000 8.183786 -0.059404 -5.759027 1.000000
aniFrame
  m_time -0.250000
  m_vertexTransformMat 0.876036 -0.111083 0.469279 0.000000 0.360774 0.796692 -0.484896 0.000000 -0.320007 0.594089 0.738007 0.000000 7.826379 -0.345695 -5.265664 1.000000
aniFrame
  m_time -0.234000
  m_vertexTransformMat 0.855411 -0.146588 0.496774 0.000000 0.397770 0.800221 -0.448805 0.000000 -0.331739 0.581515 0.742826 0.000000 7.406017 -0.695645 -4.755649 1.000000
aniFrame
  m_time -0.218000
  m_vertexTransformMat 0.831212 -0.185171 0.524212 0.000000 0.436500 0.801328 -0.409074 0.000000 -0.344317 0.568845 0.746901 0.000000 6.925698 -1.094148 -4.258570 1.000000
aniFrame
  m_time -0.202000
  m_vertexTransformMat 0.803533 -0.226778 0.550369 0.000000 0.476109 0.799805 -0.365557 0.000000 -0.357288 0.555773 0.750640 0.000000 6.386703 -1.538396 -3.795750 1.000000
aniFrame
  m_time -0.186000
  m_vertexTransformMat 0.772035 -0.270128 0.575319 0.000000 0.515799 0.795183 -0.318803 0.000000 -0.371366 0.542876 0.753241 0.000000 5.792194 -2.009897 -3.375087 1.000000
aniFrame
  m_time -0.170000
  m_vertexTransformMat 0.737182 -0.314987 0.597784 0.000000 0.554762 0.787212 -0.269325 0.000000 -0.385749 0.530170 0.755062 0.000000 5.142842 -2.503034 -3.017282 1.000000
aniFrame
  m_time -0.154000
  m_vertexTransformMat 0.699362 -0.360191 0.617378 0.000000 0.591879 0.776071 -0.217702 0.000000 -0.400715 0.517666 0.755943 0.000000 4.447598 -3.007866 -2.735983 1.000000
aniFrame
  m_time -0.138000
  m_vertexTransformMat 0.658724 -0.405052 0.634047 0.000000 0.626866 0.761502 -0.164788 0.000000 -0.416080 0.506013 0.755533 0.000000 3.700987 -3.502111 -2.534884 1.000000
aniFrame
  m_time -0.122000
  m_vertexTransformMat 0.616611 -0.449004 0.646674 0.000000 0.658469 0.744376 -0.111016 0.000000 -0.431521 0.494268 0.754645 0.000000 2.929106 -3.998499 -2.419954 1.000000
aniFrame
  m_time -0.106000
  m_vertexTransformMat 0.573007 -0.490891 0.656269 0.000000 0.686733 0.724626 -0.057583 0.000000 -0.447282 0.483676 0.752327 0.000000 2.123172 -4.458180 -2.385595 1.000000
aniFrame
  m_time -0.090000
  m_vertexTransformMat 0.529119 -0.530557 0.662225 0.000000 0.710746 0.703435 -0.004314 0.000000 -0.463544 0.472957 0.749292 0.000000 1.302904 -4.903977 -2.428546 1.000000
aniFrame
  m_time -0.074000
  m_vertexTransformMat 0.486341 -0.567239 0.664615 0.000000 0.730573 0.681228 0.046810 0.000000 -0.479307 0.462784 0.745719 0.000000 0.502403 -5.311905 -2.542485 1.000000
aniFrame
  m_time -0.058000
  m_vertexTransformMat 0.444799 -0.600373 0.664610 0.000000 0.745686 0.659274 0.096492 0.000000 -0.496091 0.452671 0.740934 0.000000 -0.298651 -5.685054 -2.715183 1.000000
aniFrame
  m_time -0.042000
  m_vertexTransformMat 0.406622 -0.630401 0.661251 0.000000 0.756471 0.638156 0.143208 0.000000 -0.512260 0.441985 0.736369 0.000000 -1.043535 -6.038013 -2.942414 1.000000
aniFrame
  m_time -0.026000
  m_vertexTransformMat 0.372509 -0.655824 0.656607 0.000000 0.762805 0.619346 0.185849 0.000000 -0.528551 0.431632 0.730977 0.000000 -1.733016 -6.338040 -3.195797 1.000000
aniFrame
  m_time -0.010000
  m_vertexTransformMat 0.342780 -0.678096 0.650145 0.000000 0.765479 0.602795 0.225123 0.000000 -0.544558 0.420504 0.725695 0.000000 -2.358052 -6.624251 -3.471586 1.000000
aniFrame
  m_time 0.005000
  m_vertexTransformMat 0.321009 -0.696418 0.641838 0.000000 0.761079 0.593032 0.262816 0.000000 -0.563659 0.404123 0.720398 0.000000 -2.905833 -6.939445 -3.807062 1.000000
aniFrame
  m_time 0.021000
  m_vertexTransformMat 0.308111 -0.711432 0.631610 0.000000 0.749199 0.590617 0.299786 0.000000 -0.586317 0.380835 0.714981 0.000000 -3.371440 -7.314660 -4.209815 1.000000
aniFrame
  m_time 0.037000
  m_vertexTransformMat 0.304569 -0.723736 0.619229 0.000000 0.729495 0.595254 0.336912 0.000000 -0.612434 0.349112 0.709258 0.000000 -3.740098 -7.772034 -4.692907 1.000000
aniFrame
  m_time 0.053000
  m_vertexTransformMat 0.311685 -0.733073 0.604529 0.000000 0.700382 0.607197 0.375203 0.000000 -0.642120 0.306456 0.702685 0.000000 -3.994714 -8.335376 -5.275756 1.000000
aniFrame
  m_time 0.069000
  m_vertexTransformMat 0.326875 -0.739284 0.588737 0.000000 0.665659 0.622310 0.411859 0.000000 -0.670858 0.257272 0.695529 0.000000 -4.111966 -8.943672 -5.893042 1.000000
aniFrame
  m_time 0.085000
  m_vertexTransformMat 0.349809 -0.742018 0.571877 0.000000 0.625963 0.639303 0.446613 0.000000 -0.696997 0.201744 0.688109 0.000000 -4.076362 -9.586827 -6.534115 1.000000
aniFrame
  m_time 0.101000
  m_vertexTransformMat 0.378023 -0.741052 0.554924 0.000000 0.584240 0.655926 0.477939 0.000000 -0.718167 0.143536 0.680907 0.000000 -3.891521 -10.217769 -7.147369 1.000000
aniFrame
  m_time 0.117000
  m_vertexTransformMat 0.410322 -0.736431 0.537871 0.000000 0.542256 0.671240 0.505366 0.000000 -0.733208 0.084301 0.674759 0.000000 -3.553269 -10.817780 -7.708056 1.000000
aniFrame
  m_time 0.133000
  m_vertexTransformMat 0.444170 -0.728492 0.521548 0.000000 0.502648 0.684497 0.528023 0.000000 -0.741659 0.027623 0.670208 0.000000 -3.111413 -11.354583 -8.187971 1.000000
aniFrame
  m_time 0.149000
  m_vertexTransformMat 0.477575 -0.718054 0.506281 0.000000 0.467822 0.695589 0.545251 0.000000 -0.743683 -0.023549 0.668117 0.000000 -2.600466 -11.810540 -8.557631 1.000000
aniFrame
  m_time 0.165000
  m_vertexTransformMat 0.508546 -0.706177 0.492641 0.000000 0.439712 0.704914 0.556552 0.000000 -0.740294 -0.066412 0.668996 0.000000 -2.081126 -12.175828 -8.811501 1.000000
aniFrame
  m_time 0.181000
  m_vertexTransformMat 0.533693 -0.694792 0.482116 0.000000 0.421933 0.712834 0.560215 0.000000 -0.732902 -0.095562 0.673590 0.000000 -1.646775 -12.424788 -8.918485 1.000000
aniFrame
  m_time 0.197000
  m_vertexTransformMat 0.554201 -0.684380 0.473800 0.000000 0.412820 0.720257 0.557503 0.000000 -0.722802 -0.113374 0.681693 0.000000 -1.285540 -12.595934 -8.903340 1.000000
aniFrame
  m_time 0.213000
  m_vertexTransformMat 0.569974 -0.675587 0.467667 0.000000 0.411833 0.727408 0.548882 0.000000 -0.711002 -0.120248 0.692832 0.000000 -1.015894 -12.709635 -8.779675 1.000000
aniFrame
  m_time 0.229000
  m_vertexTransformMat 0.582161 -0.668200 0.463247 0.000000 0.417347 0.734541 0.535044 0.000000 -0.697790 -0.118147 0.706492 0.000000 -0.816415 -12.783973 -8.566266 1.000000
aniFrame
  m_time 0.245000
  m_vertexTransformMat 0.593917 -0.660903 0.458770 0.000000 0.424983 0.741908 0.518615 0.000000 -0.683119 -0.113044 0.721505 0.000000 -0.627820 -12.868171 -8.325697 1.000000
aniFrame
  m_time 0.261000
  m_vertexTransformMat 0.604562 -0.653988 0.454758 0.000000 0.435340 0.749371 0.498922 0.000000 -0.667071 -0.103655 0.737748 0.000000 -0.461293 -12.949607 -8.048085 1.000000
aniFrame
  m_time 0.277000
  m_vertexTransformMat 0.614294 -0.647173 0.451455 0.000000 0.447428 0.756943 0.476283 0.000000 -0.649963 -0.090584 0.754548 0.000000 -0.305286 -13.024455 -7.750517 1.000000
aniFrame
  m_time 0.293000
  m_vertexTransformMat 0.623165 -0.640614 0.448641 0.000000 0.461529 0.764331 0.450320 0.000000 -0.631392 -0.073563 0.771967 0.000000 -0.162786 -13.089970 -7.433692 1.000000
aniFrame
  m_time 0.309000
  m_vertexTransformMat 0.631379 -0.633562 0.447168 0.000000 0.475589 0.771820 0.422030 0.000000 -0.612516 -0.053793 0.788626 0.000000 -0.017270 -13.141511 -7.117257 1.000000
aniFrame
  m_time 0.325000
  m_vertexTransformMat 0.639248 -0.626557 0.445857 0.000000 0.491105 0.778778 0.390283 0.000000 -0.591758 -0.030525 0.805538 0.000000 0.121931 -13.175016 -6.803441 1.000000
aniFrame
  m_time 0.341000
  m_vertexTransformMat 0.645988 -0.619538 0.445951 0.000000 0.506327 0.784952 0.357049 0.000000 -0.571255 -0.004853 0.820758 0.000000 0.259557 -13.193192 -6.503855 1.000000
aniFrame
  m_time 0.357000
  m_vertexTransformMat 0.653596 -0.611064 0.446557 0.000000 0.520753 0.791246 0.320542 0.000000 -0.549207 0.023041 0.835369 0.000000 0.424029 -13.177349 -6.213552 1.000000
aniFrame
  m_time 0.373000
  m_vertexTransformMat 0.659721 -0.603761 0.447483 0.000000 0.536019 0.795388 0.282919 0.000000 -0.526738 0.053212 0.848361 0.000000 0.570648 -13.151531 -5.945107 1.000000
aniFrame
  m_time 0.389000
  m_vertexTransformMat 0.666834 -0.594016 0.449975 0.000000 0.548509 0.799989 0.243218 0.000000 -0.504450 0.084630 0.859284 0.000000 0.763338 -13.077496 -5.677480 1.000000
aniFrame
  m_time 0.405000
  m_vertexTransformMat 0.675014 -0.583491 0.451548 0.000000 0.559630 0.803744 0.202015 0.000000 -0.480803 0.116337 0.869077 0.000000 0.982913 -12.982948 -5.440053 1.000000
aniFrame
  m_time 0.421000
  m_vertexTransformMat 0.682487 -0.572027 0.454970 0.000000 0.569021 0.806518 0.160451 0.000000 -0.458723 0.149381 0.875933 0.000000 1.209972 -12.845773 -5.212930 1.000000
aniFrame
  m_time 0.437000
  m_vertexTransformMat 0.691359 -0.559181 0.457538 0.000000 0.576234 0.808763 0.117717 0.000000 -0.435865 0.182264 0.881364 0.000000 1.486449 -12.671859 -5.013131 1.000000
aniFrame
  m_time 0.453000
  m_vertexTransformMat 0.700114 -0.545379 0.460871 0.000000 0.581307 0.810161 0.075647 0.000000 -0.414635 0.214945 0.884238 0.000000 1.765574 -12.466097 -4.839320 1.000000
aniFrame
  m_time 0.469000
  m_vertexTransformMat 0.709934 -0.529892 0.463905 0.000000 0.583818 0.811207 0.033152 0.000000 -0.393890 0.247300 0.885265 0.000000 2.084932 -12.208732 -4.687037 1.000000
aniFrame
  m_time 0.485000
  m_vertexTransformMat 0.720427 -0.513410 0.466257 0.000000 0.583844 0.811824 -0.008190 0.000000 -0.374313 0.278121 0.884612 0.000000 2.425057 -11.927179 -4.572779 1.000000
aniFrame
  m_time 0.501000
  m_vertexTransformMat 0.731368 -0.495209 0.468902 0.000000 0.581184 0.812319 -0.048607 0.000000 -0.356828 0.308068 0.881912 0.000000 2.777363 -11.591025 -4.477243 1.000000
aniFrame
  m_time 0.517000
  m_vertexTransformMat 0.742569 -0.477036 0.470136 0.000000 0.576585 0.812466 -0.086311 0.000000 -0.340796 0.335165 0.878363 0.000000 3.138129 -11.250195 -4.416322 1.000000
aniFrame
  m_time 0.533000
  m_vertexTransformMat 0.755942 -0.454933 0.470731 0.000000 0.567532 0.813826 -0.124879 0.000000 -0.326281 0.361556 0.873395 0.000000 3.560240 -10.817943 -4.390432 1.000000
aniFrame
  m_time 0.549000
  m_vertexTransformMat 0.773169 -0.425944 0.469874 0.000000 0.551739 0.817090 -0.167179 0.000000 -0.312720 0.388505 0.866759 0.000000 4.096874 -10.226120 -4.418544 1.000000
aniFrame
  m_time 0.565000
  m_vertexTransformMat 0.793260 -0.390459 0.467206 0.000000 0.529509 0.821195 -0.212743 0.000000 -0.300599 0.416150 0.858172 0.000000 4.721082 -9.482670 -4.511854 1.000000
aniFrame
  m_time 0.581000
  m_vertexTransformMat 0.816877 -0.345872 0.461611 0.000000 0.498937 0.825262 -0.264585 0.000000 -0.289438 0.446448 0.846706 0.000000 5.452464 -8.521896 -4.696889 1.000000
aniFrame
  m_time 0.597000
  m_vertexTransformMat 0.841334 -0.295685 0.452468 0.000000 0.462339 0.827317 -0.319043 0.000000 -0.279998 0.477615 0.832757 0.000000 6.219077 -7.416419 -4.980113 1.000000
aniFrame
  m_time 0.613000
  m_vertexTransformMat 0.864339 -0.243324 0.440126 0.000000 0.422577 0.825885 -0.373285 0.000000 -0.272665 0.508632 0.816669 0.000000 6.943285 -6.234012 -5.336476 1.000000
aniFrame
  m_time 0.629000
  m_vertexTransformMat 0.885314 -0.190171 0.424328 0.000000 0.380478 0.820862 -0.425939 0.000000 -0.267313 0.538537 0.799076 0.000000 7.611611 -5.007143 -5.768715 1.000000
aniFrame
  m_time 0.645000
  m_vertexTransformMat 0.902013 -0.140692 0.408140 0.000000 0.340875 0.812239 -0.473363 0.000000 -0.264909 0.566105 0.780608 0.000000 8.145710 -3.821534 -6.200122 1.000000
aniFrame
  m_time 0.661000
  m_vertexTransformMat 0.916127 -0.094540 0.389582 0.000000 0.302242 0.801310 -0.516287 0.000000 -0.263366 0.590732 0.762676 0.000000 8.575827 -2.686773 -6.647778 1.000000
aniFrame
  m_time 0.677000
  m_vertexTransformMat 0.925046 -0.056397 0.375646 0.000000 0.271469 0.789869 -0.549919 0.000000 -0.265697 0.610676 0.745976 0.000000 8.866140 -1.693772 -7.002848 1.000000
aniFrame
  m_time 0.693000
  m_vertexTransformMat 0.931515 -0.026398 0.362743 0.000000 0.246604 0.778931 -0.576587 0.000000 -0.267331 0.626553 0.732096 0.000000 9.048777 -0.847031 -7.291819 1.000000
aniFrame
  m_time 0.709000
  m_vertexTransformMat 0.934618 -0.006743 0.355590 0.000000 0.230607 0.772649 -0.591467 0.000000 -0.270758 0.634797 0.723687 0.000000 9.133041 -0.218374 -7.447638 1.000000
aniFrame
  m_time 0.725000
  m_vertexTransformMat 0.933420 -0.000587 0.358786 0.000000 0.229359 0.769963 -0.595443 0.000000 -0.275902 0.638089 0.718833 0.000000 9.117710 0.166328 -7.407045 1.000000
aniFrame
  m_time 0.741000
  m_vertexTransformMat 0.930529 -0.005138 0.366183 0.000000 0.236661 0.771505 -0.590568 0.000000 -0.279478 0.636202 0.719124 0.000000 9.034450 0.351453 -7.255056 1.000000
aniFrame
  m_time 0.757000
  m_vertexTransformMat 0.923368 -0.019045 0.383443 0.000000 0.255141 0.776743 -0.575824 0.000000 -0.286871 0.629530 0.722079 0.000000 8.865626 0.350853 -6.918823 1.000000
aniFrame
  m_time 0.773000
  m_vertexTransformMat 0.914345 -0.037538 0.403193 0.000000 0.278077 0.782002 -0.557806 0.000000 -0.294359 0.622145 0.725457 0.000000 8.653202 0.264416 -6.531469 1.000000
aniFrame
  m_time 0.789000
  m_vertexTransformMat 0.902455 -0.061572 0.426363 0.000000 0.306011 0.788244 -0.533881 0.000000 -0.303205 0.612275 0.730196 0.000000 8.389907 0.093713 -6.082185 1.000000
aniFrame
  m_time 0.805000
  m_vertexTransformMat 0.887617 -0.089654 0.451774 0.000000 0.337745 0.793601 -0.506089 0.000000 -0.313155 0.601797 0.734694 0.000000 8.072073 -0.146524 -5.597553 1.000000
aniFrame
  m_time 0.821000
  m_vertexTransformMat 0.869592 -0.122564 0.478318 0.000000 0.372851 0.798072 -0.473353 0.000000 -0.323716 0.589965 0.739695 0.000000 7.692780 -0.456330 -5.096261 1.000000
aniFrame
  m_time 0.837000
  m_vertexTransformMat 0.847725 -0.159020 0.506038 0.000000 0.410489 0.800885 -0.435984 0.000000 -0.335948 0.577317 0.744207 0.000000 7.253280 -0.822945 -4.587121 1.000000
aniFrame
  m_time 0.853000
  m_vertexTransformMat 0.822385 -0.198790 0.533073 0.000000 0.449676 0.801114 -0.394980 0.000000 -0.348534 0.564535 0.748214 0.000000 6.751895 -1.237650 -4.099948 1.000000
aniFrame
  m_time 0.869000
  m_vertexTransformMat 0.793460 -0.241012 0.558868 0.000000 0.489306 0.798683 -0.350266 0.000000 -0.361940 0.551380 0.751652 0.000000 6.195704 -1.694057 -3.650101 1.000000
aniFrame
  m_time 0.885000
  m_vertexTransformMat 0.760749 -0.284966 0.583143 0.000000 0.528960 0.792859 -0.302616 0.000000 -0.376115 0.538674 0.753902 0.000000 5.580857 -2.171239 -3.247760 1.000000
aniFrame
  m_time 0.901000
  m_vertexTransformMat 0.724948 -0.330068 0.604571 0.000000 0.567290 0.783933 -0.252253 0.000000 -0.390682 0.525837 0.755555 0.000000 4.917544 -2.673473 -2.915064 1.000000
aniFrame
  m_time 0.917000
  m_vertexTransformMat 0.686060 -0.375202 0.623334 0.000000 0.603862 0.771532 -0.200223 0.000000 -0.405798 0.513772 0.755888 0.000000 4.203255 -3.172318 -2.659621 1.000000
aniFrame
  m_time 0.933000
  m_vertexTransformMat 0.644828 -0.419857 0.638684 0.000000 0.637760 0.756108 -0.146846 0.000000 -0.421259 0.502018 0.755328 0.000000 3.445925 -3.669783 -2.486954 1.000000
aniFrame
  m_time 0.949000
  m_vertexTransformMat 0.602229 -0.463232 0.650182 0.000000 0.668307 0.738025 -0.093199 0.000000 -0.436678 0.490648 0.754041 0.000000 2.664821 -4.155458 -2.399984 1.000000
aniFrame
  m_time 0.965000
  m_vertexTransformMat 0.558279 -0.504334 0.658766 0.000000 0.695221 0.717698 -0.039723 0.000000 -0.452761 0.480164 0.751299 0.000000 1.847616 -4.607250 -2.391009 1.000000
aniFrame
  m_time 0.981000
  m_vertexTransformMat 0.514751 -0.543209 0.663292 0.000000 0.717842 0.696086 0.012982 0.000000 -0.468760 0.469456 0.748249 0.000000 1.035536 -5.046137 -2.459738 1.000000
aniFrame
  m_time 0.997000
  m_vertexTransformMat 0.472295 -0.578596 0.664956 0.000000 0.736141 0.673845 0.063476 0.000000 -0.484804 0.459522 0.744181 0.000000 0.234215 -5.437089 -2.593190 1.000000
aniFrame
  m_time 1.013000
  m_vertexTransformMat 0.431615 -0.610840 0.663764 0.000000 0.749765 0.652065 0.112535 0.000000 -0.501558 0.449096 0.739428 0.000000 -0.554619 -5.807736 -2.786399 1.000000
aniFrame
  m_time 1.029000
  m_vertexTransformMat 0.394834 -0.639363 0.659788 0.000000 0.759047 0.631615 0.157829 0.000000 -0.517642 0.438494 0.734690 0.000000 -1.278321 -6.143299 -3.025046 1.000000
aniFrame
  m_time 1.045000
  m_vertexTransformMat 0.361955 -0.663604 0.654689 0.000000 0.764222 0.613405 0.199245 0.000000 -0.533810 0.428211 0.729166 0.000000 -1.949683 -6.432557 -3.283674 1.000000
aniFrame
  m_time 1.061000
  m_vertexTransformMat 0.334470 -0.684695 0.647551 0.000000 0.764981 0.598557 0.237768 0.000000 -0.550395 0.415838 0.723978 0.000000 -2.549350 -6.724341 -3.574989 1.000000
aniFrame
  m_time 1.077000
  m_vertexTransformMat 0.315735 -0.701723 0.638668 0.000000 0.757911 0.591475 0.275187 0.000000 -0.570861 0.397167 0.718593 0.000000 -3.070729 -7.056480 -3.933683 1.000000
aniFrame
  m_time 1.093000
  m_vertexTransformMat 0.305827 -0.715847 0.627720 0.000000 0.743580 0.591345 0.312090 0.000000 -0.594608 0.371315 0.713139 0.000000 -3.506014 -7.457125 -4.360747 1.000000
aniFrame
  m_time 1.109000
  m_vertexTransformMat 0.305815 -0.727189 0.614551 0.000000 0.720744 0.598574 0.349625 0.000000 -0.622098 0.336013 0.707170 0.000000 -3.838842 -7.949502 -4.877973 1.000000
aniFrame
  m_time 1.125000
  m_vertexTransformMat 0.316031 -0.735491 0.599314 0.000000 0.689169 0.612107 0.387777 0.000000 -0.652051 0.290479 0.700322 0.000000 -4.049914 -8.537168 -5.481813 1.000000
aniFrame
  m_time 1.141000
  m_vertexTransformMat 0.333642 -0.740615 0.583242 0.000000 0.653019 0.627785 0.423619 0.000000 -0.679890 0.239531 0.693091 0.000000 -4.117532 -9.153918 -6.103807 1.000000
aniFrame
  m_time 1.157000
  m_vertexTransformMat 0.358862 -0.742087 0.566149 0.000000 0.611977 0.645050 0.457596 0.000000 -0.704770 0.182257 0.685625 0.000000 -4.030338 -9.802706 -6.746401 1.000000
aniFrame
  m_time 1.173000
  m_vertexTransformMat 0.388282 -0.739939 0.549297 0.000000 0.570346 0.661141 0.487440 0.000000 -0.723838 0.124025 0.678731 0.000000 -3.795958 -10.420047 -7.338537 1.000000
aniFrame
  m_time 1.189000
  m_vertexTransformMat 0.421704 -0.734089 0.532240 0.000000 0.528491 0.675964 0.513586 0.000000 -0.736792 0.064703 0.673017 0.000000 -3.412642 -11.007289 -7.880776 1.000000
aniFrame
  m_time 1.205000
  m_vertexTransformMat 0.455235 -0.725295 0.516438 0.000000 0.490626 0.688363 0.534269 0.000000 -0.742999 0.010160 0.669216 0.000000 -2.950823 -11.513252 -8.321511 1.000000
aniFrame
  m_time 1.221000
  m_vertexTransformMat 0.488441 -0.714142 0.501425 0.000000 0.457439 0.698904 0.549803 0.000000 -0.743085 -0.039175 0.668050 0.000000 -2.421064 -11.944839 -8.657184 1.000000
aniFrame
  m_time 1.237000
  m_vertexTransformMat 0.517497 -0.702300 0.488848 0.000000 0.432683 0.707644 0.558592 0.000000 -0.738229 -0.077553 0.670077 0.000000 -1.928593 -12.270327 -8.863315 1.000000
aniFrame
  m_time 1.253000
  m_vertexTransformMat 0.541005 -0.691197 0.479126 0.000000 0.418043 0.715342 0.559934 0.000000 -0.729763 -0.102631 0.675954 0.000000 -1.517919 -12.488300 -8.924964 1.000000
aniFrame
  m_time 1.269000
  m_vertexTransformMat 0.560098 -0.681192 0.471454 0.000000 0.411400 0.722674 0.555421 0.000000 -0.719055 -0.117134 0.685011 0.000000 -1.183089 -12.642067 -8.876972 1.000000
aniFrame
  m_time 1.285000
  m_vertexTransformMat 0.574224 -0.673063 0.466104 0.000000 0.413269 0.729764 0.544659 0.000000 -0.706736 -0.120130 0.697204 0.000000 -0.945782 -12.735443 -8.714159 1.000000
aniFrame
  m_time 1.301000
  m_vertexTransformMat 0.586158 -0.665716 0.461780 0.000000 0.419535 0.736993 0.529936 0.000000 -0.693115 -0.116893 0.711285 0.000000 -0.750984 -12.811514 -8.490415 1.000000
aniFrame
  m_time 1.317000
  m_vertexTransformMat 0.597593 -0.658583 0.457332 0.000000 0.428232 0.744374 0.512371 0.000000 -0.677864 -0.110345 0.726859 0.000000 -0.570701 -12.895863 -8.236252 1.000000
aniFrame
  m_time 1.333000
  m_vertexTransformMat 0.607880 -0.651668 0.453663 0.000000 0.439054 0.751914 0.491789 0.000000 -0.661599 -0.099767 0.743192 0.000000 -0.407438 -12.975472 -7.951433 1.000000
aniFrame
  m_time 1.349000
  m_vertexTransformMat 0.617364 -0.644997 0.450378 0.000000 0.452054 0.759412 0.467910 0.000000 -0.643823 -0.085276 0.760408 0.000000 -0.257165 -13.047407 -7.646025 1.000000
aniFrame
  m_time 1.365000
  m_vertexTransformMat 0.625902 -0.638341 0.448072 0.000000 0.466171 0.766807 0.441239 0.000000 -0.625245 -0.067295 0.777521 0.000000 -0.115020 -13.109361 -7.327972 1.000000
aniFrame
  m_time 1.381000
  m_vertexTransformMat 0.634127 -0.631160 0.446676 0.000000 0.480620 0.774263 0.411729 0.000000 -0.605712 -0.046407 0.794330 0.000000 0.030748 -13.154068 -7.011546 1.000000
aniFrame
  m_time 1.397000
  m_vertexTransformMat 0.641520 -0.624372 0.445660 0.000000 0.496395 0.780813 0.379372 0.000000 -0.584846 -0.022151 0.810842 0.000000 0.165159 -13.184093 -6.702394 1.000000
aniFrame
  m_time 1.413000
  m_vertexTransformMat 0.648511 -0.616699 0.446225 0.000000 0.511034 0.787188 0.345224 0.000000 -0.564162 0.004155 0.825654 0.000000 0.314231 -13.190237 -6.404901 1.000000
aniFrame
  m_time 1.429000
  m_vertexTransformMat 0.655882 -0.608528 0.446668 0.000000 0.525867 0.792851 0.307980 0.000000 -0.541555 0.032889 0.840022 0.000000 0.474717 -13.170228 -6.122421 1.000000
aniFrame
  m_time 1.445000
  m_vertexTransformMat 0.661826 -0.600832 0.448317 0.000000 0.540509 0.796839 0.269997 0.000000 -0.519459 0.063628 0.852123 0.000000 0.627948 -13.131967 -5.854632 1.000000
aniFrame
  m_time 1.461000
  m_vertexTransformMat 0.669625 -0.590413 0.450572 0.000000 0.552248 0.801472 0.229489 0.000000 -0.496614 0.095156 0.862740 0.000000 0.837396 -13.046471 -5.594051 1.000000
aniFrame
  m_time 1.477000
  m_vertexTransformMat 0.677483 -0.579871 0.452512 0.000000 0.563018 0.804714 0.188273 0.000000 -0.473316 0.127220 0.871658 0.000000 1.054879 -12.943496 -5.363719 1.000000
aniFrame
  m_time 1.493000
  m_vertexTransformMat 0.685216 -0.567842 0.456108 0.000000 0.571655 0.807343 0.146315 0.000000 -0.451319 0.160479 0.877814 0.000000 1.296386 -12.789696 -5.141295 1.000000
aniFrame
  m_time 1.509000
  m_vertexTransformMat 0.694335 -0.554741 0.458434 0.000000 0.578177 0.809304 0.103628 0.000000 -0.428499 0.193104 0.882666 0.000000 1.579581 -12.609094 -4.953922 1.000000
aniFrame
  m_time 1.525000
  m_vertexTransformMat 0.703132 -0.540398 0.462143 0.000000 0.582459 0.810524 0.061582 0.000000 -0.407857 0.225879 0.884665 0.000000 1.864157 -12.384879 -4.784577 1.000000
aniFrame
  m_time 1.541000
  m_vertexTransformMat 0.713473 -0.524516 0.464585 0.000000 0.584086 0.811466 0.019153 0.000000 -0.387041 0.257693 0.885322 0.000000 2.199541 -12.118482 -4.645919 1.000000
aniFrame
  m_time 1.557000
  m_vertexTransformMat 0.723936 -0.507573 0.467211 0.000000 0.583291 0.811974 -0.021682 0.000000 -0.368358 0.288217 0.883880 0.000000 2.538491 -11.822381 -4.539011 1.000000
aniFrame
  m_time 1.573000
  m_vertexTransformMat 0.735112 -0.489108 0.469450 0.000000 0.579847 0.812396 -0.061568 0.000000 -0.351266 0.317468 0.880810 0.000000 2.897977 -11.476091 -4.452315 1.000000
aniFrame
  m_time 1.589000
  m_vertexTransformMat 0.746587 -0.470491 0.470367 0.000000 0.574305 0.812673 -0.098674 0.000000 -0.335830 0.343803 0.876937 0.000000 3.266250 -11.125715 -4.404133 1.000000
aniFrame
  m_time 1.605000
  m_vertexTransformMat 0.761361 -0.445816 0.470719 0.000000 0.562914 0.814775 -0.138813 0.000000 -0.321646 0.370661 0.871295 0.000000 3.729152 -10.632442 -4.391716 1.000000
aniFrame
  m_time 1.621000
  m_vertexTransformMat 0.779554 -0.414982 0.469133 0.000000 0.545099 0.818414 -0.181840 0.000000 -0.308485 0.397478 0.864204 0.000000 4.295440 -9.999427 -4.442968 1.000000
aniFrame
  m_time 1.637000
  m_vertexTransformMat 0.800673 -0.376632 0.465908 0.000000 0.520366 0.822582 -0.229299 0.000000 -0.296886 0.426037 0.854606 0.000000 4.950784 -9.185971 -4.558850 1.000000
aniFrame
  m_time 1.653000
  m_vertexTransformMat 0.825213 -0.329434 0.458799 0.000000 0.487089 0.826304 -0.282782 0.000000 -0.285949 0.456832 0.842341 0.000000 5.712024 -8.163433 -4.783978 1.000000
aniFrame
  m_time 1.669000
  m_vertexTransformMat 0.848892 -0.278727 0.449103 0.000000 0.449791 0.827191 -0.336813 0.000000 -0.277615 0.487920 0.827565 0.000000 6.458840 -7.034735 -5.084521 1.000000
aniFrame
  m_time 1.685000
  m_vertexTransformMat 0.871828 -0.225333 0.434903 0.000000 0.408386 0.824633 -0.391411 0.000000 -0.270437 0.518851 0.810961 0.000000 7.179041 -5.823304 -5.478200 1.000000
aniFrame
  m_time 1.701000
  m_vertexTransformMat 0.891040 -0.173502 0.419458 0.000000 0.367385 0.818378 -0.441913 0.000000 -0.266602 0.547864 0.792949 0.000000 7.800095 -4.611156 -5.907235 1.000000
aniFrame
  m_time 1.717000
  m_vertexTransformMat 0.907180 -0.124684 0.401845 0.000000 0.327556 0.808725 -0.488540 0.000000 -0.264068 0.574820 0.774500 0.000000 8.302894 -3.431998 -6.352935 1.000000
aniFrame
  m_time 1.733000
  m_vertexTransformMat 0.919640 -0.080888 0.384342 0.000000 0.290966 0.797614 -0.528348 0.000000 -0.263819 0.597720 0.757054 0.000000 8.687954 -2.340700 -6.778466 1.000000
aniFrame
  m_time 1.749000
  m_vertexTransformMat 0.927376 -0.045441 0.371361 0.000000 0.262659 0.785930 -0.559754 0.000000 -0.266428 0.616644 0.740788 0.000000 8.937295 -1.392045 -7.105532 1.000000
aniFrame
  m_time 1.765000
  m_vertexTransformMat 0.933148 -0.018485 0.359015 0.000000 0.239698 0.776270 -0.583051 0.000000 -0.267915 0.630129 0.728806 0.000000 9.089159 -0.609893 -7.367842 1.000000
aniFrame
  m_time 1.781000
  m_vertexTransformMat 0.934471 -0.003371 0.356024 0.000000 0.228990 0.771388 -0.593736 0.000000 -0.272631 0.636355 0.721612 0.000000 9.135459 -0.064577 -7.449468 1.000000
aniFrame
  m_time 1.797000
  m_vertexTransformMat 0.932674 -0.001146 0.360718 0.000000 0.231027 0.769886 -0.594896 0.000000 -0.277030 0.638180 0.718317 0.000000 9.096952 0.248864 -7.370082 1.000000
aniFrame
  m_time 1.813000
  m_vertexTransformMat 0.928873 -0.008271 0.370307 0.000000 0.240796 0.773145 -0.586740 0.000000 -0.281448 0.634176 0.720144 0.000000 8.993181 0.367942 -7.167533 1.000000
aniFrame
  m_time 1.829000
  m_vertexTransformMat 0.921416 -0.022725 0.387913 0.000000 0.259480 0.779081 -0.570704 0.000000 -0.289246 0.626512 0.723754 0.000000 8.819806 0.329347 -6.814628 1.000000
aniFrame
  m_time 1.845000
  m_vertexTransformMat 0.913027 -0.040413 0.405892 0.000000 0.280062 0.785571 -0.551763 0.000000 -0.296558 0.617450 0.728566 0.000000 8.622505 0.220571 -6.440499 1.000000
aniFrame
  m_time 1.861000
  m_vertexTransformMat 0.902154 -0.062508 0.426861 0.000000 0.304501 0.793174 -0.527403 0.000000 -0.305608 0.605779 0.734599 0.000000 8.381686 0.027363 -6.010092 1.000000
aniFrame
  m_time 1.877000
  m_vertexTransformMat 0.889290 -0.088084 0.448780 0.000000 0.331461 0.800242 -0.499747 0.000000 -0.315112 0.593174 0.740844 0.000000 8.096539 -0.232222 -5.563365 1.000000
aniFrame
  m_time 1.893000
  m_vertexTransformMat 0.873582 -0.117824 0.472201 0.000000 0.361286 0.807082 -0.467004 0.000000 -0.326080 0.578565 0.747620 0.000000 7.758060 -0.560281 -5.096191 1.000000
aniFrame
  m_time 1.909000
  m_vertexTransformMat 0.854990 -0.150635 0.496287 0.000000 0.393046 0.812511 -0.430513 0.000000 -0.338388 0.563148 0.753895 0.000000 7.368139 -0.943535 -4.631513 1.000000
aniFrame
  m_time 1.925000
  m_vertexTransformMat 0.833581 -0.186690 0.519894 0.000000 0.426238 0.816042 -0.390381 0.000000 -0.351375 0.547012 0.759811 0.000000 6.922839 -1.378331 -4.188460 1.000000
aniFrame
  m_time 1.941000
  m_vertexTransformMat 0.808961 -0.225188 0.543021 0.000000 0.460266 0.817256 -0.346766 0.000000 -0.365700 0.530455 0.764775 0.000000 6.425478 -1.853749 -3.777858 1.000000
aniFrame
  m_time 1.957000
  m_vertexTransformMat 0.781160 -0.265901 0.564877 0.000000 0.494751 0.815498 -0.300308 0.000000 -0.380803 0.514062 0.768589 0.000000 5.871187 -2.356948 -3.414198 1.000000
aniFrame
  m_time 1.973000
  m_vertexTransformMat 0.750291 -0.308231 0.584856 0.000000 0.528812 0.810739 -0.251118 0.000000 -0.396763 0.497691 0.771286 0.000000 5.261538 -2.885977 -3.115541 1.000000
aniFrame
  m_time 1.989000
  m_vertexTransformMat 0.716168 -0.351477 0.602965 0.000000 0.562293 0.802349 -0.200160 0.000000 -0.413437 0.482391 0.772250 0.000000 4.588471 -3.413820 -2.888072 1.000000
aniFrame
  m_time 2.005000
  m_vertexTransformMat 0.679322 -0.395308 0.618267 0.000000 0.594293 0.790612 -0.147478 0.000000 -0.430510 0.467617 0.772008 0.000000 3.863967 -3.948371 -2.736941 1.000000
aniFrame
  m_time 2.021000
  m_vertexTransformMat 0.639810 -0.438764 0.630975 0.000000 0.624636 0.775198 -0.094329 0.000000 -0.447742 0.454483 0.770047 0.000000 3.087244 -4.457983 -2.662980 1.000000
aniFrame
  m_time 2.037000
  m_vertexTransformMat 0.597740 -0.481455 0.641021 0.000000 0.652772 0.756469 -0.040532 0.000000 -0.465399 0.442668 0.766452 0.000000 2.262867 -4.945221 -2.658797 1.000000
aniFrame
  m_time 2.053000
  m_vertexTransformMat 0.554281 -0.522796 0.647655 0.000000 0.678398 0.734591 0.012380 0.000000 -0.482233 0.432506 0.761833 0.000000 1.426796 -5.396433 -2.723877 1.000000
aniFrame
  m_time 2.069000
  m_vertexTransformMat 0.508857 -0.561894 0.652181 0.000000 0.701232 0.710002 0.064582 0.000000 -0.499337 0.424468 0.755308 0.000000 0.556752 -5.793432 -2.843085 1.000000
aniFrame
  m_time 2.085000
  m_vertexTransformMat 0.462960 -0.598960 0.653387 0.000000 0.721177 0.683104 0.115209 0.000000 -0.515337 0.417871 0.748205 0.000000 -0.303246 -6.150361 -3.015722 1.000000
aniFrame
  m_time 2.101000
  m_vertexTransformMat 0.417135 -0.632603 0.652543 0.000000 0.738141 0.654699 0.162839 0.000000 -0.530232 0.413743 0.740048 0.000000 -1.142320 -6.432125 -3.218756 1.000000
aniFrame
  m_time 2.117000
  m_vertexTransformMat 0.372013 -0.663507 0.649126 0.000000 0.751936 0.625441 0.208364 0.000000 -0.544240 0.410587 0.731588 0.000000 -1.952794 -6.675285 -3.447780 1.000000
aniFrame
  m_time 2.133000
