m_aniFrameList.size 84
aniFrame
  m_time -1.066000
  m_vertexTransformMat -0.151586 0.242992 0.958111 0.000000 0.879565 0.475416 0.018586 0.000000 -0.450985 0.845538 -0.285793 0.000000 -12.442518 17.875801 -7.193532 1.000000
aniFrame
  m_time -1.027000
  m_vertexTransformMat -0.214497 0.158853 0.963721 0.000000 0.828824 0.551635 0.093546 0.000000 -0.516762 0.818820 -0.249985 0.000000 -14.917412 15.680652 -7.184762 1.000000
aniFrame
  m_time -0.988000
  m_vertexTransformMat -0.274467 0.053130 0.960128 0.000000 0.760273 0.623341 0.182842 0.000000 -0.588772 0.780143 -0.211480 0.000000 -17.342136 12.964044 -7.382152 1.000000
aniFrame
  m_time -0.949000
  m_vertexTransformMat -0.313341 -0.054636 0.948068 0.000000 0.684517 0.678982 0.265366 0.000000 -0.658220 0.732119 -0.175354 0.000000 -19.203974 10.094321 -7.629709 1.000000
aniFrame
  m_time -0.910000
  m_vertexTransformMat -0.322723 -0.140508 0.936007 0.000000 0.619264 0.716535 0.321076 0.000000 -0.715795 0.683254 -0.144231 0.000000 -20.242004 7.581328 -7.629004 1.000000
aniFrame
  m_time -0.871000
  m_vertexTransformMat -0.302115 -0.179090 0.936298 0.000000 0.584107 0.741436 0.330292 0.000000 -0.753357 0.646684 -0.119391 0.000000 -20.514673 6.005041 -7.157981 1.000000
aniFrame
  m_time -0.832000
  m_vertexTransformMat -0.260611 -0.171175 0.950148 0.000000 0.580472 0.758620 0.295885 0.000000 -0.771449 0.628645 -0.098342 0.000000 -20.275997 5.383530 -6.244416 1.000000
aniFrame
  m_time -0.793000
  m_vertexTransformMat -0.209502 -0.139738 0.967772 0.000000 0.592376 0.769298 0.239317 0.000000 -0.777946 0.623422 -0.078391 0.000000 -19.785334 5.212111 -5.159051 1.000000
aniFrame
  m_time -0.754000
  m_vertexTransformMat -0.151852 -0.089305 0.984360 0.000000 0.611771 0.773726 0.164570 0.000000 -0.776322 0.627194 -0.062858 0.000000 -19.092079 5.389681 -4.147987 1.000000
aniFrame
  m_time -0.715000
  m_vertexTransformMat -0.090176 -0.023656 0.995645 0.000000 0.632258 0.771063 0.075584 0.000000 -0.769493 0.636320 -0.054574 0.000000 -18.241911 5.853576 -3.424774 1.000000
aniFrame
  m_time -0.676000
  m_vertexTransformMat -0.026455 0.052745 0.998257 0.000000 0.649084 0.760370 -0.022974 0.000000 -0.760257 0.647345 -0.054352 0.000000 -17.271257 6.536082 -3.058491 1.000000
aniFrame
  m_time -0.637000
  m_vertexTransformMat 0.036262 0.135330 0.990137 0.000000 0.655716 0.744460 -0.125765 0.000000 -0.754137 0.653809 -0.061742 0.000000 -16.267668 7.305217 -3.053249 1.000000
aniFrame
  m_time -0.598000
  m_vertexTransformMat 0.094106 0.219701 0.971018 0.000000 0.650881 0.724451 -0.226993 0.000000 -0.753325 0.653378 -0.074824 0.000000 -15.303804 8.111448 -3.380007 1.000000
aniFrame
  m_time -0.559000
  m_vertexTransformMat 0.142756 0.301326 0.942774 0.000000 0.633758 0.703820 -0.320917 0.000000 -0.760244 0.643304 -0.090494 0.000000 -14.489707 8.880018 -3.955596 1.000000
aniFrame
  m_time -0.520000
  m_vertexTransformMat 0.180932 0.381781 0.906371 0.000000 0.599560 0.687713 -0.409363 0.000000 -0.779609 0.617491 -0.104471 0.000000 -13.876375 9.592410 -4.706196 1.000000
aniFrame
  m_time -0.481000
  m_vertexTransformMat 0.209790 0.485423 0.848736 0.000000 0.528003 0.674353 -0.516198 0.000000 -0.822922 0.556429 -0.114832 0.000000 -13.466896 10.455101 -5.899723 1.000000
aniFrame
  m_time -0.442000
  m_vertexTransformMat 0.222468 0.601420 0.767335 0.000000 0.428550 0.646620 -0.631053 0.000000 -0.875701 0.469230 -0.113886 0.000000 -13.340927 11.418951 -7.438741 1.000000
aniFrame
  m_time -0.403000
  m_vertexTransformMat 0.216672 0.698473 0.682047 0.000000 0.334240 0.603345 -0.724057 0.000000 -0.917244 0.384851 -0.102729 0.000000 -13.542763 12.302213 -8.854835 1.000000
aniFrame
  m_time -0.364000
  m_vertexTransformMat 0.202042 0.756156 0.622421 0.000000 0.275180 0.566096 -0.777053 0.000000 -0.939923 0.328275 -0.093704 0.000000 -13.888189 13.037100 -9.744312 1.000000
aniFrame
  m_time -0.325000
  m_vertexTransformMat 0.191336 0.762814 0.617661 0.000000 0.278677 0.561171 -0.779376 0.000000 -0.941132 0.321250 -0.105206 0.000000 -14.024631 13.689894 -9.928445 1.000000
aniFrame
  m_time -0.286000
  m_vertexTransformMat 0.181081 0.733739 0.654856 0.000000 0.334943 0.580046 -0.742536 0.000000 -0.924675 0.353799 -0.140725 0.000000 -13.944254 14.338203 -9.685946 1.000000
aniFrame
  m_time -0.247000
  m_vertexTransformMat 0.165889 0.685758 0.708673 0.000000 0.418141 0.601917 -0.680334 0.000000 -0.893106 0.409185 -0.186892 0.000000 -13.714972 15.053875 -9.299243 1.000000
aniFrame
  m_time -0.208000
  m_vertexTransformMat 0.141329 0.621994 0.770162 0.000000 0.518195 0.616395 -0.592901 0.000000 -0.843505 0.482889 -0.235200 0.000000 -13.356140 15.813071 -8.834933 1.000000
aniFrame
  m_time -0.169000
  m_vertexTransformMat 0.105190 0.547953 0.829869 0.000000 0.622115 0.614779 -0.484788 0.000000 -0.775827 0.567269 -0.276221 0.000000 -12.894750 16.552345 -8.360268 1.000000
aniFrame
  m_time -0.130000
  m_vertexTransformMat 0.056859 0.469492 0.881105 0.000000 0.717765 0.594212 -0.362941 0.000000 -0.693960 0.653063 -0.303198 0.000000 -12.425743 17.199711 -7.944870 1.000000
aniFrame
  m_time -0.091000
  m_vertexTransformMat -0.001680 0.392935 0.919565 0.000000 0.795293 0.557987 -0.236978 0.000000 -0.606222 0.730926 -0.313436 0.000000 -12.083019 17.693523 -7.617035 1.000000
aniFrame
  m_time -0.052000
  m_vertexTransformMat -0.066215 0.323022 0.944073 0.000000 0.848574 0.515973 -0.117027 0.000000 -0.524918 0.793366 -0.308273 0.000000 -11.984803 17.968163 -7.376169 1.000000
aniFrame
  m_time -0.013000
  m_vertexTransformMat -0.129379 0.263312 0.955996 0.000000 0.876484 0.481229 -0.013928 0.000000 -0.463721 0.836113 -0.293049 0.000000 -12.210065 17.989664 -7.224443 1.000000
aniFrame
  m_time 0.025000
  m_vertexTransformMat -0.196203 0.200195 0.959910 0.000000 0.872533 0.482329 0.077751 0.000000 -0.447427 0.852808 -0.269311 0.000000 -13.296211 17.320786 -7.202561 1.000000
aniFrame
  m_time 0.064000
  m_vertexTransformMat -0.269588 0.109833 0.956692 0.000000 0.826251 0.536651 0.171220 0.000000 -0.494603 0.836626 -0.235424 0.000000 -15.600472 15.361826 -7.410997 1.000000
aniFrame
  m_time 0.103000
  m_vertexTransformMat -0.322619 -0.000300 0.946529 0.000000 0.747093 0.613930 0.254837 0.000000 -0.581179 0.789360 -0.197841 0.000000 -18.108513 12.369022 -7.721352 1.000000
aniFrame
  m_time 0.142000
  m_vertexTransformMat -0.336371 -0.105175 0.935838 0.000000 0.658709 0.683917 0.313625 0.000000 -0.673021 0.721939 -0.160770 0.000000 -19.830746 9.060416 -7.795392 1.000000
aniFrame
  m_time 0.181000
  m_vertexTransformMat -0.315027 -0.170268 0.933685 0.000000 0.595550 0.730519 0.334158 0.000000 -0.738972 0.661325 -0.128730 0.000000 -20.486979 6.540711 -7.408859 1.000000
aniFrame
  m_time 0.220000
  m_vertexTransformMat -0.276354 -0.177868 0.944453 0.000000 0.578839 0.753678 0.311312 0.000000 -0.767186 0.632718 -0.105325 0.000000 -20.399696 5.512403 -6.595059 1.000000
aniFrame
  m_time 0.259000
  m_vertexTransformMat -0.228048 -0.153005 0.961553 0.000000 0.587163 0.766178 0.261172 0.000000 -0.776681 0.624148 -0.084887 0.000000 -19.980738 5.232120 -5.537031 1.000000
aniFrame
  m_time 0.298000
  m_vertexTransformMat -0.172387 -0.108847 0.978997 0.000000 0.604910 0.772694 0.192425 0.000000 -0.777410 0.625377 -0.067360 0.000000 -19.351629 5.298107 -4.471093 1.000000
aniFrame
  m_time 0.337000
  m_vertexTransformMat -0.111963 -0.048297 0.992538 0.000000 0.625895 0.772367 0.108188 0.000000 -0.771829 0.633337 -0.056248 0.000000 -18.551331 5.671113 -3.631868 1.000000
aniFrame
  m_time 0.376000
  m_vertexTransformMat -0.048563 0.024675 0.998516 0.000000 0.644691 0.764342 0.012467 0.000000 -0.762899 0.644339 -0.053026 0.000000 -17.616003 6.286397 -3.138782 1.000000
aniFrame
  m_time 0.415000
  m_vertexTransformMat 0.015077 0.105618 0.994293 0.000000 0.654547 0.750685 -0.089666 0.000000 -0.755871 0.652164 -0.057814 0.000000 -16.620161 7.019935 -3.005341 1.000000
aniFrame
  m_time 0.454000
  m_vertexTransformMat 0.074653 0.189916 0.978958 0.000000 0.654020 0.731750 -0.191832 0.000000 -0.752784 0.654579 -0.069581 0.000000 -15.632209 7.823143 -3.230073 1.000000
aniFrame
  m_time 0.493000
  m_vertexTransformMat 0.127028 0.273162 0.953545 0.000000 0.641123 0.710917 -0.289065 0.000000 -0.756852 0.648059 -0.084824 0.000000 -14.751357 8.613169 -3.734147 1.000000
aniFrame
  m_time 0.532000
  m_vertexTransformMat 0.168359 0.351155 0.921056 0.000000 0.615542 0.692366 -0.376481 0.000000 -0.769911 0.630333 -0.099584 0.000000 -14.071038 9.326157 -4.398357 1.000000
aniFrame
  m_time 0.571000
  m_vertexTransformMat 0.200759 0.445425 0.872521 0.000000 0.558385 0.679778 -0.475509 0.000000 -0.804923 0.582665 -0.112248 0.000000 -13.585998 10.126646 -5.416325 1.000000
aniFrame
  m_time 0.610000
  m_vertexTransformMat 0.219897 0.561175 0.797953 0.000000 0.465353 0.658564 -0.591388 0.000000 -0.857375 0.501374 -0.116328 0.000000 -13.350325 11.084796 -6.888746 1.000000
aniFrame
  m_time 0.649000
  m_vertexTransformMat 0.220072 0.667815 0.711049 0.000000 0.365762 0.619249 -0.694801 0.000000 -0.904315 0.412982 -0.107982 0.000000 -13.438180 12.012616 -8.406012 1.000000
aniFrame
  m_time 0.688000
  m_vertexTransformMat 0.206526 0.741428 0.638460 0.000000 0.291952 0.576106 -0.763456 0.000000 -0.933869 0.344073 -0.097481 0.000000 -13.765207 12.806746 -9.538253 1.000000
aniFrame
  m_time 0.727000
  m_vertexTransformMat 0.193225 0.765763 0.613410 0.000000 0.271518 0.559043 -0.783422 0.000000 -0.942838 0.317928 -0.099897 0.000000 -14.010309 13.457827 -9.953109 1.000000
aniFrame
  m_time 0.766000
  m_vertexTransformMat 0.184419 0.745986 0.639918 0.000000 0.312489 0.572797 -0.757796 0.000000 -0.931848 0.339719 -0.127477 0.000000 -13.990587 14.102363 -9.795259 1.000000
aniFrame
  m_time 0.805000
  m_vertexTransformMat 0.171757 0.704626 0.688478 0.000000 0.386633 0.594577 -0.704978 0.000000 -0.906099 0.387273 -0.170309 0.000000 -13.811050 14.793429 -9.451035 1.000000
aniFrame
  m_time 0.844000
  m_vertexTransformMat 0.150861 0.645831 0.748428 0.000000 0.482122 0.612882 -0.626047 0.000000 -0.863018 0.455279 -0.218909 0.000000 -13.496184 15.543505 -9.005728 1.000000
aniFrame
  m_time 0.883000
  m_vertexTransformMat 0.119158 0.574801 0.809571 0.000000 0.586041 0.617477 -0.524670 0.000000 -0.801472 0.536960 -0.263280 0.000000 -13.064315 16.299471 -8.526181 1.000000
aniFrame
  m_time 0.922000
  m_vertexTransformMat 0.075084 0.497256 0.864349 0.000000 0.685948 0.603378 -0.406707 0.000000 -0.723766 0.623436 -0.295788 0.000000 -12.581856 16.991863 -8.086272 1.000000
aniFrame
  m_time 0.961000
  m_vertexTransformMat 0.020025 0.419403 0.907580 0.000000 0.770679 0.571802 -0.281241 0.000000 -0.636909 0.705085 -0.311775 0.000000 -12.175911 17.548218 -7.724263 1.000000
aniFrame
  m_time 1.000000
  m_vertexTransformMat -0.042970 0.346840 0.936940 0.000000 0.832820 0.530464 -0.158175 0.000000 -0.551874 0.773505 -0.311649 0.000000 -11.978218 17.906321 -7.452115 1.000000
aniFrame
  m_time 1.039000
  m_vertexTransformMat -0.107839 0.283037 0.953027 0.000000 0.869250 0.492059 -0.047776 0.000000 -0.482468 0.823267 -0.299093 0.000000 -12.095351 18.010679 -7.270076 1.000000
aniFrame
  m_time 1.078000
  m_vertexTransformMat -0.171770 0.224349 0.959251 0.000000 0.878261 0.475968 0.045948 0.000000 -0.446265 0.850365 -0.278794 0.000000 -12.774334 17.677446 -7.190286 1.000000
aniFrame
  m_time 1.117000
  m_vertexTransformMat -0.244419 0.144897 0.958782 0.000000 0.847276 0.512778 0.138499 0.000000 -0.471574 0.846205 -0.248101 0.000000 -14.696142 16.199909 -7.311033 1.000000
aniFrame
  m_time 1.156000
  m_vertexTransformMat -0.308044 0.038886 0.950577 0.000000 0.777113 0.586676 0.227832 0.000000 -0.548821 0.808888 -0.210941 0.000000 -17.286455 13.488807 -7.621313 1.000000
aniFrame
  m_time 1.195000
  m_vertexTransformMat -0.336250 -0.071637 0.939045 0.000000 0.688286 0.661878 0.296952 0.000000 -0.642805 0.746181 -0.173250 0.000000 -19.355230 10.176499 -7.815508 1.000000
aniFrame
  m_time 1.234000
  m_vertexTransformMat -0.325315 -0.154847 0.932841 0.000000 0.611959 0.717587 0.332528 0.000000 -0.720886 0.679037 -0.138682 0.000000 -20.369261 7.234879 -7.596737 1.000000
aniFrame
  m_time 1.273000
  m_vertexTransformMat -0.291074 -0.181292 0.939366 0.000000 0.579563 0.747792 0.323904 0.000000 -0.761172 0.638702 -0.112593 0.000000 -20.490091 5.709210 -6.922195 1.000000
aniFrame
  m_time 1.312000
  m_vertexTransformMat -0.246054 -0.163968 0.955286 0.000000 0.582843 0.762455 0.280993 0.000000 -0.774437 0.625921 -0.092038 0.000000 -20.152090 5.291690 -5.924658 1.000000
aniFrame
  m_time 1.351000
  m_vertexTransformMat -0.192432 -0.126396 0.973136 0.000000 0.598011 0.771154 0.218415 0.000000 -0.778044 0.623976 -0.072809 0.000000 -19.593784 5.236704 -4.828665 1.000000
aniFrame
  m_time 1.390000
  m_vertexTransformMat -0.133186 -0.070958 0.988548 0.000000 0.618236 0.773636 0.138826 0.000000 -0.774626 0.629645 -0.059169 0.000000 -18.849157 5.505294 -3.885809 1.000000
aniFrame
  m_time 1.429000
  m_vertexTransformMat -0.070544 -0.001696 0.997508 0.000000 0.637942 0.768684 0.046422 0.000000 -0.766846 0.639627 -0.053144 0.000000 -17.958548 6.038810 -3.267623 1.000000
aniFrame
  m_time 1.468000
  m_vertexTransformMat -0.006629 0.076778 0.997027 0.000000 0.651866 0.756416 -0.053915 0.000000 -0.758306 0.649570 -0.055063 0.000000 -16.968307 6.748471 -3.004776 1.000000
aniFrame
  m_time 1.507000
  m_vertexTransformMat 0.054947 0.160327 0.985534 0.000000 0.655350 0.738884 -0.156740 0.000000 -0.753325 0.654482 -0.064471 0.000000 -15.962008 7.539358 -3.105701 1.000000
aniFrame
  m_time 1.546000
  m_vertexTransformMat 0.110201 0.244414 0.963389 0.000000 0.646895 0.718247 -0.256219 0.000000 -0.754574 0.651447 -0.078959 0.000000 -15.033334 8.342790 -3.524224 1.000000
aniFrame
  m_time 1.585000
  m_vertexTransformMat 0.155022 0.323567 0.933420 0.000000 0.626779 0.698115 -0.346095 0.000000 -0.763620 0.638701 -0.094582 0.000000 -14.285873 9.081533 -4.142529 1.000000
aniFrame
  m_time 1.624000
  m_vertexTransformMat 0.190738 0.409373 0.892207 0.000000 0.582658 0.684258 -0.438521 0.000000 -0.790018 0.603494 -0.108011 0.000000 -13.728882 9.823193 -5.001777 1.000000
aniFrame
  m_time 1.663000
  m_vertexTransformMat 0.215517 0.520435 0.826257 0.000000 0.499761 0.668145 -0.551200 0.000000 -0.838922 0.531724 -0.116097 0.000000 -13.394717 10.743845 -6.346993 1.000000
aniFrame
  m_time 1.702000
  m_vertexTransformMat 0.221746 0.633084 0.741643 0.000000 0.399475 0.634844 -0.661358 0.000000 -0.889522 0.442921 -0.112127 0.000000 -13.367702 11.696504 -7.902639 1.000000
aniFrame
  m_time 1.741000
  m_vertexTransformMat 0.211648 0.720165 0.660732 0.000000 0.312968 0.590508 -0.743876 0.000000 -0.925881 0.364228 -0.100409 0.000000 -13.643458 12.535069 -9.203042 1.000000
aniFrame
  m_time 1.780000
  m_vertexTransformMat 0.197169 0.763091 0.615480 0.000000 0.269665 0.561373 -0.782394 0.000000 -0.942552 0.320237 -0.095094 0.000000 -13.967693 13.223930 -9.871542 1.000000
aniFrame
  m_time 1.819000
  m_vertexTransformMat 0.188292 0.756303 0.626540 0.000000 0.290584 0.566486 -0.771139 0.000000 -0.938140 0.327262 -0.113105 0.000000 -14.025089 13.853056 -9.857148 1.000000
aniFrame
  m_time 1.858000
  m_vertexTransformMat 0.176408 0.722243 0.668764 0.000000 0.347028 0.590159 -0.728892 0.000000 -0.921114 0.360662 -0.146530 0.000000 -13.952557 14.368423 -9.478191 1.000000
aniFrame
  m_time 1.897000
  m_vertexTransformMat 0.158842 0.670509 0.724698 0.000000 0.421699 0.617619 -0.663866 0.000000 -0.892715 0.411054 -0.184649 0.000000 -13.809161 14.845295 -8.930735 1.000000
aniFrame
  m_time 1.936000
  m_vertexTransformMat 0.131534 0.603630 0.786340 0.000000 0.509380 0.639344 -0.575996 0.000000 -0.850430 0.476308 -0.223382 0.000000 -13.614017 15.301585 -8.342319 1.000000
aniFrame
  m_time 1.975000
  m_vertexTransformMat 0.092591 0.526428 0.845163 0.000000 0.602102 0.646435 -0.468609 0.000000 -0.793032 0.552263 -0.257110 0.000000 -13.381475 15.751677 -7.830127 1.000000
aniFrame
  m_time 2.014000
  m_vertexTransformMat 0.041961 0.445206 0.894445 0.000000 0.691602 0.633142 -0.347589 0.000000 -0.721059 0.633185 -0.281338 0.000000 -13.164763 16.214441 -7.487223 1.000000
aniFrame
  m_time 2.053000
  m_vertexTransformMat -0.018250 0.367060 0.930019 0.000000 0.770479 0.597973 -0.220888 0.000000 -0.637205 0.712528 -0.293725 0.000000 -12.969502 16.709511 -7.306027 1.000000
aniFrame
  m_time 2.092000
  m_vertexTransformMat -0.083945 0.298677 0.950655 0.000000 0.833346 0.544109 -0.097361 0.000000 -0.546340 0.784052 -0.294577 0.000000 -12.753022 17.251123 -7.233994 1.000000
aniFrame
  m_time 2.131000
  m_vertexTransformMat -0.148333 0.244993 0.958111 0.000000 0.877686 0.479049 0.013387 0.000000 -0.455702 0.842906 -0.286085 0.000000 -12.461266 17.836180 -7.188100 1.000000
aniFrame
  m_time 2.133000
  m_vertexTransformMat -0.151586 0.242992 0.958111 0.000000 0.879565 0.475416 0.018586 0.000000 -0.450985 0.845538 -0.285793 0.000000 -12.442518 17.875803 -7.193528 1.000000
