m_aniFrameList.size 202
aniFrame
  m_time -1.066000
  m_vertexTransformMat -0.151586 0.242992 0.958111 0.000000 0.879565 0.475416 0.018586 0.000000 -0.450985 0.845538 -0.285793 0.000000 -12.442518 17.875801 -7.193532 1.000000
aniFrame
  m_time -1.050000
  m_vertexTransformMat -0.177699 0.210266 0.961359 0.000000 0.860627 0.506950 0.048200 0.000000 -0.477226 0.835936 -0.271045 0.000000 -13.459654 17.023849 -7.163552 1.000000
aniFrame
  m_time -1.034000
  m_vertexTransformMat -0.202998 0.175793 0.963270 0.000000 0.839273 0.537987 0.078687 0.000000 -0.504394 0.824420 -0.256748 0.000000 -14.466866 16.116497 -7.172228 1.000000
aniFrame
  m_time -1.018000
  m_vertexTransformMat -0.229502 0.135587 0.963818 0.000000 0.814292 0.569186 0.113826 0.000000 -0.533158 0.810953 -0.241036 0.000000 -15.505203 15.086471 -7.214605 1.000000
aniFrame
  m_time -1.002000
  m_vertexTransformMat -0.254849 0.092159 0.962579 0.000000 0.786287 0.599174 0.150808 0.000000 -0.562854 0.795297 -0.225162 0.000000 -16.520174 13.973763 -7.295523 1.000000
aniFrame
  m_time -0.986000
  m_vertexTransformMat -0.277115 0.047406 0.959667 0.000000 0.756414 0.626653 0.187468 0.000000 -0.592490 0.777855 -0.209513 0.000000 -17.455786 12.815718 -7.396154 1.000000
aniFrame
  m_time -0.970000
  m_vertexTransformMat -0.295938 0.001957 0.955205 0.000000 0.725093 0.651440 0.223311 0.000000 -0.621821 0.758698 -0.194205 0.000000 -18.302347 11.624253 -7.510668 1.000000
aniFrame
  m_time -0.954000
  m_vertexTransformMat -0.309869 -0.041370 0.949879 0.000000 0.694117 0.672903 0.255741 0.000000 -0.649756 0.738573 -0.179795 0.000000 -19.008972 10.456634 -7.605199 1.000000
aniFrame
  m_time -0.938000
  m_vertexTransformMat -0.319159 -0.082313 0.944120 0.000000 0.664113 0.691274 0.284772 0.000000 -0.676086 0.717889 -0.165961 0.000000 -19.584015 9.322180 -7.669589 1.000000
aniFrame
  m_time -0.922000
  m_vertexTransformMat -0.322978 -0.117557 0.939077 0.000000 0.637186 0.706661 0.307611 0.000000 -0.699771 0.697718 -0.153330 0.000000 -20.010876 8.289518 -7.673826 1.000000
aniFrame
  m_time -0.906000
  m_vertexTransformMat -0.321983 -0.147143 0.935242 0.000000 0.613928 0.719547 0.324569 0.000000 -0.720708 0.678676 -0.141347 0.000000 -20.302759 7.365049 -7.604778 1.000000
aniFrame
  m_time -0.890000
  m_vertexTransformMat -0.315566 -0.167120 0.934072 0.000000 0.596692 0.730447 0.332275 0.000000 -0.737819 0.662207 -0.130785 0.000000 -20.466169 6.631987 -7.454543 1.000000
aniFrame
  m_time -0.874000
  m_vertexTransformMat -0.304565 -0.177916 0.935728 0.000000 0.585602 0.739818 0.331271 0.000000 -0.751206 0.648858 -0.121135 0.000000 -20.515079 6.089569 -7.211797 1.000000
aniFrame
  m_time -0.858000
  m_vertexTransformMat -0.290140 -0.181016 0.939709 0.000000 0.579811 0.747950 0.323097 0.000000 -0.761340 0.638596 -0.112055 0.000000 -20.481276 5.703300 -6.895263 1.000000
aniFrame
  m_time -0.842000
  m_vertexTransformMat -0.272401 -0.176147 0.945923 0.000000 0.579430 0.754819 0.307422 0.000000 -0.768152 0.631838 -0.103548 0.000000 -20.367580 5.484812 -6.503585 1.000000
aniFrame
  m_time -0.826000
  m_vertexTransformMat -0.253279 -0.167737 0.952740 0.000000 0.581480 0.760686 0.288507 0.000000 -0.773130 0.627073 -0.095130 0.000000 -20.215422 5.330616 -6.083300 1.000000
aniFrame
  m_time -0.810000
  m_vertexTransformMat -0.232494 -0.155902 0.960022 0.000000 0.586011 0.765329 0.266202 0.000000 -0.776233 0.624474 -0.086574 0.000000 -20.024927 5.242685 -5.631228 1.000000
aniFrame
  m_time -0.794000
  m_vertexTransformMat -0.210920 -0.140796 0.967311 0.000000 0.591938 0.769104 0.241017 0.000000 -0.777896 0.623423 -0.078876 0.000000 -19.800741 5.211740 -5.187273 1.000000
aniFrame
  m_time -0.778000
  m_vertexTransformMat -0.187492 -0.122282 0.974625 0.000000 0.599711 0.771575 0.212175 0.000000 -0.777941 0.624275 -0.071330 0.000000 -19.535957 5.249260 -4.736940 1.000000
aniFrame
  m_time -0.762000
  m_vertexTransformMat -0.164168 -0.101053 0.981242 0.000000 0.607662 0.773226 0.181297 0.000000 -0.777042 0.626027 -0.065533 0.000000 -19.247652 5.330305 -4.337259 1.000000
aniFrame
  m_time -0.746000
  m_vertexTransformMat -0.139069 -0.076848 0.987297 0.000000 0.616154 0.773782 0.147019 0.000000 -0.775251 0.628773 -0.060259 0.000000 -18.927216 5.465522 -3.965076 1.000000
aniFrame
  m_time -0.730000
  m_vertexTransformMat -0.114000 -0.050583 0.992192 0.000000 0.625213 0.772489 0.111218 0.000000 -0.772084 0.633010 -0.056439 0.000000 -18.580587 5.654446 -3.653651 1.000000
aniFrame
  m_time -0.714000
  m_vertexTransformMat -0.088512 -0.021791 0.995837 0.000000 0.632719 0.770923 0.073107 0.000000 -0.769306 0.636556 -0.054448 0.000000 -18.218325 5.868243 -3.410426 1.000000
aniFrame
  m_time -0.698000
  m_vertexTransformMat -0.061781 0.008356 0.998055 0.000000 0.640790 0.766996 0.033245 0.000000 -0.765226 0.641597 -0.052740 0.000000 -17.824741 6.133128 -3.208051 1.000000
aniFrame
  m_time -0.682000
  m_vertexTransformMat -0.036328 0.040310 0.998527 0.000000 0.647414 0.762104 -0.007212 0.000000 -0.761272 0.646198 -0.053783 0.000000 -17.423611 6.427224 -3.090996 1.000000
aniFrame
  m_time -0.666000
  m_vertexTransformMat -0.009457 0.073373 0.997260 0.000000 0.651469 0.757057 -0.049523 0.000000 -0.758616 0.649215 -0.054960 0.000000 -17.011871 6.717584 -3.010892 1.000000
aniFrame
  m_time -0.650000
  m_vertexTransformMat 0.016098 0.107058 0.994122 0.000000 0.654644 0.750390 -0.091411 0.000000 -0.755766 0.652268 -0.058005 0.000000 -16.603266 7.033772 -3.007077 1.000000
aniFrame
  m_time -0.634000
  m_vertexTransformMat 0.041118 0.141801 0.989041 0.000000 0.655712 0.743062 -0.133795 0.000000 -0.753891 0.654028 -0.062427 0.000000 -16.187866 7.366245 -3.064103 1.000000
aniFrame
  m_time -0.618000
  m_vertexTransformMat 0.065725 0.176124 0.982171 0.000000 0.654793 0.735117 -0.175640 0.000000 -0.752945 0.654663 -0.067009 0.000000 -15.782708 7.689645 -3.165577 1.000000
aniFrame
  m_time -0.602000
  m_vertexTransformMat 0.088275 0.211051 0.973481 0.000000 0.652057 0.726558 -0.216646 0.000000 -0.753014 0.653889 -0.073480 0.000000 -15.401710 8.028745 -3.337266 1.000000
aniFrame
  m_time -0.586000
  m_vertexTransformMat 0.110635 0.245115 0.963161 0.000000 0.646770 0.718068 -0.257034 0.000000 -0.754618 0.651381 -0.079089 0.000000 -15.026046 8.349316 -3.528885 1.000000
aniFrame
  m_time -0.570000
  m_vertexTransformMat 0.130157 0.278781 0.951494 0.000000 0.639797 0.709506 -0.295399 0.000000 -0.757442 0.647211 -0.086016 0.000000 -14.699236 8.666675 -3.777989 1.000000
aniFrame
  m_time -0.554000
  m_vertexTransformMat 0.148140 0.310929 0.938817 0.000000 0.630923 0.701305 -0.331823 0.000000 -0.761571 0.641478 -0.092281 0.000000 -14.399903 8.968081 -4.034382 1.000000
aniFrame
  m_time -0.538000
  m_vertexTransformMat 0.164217 0.341953 0.925257 0.000000 0.619640 0.694070 -0.366488 0.000000 -0.767514 0.633510 -0.097909 0.000000 -14.136598 9.244316 -4.310076 1.000000
aniFrame
  m_time -0.522000
  m_vertexTransformMat 0.179152 0.377232 0.908626 0.000000 0.602146 0.688332 -0.404498 0.000000 -0.778026 0.619592 -0.103832 0.000000 -13.903628 9.553859 -4.659247 1.000000
aniFrame
  m_time -0.506000
  m_vertexTransformMat 0.192561 0.415190 0.889122 0.000000 0.578886 0.683556 -0.444570 0.000000 -0.792345 0.600307 -0.108722 0.000000 -13.702122 9.871801 -5.066592 1.000000
aniFrame
  m_time -0.490000
  m_vertexTransformMat 0.204009 0.458782 0.864812 0.000000 0.548594 0.678080 -0.489134 0.000000 -0.810818 0.574219 -0.113350 0.000000 -13.542313 10.237170 -5.575031 1.000000
aniFrame
  m_time -0.474000
  m_vertexTransformMat 0.213523 0.506468 0.835403 0.000000 0.511111 0.670844 -0.537340 0.000000 -0.832570 0.541718 -0.115621 0.000000 -13.419478 10.627745 -6.165466 1.000000
aniFrame
  m_time -0.458000
  m_vertexTransformMat 0.219201 0.554165 0.803027 0.000000 0.471542 0.660369 -0.584433 0.000000 -0.854166 0.506769 -0.116558 0.000000 -13.355745 11.026859 -6.795438 1.000000
aniFrame
  m_time -0.442000
  m_vertexTransformMat 0.222468 0.601420 0.767335 0.000000 0.428550 0.646620 -0.631053 0.000000 -0.875701 0.469230 -0.113886 0.000000 -13.340927 11.418951 -7.438741 1.000000
aniFrame
  m_time -0.426000
  m_vertexTransformMat 0.221241 0.644346 0.732032 0.000000 0.388891 0.630077 -0.672137 0.000000 -0.894325 0.433384 -0.111181 0.000000 -13.385726 11.798482 -8.068032 1.000000
aniFrame
  m_time -0.410000
  m_vertexTransformMat 0.218765 0.683460 0.696437 0.000000 0.349744 0.611383 -0.709853 0.000000 -0.910945 0.398866 -0.105287 0.000000 -13.485880 12.157946 -8.631804 1.000000
aniFrame
  m_time -0.394000
  m_vertexTransformMat 0.212840 0.715458 0.665447 0.000000 0.317438 0.593476 -0.739609 0.000000 -0.924085 0.368656 -0.100797 0.000000 -13.620091 12.480934 -9.125611 1.000000
aniFrame
  m_time -0.378000
  m_vertexTransformMat 0.206631 0.740978 0.638949 0.000000 0.292430 0.576421 -0.763036 0.000000 -0.933696 0.344515 -0.097578 0.000000 -13.762191 12.800467 -9.531632 1.000000
aniFrame
  m_time -0.362000
  m_vertexTransformMat 0.201223 0.757689 0.620819 0.000000 0.273549 0.565102 -0.778352 0.000000 -0.940575 0.326446 -0.093554 0.000000 -13.904711 13.067654 -9.767788 1.000000
aniFrame
  m_time -0.346000
  m_vertexTransformMat 0.194927 0.765059 0.613749 0.000000 0.269653 0.559838 -0.783498 0.000000 -0.943022 0.318224 -0.097173 0.000000 -13.993732 13.328696 -9.921138 1.000000
aniFrame
  m_time -0.330000
  m_vertexTransformMat 0.192130 0.764658 0.615129 0.000000 0.275031 0.559734 -0.781701 0.000000 -0.942042 0.319368 -0.102763 0.000000 -14.022064 13.606878 -9.947449 1.000000
aniFrame
  m_time -0.314000
  m_vertexTransformMat 0.188555 0.756414 0.626327 0.000000 0.291326 0.565977 -0.771233 0.000000 -0.937857 0.327885 -0.113646 0.000000 -14.018007 13.868575 -9.873857 1.000000
aniFrame
  m_time -0.298000
  m_vertexTransformMat 0.184078 0.744714 0.641495 0.000000 0.314951 0.573547 -0.756208 0.000000 -0.931086 0.341241 -0.128971 0.000000 -13.986182 14.130522 -9.784207 1.000000
aniFrame
  m_time -0.282000
  m_vertexTransformMat 0.179801 0.729523 0.659901 0.000000 0.342442 0.582456 -0.737211 0.000000 -0.922175 0.358528 -0.145093 0.000000 -13.926802 14.408816 -9.649576 1.000000
aniFrame
  m_time -0.266000
  m_vertexTransformMat 0.173760 0.711183 0.681196 0.000000 0.375161 0.591754 -0.713500 0.000000 -0.910528 0.379536 -0.163985 0.000000 -13.843465 14.695411 -9.503092 1.000000
aniFrame
  m_time -0.250000
  m_vertexTransformMat 0.167308 0.690126 0.704085 0.000000 0.410981 0.600323 -0.686081 0.000000 -0.896160 0.404152 -0.183190 0.000000 -13.737534 14.996035 -9.334001 1.000000
aniFrame
  m_time -0.234000
  m_vertexTransformMat 0.158717 0.665845 0.729013 0.000000 0.450358 0.608259 -0.653604 0.000000 -0.878628 0.432055 -0.203328 0.000000 -13.609067 15.304090 -9.148479 1.000000
aniFrame
  m_time -0.218000
  m_vertexTransformMat 0.148420 0.639597 0.754246 0.000000 0.491738 0.613989 -0.617424 0.000000 -0.858001 0.462530 -0.223386 0.000000 -13.459997 15.616127 -8.960931 1.000000
aniFrame
  m_time -0.202000
  m_vertexTransformMat 0.136622 0.611080 0.779689 0.000000 0.534172 0.617394 -0.577482 0.000000 -0.834263 0.495385 -0.242072 0.000000 -13.290762 15.928327 -8.758920 1.000000
aniFrame
  m_time -0.186000
  m_vertexTransformMat 0.122347 0.581185 0.804522 0.000000 0.577103 0.617827 -0.534080 0.000000 -0.807455 0.529635 -0.259814 0.000000 -13.105000 16.234915 -8.565923 1.000000
aniFrame
  m_time -0.170000
  m_vertexTransformMat 0.106266 0.549953 0.828408 0.000000 0.619519 0.615039 -0.487775 0.000000 -0.777756 0.565048 -0.275348 0.000000 -12.907188 16.534811 -8.372561 1.000000
aniFrame
  m_time -0.154000
  m_vertexTransformMat 0.087991 0.517908 0.850899 0.000000 0.660413 0.609161 -0.439065 0.000000 -0.745729 0.600578 -0.288433 0.000000 -12.707938 16.813047 -8.189537 1.000000
aniFrame
  m_time -0.138000
  m_vertexTransformMat 0.067666 0.485825 0.871434 0.000000 0.699457 0.599747 -0.388671 0.000000 -0.711465 0.635830 -0.299231 0.000000 -12.515494 17.083277 -8.029423 1.000000
aniFrame
  m_time -0.122000
  m_vertexTransformMat 0.045773 0.453338 0.890163 0.000000 0.735318 0.587879 -0.337203 0.000000 -0.676175 0.669988 -0.306439 0.000000 -12.337840 17.313278 -7.865211 1.000000
aniFrame
  m_time -0.106000
  m_vertexTransformMat 0.022106 0.421982 0.906335 0.000000 0.768109 0.573112 -0.285571 0.000000 -0.639937 0.702477 -0.311459 0.000000 -12.186257 17.531700 -7.734136 1.000000
aniFrame
  m_time -0.090000
  m_vertexTransformMat -0.003255 0.391016 0.920378 0.000000 0.796972 0.556935 -0.233791 0.000000 -0.604007 0.732755 -0.313442 0.000000 -12.076407 17.703104 -7.608858 1.000000
aniFrame
  m_time -0.074000
  m_vertexTransformMat -0.028861 0.361452 0.931944 0.000000 0.821648 0.539544 -0.183815 0.000000 -0.569265 0.760425 -0.312558 0.000000 -11.992152 17.845819 -7.495091 1.000000
aniFrame
  m_time -0.058000
  m_vertexTransformMat -0.056133 0.333427 0.941104 0.000000 0.842053 0.522277 -0.134814 0.000000 -0.536467 0.784891 -0.310080 0.000000 -11.979783 17.945883 -7.411185 1.000000
aniFrame
  m_time -0.042000
  m_vertexTransformMat -0.082682 0.306369 0.948315 0.000000 0.858037 0.505884 -0.088623 0.000000 -0.506888 0.806362 -0.304704 0.000000 -12.006717 17.994158 -7.322521 1.000000
aniFrame
  m_time -0.026000
  m_vertexTransformMat -0.108908 0.282066 0.953193 0.000000 0.869669 0.491480 -0.046072 0.000000 -0.481471 0.823946 -0.298830 0.000000 -12.099879 18.010830 -7.267974 1.000000
aniFrame
  m_time -0.010000
  m_vertexTransformMat -0.134114 0.258953 0.956534 0.000000 0.877587 0.479370 -0.006730 0.000000 -0.460277 0.838539 -0.291544 0.000000 -12.247029 17.974857 -7.215114 1.000000
aniFrame
  m_time 0.005000
  m_vertexTransformMat -0.160746 0.234643 0.958699 0.000000 0.879361 0.475136 0.031153 0.000000 -0.448203 0.848050 -0.282712 0.000000 -12.581654 17.796179 -7.190756 1.000000
aniFrame
  m_time 0.021000
  m_vertexTransformMat -0.188952 0.207581 0.959795 0.000000 0.874706 0.479799 0.068432 0.000000 -0.446303 0.852469 -0.272231 0.000000 -13.128057 17.440325 -7.196649 1.000000
aniFrame
  m_time 0.037000
  m_vertexTransformMat -0.218547 0.176110 0.959804 0.000000 0.863250 0.493519 0.106008 0.000000 -0.455012 0.851718 -0.259884 0.000000 -13.883247 16.876785 -7.237390 1.000000
aniFrame
  m_time 0.053000
  m_vertexTransformMat -0.249529 0.138213 0.958453 0.000000 0.843469 0.517237 0.145006 0.000000 -0.475705 0.844608 -0.245644 0.000000 -14.871085 16.045141 -7.329300 1.000000
aniFrame
  m_time 0.069000
  m_vertexTransformMat -0.277959 0.096700 0.955713 0.000000 0.817809 0.545742 0.182632 0.000000 -0.503913 0.832355 -0.230775 0.000000 -15.926893 15.033571 -7.449152 1.000000
aniFrame
  m_time 0.085000
  m_vertexTransformMat -0.302347 0.051526 0.951805 0.000000 0.786425 0.577735 0.218537 0.000000 -0.538630 0.814597 -0.215197 0.000000 -17.002209 13.838406 -7.584375 1.000000
aniFrame
  m_time 0.101000
  m_vertexTransformMat -0.320812 0.005386 0.947128 0.000000 0.751549 0.610021 0.251096 0.000000 -0.576415 0.792367 -0.199749 0.000000 -17.995451 12.534943 -7.708851 1.000000
aniFrame
  m_time 0.117000
  m_vertexTransformMat -0.332343 -0.040543 0.942287 0.000000 0.714583 0.641235 0.279622 0.000000 -0.615564 0.766273 -0.184138 0.000000 -18.849142 11.158373 -7.789814 1.000000
aniFrame
  m_time 0.133000
  m_vertexTransformMat -0.336842 -0.083455 0.937855 0.000000 0.677998 0.669663 0.303102 0.000000 -0.653342 0.737961 -0.168988 0.000000 -19.533089 9.790444 -7.816263 1.000000
aniFrame
  m_time 0.149000
  m_vertexTransformMat -0.334603 -0.121127 0.934542 0.000000 0.644205 0.694393 0.320652 0.000000 -0.687779 0.709328 -0.154316 0.000000 -20.023670 8.504869 -7.759023 1.000000
aniFrame
  m_time 0.165000
  m_vertexTransformMat -0.326791 -0.151417 0.932889 0.000000 0.615403 0.715051 0.331636 0.000000 -0.717278 0.682477 -0.140489 0.000000 -20.337534 7.374387 -7.621994 1.000000
aniFrame
  m_time 0.181000
  m_vertexTransformMat -0.315027 -0.170268 0.933685 0.000000 0.595550 0.730519 0.334158 0.000000 -0.738972 0.661325 -0.128730 0.000000 -20.486979 6.540711 -7.408859 1.000000
aniFrame
  m_time 0.197000
  m_vertexTransformMat -0.300418 -0.179710 0.936725 0.000000 0.583381 0.742351 0.329517 0.000000 -0.754596 0.645461 -0.118176 0.000000 -20.514290 5.951089 -7.118515 1.000000
aniFrame
  m_time 0.213000
  m_vertexTransformMat -0.284032 -0.180290 0.941712 0.000000 0.578665 0.750892 0.318290 0.000000 -0.764508 0.635341 -0.108950 0.000000 -20.452398 5.595956 -6.767193 1.000000
aniFrame
  m_time 0.229000
  m_vertexTransformMat -0.266096 -0.173575 0.948190 0.000000 0.579890 0.756931 0.301301 0.000000 -0.770013 0.630022 -0.100762 0.000000 -20.319870 5.428474 -6.365342 1.000000
aniFrame
  m_time 0.245000
  m_vertexTransformMat -0.246485 -0.164204 0.955135 0.000000 0.582754 0.762355 0.281449 0.000000 -0.774367 0.625981 -0.092219 0.000000 -20.155947 5.293724 -5.934076 1.000000
aniFrame
  m_time 0.261000
  m_vertexTransformMat -0.225380 -0.151204 0.962467 0.000000 0.587871 0.766674 0.258106 0.000000 -0.776925 0.623978 -0.083905 0.000000 -19.953705 5.226727 -5.481159 1.000000
aniFrame
  m_time 0.277000
  m_vertexTransformMat -0.203248 -0.134989 0.969778 0.000000 0.594376 0.770068 0.231761 0.000000 -0.778079 0.623518 -0.076280 0.000000 -19.716526 5.217170 -5.035888 1.000000
aniFrame
  m_time 0.293000
  m_vertexTransformMat -0.179637 -0.115466 0.976933 0.000000 0.602427 0.772180 0.202039 0.000000 -0.777697 0.624824 -0.069152 0.000000 -19.441547 5.272956 -4.595654 1.000000
aniFrame
  m_time 0.309000
  m_vertexTransformMat -0.156033 -0.093310 0.983335 0.000000 0.610370 0.773602 0.170260 0.000000 -0.776597 0.626764 -0.063754 0.000000 -19.145058 5.368012 -4.210801 1.000000
aniFrame
  m_time 0.325000
  m_vertexTransformMat -0.130526 -0.068251 0.989093 0.000000 0.619191 0.773533 0.135089 0.000000 -0.774316 0.630070 -0.058706 0.000000 -18.813276 5.524272 -3.851073 1.000000
aniFrame
  m_time 0.341000
  m_vertexTransformMat -0.105776 -0.041291 0.993533 0.000000 0.627834 0.772035 0.098928 0.000000 -0.771127 0.634237 -0.055738 0.000000 -18.462877 5.721817 -3.568758 1.000000
aniFrame
  m_time 0.357000
  m_vertexTransformMat -0.079537 -0.011771 0.996763 0.000000 0.635254 0.769987 0.059783 0.000000 -0.768197 0.637952 -0.053765 0.000000 -18.090176 5.950309 -3.336205 1.000000
aniFrame
  m_time 0.373000
  m_vertexTransformMat -0.053297 0.018698 0.998404 0.000000 0.643403 0.765266 0.020015 0.000000 -0.763670 0.643443 -0.052817 0.000000 -17.691053 6.230953 -3.160917 1.000000
aniFrame
  m_time 0.389000
  m_vertexTransformMat -0.027567 0.051361 0.998300 0.000000 0.648914 0.760567 -0.021211 0.000000 -0.760363 0.647226 -0.054295 0.000000 -17.288294 6.524037 -3.061962 1.000000
aniFrame
  m_time 0.405000
  m_vertexTransformMat -0.000587 0.084361 0.996435 0.000000 0.652697 0.754951 -0.063532 0.000000 -0.757620 0.650333 -0.055505 0.000000 -16.873743 6.818391 -2.996826 1.000000
aniFrame
  m_time 0.421000
  m_vertexTransformMat 0.024272 0.118645 0.992640 0.000000 0.655282 0.747992 -0.105426 0.000000 -0.754995 0.653018 -0.059590 0.000000 -16.467304 7.145367 -3.024149 1.000000
aniFrame
  m_time 0.437000
  m_vertexTransformMat 0.049789 0.153199 0.986941 0.000000 0.655519 0.740530 -0.148019 0.000000 -0.753536 0.654328 -0.063555 0.000000 -16.046740 7.472482 -3.085636 1.000000
aniFrame
  m_time 0.453000
  m_vertexTransformMat 0.073255 0.187731 0.979485 0.000000 0.654165 0.732286 -0.189276 0.000000 -0.752796 0.654610 -0.069163 0.000000 -15.655864 7.801886 -3.219346 1.000000
aniFrame
  m_time 0.469000
  m_vertexTransformMat 0.096036 0.222557 0.970178 0.000000 0.650459 0.723749 -0.230415 0.000000 -0.753445 0.653189 -0.075259 0.000000 -15.271427 8.138464 -3.394618 1.000000
aniFrame
  m_time 0.485000
  m_vertexTransformMat 0.117394 0.256323 0.959436 0.000000 0.644679 0.715202 -0.269955 0.000000 -0.755386 0.650219 -0.081286 0.000000 -14.912537 8.454114 -3.607011 1.000000
aniFrame
  m_time 0.501000
  m_vertexTransformMat 0.136378 0.289978 0.947267 0.000000 0.636897 0.706735 -0.308040 0.000000 -0.758791 0.645321 -0.088303 0.000000 -14.595980 8.773518 -3.865450 1.000000
aniFrame
  m_time 0.517000
  m_vertexTransformMat 0.153670 0.321031 0.934518 0.000000 0.627657 0.698735 -0.343244 0.000000 -0.763173 0.639303 -0.094123 0.000000 -14.308168 9.058941 -4.120377 1.000000
aniFrame
  m_time 0.533000
  m_vertexTransformMat 0.169307 0.353365 0.920037 0.000000 0.614509 0.691986 -0.378859 0.000000 -0.770528 0.629514 -0.099988 0.000000 -14.056215 9.345925 -4.419952 1.000000
aniFrame
  m_time 0.549000
  m_vertexTransformMat 0.183839 0.389457 0.902511 0.000000 0.595053 0.686709 -0.417543 0.000000 -0.782378 0.613803 -0.105503 0.000000 -13.832122 9.656978 -4.786515 1.000000
aniFrame
  m_time 0.565000
  m_vertexTransformMat 0.196525 0.428984 0.881675 0.000000 0.569746 0.681858 -0.458758 0.000000 -0.797977 0.592489 -0.110410 0.000000 -13.644937 9.987937 -5.223835 1.000000
aniFrame
  m_time 0.581000
  m_vertexTransformMat 0.207542 0.474470 0.855456 0.000000 0.536607 0.675963 -0.505102 0.000000 -0.817912 0.563873 -0.114313 0.000000 -13.495940 10.365661 -5.764784 1.000000
aniFrame
  m_time 0.597000
  m_vertexTransformMat 0.215766 0.522417 0.824940 0.000000 0.498147 0.667734 -0.553155 0.000000 -0.839818 0.530293 -0.116167 0.000000 -13.391677 10.760481 -6.373120 1.000000
aniFrame
  m_time 0.613000
  m_vertexTransformMat 0.220712 0.570167 0.791326 0.000000 0.457286 0.656141 -0.600308 0.000000 -0.861496 0.494357 -0.115911 0.000000 -13.344855 11.158958 -7.009107 1.000000
aniFrame
  m_time 0.629000
  m_vertexTransformMat 0.222482 0.616293 0.755437 0.000000 0.414799 0.641391 -0.645415 0.000000 -0.882295 0.456947 -0.112940 0.000000 -13.349008 11.546575 -7.652569 1.000000
aniFrame
  m_time 0.645000
  m_vertexTransformMat 0.220630 0.657935 0.720031 0.000000 0.375657 0.623952 -0.685249 0.000000 -0.900114 0.421671 -0.109495 0.000000 -13.413498 11.922098 -8.264242 1.000000
aniFrame
  m_time 0.661000
  m_vertexTransformMat 0.217248 0.695049 0.685355 0.000000 0.337762 0.605223 -0.720849 0.000000 -0.915817 0.388089 -0.103277 0.000000 -13.528775 12.268619 -8.802999 1.000000
aniFrame
  m_time 0.677000
  m_vertexTransformMat 0.210505 0.724715 0.656106 0.000000 0.308644 0.587549 -0.748015 0.000000 -0.927592 0.359964 -0.099997 0.000000 -13.666944 12.589369 -9.277520 1.000000
aniFrame
  m_time 0.693000
  m_vertexTransformMat 0.204980 0.747694 0.631614 0.000000 0.285067 0.571734 -0.769323 0.000000 -0.936333 0.337748 -0.095949 0.000000 -13.810686 12.897430 -9.627829 1.000000
aniFrame
  m_time 0.709000
  m_vertexTransformMat 0.198920 0.761096 0.617384 0.000000 0.270598 0.562827 -0.781026 0.000000 -0.941917 0.322425 -0.093993 0.000000 -13.943461 13.150738 -9.827567 1.000000
aniFrame
  m_time 0.725000
  m_vertexTransformMat 0.193599 0.765722 0.613343 0.000000 0.270881 0.559149 -0.783567 0.000000 -0.942944 0.317840 -0.099169 0.000000 -14.006785 13.422482 -9.947555 1.000000
aniFrame
  m_time 0.741000
  m_vertexTransformMat 0.191272 0.762662 0.617869 0.000000 0.278973 0.561289 -0.779185 0.000000 -0.941058 0.321405 -0.105403 0.000000 -14.024662 13.695380 -9.926964 1.000000
aniFrame
  m_time 0.757000
  m_vertexTransformMat 0.186895 0.752658 0.631330 0.000000 0.298983 0.568587 -0.766367 0.000000 -0.935778 0.331988 -0.118766 0.000000 -14.009983 13.954527 -9.846132 1.000000
aniFrame
  m_time 0.773000
  m_vertexTransformMat 0.182887 0.740198 0.647039 0.000000 0.323348 0.576237 -0.750598 0.000000 -0.928439 0.346493 -0.133955 0.000000 -13.969643 14.221901 -9.743661 1.000000
aniFrame
  m_time 0.789000
  m_vertexTransformMat 0.177885 0.723608 0.666896 0.000000 0.352971 0.585688 -0.729645 0.000000 -0.918569 0.365188 -0.151227 0.000000 -13.901252 14.503688 -9.600637 1.000000
aniFrame
  m_time 0.805000
  m_vertexTransformMat 0.171757 0.704626 0.688478 0.000000 0.386633 0.594577 -0.704978 0.000000 -0.906099 0.387273 -0.170309 0.000000 -13.811050 14.793429 -9.451035 1.000000
aniFrame
  m_time 0.821000
  m_vertexTransformMat 0.164725 0.682288 0.712284 0.000000 0.423793 0.603134 -0.675743 0.000000 -0.890654 0.413173 -0.189798 0.000000 -13.696900 15.098952 -9.271988 1.000000
aniFrame
  m_time 0.837000
  m_vertexTransformMat 0.155371 0.657369 0.737378 0.000000 0.463962 0.610433 -0.641959 0.000000 -0.872123 0.441857 -0.210151 0.000000 -13.562009 15.406218 -9.088216 1.000000
aniFrame
  m_time 0.853000
  m_vertexTransformMat 0.144734 0.630312 0.762732 0.000000 0.505815 0.615384 -0.604528 0.000000 -0.850414 0.473296 -0.229755 0.000000 -13.405482 15.721635 -8.894217 1.000000
aniFrame
  m_time 0.869000
  m_vertexTransformMat 0.132061 0.601231 0.788087 0.000000 0.548427 0.617960 -0.563342 0.000000 -0.825705 0.506604 -0.248123 0.000000 -13.230953 16.028627 -8.693277 1.000000
aniFrame
  m_time 0.885000
  m_vertexTransformMat 0.117206 0.570940 0.812583 0.000000 0.591386 0.617204 -0.518963 0.000000 -0.797826 0.541375 -0.265305 0.000000 -13.039706 16.337881 -8.502219 1.000000
aniFrame
  m_time 0.901000
  m_vertexTransformMat 0.100414 0.539239 0.836145 0.000000 0.633274 0.613543 -0.471731 0.000000 -0.767386 0.576877 -0.279877 0.000000 -12.840981 16.626341 -8.307117 1.000000
aniFrame
  m_time 0.917000
  m_vertexTransformMat 0.081434 0.507268 0.857933 0.000000 0.673718 0.606332 -0.422453 0.000000 -0.734489 0.612406 -0.292380 0.000000 -12.642205 16.906637 -8.135772 1.000000
aniFrame
  m_time 0.933000
  m_vertexTransformMat 0.060494 0.474948 0.877933 0.000000 0.711761 0.596120 -0.371535 0.000000 -0.699812 0.647353 -0.301988 0.000000 -12.455343 17.162186 -7.973393 1.000000
aniFrame
  m_time 0.949000
  m_vertexTransformMat 0.038142 0.442764 0.895827 0.000000 0.746616 0.583213 -0.320043 0.000000 -0.664161 0.681046 -0.308330 0.000000 -12.282446 17.388668 -7.817747 1.000000
aniFrame
  m_time 0.965000
  m_vertexTransformMat 0.013692 0.411662 0.911234 0.000000 0.778214 0.567839 -0.268222 0.000000 -0.627851 0.712807 -0.312586 0.000000 -12.147220 17.594995 -7.694522 1.000000
aniFrame
  m_time 0.981000
  m_vertexTransformMat -0.011670 0.380910 0.924539 0.000000 0.805656 0.551232 -0.216938 0.000000 -0.592269 0.742329 -0.313315 0.000000 -12.042783 17.752964 -7.566679 1.000000
aniFrame
  m_time 0.997000
  m_vertexTransformMat -0.037803 0.352063 0.935213 0.000000 0.828936 0.533704 -0.167407 0.000000 -0.558065 0.768903 -0.312013 0.000000 -11.980035 17.886395 -7.466539 1.000000
aniFrame
  m_time 1.013000
  m_vertexTransformMat -0.065104 0.324167 0.943758 0.000000 0.847880 0.516666 -0.118978 0.000000 -0.526176 0.792447 -0.308492 0.000000 -11.984026 17.965979 -7.380048 1.000000
aniFrame
  m_time 1.029000
  m_vertexTransformMat -0.091424 0.297965 0.950189 0.000000 0.862359 0.500848 -0.074085 0.000000 -0.497975 0.812631 -0.302742 0.000000 -12.029746 18.003157 -7.300272 1.000000
aniFrame
  m_time 1.045000
  m_vertexTransformMat -0.117359 0.274357 0.954439 0.000000 0.872810 0.486966 -0.032658 0.000000 -0.473740 0.829212 -0.296612 0.000000 -12.138371 18.008764 -7.250336 1.000000
aniFrame
  m_time 1.061000
  m_vertexTransformMat -0.142688 0.251084 0.957391 0.000000 0.878988 0.476806 0.005956 0.000000 -0.454995 0.842385 -0.288734 0.000000 -12.330450 17.935368 -7.201357 1.000000
aniFrame
  m_time 1.077000
  m_vertexTransformMat -0.170018 0.226007 0.959174 0.000000 0.878498 0.475751 0.043618 0.000000 -0.446470 0.850048 -0.279433 0.000000 -12.741892 17.698030 -7.190144 1.000000
aniFrame
  m_time 1.093000
  m_vertexTransformMat -0.198640 0.197669 0.959932 0.000000 0.871713 0.483299 0.080864 0.000000 -0.447950 0.852847 -0.268313 0.000000 -13.355166 17.277990 -7.205059 1.000000
aniFrame
  m_time 1.109000
  m_vertexTransformMat -0.228866 0.164145 0.959519 0.000000 0.857538 0.500485 0.118924 0.000000 -0.460704 0.850042 -0.255305 0.000000 -14.191937 16.627886 -7.262788 1.000000
aniFrame
  m_time 1.125000
  m_vertexTransformMat -0.259504 0.124568 0.957674 0.000000 0.835382 0.526509 0.157881 0.000000 -0.484557 0.840994 -0.240693 0.000000 -15.225256 15.721353 -7.368081 1.000000
aniFrame
  m_time 1.141000
  m_vertexTransformMat -0.286559 0.082096 0.954539 0.000000 0.808030 0.556020 0.194755 0.000000 -0.514754 0.827104 -0.225668 0.000000 -16.283365 14.657548 -7.492538 1.000000
aniFrame
  m_time 1.157000
  m_vertexTransformMat -0.309291 0.035970 0.950287 0.000000 0.774937 0.588730 0.229935 0.000000 -0.551191 0.807529 -0.209963 0.000000 -17.350807 13.407351 -7.629631 1.000000
aniFrame
  m_time 1.173000
  m_vertexTransformMat -0.325408 -0.009860 0.945522 0.000000 0.739524 0.620478 0.260983 0.000000 -0.589249 0.784162 -0.194617 0.000000 -18.293705 12.087181 -7.740761 1.000000
aniFrame
  m_time 1.189000
  m_vertexTransformMat -0.334626 -0.055505 0.940715 0.000000 0.702062 0.651210 0.288157 0.000000 -0.628598 0.756865 -0.178944 0.000000 -19.099615 10.691447 -7.805749 1.000000
aniFrame
  m_time 1.205000
  m_vertexTransformMat -0.336818 -0.096436 0.936619 0.000000 0.666526 0.678190 0.309518 0.000000 -0.665054 0.728532 -0.164149 0.000000 -19.716076 9.357401 -7.807638 1.000000
aniFrame
  m_time 1.221000
  m_vertexTransformMat -0.332520 -0.132359 0.933762 0.000000 0.633767 0.701855 0.325176 0.000000 -0.698406 0.699914 -0.149496 0.000000 -20.147627 8.100474 -7.720981 1.000000
aniFrame
  m_time 1.237000
  m_vertexTransformMat -0.323288 -0.158892 0.932866 0.000000 0.607823 0.720692 0.333397 0.000000 -0.725283 0.674801 -0.136413 0.000000 -20.404669 7.065172 -7.561306 1.000000
aniFrame
  m_time 1.253000
  m_vertexTransformMat -0.310395 -0.174348 0.934483 0.000000 0.590727 0.734811 0.333309 0.000000 -0.744780 0.655482 -0.125089 0.000000 -20.506781 6.320390 -7.319089 1.000000
aniFrame
  m_time 1.269000
  m_vertexTransformMat -0.295157 -0.181078 0.938133 0.000000 0.580797 0.745636 0.326653 0.000000 -0.758655 0.641279 -0.114910 0.000000 -20.504921 5.799789 -7.009541 1.000000
aniFrame
  m_time 1.285000
  m_vertexTransformMat -0.278207 -0.178543 0.943781 0.000000 0.578721 0.753046 0.313055 0.000000 -0.766605 0.633281 -0.106176 0.000000 -20.413208 5.529980 -6.636721 1.000000
aniFrame
  m_time 1.301000
  m_vertexTransformMat -0.259813 -0.170823 0.950430 0.000000 0.580560 0.758860 0.295096 0.000000 -0.771652 0.628451 -0.097988 0.000000 -20.269541 5.377065 -6.226884 1.000000
aniFrame
  m_time 1.317000
  m_vertexTransformMat -0.239537 -0.160247 0.957572 0.000000 0.584287 0.763895 0.273995 0.000000 -0.775390 0.625129 -0.089351 0.000000 -20.092316 5.264766 -5.782655 1.000000
aniFrame
  m_time 1.333000
  m_vertexTransformMat -0.218260 -0.146185 0.964880 0.000000 0.589799 0.767955 0.249765 0.000000 -0.777496 0.623599 -0.081394 0.000000 -19.879492 5.215579 -5.334793 1.000000
aniFrame
  m_time 1.349000
  m_vertexTransformMat -0.195396 -0.128804 0.972230 0.000000 0.597000 0.770881 0.222112 0.000000 -0.778082 0.623821 -0.073731 0.000000 -19.627930 5.230181 -4.884629 1.000000
aniFrame
  m_time 1.365000
  m_vertexTransformMat -0.171909 -0.108399 0.979131 0.000000 0.605072 0.772727 0.191783 0.000000 -0.777390 0.625414 -0.067249 0.000000 -19.345608 5.299848 -4.463096 1.000000
aniFrame
  m_time 1.381000
  m_vertexTransformMat -0.147619 -0.085222 0.985366 0.000000 0.613204 0.773800 0.158789 0.000000 -0.776009 0.627671 -0.061970 0.000000 -19.038065 5.413182 -4.085868 1.000000
aniFrame
  m_time 1.397000
  m_vertexTransformMat -0.122140 -0.059494 0.990728 0.000000 0.622256 0.773068 0.123137 0.000000 -0.773226 0.631527 -0.057402 0.000000 -18.697289 5.588046 -3.746568 1.000000
aniFrame
  m_time 1.413000
  m_vertexTransformMat -0.097287 -0.031663 0.994753 0.000000 0.630282 0.771566 0.086200 0.000000 -0.770247 0.635360 -0.055107 0.000000 -18.342472 5.792437 -3.488140 1.000000
aniFrame
  m_time 1.429000
  m_vertexTransformMat -0.070544 -0.001696 0.997508 0.000000 0.637942 0.768684 0.046422 0.000000 -0.766846 0.639627 -0.053144 0.000000 -17.958548 6.038810 -3.267623 1.000000
aniFrame
  m_time 1.445000
  m_vertexTransformMat -0.044871 0.029386 0.998561 0.000000 0.645603 0.763646 0.006538 0.000000 -0.762354 0.644967 -0.053237 0.000000 -17.557604 6.329456 -3.123151 1.000000
aniFrame
  m_time 1.461000
  m_vertexTransformMat -0.018580 0.062423 0.997877 0.000000 0.650216 0.758926 -0.035369 0.000000 -0.759523 0.648178 -0.054689 0.000000 -17.151087 6.620471 -3.035067 1.000000
aniFrame
  m_time 1.477000
  m_vertexTransformMat 0.007871 0.095605 0.995389 0.000000 0.653770 0.752717 -0.077466 0.000000 -0.756652 0.651365 -0.056579 0.000000 -16.738190 6.924234 -2.996756 1.000000
aniFrame
  m_time 1.493000
  m_vertexTransformMat 0.032559 0.130265 0.990945 0.000000 0.655649 0.745542 -0.119548 0.000000 -0.754364 0.653604 -0.061133 0.000000 -16.329062 7.256970 -3.044345 1.000000
aniFrame
  m_time 1.509000
  m_vertexTransformMat 0.057955 0.164618 0.984654 0.000000 0.655226 0.737875 -0.161926 0.000000 -0.753207 0.654555 -0.065098 0.000000 -15.912275 7.579870 -3.120045 1.000000
aniFrame
  m_time 1.525000
  m_vertexTransformMat 0.080712 0.199401 0.976589 0.000000 0.653278 0.729418 -0.202924 0.000000 -0.752804 0.654362 -0.071392 0.000000 -15.529582 7.915609 -3.277912 1.000000
aniFrame
  m_time 1.541000
  m_vertexTransformMat 0.103525 0.233883 0.966738 0.000000 0.648689 0.720921 -0.243878 0.000000 -0.753980 0.652359 -0.077084 0.000000 -15.145608 8.244630 -3.457889 1.000000
aniFrame
  m_time 1.557000
  m_vertexTransformMat 0.123868 0.267544 0.955551 0.000000 0.642374 0.712339 -0.282718 0.000000 -0.756316 0.648840 -0.083627 0.000000 -14.804119 8.559875 -3.690806 1.000000
aniFrame
  m_time 1.573000
  m_vertexTransformMat 0.142389 0.300676 0.943038 0.000000 0.633944 0.703990 -0.320178 0.000000 -0.760158 0.643422 -0.090371 0.000000 -14.495824 8.873986 -3.950344 1.000000
aniFrame
  m_time 1.589000
  m_vertexTransformMat 0.159017 0.331274 0.930038 0.000000 0.623958 0.696318 -0.354708 0.000000 -0.765107 0.636710 -0.095975 0.000000 -14.220477 9.149861 -4.211264 1.000000
aniFrame
  m_time 1.605000
  m_vertexTransformMat 0.174296 0.365247 0.914448 0.000000 0.608621 0.690075 -0.391633 0.000000 -0.774081 0.624813 -0.102019 0.000000 -13.978567 9.450816 -4.537707 1.000000
aniFrame
  m_time 1.621000
  m_vertexTransformMat 0.188321 0.402062 0.896037 0.000000 0.587311 0.685143 -0.430867 0.000000 -0.787148 0.607393 -0.107108 0.000000 -13.764729 9.762236 -4.921570 1.000000
aniFrame
  m_time 1.637000
  m_vertexTransformMat 0.200289 0.443553 0.873582 0.000000 0.559721 0.680012 -0.473599 0.000000 -0.804113 0.583818 -0.112067 0.000000 -13.592409 10.111026 -5.394261 1.000000
aniFrame
  m_time 1.653000
  m_vertexTransformMat 0.210751 0.490427 0.845616 0.000000 0.524023 0.673572 -0.521249 0.000000 -0.825218 0.552975 -0.115039 0.000000 -13.454592 10.496002 -5.962117 1.000000
aniFrame
  m_time 1.669000
  m_vertexTransformMat 0.217506 0.538200 0.814268 0.000000 0.485225 0.664230 -0.568644 0.000000 -0.846905 0.518786 -0.116674 0.000000 -13.371490 10.893825 -6.583385 1.000000
aniFrame
  m_time 1.685000
  m_vertexTransformMat 0.221848 0.585985 0.779362 0.000000 0.442833 0.651550 -0.615940 0.000000 -0.868725 0.481772 -0.114948 0.000000 -13.339698 11.289736 -7.223844 1.000000
aniFrame
  m_time 1.701000
  m_vertexTransformMat 0.221878 0.630470 0.743826 0.000000 0.401876 0.635909 -0.658875 0.000000 -0.888407 0.445116 -0.112277 0.000000 -13.364125 11.672884 -7.863704 1.000000
aniFrame
  m_time 1.717000
  m_vertexTransformMat 0.219854 0.671034 0.708081 0.000000 0.362497 0.617673 -0.697909 0.000000 -0.905682 0.410115 -0.107449 0.000000 -13.447096 12.042273 -8.452224 1.000000
aniFrame
  m_time 1.733000
  m_vertexTransformMat 0.215226 0.705642 0.675090 0.000000 0.326972 0.599321 -0.730687 0.000000 -0.920199 0.377999 -0.101735 0.000000 -13.573965 12.374683 -8.966300 1.000000
aniFrame
  m_time 1.749000
  m_vertexTransformMat 0.208430 0.733271 0.647202 0.000000 0.300332 0.581778 -0.755867 0.000000 -0.930783 0.351921 -0.098964 0.000000 -13.714252 12.696909 -9.414377 1.000000
aniFrame
  m_time 1.765000
  m_vertexTransformMat 0.203266 0.753279 0.625502 0.000000 0.278560 0.567949 -0.774492 0.000000 -0.938662 0.331668 -0.094388 0.000000 -13.858960 12.985942 -9.704234 1.000000
aniFrame
  m_time 1.781000
  m_vertexTransformMat 0.196786 0.763472 0.615130 0.000000 0.269577 0.561083 -0.782632 0.000000 -0.942657 0.319837 -0.095401 0.000000 -13.972475 13.240839 -9.880704 1.000000
aniFrame
  m_time 1.797000
  m_vertexTransformMat 0.192760 0.765558 0.613811 0.000000 0.272819 0.559066 -0.782953 0.000000 -0.942557 0.318382 -0.101093 0.000000 -14.014734 13.518309 -9.957281 1.000000
aniFrame
  m_time 1.813000
  m_vertexTransformMat 0.189994 0.760073 0.621442 0.000000 0.283541 0.563521 -0.775918 0.000000 -0.939950 0.323624 -0.108446 0.000000 -14.027763 13.766526 -9.894413 1.000000
aniFrame
  m_time 1.829000
  m_vertexTransformMat 0.185199 0.749168 0.635963 0.000000 0.303869 0.571784 -0.762054 0.000000 -0.934540 0.334381 -0.121755 0.000000 -14.014936 13.991563 -9.787875 1.000000
aniFrame
  m_time 1.845000
  m_vertexTransformMat 0.180966 0.735893 0.652467 0.000000 0.325908 0.581064 -0.745753 0.000000 -0.927919 0.347601 -0.134681 0.000000 -13.986557 14.204568 -9.634222 1.000000
aniFrame
  m_time 1.861000
  m_vertexTransformMat 0.175254 0.718867 0.672694 0.000000 0.352207 0.592271 -0.724683 0.000000 -0.919367 0.363931 -0.149392 0.000000 -13.943660 14.405479 -9.440897 1.000000
aniFrame
  m_time 1.877000
  m_vertexTransformMat 0.169024 0.699485 0.694372 0.000000 0.381108 0.603327 -0.700538 0.000000 -0.908948 0.383038 -0.164602 0.000000 -13.890033 14.602782 -9.228751 1.000000
aniFrame
  m_time 1.893000
  m_vertexTransformMat 0.161143 0.676620 0.718484 0.000000 0.413250 0.614847 -0.671706 0.000000 -0.896246 0.405154 -0.180535 0.000000 -13.826373 14.797781 -8.990398 1.000000
aniFrame
  m_time 1.909000
  m_vertexTransformMat 0.151454 0.651437 0.743433 0.000000 0.447709 0.625329 -0.639157 0.000000 -0.881260 0.429644 -0.196946 0.000000 -13.754306 14.987146 -8.751994 1.000000
aniFrame
  m_time 1.925000
  m_vertexTransformMat 0.140427 0.623817 0.768852 0.000000 0.483811 0.634285 -0.603000 0.000000 -0.863833 0.456657 -0.212739 0.000000 -13.673843 15.176426 -8.505728 1.000000
aniFrame
  m_time 1.941000
  m_vertexTransformMat 0.127168 0.594226 0.794181 0.000000 0.521185 0.641208 -0.563222 0.000000 -0.843916 0.485539 -0.228161 0.000000 -13.585249 15.359706 -8.271172 1.000000
aniFrame
  m_time 1.957000
  m_vertexTransformMat 0.112075 0.563094 0.818758 0.000000 0.559306 0.645295 -0.520357 0.000000 -0.821350 0.516255 -0.242620 0.000000 -13.489188 15.548127 -8.051674 1.000000
aniFrame
  m_time 1.973000
  m_vertexTransformMat 0.094890 0.530527 0.842340 0.000000 0.597350 0.646545 -0.474502 0.000000 -0.796348 0.548197 -0.255559 0.000000 -13.393314 15.728126 -7.851957 1.000000
aniFrame
  m_time 1.989000
  m_vertexTransformMat 0.075621 0.497556 0.864130 0.000000 0.635130 0.644038 -0.426411 0.000000 -0.768695 0.581080 -0.267310 0.000000 -13.300642 15.920583 -7.692544 1.000000
aniFrame
  m_time 2.005000
  m_vertexTransformMat 0.054514 0.463912 0.884203 0.000000 0.671681 0.638188 -0.376248 0.000000 -0.738833 0.614413 -0.276810 0.000000 -13.212799 16.104856 -7.550933 1.000000
aniFrame
  m_time 2.021000
  m_vertexTransformMat 0.031755 0.430866 0.901857 0.000000 0.706763 0.628340 -0.325078 0.000000 -0.706738 0.647722 -0.284567 0.000000 -13.129909 16.303377 -7.447488 1.000000
aniFrame
  m_time 2.037000
  m_vertexTransformMat 0.007008 0.398392 0.917189 0.000000 0.739920 0.614919 -0.272751 0.000000 -0.672658 0.680558 -0.290469 0.000000 -13.056778 16.502979 -7.370995 1.000000
aniFrame
  m_time 2.053000
  m_vertexTransformMat -0.018250 0.367060 0.930019 0.000000 0.770479 0.597973 -0.220888 0.000000 -0.637205 0.712528 -0.293725 0.000000 -12.969502 16.709511 -7.306027 1.000000
aniFrame
  m_time 2.069000
  m_vertexTransformMat -0.045281 0.337757 0.940144 0.000000 0.798492 0.577766 -0.169110 0.000000 -0.600301 0.743039 -0.295858 0.000000 -12.893393 16.930033 -7.277080 1.000000
aniFrame
  m_time 2.085000
  m_vertexTransformMat -0.072312 0.309910 0.948012 0.000000 0.823435 0.554880 -0.118584 0.000000 -0.562784 0.772051 -0.295315 0.000000 -12.800749 17.148823 -7.244480 1.000000
aniFrame
  m_time 2.101000
