m_aniFrameList.size 84
aniFrame
  m_time -1.066000
  m_vertexTransformMat -0.131759 -0.365458 0.921455 0.000000 0.872190 0.399016 0.282969 0.000000 -0.471089 0.840967 0.266175 0.000000 -10.123676 5.546661 -2.621191 1.000000
aniFrame
  m_time -1.027000
  m_vertexTransformMat -0.101706 -0.350104 0.931173 0.000000 0.852562 0.451665 0.262938 0.000000 -0.512634 0.820626 0.252548 0.000000 -10.611453 5.464507 -3.022910 1.000000
aniFrame
  m_time -0.988000
  m_vertexTransformMat -0.072350 -0.332781 0.940225 0.000000 0.828054 0.505436 0.242611 0.000000 -0.555960 0.796110 0.238992 0.000000 -11.105898 5.388173 -3.471813 1.000000
aniFrame
  m_time -0.949000
  m_vertexTransformMat -0.043936 -0.313706 0.948504 0.000000 0.801121 0.556181 0.221059 0.000000 -0.596887 0.769579 0.226880 0.000000 -11.471792 5.295799 -3.775564 1.000000
aniFrame
  m_time -0.910000
  m_vertexTransformMat -0.016452 -0.293271 0.955888 0.000000 0.774999 0.600304 0.197515 0.000000 -0.631748 0.744062 0.217409 0.000000 -11.636315 5.175996 -3.783768 1.000000
aniFrame
  m_time -0.871000
  m_vertexTransformMat 0.010308 -0.272148 0.962201 0.000000 0.753645 0.634540 0.171399 0.000000 -0.657201 0.723391 0.211644 0.000000 -11.676925 5.023935 -3.521139 1.000000
aniFrame
  m_time -0.832000
  m_vertexTransformMat 0.037645 -0.251095 0.967230 0.000000 0.737565 0.660039 0.142641 0.000000 -0.674226 0.708025 0.210046 0.000000 -11.651628 4.806960 -3.073501 1.000000
aniFrame
  m_time -0.793000
  m_vertexTransformMat 0.066439 -0.230180 0.970878 0.000000 0.723629 0.681050 0.111947 0.000000 -0.686984 0.695117 0.211813 0.000000 -11.581719 4.486382 -2.544492 1.000000
aniFrame
  m_time -0.754000
  m_vertexTransformMat 0.095855 -0.209070 0.973191 0.000000 0.710825 0.698792 0.080108 0.000000 -0.696806 0.684091 0.215595 0.000000 -11.464961 4.084676 -2.062161 1.000000
aniFrame
  m_time -0.715000
  m_vertexTransformMat 0.124749 -0.187639 0.974284 0.000000 0.698947 0.713566 0.047932 0.000000 -0.704210 0.674993 0.220166 0.000000 -11.306783 3.646658 -1.733482 1.000000
aniFrame
  m_time -0.676000
  m_vertexTransformMat 0.152522 -0.166043 0.974252 0.000000 0.688385 0.725173 0.015823 0.000000 -0.709128 0.668247 0.224906 0.000000 -11.095929 3.220312 -1.552107 1.000000
aniFrame
  m_time -0.637000
  m_vertexTransformMat 0.178850 -0.143457 0.973362 0.000000 0.676539 0.736238 -0.015801 0.000000 -0.714359 0.661343 0.228730 0.000000 -10.847866 2.820771 -1.484046 1.000000
aniFrame
  m_time -0.598000
  m_vertexTransformMat 0.202079 -0.119729 0.972023 0.000000 0.664212 0.746116 -0.046183 0.000000 -0.719713 0.654962 0.230300 0.000000 -10.570286 2.510668 -1.509847 1.000000
aniFrame
  m_time -0.559000
  m_vertexTransformMat 0.220500 -0.094561 0.970792 0.000000 0.650980 0.755452 -0.074274 0.000000 -0.726364 0.648344 0.228135 0.000000 -10.310045 2.327293 -1.606620 1.000000
aniFrame
  m_time -0.520000
  m_vertexTransformMat 0.233411 -0.065765 0.970152 0.000000 0.635407 0.765546 -0.100979 0.000000 -0.736055 0.640011 0.220474 0.000000 -10.076882 2.316273 -1.770615 1.000000
aniFrame
  m_time -0.481000
  m_vertexTransformMat 0.238262 -0.023162 0.970925 0.000000 0.613290 0.778763 -0.131922 0.000000 -0.753064 0.626891 0.199754 0.000000 -9.869536 2.593978 -2.129110 1.000000
aniFrame
  m_time -0.442000
  m_vertexTransformMat 0.234099 0.027479 0.971825 0.000000 0.588760 0.791454 -0.164203 0.000000 -0.773667 0.610611 0.169100 0.000000 -9.754704 3.108540 -2.593614 1.000000
aniFrame
  m_time -0.403000
  m_vertexTransformMat 0.221469 0.070431 0.972621 0.000000 0.571172 0.799030 -0.187918 0.000000 -0.790389 0.597151 0.136732 0.000000 -9.836596 3.717644 -2.935128 1.000000
aniFrame
  m_time -0.364000
  m_vertexTransformMat 0.204809 0.091682 0.974499 0.000000 0.567834 0.799812 -0.194588 0.000000 -0.797256 0.593207 0.111749 0.000000 -10.034701 4.286530 -3.031711 1.000000
aniFrame
  m_time -0.325000
  m_vertexTransformMat 0.187067 0.078520 0.979204 0.000000 0.587203 0.790176 -0.175542 0.000000 -0.787527 0.607829 0.101709 0.000000 -10.132839 4.721817 -2.929099 1.000000
aniFrame
  m_time -0.286000
  m_vertexTransformMat 0.163345 0.037577 0.985853 0.000000 0.625436 0.768868 -0.132934 0.000000 -0.762986 0.638303 0.102089 0.000000 -10.139647 5.002592 -2.704526 1.000000
aniFrame
  m_time -0.247000
  m_vertexTransformMat 0.131976 -0.019410 0.991063 0.000000 0.673336 0.735496 -0.075261 0.000000 -0.727462 0.677251 0.110137 0.000000 -10.095175 5.199958 -2.436927 1.000000
aniFrame
  m_time -0.208000
  m_vertexTransformMat 0.092712 -0.085979 0.991974 0.000000 0.724089 0.689661 -0.007899 0.000000 -0.683447 0.719010 0.126197 0.000000 -10.022264 5.344269 -2.191623 1.000000
aniFrame
  m_time -0.169000
  m_vertexTransformMat 0.047509 -0.155117 0.986753 0.000000 0.771639 0.632996 0.062354 0.000000 -0.634283 0.758455 0.149768 0.000000 -9.923738 5.440128 -2.026592 1.000000
aniFrame
  m_time -0.130000
  m_vertexTransformMat -0.001226 -0.221240 0.975219 0.000000 0.811550 0.569583 0.130236 0.000000 -0.584281 0.791599 0.178849 0.000000 -9.847183 5.489853 -2.002328 1.000000
aniFrame
  m_time -0.091000
  m_vertexTransformMat -0.049667 -0.279192 0.958950 0.000000 0.841423 0.505581 0.190777 0.000000 -0.538090 0.816357 0.209808 0.000000 -9.845015 5.513956 -2.114986 1.000000
aniFrame
  m_time -0.052000
  m_vertexTransformMat -0.092780 -0.325472 0.940989 0.000000 0.860743 0.448849 0.240118 0.000000 -0.500513 0.832228 0.238504 0.000000 -9.921254 5.525587 -2.315534 1.000000
aniFrame
  m_time -0.013000
  m_vertexTransformMat -0.124677 -0.357874 0.925409 0.000000 0.870957 0.407296 0.274851 0.000000 -0.475277 0.840259 0.260913 0.000000 -10.051455 5.543014 -2.535353 1.000000
aniFrame
  m_time 0.025000
  m_vertexTransformMat -0.135978 -0.372665 0.917950 0.000000 0.870136 0.398081 0.290507 0.000000 -0.473680 0.838244 0.270139 0.000000 -10.332126 5.547801 -2.829798 1.000000
aniFrame
  m_time 0.064000
  m_vertexTransformMat -0.118656 -0.367107 0.922580 0.000000 0.855323 0.434134 0.282753 0.000000 -0.504324 0.822654 0.262482 0.000000 -10.806354 5.509558 -3.272227 1.000000
aniFrame
  m_time 0.103000
  m_vertexTransformMat -0.082382 -0.345395 0.934835 0.000000 0.828480 0.497633 0.256871 0.000000 -0.553927 0.795653 0.245157 0.000000 -11.286735 5.414158 -3.674797 1.000000
aniFrame
  m_time 0.142000
  m_vertexTransformMat -0.039484 -0.313708 0.948699 0.000000 0.794079 0.566461 0.220362 0.000000 -0.606530 0.762043 0.226743 0.000000 -11.574983 5.262898 -3.816337 1.000000
aniFrame
  m_time 0.181000
  m_vertexTransformMat -0.001160 -0.281838 0.959461 0.000000 0.762318 0.620717 0.183255 0.000000 -0.647202 0.731627 0.214130 0.000000 -11.671048 5.085845 -3.640929 1.000000
aniFrame
  m_time 0.220000
  m_vertexTransformMat 0.028206 -0.258178 0.965685 0.000000 0.742596 0.652110 0.152653 0.000000 -0.669145 0.712809 0.210116 0.000000 -11.667068 4.892046 -3.244797 1.000000
aniFrame
  m_time 0.259000
  m_vertexTransformMat 0.056442 -0.237523 0.969741 0.000000 0.728428 0.674046 0.122700 0.000000 -0.682793 0.699461 0.211063 0.000000 -11.609949 4.610371 -2.726997 1.000000
aniFrame
  m_time 0.298000
  m_vertexTransformMat 0.085754 -0.216574 0.972493 0.000000 0.715466 0.692673 0.091169 0.000000 -0.693364 0.687968 0.214351 0.000000 -11.507277 4.234403 -2.212527 1.000000
aniFrame
  m_time 0.337000
  m_vertexTransformMat 0.114771 -0.195495 0.973966 0.000000 0.703558 0.708164 0.059237 0.000000 -0.701308 0.678443 0.218819 0.000000 -11.364242 3.804537 -1.825002 1.000000
aniFrame
  m_time 0.376000
  m_vertexTransformMat 0.143058 -0.174144 0.974274 0.000000 0.692746 0.720672 0.027094 0.000000 -0.706850 0.671048 0.223736 0.000000 -11.172276 3.368660 -1.597952 1.000000
aniFrame
  m_time 0.415000
  m_vertexTransformMat 0.170344 -0.151770 0.973627 0.000000 0.680739 0.732509 -0.004917 0.000000 -0.712444 0.663624 0.228094 0.000000 -10.938923 2.945837 -1.490924 1.000000
aniFrame
  m_time 0.454000
  m_vertexTransformMat 0.194368 -0.128508 0.972475 0.000000 0.668646 0.742733 -0.035493 0.000000 -0.717728 0.657140 0.230289 0.000000 -10.670844 2.599164 -1.491228 1.000000
aniFrame
  m_time 0.493000
  m_vertexTransformMat 0.214621 -0.103881 0.971158 0.000000 0.655738 0.752232 -0.064451 0.000000 -0.723841 0.650657 0.229564 0.000000 -10.397714 2.365489 -1.567868 1.000000
aniFrame
  m_time 0.532000
  m_vertexTransformMat 0.229661 -0.077557 0.970176 0.000000 0.641636 0.761591 -0.091006 0.000000 -0.731818 0.643401 0.224672 0.000000 -10.157889 2.282569 -1.692076 1.000000
aniFrame
  m_time 0.571000
  m_vertexTransformMat 0.237429 -0.040047 0.970579 0.000000 0.621941 0.773781 -0.120216 0.000000 -0.746202 0.632186 0.208625 0.000000 -9.939475 2.460551 -1.977646 1.000000
aniFrame
  m_time 0.610000
  m_vertexTransformMat 0.236112 0.009656 0.971678 0.000000 0.597301 0.787295 -0.152965 0.000000 -0.766474 0.616501 0.180123 0.000000 -9.783187 2.911541 -2.433853 1.000000
aniFrame
  m_time 0.649000
  m_vertexTransformMat 0.225978 0.056950 0.972466 0.000000 0.576525 0.796862 -0.180637 0.000000 -0.785209 0.601471 0.147240 0.000000 -9.789638 3.504689 -2.844692 1.000000
aniFrame
  m_time 0.688000
  m_vertexTransformMat 0.208825 0.087675 0.974015 0.000000 0.567919 0.799952 -0.193767 0.000000 -0.796154 0.593624 0.117257 0.000000 -9.978065 4.109268 -3.042633 1.000000
aniFrame
  m_time 0.727000
  m_vertexTransformMat 0.192057 0.087404 0.977484 0.000000 0.577784 0.795037 -0.184614 0.000000 -0.793272 0.600230 0.102192 0.000000 -10.123214 4.587137 -2.997259 1.000000
aniFrame
  m_time 0.766000
  m_vertexTransformMat 0.171711 0.053901 0.983672 0.000000 0.610673 0.777698 -0.149214 0.000000 -0.773042 0.626323 0.100623 0.000000 -10.149742 4.914825 -2.795735 1.000000
aniFrame
  m_time 0.805000
  m_vertexTransformMat 0.143492 0.002028 0.989650 0.000000 0.655845 0.748686 -0.096628 0.000000 -0.741133 0.662921 0.106101 0.000000 -10.116811 5.135655 -2.533854 1.000000
aniFrame
  m_time 0.844000
  m_vertexTransformMat 0.106898 -0.062015 0.992334 0.000000 0.706317 0.707177 -0.031893 0.000000 -0.699778 0.704312 0.119398 0.000000 -10.053437 5.297747 -2.274271 1.000000
aniFrame
  m_time 0.883000
  m_vertexTransformMat 0.063789 -0.130864 0.989346 0.000000 0.755619 0.653921 0.037777 0.000000 -0.651898 0.745159 0.140597 0.000000 -9.960056 5.412513 -2.072917 1.000000
aniFrame
  m_time 0.922000
  m_vertexTransformMat 0.015999 -0.198563 0.979958 0.000000 0.798657 0.592205 0.106956 0.000000 -0.601573 0.780939 0.168059 0.000000 -9.867403 5.481837 -1.996110 1.000000
aniFrame
  m_time 0.961000
  m_vertexTransformMat -0.032753 -0.259862 0.965090 0.000000 0.832262 0.527577 0.170302 0.000000 -0.553414 0.808786 0.198994 0.000000 -9.830096 5.513904 -2.062239 1.000000
aniFrame
  m_time 1.000000
  m_vertexTransformMat -0.078327 -0.310468 0.947352 0.000000 0.855206 0.467433 0.223897 0.000000 -0.512336 0.827717 0.228902 0.000000 -9.878820 5.528864 -2.237294 1.000000
aniFrame
  m_time 1.039000
  m_vertexTransformMat -0.114696 -0.347765 0.930540 0.000000 0.868263 0.420030 0.263995 0.000000 -0.482663 0.838233 0.253776 0.000000 -9.996541 5.542667 -2.461256 1.000000
aniFrame
  m_time 1.078000
  m_vertexTransformMat -0.135091 -0.369591 0.919322 0.000000 0.871869 0.396464 0.287507 0.000000 -0.470738 0.840368 0.268677 0.000000 -10.209598 5.553082 -2.711791 1.000000
aniFrame
  m_time 1.117000
  m_vertexTransformMat -0.127673 -0.371196 0.919736 0.000000 0.862082 0.417000 0.287967 0.000000 -0.490422 0.829653 0.266761 0.000000 -10.626091 5.530536 -3.107639 1.000000
aniFrame
  m_time 1.156000
  m_vertexTransformMat -0.096335 -0.354441 0.930103 0.000000 0.838963 0.473908 0.267491 0.000000 -0.535593 0.806091 0.251709 0.000000 -11.134156 5.453806 -3.555553 1.000000
aniFrame
  m_time 1.195000
  m_vertexTransformMat -0.054369 -0.325323 0.944039 0.000000 0.806329 0.543348 0.233680 0.000000 -0.588963 0.773911 0.232776 0.000000 -11.499870 5.319636 -3.805743 1.000000
aniFrame
  m_time 1.234000
  m_vertexTransformMat -0.013246 -0.292064 0.956307 0.000000 0.772016 0.604820 0.195410 0.000000 -0.635466 0.740872 0.217467 0.000000 -11.650638 5.146300 -3.731126 1.000000
aniFrame
  m_time 1.273000
  m_vertexTransformMat 0.018687 -0.265449 0.963944 0.000000 0.748022 0.643426 0.162684 0.000000 -0.663411 0.718011 0.210586 0.000000 -11.677982 4.963698 -3.405346 1.000000
aniFrame
  m_time 1.312000
  m_vertexTransformMat 0.046241 -0.244841 0.968460 0.000000 0.733253 0.666712 0.133544 0.000000 -0.678381 0.703951 0.210360 0.000000 -11.634520 4.721733 -2.917120 1.000000
aniFrame
  m_time 1.351000
  m_vertexTransformMat 0.075589 -0.223917 0.971673 0.000000 0.719894 0.686518 0.102202 0.000000 -0.689955 0.691776 0.213090 0.000000 -11.547535 4.375052 -2.383827 1.000000
aniFrame
  m_time 1.390000
  m_vertexTransformMat 0.105098 -0.202658 0.973594 0.000000 0.707283 0.703449 0.070076 0.000000 -0.699075 0.681241 0.217268 0.000000 -11.418460 3.957083 -1.940155 1.000000
aniFrame
  m_time 1.429000
  m_vertexTransformMat 0.133866 -0.181202 0.974293 0.000000 0.695693 0.717343 0.037827 0.000000 -0.705756 0.672745 0.222089 0.000000 -11.245062 3.515527 -1.660684 1.000000
aniFrame
  m_time 1.468000
  m_vertexTransformMat 0.161493 -0.159496 0.973900 0.000000 0.684678 0.728822 0.005825 0.000000 -0.710729 0.665867 0.226903 0.000000 -11.019302 3.087560 -1.511922 1.000000
aniFrame
  m_time 1.507000
  m_vertexTransformMat 0.186908 -0.136679 0.972823 0.000000 0.672858 0.739336 -0.025402 0.000000 -0.715771 0.659320 0.230153 0.000000 -10.755653 2.711656 -1.474881 1.000000
aniFrame
  m_time 1.546000
  m_vertexTransformMat 0.208554 -0.112586 0.971509 0.000000 0.660312 0.748978 -0.054952 0.000000 -0.721452 0.652959 0.230544 0.000000 -10.481187 2.434605 -1.528471 1.000000
aniFrame
  m_time 1.585000
  m_vertexTransformMat 0.225107 -0.087283 0.970417 0.000000 0.646923 0.758146 -0.081876 0.000000 -0.728571 0.646216 0.227130 0.000000 -10.237720 2.293064 -1.638165 1.000000
aniFrame
  m_time 1.624000
  m_vertexTransformMat 0.235861 -0.054856 0.970237 0.000000 0.629511 0.769231 -0.109541 0.000000 -0.740328 0.636611 0.215964 0.000000 -10.009613 2.363786 -1.853728 1.000000
aniFrame
  m_time 1.663000
  m_vertexTransformMat 0.237732 -0.008147 0.971297 0.000000 0.605800 0.782895 -0.141708 0.000000 -0.759269 0.622100 0.191055 0.000000 -9.822090 2.729979 -2.269901 1.000000
aniFrame
  m_time 1.702000
  m_vertexTransformMat 0.230156 0.041453 0.972271 0.000000 0.582715 0.794309 -0.171806 0.000000 -0.779405 0.606098 0.158660 0.000000 -9.761643 3.285684 -2.724509 1.000000
aniFrame
  m_time 1.741000
  m_vertexTransformMat 0.215319 0.079435 0.973308 0.000000 0.568605 0.800108 -0.191089 0.000000 -0.793931 0.594573 0.127111 0.000000 -9.899783 3.894933 -3.002616 1.000000
aniFrame
  m_time 1.780000
  m_vertexTransformMat 0.199138 0.091357 0.975704 0.000000 0.570552 0.798687 -0.191230 0.000000 -0.796752 0.594771 0.106925 0.000000 -10.083028 4.422941 -3.022550 1.000000
aniFrame
  m_time 1.819000
  m_vertexTransformMat 0.180991 0.068968 0.981064 0.000000 0.596146 0.785694 -0.165213 0.000000 -0.782210 0.614759 0.101089 0.000000 -10.145340 4.810449 -2.868863 1.000000
aniFrame
  m_time 1.858000
  m_vertexTransformMat 0.157880 0.028554 0.987045 0.000000 0.631997 0.765111 -0.123223 0.000000 -0.758718 0.643265 0.102750 0.000000 -10.146137 5.038066 -2.626400 1.000000
aniFrame
  m_time 1.897000
  m_vertexTransformMat 0.130538 -0.022510 0.991188 0.000000 0.672717 0.736401 -0.071873 0.000000 -0.728294 0.676171 0.111271 0.000000 -10.108163 5.192388 -2.359734 1.000000
aniFrame
  m_time 1.936000
  m_vertexTransformMat 0.097604 -0.081119 0.991914 0.000000 0.715393 0.698596 -0.013263 0.000000 -0.691872 0.710903 0.126218 0.000000 -10.046395 5.295444 -2.136043 1.000000
aniFrame
  m_time 1.975000
  m_vertexTransformMat 0.059359 -0.143487 0.987871 0.000000 0.757059 0.651496 0.049139 0.000000 -0.650644 0.744959 0.147300 0.000000 -9.970193 5.361978 -2.016801 1.000000
aniFrame
  m_time 2.014000
  m_vertexTransformMat 0.016320 -0.206049 0.978406 0.000000 0.795131 0.595961 0.112245 0.000000 -0.606219 0.776128 0.173562 0.000000 -9.939482 5.404599 -2.053111 1.000000
aniFrame
  m_time 2.053000
  m_vertexTransformMat -0.030657 -0.265443 0.963639 0.000000 0.827594 0.533877 0.173390 0.000000 -0.560490 0.802817 0.203312 0.000000 -9.975735 5.437466 -2.210530 1.000000
aniFrame
  m_time 2.092000
  m_vertexTransformMat -0.080222 -0.318713 0.944450 0.000000 0.853111 0.468088 0.230424 0.000000 -0.515525 0.824206 0.234346 0.000000 -10.053569 5.476990 -2.423397 1.000000
aniFrame
  m_time 2.131000
  m_vertexTransformMat -0.129307 -0.363768 0.922471 0.000000 0.871395 0.402283 0.280784 0.000000 -0.473235 0.840143 0.264967 0.000000 -10.122491 5.532464 -2.610133 1.000000
aniFrame
  m_time 2.133000
  m_vertexTransformMat -0.131759 -0.365458 0.921455 0.000000 0.872190 0.399016 0.282969 0.000000 -0.471089 0.840967 0.266175 0.000000 -10.123677 5.546662 -2.621182 1.000000
