m_aniFrameList.size 202
aniFrame
  m_time -1.066000
  m_vertexTransformMat -0.131759 -0.365458 0.921455 0.000000 0.872190 0.399016 0.282969 0.000000 -0.471089 0.840967 0.266175 0.000000 -10.123676 5.546661 -2.621191 1.000000
aniFrame
  m_time -1.050000
  m_vertexTransformMat -0.119493 -0.359722 0.925377 0.000000 0.864621 0.420428 0.275081 0.000000 -0.488007 0.832970 0.260785 0.000000 -10.324240 5.506330 -2.779724 1.000000
aniFrame
  m_time -1.034000
  m_vertexTransformMat -0.107026 -0.352992 0.929485 0.000000 0.856475 0.442069 0.266505 0.000000 -0.504971 0.824604 0.255016 0.000000 -10.521099 5.478515 -2.944339 1.000000
aniFrame
  m_time -1.018000
  m_vertexTransformMat -0.094873 -0.346324 0.933306 0.000000 0.847245 0.464143 0.258355 0.000000 -0.522661 0.815250 0.249386 0.000000 -10.730860 5.446522 -3.130260 1.000000
aniFrame
  m_time -1.002000
  m_vertexTransformMat -0.082769 -0.339239 0.937052 0.000000 0.837241 0.486332 0.250018 0.000000 -0.540534 0.805232 0.243772 0.000000 -10.937819 5.416206 -3.319720 1.000000
aniFrame
  m_time -0.986000
  m_vertexTransformMat -0.070874 -0.331854 0.940665 0.000000 0.826702 0.508148 0.241555 0.000000 -0.558158 0.794769 0.238330 0.000000 -11.129374 5.383777 -3.493026 1.000000
aniFrame
  m_time -0.970000
  m_vertexTransformMat -0.059116 -0.324219 0.944133 0.000000 0.815713 0.529497 0.232906 0.000000 -0.575428 0.783910 0.233168 0.000000 -11.302164 5.347701 -3.645176 1.000000
aniFrame
  m_time -0.954000
  m_vertexTransformMat -0.047511 -0.316209 0.947499 0.000000 0.804621 0.549964 0.223886 0.000000 -0.591885 0.773014 0.228299 0.000000 -11.436554 5.309456 -3.751027 1.000000
aniFrame
  m_time -0.938000
  m_vertexTransformMat -0.036107 -0.308090 0.950672 0.000000 0.793495 0.569452 0.214683 0.000000 -0.607504 0.762105 0.223907 0.000000 -11.538247 5.264510 -3.812528 1.000000
aniFrame
  m_time -0.922000
  m_vertexTransformMat -0.024793 -0.299615 0.953739 0.000000 0.782768 0.587600 0.204942 0.000000 -0.621820 0.751637 0.219960 0.000000 -11.606146 5.216907 -3.816930 1.000000
aniFrame
  m_time -0.906000
  m_vertexTransformMat -0.013685 -0.291135 0.956584 0.000000 0.772508 0.604330 0.194978 0.000000 -0.634857 0.741638 0.216634 0.000000 -11.644012 5.161649 -3.767382 1.000000
aniFrame
  m_time -0.890000
  m_vertexTransformMat -0.002651 -0.282432 0.959284 0.000000 0.763268 0.619204 0.184415 0.000000 -0.646077 0.732679 0.213930 0.000000 -11.667723 5.102710 -3.678622 1.000000
aniFrame
  m_time -0.874000
  m_vertexTransformMat 0.008258 -0.273772 0.961759 0.000000 0.755089 0.632251 0.173492 0.000000 -0.655571 0.724781 0.211943 0.000000 -11.676450 5.037524 -3.548819 1.000000
aniFrame
  m_time -0.858000
  m_vertexTransformMat 0.019302 -0.265088 0.964031 0.000000 0.747751 0.643892 0.162085 0.000000 -0.663699 0.717727 0.210649 0.000000 -11.675127 4.960058 -3.389746 1.000000
aniFrame
  m_time -0.842000
  m_vertexTransformMat 0.030579 -0.256474 0.966067 0.000000 0.741409 0.654035 0.150167 0.000000 -0.670356 0.711659 0.210152 0.000000 -11.662269 4.872056 -3.198904 1.000000
aniFrame
  m_time -0.826000
  m_vertexTransformMat 0.041999 -0.247872 0.967882 0.000000 0.735303 0.663535 0.138023 0.000000 -0.676435 0.705890 0.210129 0.000000 -11.643806 4.764037 -2.995026 1.000000
aniFrame
  m_time -0.810000
  m_vertexTransformMat 0.053973 -0.239309 0.969443 0.000000 0.729601 0.672290 0.125336 0.000000 -0.681740 0.700541 0.210885 0.000000 -11.616331 4.638684 -2.773029 1.000000
aniFrame
  m_time -0.794000
  m_vertexTransformMat 0.065674 -0.230717 0.970803 0.000000 0.723962 0.680561 0.112764 0.000000 -0.686707 0.695418 0.211725 0.000000 -11.584285 4.495678 -2.558167 1.000000
aniFrame
  m_time -0.778000
  m_vertexTransformMat 0.078173 -0.222126 0.971879 0.000000 0.718841 0.688027 0.099431 0.000000 -0.690765 0.690854 0.213458 0.000000 -11.537260 4.341956 -2.339373 1.000000
aniFrame
  m_time -0.762000
  m_vertexTransformMat 0.089724 -0.213506 0.972813 0.000000 0.713515 0.695245 0.086779 0.000000 -0.694871 0.686331 0.214720 0.000000 -11.491819 4.172380 -2.150316 1.000000
aniFrame
  m_time -0.746000
  m_vertexTransformMat 0.102228 -0.204646 0.973483 0.000000 0.708337 0.702068 0.073205 0.000000 -0.698432 0.682071 0.216729 0.000000 -11.433612 3.997183 -1.976934 1.000000
aniFrame
  m_time -0.730000
  m_vertexTransformMat 0.113872 -0.196216 0.973927 0.000000 0.703964 0.707674 0.060267 0.000000 -0.701047 0.678747 0.218714 0.000000 -11.369244 3.819817 -1.834615 1.000000
aniFrame
  m_time -0.714000
  m_vertexTransformMat 0.125532 -0.187061 0.974295 0.000000 0.698623 0.713941 0.047061 0.000000 -0.704392 0.674757 0.220307 0.000000 -11.301899 3.635219 -1.726998 1.000000
aniFrame
  m_time -0.698000
  m_vertexTransformMat 0.137645 -0.178580 0.974250 0.000000 0.694660 0.718555 0.033567 0.000000 -0.706046 0.672152 0.222958 0.000000 -11.215752 3.457166 -1.632028 1.000000
aniFrame
  m_time -0.682000
  m_vertexTransformMat 0.148183 -0.169645 0.974301 0.000000 0.690422 0.723105 0.020899 0.000000 -0.708068 0.669581 0.224278 0.000000 -11.131158 3.286522 -1.572155 1.000000
aniFrame
  m_time -0.666000
  m_vertexTransformMat 0.160234 -0.160374 0.973964 0.000000 0.685151 0.728365 0.007214 0.000000 -0.710559 0.666156 0.226589 0.000000 -11.030417 3.106560 -1.517262 1.000000
aniFrame
  m_time -0.650000
  m_vertexTransformMat 0.170742 -0.151371 0.973619 0.000000 0.680541 0.732690 -0.005432 0.000000 -0.712539 0.663515 0.228115 0.000000 -10.935027 2.939495 -1.490562 1.000000
aniFrame
  m_time -0.634000
  m_vertexTransformMat 0.180961 -0.141668 0.973234 0.000000 0.675586 0.737054 -0.018329 0.000000 -0.714729 0.660820 0.229087 0.000000 -10.823505 2.793162 -1.480886 1.000000
aniFrame
  m_time -0.618000
  m_vertexTransformMat 0.191072 -0.132391 0.972607 0.000000 0.670602 0.741176 -0.030854 0.000000 -0.716788 0.658127 0.230400 0.000000 -10.709073 2.647704 -1.481114 1.000000
aniFrame
  m_time -0.602000
  m_vertexTransformMat 0.199612 -0.122304 0.972212 0.000000 0.665556 0.745113 -0.042915 0.000000 -0.719159 0.655628 0.230134 0.000000 -10.604101 2.535581 -1.506388 1.000000
aniFrame
  m_time -0.586000
  m_vertexTransformMat 0.208718 -0.112383 0.971497 0.000000 0.660201 0.749059 -0.055187 0.000000 -0.721506 0.652902 0.230537 0.000000 -10.478952 2.432535 -1.529257 1.000000
aniFrame
  m_time -0.570000
  m_vertexTransformMat 0.215742 -0.102062 0.971102 0.000000 0.654822 0.752864 -0.066351 0.000000 -0.724336 0.650214 0.229257 0.000000 -10.381666 2.356534 -1.576234 1.000000
aniFrame
  m_time -0.554000
  m_vertexTransformMat 0.222548 -0.091430 0.970625 0.000000 0.649260 0.756598 -0.077595 0.000000 -0.727278 0.647456 0.227741 0.000000 -10.278375 2.311958 -1.619440 1.000000
aniFrame
  m_time -0.538000
  m_vertexTransformMat 0.228323 -0.080946 0.970215 0.000000 0.643417 0.760444 -0.087973 0.000000 -0.730673 0.644339 0.225709 0.000000 -10.182982 2.279536 -1.671861 1.000000
aniFrame
  m_time -0.522000
  m_vertexTransformMat 0.232908 -0.067535 0.970151 0.000000 0.636366 0.764940 -0.099525 0.000000 -0.735386 0.640551 0.221138 0.000000 -10.088799 2.310253 -1.758035 1.000000
aniFrame
  m_time -0.506000
  m_vertexTransformMat 0.236230 -0.052511 0.970277 0.000000 0.628273 0.769992 -0.111292 0.000000 -0.741261 0.635889 0.214887 0.000000 -9.996943 2.376663 -1.872660 1.000000
aniFrame
  m_time -0.490000
  m_vertexTransformMat 0.237817 -0.034444 0.970699 0.000000 0.619079 0.775452 -0.124156 0.000000 -0.748454 0.630466 0.205739 0.000000 -9.915167 2.502787 -2.026861 1.000000
aniFrame
  m_time -0.474000
  m_vertexTransformMat 0.238130 -0.014161 0.971130 0.000000 0.608748 0.781291 -0.137878 0.000000 -0.756783 0.624006 0.194670 0.000000 -9.838751 2.673263 -2.213042 1.000000
aniFrame
  m_time -0.458000
  m_vertexTransformMat 0.236330 0.006564 0.971651 0.000000 0.598797 0.786546 -0.150956 0.000000 -0.765238 0.617497 0.181954 0.000000 -9.790005 2.879234 -2.406267 1.000000
aniFrame
  m_time -0.442000
  m_vertexTransformMat 0.234099 0.027479 0.971825 0.000000 0.588760 0.791454 -0.164203 0.000000 -0.773667 0.610611 0.169100 0.000000 -9.754704 3.108540 -2.593614 1.000000
aniFrame
  m_time -0.426000
  m_vertexTransformMat 0.228668 0.046457 0.972396 0.000000 0.580711 0.795178 -0.174550 0.000000 -0.781336 0.604594 0.154854 0.000000 -9.769259 3.354385 -2.767079 1.000000
aniFrame
  m_time -0.410000
  m_vertexTransformMat 0.224015 0.063902 0.972489 0.000000 0.573741 0.797964 -0.184596 0.000000 -0.787807 0.599308 0.142093 0.000000 -9.809479 3.610465 -2.891275 1.000000
aniFrame
  m_time -0.394000
  m_vertexTransformMat 0.216858 0.077509 0.973122 0.000000 0.568955 0.799997 -0.190510 0.000000 -0.793261 0.594976 0.129387 0.000000 -9.883526 3.852956 -2.988414 1.000000
aniFrame
  m_time -0.378000
  m_vertexTransformMat 0.208943 0.087517 0.974004 0.000000 0.567925 0.799961 -0.193710 0.000000 -0.796118 0.593635 0.117444 0.000000 -9.976408 4.104310 -3.042398 1.000000
aniFrame
  m_time -0.362000
  m_vertexTransformMat 0.204044 0.091866 0.974642 0.000000 0.567998 0.799767 -0.194295 0.000000 -0.797336 0.593239 0.111008 0.000000 -10.042774 4.309345 -3.029609 1.000000
aniFrame
  m_time -0.346000
  m_vertexTransformMat 0.195610 0.090173 0.976527 0.000000 0.573402 0.797298 -0.188482 0.000000 -0.795580 0.596811 0.104254 0.000000 -10.106128 4.499837 -3.015727 1.000000
aniFrame
  m_time -0.330000
  m_vertexTransformMat 0.189070 0.082407 0.978500 0.000000 0.583488 0.792048 -0.179448 0.000000 -0.789806 0.604871 0.101669 0.000000 -10.130051 4.677335 -2.956479 1.000000
aniFrame
  m_time -0.314000
  m_vertexTransformMat 0.180887 0.068339 0.981127 0.000000 0.596661 0.785408 -0.164711 0.000000 -0.781841 0.615194 0.101295 0.000000 -10.142694 4.808943 -2.871552 1.000000
aniFrame
  m_time -0.298000
  m_vertexTransformMat 0.170803 0.052157 0.983924 0.000000 0.612376 0.776689 -0.147476 0.000000 -0.771895 0.627721 0.100722 0.000000 -10.148679 4.926959 -2.785319 1.000000
aniFrame
  m_time -0.282000
  m_vertexTransformMat 0.160440 0.032164 0.986522 0.000000 0.630046 0.766029 -0.127441 0.000000 -0.759803 0.642001 0.102637 0.000000 -10.136856 5.024523 -2.677041 1.000000
aniFrame
  m_time -0.266000
  m_vertexTransformMat 0.147675 0.009689 0.988989 0.000000 0.649242 0.753393 -0.104325 0.000000 -0.746108 0.657499 0.104967 0.000000 -10.124189 5.107773 -2.570290 1.000000
aniFrame
  m_time -0.250000
  m_vertexTransformMat 0.134640 -0.014521 0.990789 0.000000 0.669449 0.738522 -0.080149 0.000000 -0.730555 0.674073 0.109156 0.000000 -10.099968 5.186817 -2.458121 1.000000
aniFrame
  m_time -0.234000
  m_vertexTransformMat 0.119483 -0.041123 0.991984 0.000000 0.690247 0.721613 -0.053224 0.000000 -0.713640 0.691074 0.114606 0.000000 -10.075180 5.251416 -2.350266 1.000000
aniFrame
  m_time -0.218000
  m_vertexTransformMat 0.103142 -0.068369 0.992314 0.000000 0.711113 0.702615 -0.025505 0.000000 -0.695471 0.708278 0.121087 0.000000 -10.045624 5.311254 -2.251606 1.000000
aniFrame
  m_time -0.202000
  m_vertexTransformMat 0.086182 -0.096666 0.991579 0.000000 0.731727 0.681592 0.002849 0.000000 -0.676128 0.725319 0.129474 0.000000 -10.007791 5.360348 -2.158626 1.000000
aniFrame
  m_time -0.186000
  m_vertexTransformMat 0.067707 -0.124982 0.989846 0.000000 0.751569 0.658888 0.031785 0.000000 -0.656170 0.741786 0.138544 0.000000 -9.968778 5.403080 -2.086035 1.000000
aniFrame
  m_time -0.170000
  m_vertexTransformMat 0.048716 -0.153335 0.986973 0.000000 0.770506 0.634550 0.060552 0.000000 -0.635568 0.757519 0.149058 0.000000 -9.926358 5.438959 -2.029509 1.000000
aniFrame
  m_time -0.154000
  m_vertexTransformMat 0.029029 -0.181258 0.983007 0.000000 0.788032 0.609159 0.089053 0.000000 -0.614949 0.772056 0.160520 0.000000 -9.887349 5.461197 -1.998839 1.000000
aniFrame
  m_time -0.138000
  m_vertexTransformMat 0.008825 -0.207971 0.978096 0.000000 0.804176 0.582829 0.116670 0.000000 -0.594327 0.785531 0.172389 0.000000 -9.858499 5.488974 -1.997933 1.000000
aniFrame
  m_time -0.122000
  m_vertexTransformMat -0.011103 -0.234053 0.972161 0.000000 0.818562 0.556264 0.143272 0.000000 -0.574311 0.797365 0.185410 0.000000 -9.835040 5.493304 -2.012359 1.000000
aniFrame
  m_time -0.106000
  m_vertexTransformMat -0.031062 -0.257947 0.965660 0.000000 0.831295 0.529756 0.168249 0.000000 -0.554963 0.807974 0.197974 0.000000 -9.828872 5.512634 -2.057233 1.000000
aniFrame
  m_time -0.090000
  m_vertexTransformMat -0.050833 -0.280565 0.958488 0.000000 0.842054 0.503994 0.192186 0.000000 -0.536993 0.816868 0.210631 0.000000 -9.845305 5.513699 -2.118772 1.000000
aniFrame
  m_time -0.074000
  m_vertexTransformMat -0.068883 -0.300963 0.951145 0.000000 0.851258 0.479419 0.213348 0.000000 -0.520207 0.824366 0.223174 0.000000 -9.855240 5.520787 -2.189448 1.000000
aniFrame
  m_time -0.058000
  m_vertexTransformMat -0.086736 -0.319002 0.943777 0.000000 0.858412 0.456836 0.233303 0.000000 -0.505575 0.830385 0.234211 0.000000 -9.905287 5.528660 -2.282380 1.000000
aniFrame
  m_time -0.042000
  m_vertexTransformMat -0.101923 -0.335318 0.936576 0.000000 0.864215 0.436439 0.250305 0.000000 -0.492690 0.834915 0.245303 0.000000 -9.943874 5.525322 -2.370137 1.000000
aniFrame
  m_time -0.026000
  m_vertexTransformMat -0.115228 -0.348282 0.930281 0.000000 0.868416 0.419356 0.264565 0.000000 -0.482262 0.838356 0.254132 0.000000 -9.999156 5.543065 -2.465030 1.000000
aniFrame
  m_time -0.010000
  m_vertexTransformMat -0.126529 -0.359838 0.924396 0.000000 0.871384 0.404976 0.276918 0.000000 -0.474004 0.840542 0.262316 0.000000 -10.064946 5.542422 -2.552130 1.000000
aniFrame
  m_time 0.005000
  m_vertexTransformMat -0.133559 -0.367493 0.920386 0.000000 0.872167 0.397438 0.285251 0.000000 -0.470624 0.840828 0.267434 0.000000 -10.160707 5.551378 -2.661717 1.000000
aniFrame
  m_time 0.021000
  m_vertexTransformMat -0.136077 -0.372005 0.918203 0.000000 0.870808 0.397043 0.289913 0.000000 -0.472415 0.839029 0.269916 0.000000 -10.293935 5.549954 -2.793540 1.000000
aniFrame
  m_time 0.037000
  m_vertexTransformMat -0.133749 -0.373128 0.918089 0.000000 0.867185 0.404352 0.290669 0.000000 -0.479688 0.835030 0.269489 0.000000 -10.458692 5.543806 -2.950528 1.000000
aniFrame
  m_time 0.053000
  m_vertexTransformMat -0.126089 -0.370550 0.920214 0.000000 0.860865 0.420089 0.287117 0.000000 -0.492963 0.828383 0.266025 0.000000 -10.661425 5.526683 -3.140292 1.000000
aniFrame
  m_time 0.069000
  m_vertexTransformMat -0.114903 -0.365162 0.923826 0.000000 0.852566 0.441046 0.280373 0.000000 -0.509831 0.819839 0.260647 0.000000 -10.870011 5.501909 -3.328968 1.000000
aniFrame
  m_time 0.085000
  m_vertexTransformMat -0.100618 -0.357054 0.928649 0.000000 0.842126 0.466477 0.270598 0.000000 -0.529812 0.809266 0.253748 0.000000 -11.079483 5.465801 -3.510114 1.000000
aniFrame
  m_time 0.101000
  m_vertexTransformMat -0.084470 -0.346796 0.934130 0.000000 0.830069 0.494126 0.258505 0.000000 -0.551226 0.797228 0.246126 0.000000 -11.266449 5.420226 -3.659755 1.000000
aniFrame
  m_time 0.117000
  m_vertexTransformMat -0.067039 -0.334700 0.939937 0.000000 0.816520 0.523000 0.244471 0.000000 -0.573412 0.783866 0.238228 0.000000 -11.415270 5.364761 -3.762521 1.000000
aniFrame
  m_time 0.133000
  m_vertexTransformMat -0.049278 -0.321412 0.945657 0.000000 0.802180 0.551342 0.229193 0.000000 -0.595046 0.769880 0.230661 0.000000 -11.529131 5.300898 -3.814866 1.000000
aniFrame
  m_time 0.149000
  m_vertexTransformMat -0.031874 -0.307576 0.950990 0.000000 0.787680 0.577971 0.213332 0.000000 -0.615260 0.755875 0.223849 0.000000 -11.601995 5.231157 -3.804114 1.000000
aniFrame
  m_time 0.165000
  m_vertexTransformMat -0.015448 -0.293929 0.955703 0.000000 0.773835 0.601780 0.197587 0.000000 -0.633199 0.742608 0.218156 0.000000 -11.645485 5.156838 -3.742960 1.000000
aniFrame
  m_time 0.181000
  m_vertexTransformMat -0.001160 -0.281838 0.959461 0.000000 0.762318 0.620717 0.183255 0.000000 -0.647202 0.731627 0.214130 0.000000 -11.671048 5.085845 -3.640929 1.000000
aniFrame
  m_time 0.197000
  m_vertexTransformMat 0.011691 -0.271118 0.962475 0.000000 0.752732 0.635997 0.170010 0.000000 -0.658224 0.722498 0.211515 0.000000 -11.679022 5.011055 -3.500436 1.000000
aniFrame
  m_time 0.213000
  m_vertexTransformMat 0.023399 -0.261801 0.964838 0.000000 0.745226 0.647890 0.157727 0.000000 -0.666402 0.715332 0.210261 0.000000 -11.673699 4.929646 -3.329423 1.000000
aniFrame
  m_time 0.229000
  m_vertexTransformMat 0.034372 -0.253570 0.966706 0.000000 0.739338 0.657288 0.146121 0.000000 -0.672457 0.709700 0.210066 0.000000 -11.656961 4.838283 -3.132211 1.000000
aniFrame
  m_time 0.245000
  m_vertexTransformMat 0.045991 -0.245020 0.968427 0.000000 0.733373 0.666528 0.133809 0.000000 -0.678269 0.704064 0.210345 0.000000 -11.635081 4.724285 -2.921750 1.000000
aniFrame
  m_time 0.261000
  m_vertexTransformMat 0.057903 -0.236449 0.969917 0.000000 0.727720 0.675093 0.121132 0.000000 -0.683426 0.698814 0.211159 0.000000 -11.606209 4.592933 -2.699829 1.000000
aniFrame
  m_time 0.277000
  m_vertexTransformMat 0.069816 -0.227855 0.971189 0.000000 0.722217 0.683127 0.108353 0.000000 -0.688134 0.693845 0.212253 0.000000 -11.569721 4.445713 -2.484653 1.000000
aniFrame
  m_time 0.293000
  m_vertexTransformMat 0.082182 -0.219259 0.972199 0.000000 0.717128 0.690424 0.095090 0.000000 -0.692079 0.689377 0.213978 0.000000 -11.521252 4.287456 -2.271450 1.000000
aniFrame
  m_time 0.309000
  m_vertexTransformMat 0.093761 -0.210555 0.973075 0.000000 0.711705 0.697632 0.082378 0.000000 -0.696193 0.684819 0.215264 0.000000 -11.474522 4.113887 -2.091444 1.000000
aniFrame
  m_time 0.325000
  m_vertexTransformMat 0.106374 -0.201766 0.973640 0.000000 0.706821 0.704051 0.068676 0.000000 -0.699349 0.680884 0.217505 0.000000 -11.411533 3.938820 -1.924102 1.000000
aniFrame
  m_time 0.341000
  m_vertexTransformMat 0.117536 -0.193254 0.974083 0.000000 0.702248 0.709720 0.056070 0.000000 -0.702163 0.677458 0.219131 0.000000 -11.348911 3.758356 -1.797291 1.000000
aniFrame
  m_time 0.357000
  m_vertexTransformMat 0.129744 -0.184046 0.974317 0.000000 0.697022 0.715795 0.042394 0.000000 -0.705214 0.673621 0.221154 0.000000 -11.274347 3.574836 -1.692956 1.000000
aniFrame
  m_time 0.373000
  m_vertexTransformMat 0.141126 -0.175812 0.974256 0.000000 0.693517 0.719839 0.029441 0.000000 -0.706483 0.671507 0.223516 0.000000 -11.187801 3.400369 -1.609049 1.000000
aniFrame
  m_time 0.389000
  m_vertexTransformMat 0.152025 -0.166441 0.974262 0.000000 0.688615 0.724942 0.016395 0.000000 -0.709012 0.668398 0.224823 0.000000 -11.100004 3.227762 -1.554371 1.000000
aniFrame
  m_time 0.405000
  m_vertexTransformMat 0.164081 -0.157516 0.973790 0.000000 0.683639 0.729814 0.002860 0.000000 -0.711136 0.665252 0.227433 0.000000 -10.996478 3.047114 -1.502788 1.000000
aniFrame
  m_time 0.421000
  m_vertexTransformMat 0.173942 -0.148135 0.973551 0.000000 0.678928 0.734142 -0.009596 0.000000 -0.713303 0.662640 0.228271 0.000000 -10.902310 2.890080 -1.488325 1.000000
aniFrame
  m_time 0.437000
  m_vertexTransformMat 0.184777 -0.138586 0.972960 0.000000 0.673895 0.738476 -0.022794 0.000000 -0.715348 0.659885 0.229846 0.000000 -10.779624 2.742733 -1.475240 1.000000
aniFrame
  m_time 0.453000
  m_vertexTransformMat 0.193852 -0.129133 0.972495 0.000000 0.668957 0.742488 -0.034755 0.000000 -0.717578 0.657294 0.230317 0.000000 -10.676979 2.606400 -1.489494 1.000000
aniFrame
  m_time 0.469000
  m_vertexTransformMat 0.202896 -0.118891 0.971956 0.000000 0.663762 0.746450 -0.047254 0.000000 -0.719898 0.654735 0.230367 0.000000 -10.558990 2.502080 -1.511075 1.000000
aniFrame
  m_time 0.485000
  m_vertexTransformMat 0.211201 -0.109086 0.971337 0.000000 0.658429 0.750335 -0.058898 0.000000 -0.722403 0.651995 0.230297 0.000000 -10.445061 2.401668 -1.543296 1.000000
aniFrame
  m_time 0.501000
  m_vertexTransformMat 0.218061 -0.098321 0.970970 0.000000 0.652949 0.754135 -0.070276 0.000000 -0.725333 0.649318 0.228646 0.000000 -10.347196 2.342891 -1.591818 1.000000
aniFrame
  m_time 0.517000
  m_vertexTransformMat 0.224612 -0.088124 0.970456 0.000000 0.647398 0.757833 -0.081024 0.000000 -0.728302 0.646470 0.227270 0.000000 -10.245721 2.296475 -1.634165 1.000000
aniFrame
  m_time 0.533000
  m_vertexTransformMat 0.229956 -0.076719 0.970173 0.000000 0.641208 0.761864 -0.091736 0.000000 -0.732101 0.643178 0.224388 0.000000 -10.152081 2.284403 -1.697254 1.000000
aniFrame
  m_time 0.549000
  m_vertexTransformMat 0.234202 -0.062761 0.970160 0.000000 0.633774 0.766575 -0.103405 0.000000 -0.737211 0.639080 0.219309 0.000000 -10.057178 2.327470 -1.792573 1.000000
aniFrame
  m_time 0.565000
  m_vertexTransformMat 0.236893 -0.046880 0.970404 0.000000 0.625375 0.771746 -0.115382 0.000000 -0.743497 0.634200 0.212139 0.000000 -9.969411 2.411781 -1.919296 1.000000
aniFrame
  m_time 0.581000
  m_vertexTransformMat 0.238147 -0.027816 0.970831 0.000000 0.615675 0.777411 -0.128752 0.000000 -0.751153 0.628378 0.202264 0.000000 -9.887618 2.555322 -2.086474 1.000000
aniFrame
  m_time 0.597000
  m_vertexTransformMat 0.237653 -0.007290 0.971323 0.000000 0.605389 0.783117 -0.142242 0.000000 -0.759622 0.621832 0.190523 0.000000 -9.820020 2.738327 -2.278027 1.000000
aniFrame
  m_time 0.613000
  m_vertexTransformMat 0.235814 0.013632 0.971703 0.000000 0.595373 0.788249 -0.155544 0.000000 -0.768064 0.615205 0.177765 0.000000 -9.774860 2.953709 -2.469181 1.000000
aniFrame
  m_time 0.629000
  m_vertexTransformMat 0.232589 0.034054 0.971979 0.000000 0.585790 0.792869 -0.167955 0.000000 -0.776372 0.608440 0.164464 0.000000 -9.753487 3.188441 -2.654662 1.000000
aniFrame
  m_time 0.645000
  m_vertexTransformMat 0.227092 0.052531 0.972456 0.000000 0.578289 0.796165 -0.178053 0.000000 -0.783588 0.602795 0.150425 0.000000 -9.780030 3.440251 -2.813489 1.000000
aniFrame
  m_time 0.661000
  m_vertexTransformMat 0.222142 0.068961 0.972573 0.000000 0.571737 0.798788 -0.187228 0.000000 -0.789791 0.597647 0.138017 0.000000 -9.829492 3.692541 -2.925000 1.000000
aniFrame
  m_time 0.677000
  m_vertexTransformMat 0.213820 0.081277 0.973486 0.000000 0.568356 0.800153 -0.191641 0.000000 -0.794514 0.594264 0.124894 0.000000 -9.916196 3.937410 -3.015101 1.000000
aniFrame
  m_time 0.693000
  m_vertexTransformMat 0.207248 0.089739 0.974164 0.000000 0.567835 0.799837 -0.194484 0.000000 -0.796625 0.593471 0.114808 0.000000 -10.001107 4.180480 -3.042482 1.000000
aniFrame
  m_time 0.709000
  m_vertexTransformMat 0.201504 0.091943 0.975163 0.000000 0.569004 0.799379 -0.192946 0.000000 -0.797265 0.593751 0.108762 0.000000 -10.065542 4.371223 -3.025845 1.000000
aniFrame
  m_time 0.725000
  m_vertexTransformMat 0.192938 0.088286 0.977231 0.000000 0.576520 0.795698 -0.185710 0.000000 -0.793977 0.599224 0.102622 0.000000 -10.119641 4.563904 -3.003650 1.000000
aniFrame
  m_time 0.741000
  m_vertexTransformMat 0.186914 0.078240 0.979256 0.000000 0.587465 0.790045 -0.175254 0.000000 -0.787368 0.608036 0.101707 0.000000 -10.133069 4.724645 -2.927284 1.000000
aniFrame
  m_time 0.757000
  m_vertexTransformMat 0.177355 0.063036 0.982126 0.000000 0.601718 0.782743 -0.158898 0.000000 -0.778769 0.619144 0.100894 0.000000 -10.147635 4.848595 -2.844820 1.000000
aniFrame
  m_time 0.773000
  m_vertexTransformMat 0.167713 0.046063 0.984759 0.000000 0.618019 0.773337 -0.141427 0.000000 -0.768066 0.632319 0.101231 0.000000 -10.144722 4.962843 -2.750219 1.000000
aniFrame
  m_time 0.789000
  m_vertexTransformMat 0.156289 0.024727 0.987402 0.000000 0.636338 0.762051 -0.119805 0.000000 -0.755413 0.647045 0.103365 0.000000 -10.133363 5.052462 -2.640930 1.000000
aniFrame
  m_time 0.805000
  m_vertexTransformMat 0.143492 0.002028 0.989650 0.000000 0.655845 0.748686 -0.096628 0.000000 -0.741133 0.662921 0.106101 0.000000 -10.116811 5.135655 -2.533854 1.000000
aniFrame
  m_time 0.821000
  m_vertexTransformMat 0.129846 -0.023261 0.991261 0.000000 0.676369 0.733094 -0.071395 0.000000 -0.725027 0.679729 0.110922 0.000000 -10.091488 5.209815 -2.420653 1.000000
aniFrame
  m_time 0.837000
  m_vertexTransformMat 0.114041 -0.050071 0.992214 0.000000 0.697169 0.715554 -0.044020 0.000000 -0.707778 0.696760 0.116510 0.000000 -10.066700 5.271195 -2.317571 1.000000
aniFrame
  m_time 0.853000
  m_vertexTransformMat 0.097628 -0.077717 0.992184 0.000000 0.718062 0.695792 -0.016154 0.000000 -0.689098 0.714026 0.123734 0.000000 -10.033439 5.329713 -2.219104 1.000000
aniFrame
  m_time 0.869000
  m_vertexTransformMat 0.080111 -0.106154 0.991118 0.000000 0.738391 0.674257 0.012534 0.000000 -0.669598 0.730828 0.132398 0.000000 -9.995317 5.372787 -2.132438 1.000000
aniFrame
  m_time 0.885000
  m_vertexTransformMat 0.061430 -0.134399 0.989021 0.000000 0.758026 0.650911 0.041370 0.000000 -0.649324 0.747163 0.141863 0.000000 -9.954760 5.417840 -2.065357 1.000000
aniFrame
  m_time 0.901000
  m_vertexTransformMat 0.042243 -0.162834 0.985749 0.000000 0.776472 0.626232 0.070171 0.000000 -0.628734 0.762442 0.152890 0.000000 -9.912597 5.443654 -2.015085 1.000000
aniFrame
  m_time 0.917000
  m_vertexTransformMat 0.022322 -0.190229 0.981486 0.000000 0.793600 0.600443 0.098328 0.000000 -0.608031 0.776712 0.164368 0.000000 -9.876432 5.472451 -1.996200 1.000000
aniFrame
  m_time 0.933000
  m_vertexTransformMat 0.002103 -0.216833 0.976207 0.000000 0.809141 0.574001 0.125753 0.000000 -0.587611 0.789624 0.176655 0.000000 -9.851042 5.490346 -2.000597 1.000000
aniFrame
  m_time 0.949000
  m_vertexTransformMat -0.017691 -0.242249 0.970053 0.000000 0.823020 0.547379 0.151705 0.000000 -0.567737 0.801057 0.189692 0.000000 -9.829123 5.499032 -2.023699 1.000000
aniFrame
  m_time 0.965000
  m_vertexTransformMat -0.037839 -0.265575 0.963347 0.000000 0.835069 0.521080 0.176451 0.000000 -0.548842 0.811138 0.202057 0.000000 -9.835321 5.516214 -2.077873 1.000000
aniFrame
  m_time 0.981000
  m_vertexTransformMat -0.056937 -0.287710 0.956024 0.000000 0.845322 0.495613 0.199496 0.000000 -0.531215 0.819506 0.214988 0.000000 -9.846384 5.513545 -2.139805 1.000000
aniFrame
  m_time 0.997000
  m_vertexTransformMat -0.074897 -0.307110 0.948723 0.000000 0.853863 0.471675 0.220094 0.000000 -0.515082 0.826563 0.226903 0.000000 -9.868052 5.526352 -2.219158 1.000000
aniFrame
  m_time 1.013000
  m_vertexTransformMat -0.092131 -0.324770 0.941295 0.000000 0.860492 0.449719 0.239387 0.000000 -0.501064 0.832032 0.238029 0.000000 -9.919641 5.525903 -2.311899 1.000000
aniFrame
  m_time 1.029000
  m_vertexTransformMat -0.106462 -0.339952 0.934397 0.000000 0.865802 0.430397 0.255234 0.000000 -0.488929 0.836176 0.248511 0.000000 -9.958319 5.530080 -2.400830 1.000000
aniFrame
  m_time 1.045000
  m_vertexTransformMat -0.119342 -0.352362 0.928223 0.000000 0.869570 0.414110 0.269000 0.000000 -0.479172 0.839258 0.256983 0.000000 -10.020018 5.544399 -2.494215 1.000000
aniFrame
  m_time 1.061000
  m_vertexTransformMat -0.129428 -0.362953 0.922775 0.000000 0.871940 0.401495 0.280218 0.000000 -0.472195 0.840872 0.264509 0.000000 -10.091770 5.542770 -2.584323 1.000000
aniFrame
  m_time 1.077000
  m_vertexTransformMat -0.134894 -0.369285 0.919474 0.000000 0.871936 0.396550 0.287185 0.000000 -0.470670 0.840462 0.268500 0.000000 -10.201533 5.553061 -2.703726 1.000000
aniFrame
  m_time 1.093000
  m_vertexTransformMat -0.135877 -0.372834 0.917896 0.000000 0.869880 0.398538 0.290648 0.000000 -0.474179 0.837951 0.270169 0.000000 -10.345274 5.547112 -2.842260 1.000000
aniFrame
  m_time 1.109000
  m_vertexTransformMat -0.131733 -0.372629 0.918583 0.000000 0.865359 0.408777 0.289923 0.000000 -0.483529 0.833096 0.268609 0.000000 -10.522953 5.540012 -3.011336 1.000000
aniFrame
  m_time 1.125000
  m_vertexTransformMat -0.122641 -0.369029 0.921291 0.000000 0.858272 0.426675 0.285160 0.000000 -0.498324 0.825691 0.264399 0.000000 -10.732286 5.518429 -3.205226 1.000000
aniFrame
  m_time 1.141000
  m_vertexTransformMat -0.110490 -0.362764 0.925308 0.000000 0.849345 0.449031 0.277460 0.000000 -0.516145 0.816562 0.258498 0.000000 -10.939600 5.491757 -3.390157 1.000000
aniFrame
  m_time 1.157000
  m_vertexTransformMat -0.095332 -0.353818 0.930443 0.000000 0.838219 0.475638 0.266753 0.000000 -0.536936 0.805346 0.251234 0.000000 -11.146446 5.450964 -3.565616 1.000000
aniFrame
  m_time 1.173000
  m_vertexTransformMat -0.078828 -0.342981 0.936029 0.000000 0.825752 0.503574 0.254061 0.000000 -0.558498 0.792955 0.243521 0.000000 -11.319536 5.403407 -3.698602 1.000000
aniFrame
  m_time 1.189000
  m_vertexTransformMat -0.061051 -0.330331 0.941889 0.000000 0.811733 0.532691 0.239435 0.000000 -0.580829 0.779180 0.235619 0.000000 -11.457401 5.343782 -3.786360 1.000000
aniFrame
  m_time 1.205000
  m_vertexTransformMat -0.043490 -0.316884 0.947467 0.000000 0.797415 0.560315 0.224002 0.000000 -0.601862 0.765266 0.228320 0.000000 -11.557985 5.278849 -3.818255 1.000000
aniFrame
  m_time 1.221000
  m_vertexTransformMat -0.026194 -0.302918 0.952657 0.000000 0.782873 0.586390 0.207981 0.000000 -0.621630 0.751257 0.221786 0.000000 -11.618699 5.206320 -3.788220 1.000000
aniFrame
  m_time 1.237000
  m_vertexTransformMat -0.010481 -0.289721 0.957054 0.000000 0.769752 0.608575 0.192659 0.000000 -0.638257 0.738714 0.216635 0.000000 -11.656534 5.132931 -3.714338 1.000000
aniFrame
  m_time 1.253000
  m_vertexTransformMat 0.003250 -0.278135 0.960537 0.000000 0.758930 0.626159 0.178744 0.000000 -0.651164 0.728400 0.213120 0.000000 -11.675182 5.061833 -3.597449 1.000000
aniFrame
  m_time 1.269000
  m_vertexTransformMat 0.015754 -0.267790 0.963349 0.000000 0.749914 0.640431 0.165763 0.000000 -0.661348 0.719817 0.210909 0.000000 -11.679201 4.983935 -3.447836 1.000000
aniFrame
  m_time 1.285000
  m_vertexTransformMat 0.027068 -0.259030 0.965490 0.000000 0.743205 0.651133 0.153856 0.000000 -0.668516 0.713392 0.210137 0.000000 -11.668792 4.901257 -3.265283 1.000000
aniFrame
  m_time 1.301000
  m_vertexTransformMat 0.038122 -0.250737 0.967304 0.000000 0.737309 0.660434 0.142135 0.000000 -0.674479 0.707783 0.210048 0.000000 -11.650791 4.802330 -3.064993 1.000000
aniFrame
  m_time 1.317000
  m_vertexTransformMat 0.049998 -0.242166 0.968946 0.000000 0.731480 0.669439 0.129567 0.000000 -0.680027 0.702287 0.210610 0.000000 -11.625841 4.682525 -2.847301 1.000000
aniFrame
  m_time 1.333000
  m_vertexTransformMat 0.061736 -0.233583 0.970375 0.000000 0.725813 0.677869 0.116996 0.000000 -0.685116 0.697088 0.211386 0.000000 -11.596155 4.544952 -2.629239 1.000000
aniFrame
  m_time 1.349000
  m_vertexTransformMat 0.074021 -0.224991 0.971545 0.000000 0.720524 0.685605 0.103877 0.000000 -0.689467 0.692333 0.212860 0.000000 -11.553699 4.394597 -2.411034 1.000000
aniFrame
  m_time 1.365000
  m_vertexTransformMat 0.085984 -0.216395 0.972512 0.000000 0.715353 0.692824 0.090914 0.000000 -0.693453 0.687872 0.214371 0.000000 -11.506397 4.230785 -2.208786 1.000000
aniFrame
  m_time 1.381000
  m_vertexTransformMat 0.097977 -0.207587 0.973298 0.000000 0.709969 0.699921 0.077812 0.000000 -0.697384 0.683387 0.215957 0.000000 -11.454893 4.055483 -2.033194 1.000000
aniFrame
  m_time 1.397000
  m_vertexTransformMat 0.110277 -0.198971 0.973781 0.000000 0.705400 0.705883 0.064348 0.000000 -0.700179 0.679809 0.218197 0.000000 -11.389713 3.879953 -1.876235 1.000000
aniFrame
  m_time 1.413000
  m_vertexTransformMat 0.121426 -0.190163 0.974215 0.000000 0.700408 0.711870 0.051656 0.000000 -0.703338 0.676076 0.219632 0.000000 -11.326772 3.696553 -1.761793 1.000000
aniFrame
  m_time 1.429000
  m_vertexTransformMat 0.133866 -0.181202 0.974293 0.000000 0.695693 0.717343 0.037827 0.000000 -0.705756 0.672745 0.222089 0.000000 -11.245062 3.515527 -1.660684 1.000000
aniFrame
  m_time 1.445000
  m_vertexTransformMat 0.144579 -0.172803 0.974288 0.000000 0.692088 0.721371 0.025243 0.000000 -0.707185 0.670643 0.223890 0.000000 -11.160082 3.343899 -1.589864 1.000000
aniFrame
  m_time 1.461000
  m_vertexTransformMat 0.156085 -0.163308 0.974150 0.000000 0.686803 0.726748 0.011789 0.000000 -0.709886 0.667209 0.225595 0.000000 -11.066257 3.167653 -1.535927 1.000000
aniFrame
  m_time 1.477000
  m_vertexTransformMat 0.167518 -0.154512 0.973686 0.000000 0.682109 0.731249 -0.001313 0.000000 -0.711804 0.664380 0.227891 0.000000 -10.965611 2.991549 -1.494639 1.000000
aniFrame
  m_time 1.493000
  m_vertexTransformMat 0.177293 -0.144872 0.973437 0.000000 0.677274 0.735600 -0.013877 0.000000 -0.714050 0.661744 0.228535 0.000000 -10.865562 2.841904 -1.485784 1.000000
aniFrame
  m_time 1.509000
  m_vertexTransformMat 0.188105 -0.135526 0.972754 0.000000 0.672240 0.739844 -0.026917 0.000000 -0.716037 0.658988 0.230275 0.000000 -10.742296 2.693502 -1.475731 1.000000
aniFrame
  m_time 1.525000
  m_vertexTransformMat 0.196632 -0.125754 0.972380 0.000000 0.667283 0.743796 -0.038744 0.000000 -0.718379 0.656471 0.230167 0.000000 -10.643003 2.569465 -1.498716 1.000000
aniFrame
  m_time 1.541000
  m_vertexTransformMat 0.205964 -0.115617 0.971706 0.000000 0.661975 0.747765 -0.051341 0.000000 -0.720672 0.653819 0.230549 0.000000 -10.516679 2.466858 -1.518341 1.000000
aniFrame
  m_time 1.557000
  m_vertexTransformMat 0.213502 -0.105657 0.971213 0.000000 0.656642 0.751601 -0.062584 0.000000 -0.723352 0.651101 0.229848 0.000000 -10.413403 2.376026 -1.559446 1.000000
aniFrame
  m_time 1.573000
  m_vertexTransformMat 0.220360 -0.094774 0.970804 0.000000 0.651095 0.755376 -0.074047 0.000000 -0.726304 0.648402 0.228161 0.000000 -10.312197 2.328292 -1.605769 1.000000
aniFrame
  m_time 1.589000
  m_vertexTransformMat 0.226540 -0.084687 0.970313 0.000000 0.645465 0.759107 -0.084444 0.000000 -0.729420 0.645434 0.226631 0.000000 -10.214037 2.284652 -1.651230 1.000000
aniFrame
  m_time 1.605000
  m_vertexTransformMat 0.231479 -0.072168 0.970160 0.000000 0.638845 0.763367 -0.095643 0.000000 -0.733685 0.641921 0.222808 0.000000 -10.120643 2.296230 -1.726441 1.000000
aniFrame
  m_time 1.621000
  m_vertexTransformMat 0.235322 -0.057778 0.970199 0.000000 0.631075 0.768263 -0.107315 0.000000 -0.739167 0.637521 0.217252 0.000000 -10.026370 2.349120 -1.830601 1.000000
aniFrame
  m_time 1.637000
  m_vertexTransformMat 0.237370 -0.040829 0.970561 0.000000 0.622337 0.773548 -0.119664 0.000000 -0.745890 0.632421 0.209027 0.000000 -9.942896 2.454812 -1.970873 1.000000
aniFrame
  m_time 1.653000
  m_vertexTransformMat 0.238275 -0.021028 0.970970 0.000000 0.612204 0.779373 -0.133356 0.000000 -0.753944 0.626207 0.198579 0.000000 -9.861694 2.612212 -2.148848 1.000000
aniFrame
  m_time 1.669000
  m_vertexTransformMat 0.236894 -0.000439 0.971536 0.000000 0.602154 0.784829 -0.146471 0.000000 -0.762425 0.619712 0.186186 0.000000 -9.805520 2.807245 -2.342683 1.000000
aniFrame
  m_time 1.685000
  m_vertexTransformMat 0.235129 0.020640 0.971745 0.000000 0.591990 0.789900 -0.160019 0.000000 -0.770884 0.612889 0.173510 0.000000 -9.762415 3.030246 -2.531659 1.000000
aniFrame
  m_time 1.701000
  m_vertexTransformMat 0.230541 0.040298 0.972228 0.000000 0.583180 0.794098 -0.171202 0.000000 -0.778943 0.606453 0.159571 0.000000 -9.759958 3.270075 -2.713974 1.000000
aniFrame
  m_time 1.717000
  m_vertexTransformMat 0.225604 0.058387 0.972468 0.000000 0.575950 0.797088 -0.181472 0.000000 -0.785738 0.601033 0.146198 0.000000 -9.793196 3.526056 -2.854502 1.000000
aniFrame
  m_time 1.733000
  m_vertexTransformMat 0.219789 0.073452 0.972778 0.000000 0.570067 0.799523 -0.189171 0.000000 -0.791654 0.596127 0.133854 0.000000 -9.853760 3.771997 -2.957099 1.000000
aniFrame
  m_time 1.749000
  m_vertexTransformMat 0.211119 0.084654 0.973788 0.000000 0.568067 0.800101 -0.192713 0.000000 -0.795442 0.593862 0.120828 0.000000 -9.947870 4.022285 -3.033543 1.000000
aniFrame
  m_time 1.765000
  m_vertexTransformMat 0.205802 0.091192 0.974335 0.000000 0.567782 0.799801 -0.194785 0.000000 -0.797037 0.593297 0.112823 0.000000 -10.022309 4.248375 -3.036460 1.000000
aniFrame
  m_time 1.781000
  m_vertexTransformMat 0.198575 0.091187 0.975834 0.000000 0.570967 0.798493 -0.190803 0.000000 -0.796595 0.595058 0.106496 0.000000 -10.086906 4.435039 -3.021701 1.000000
aniFrame
  m_time 1.797000
  m_vertexTransformMat 0.190765 0.085603 0.977896 0.000000 0.580033 0.793853 -0.182643 0.000000 -0.791941 0.602054 0.101787 0.000000 -10.126959 4.624335 -2.983747 1.000000
aniFrame
  m_time 1.813000
  m_vertexTransformMat 0.184428 0.074309 0.980033 0.000000 0.591195 0.788188 -0.171017 0.000000 -0.785159 0.610931 0.101433 0.000000 -10.138896 4.766254 -2.899690 1.000000
aniFrame
  m_time 1.829000
  m_vertexTransformMat 0.174897 0.059774 0.982771 0.000000 0.604849 0.781080 -0.155148 0.000000 -0.776897 0.621563 0.100454 0.000000 -10.154055 4.879691 -2.816941 1.000000
aniFrame
  m_time 1.845000
  m_vertexTransformMat 0.166206 0.043771 0.985119 0.000000 0.619372 0.772725 -0.138832 0.000000 -0.767302 0.633230 0.101321 0.000000 -10.150736 4.977176 -2.714932 1.000000
aniFrame
  m_time 1.861000
  m_vertexTransformMat 0.155873 0.024951 0.987462 0.000000 0.634988 0.763220 -0.119519 0.000000 -0.756633 0.645657 0.103121 0.000000 -10.144645 5.051365 -2.606176 1.000000
aniFrame
  m_time 1.877000
  m_vertexTransformMat 0.145442 0.005248 0.989353 0.000000 0.651355 0.752188 -0.099744 0.000000 -0.744703 0.658927 0.105981 0.000000 -10.129586 5.121807 -2.495963 1.000000
aniFrame
  m_time 1.893000
  m_vertexTransformMat 0.133722 -0.016796 0.990877 0.000000 0.668402 0.739735 -0.077664 0.000000 -0.731681 0.672689 0.110145 0.000000 -10.112434 5.179873 -2.385549 1.000000
aniFrame
  m_time 1.909000
  m_vertexTransformMat 0.120809 -0.039843 0.991876 0.000000 0.685770 0.725785 -0.054371 0.000000 -0.717722 0.686767 0.115004 0.000000 -10.092858 5.229002 -2.285493 1.000000
aniFrame
  m_time 1.925000
  m_vertexTransformMat 0.107516 -0.063953 0.992144 0.000000 0.703371 0.710170 -0.030445 0.000000 -0.702644 0.701119 0.121338 0.000000 -10.066113 5.273545 -2.191036 1.000000
aniFrame
  m_time 1.941000
  m_vertexTransformMat 0.092932 -0.088942 0.991692 0.000000 0.720848 0.693072 -0.005392 0.000000 -0.686835 0.715360 0.128522 0.000000 -10.036699 5.306400 -2.114089 1.000000
aniFrame
  m_time 1.957000
  m_vertexTransformMat 0.077649 -0.114261 0.990412 0.000000 0.738180 0.674310 0.019919 0.000000 -0.670121 0.729555 0.136704 0.000000 -10.003028 5.340930 -2.054629 1.000000
aniFrame
  m_time 1.973000
  m_vertexTransformMat 0.061454 -0.140275 0.988204 0.000000 0.754990 0.654128 0.045902 0.000000 -0.652851 0.743262 0.146105 0.000000 -9.973326 5.358804 -2.018774 1.000000
aniFrame
  m_time 1.989000
  m_vertexTransformMat 0.044337 -0.165850 0.985154 0.000000 0.771291 0.632426 0.071756 0.000000 -0.634937 0.756659 0.155958 0.000000 -9.952757 5.386210 -2.015782 1.000000
aniFrame
  m_time 2.005000
  m_vertexTransformMat 0.026526 -0.191813 0.981073 0.000000 0.786767 0.609440 0.097881 0.000000 -0.616680 0.769280 0.167078 0.000000 -9.941973 5.395313 -2.032197 1.000000
aniFrame
  m_time 2.021000
  m_vertexTransformMat 0.008144 -0.216885 0.976163 0.000000 0.801432 0.585229 0.123341 0.000000 -0.598030 0.781324 0.178585 0.000000 -9.942321 5.414638 -2.076067 1.000000
aniFrame
  m_time 2.037000
  m_vertexTransformMat -0.011422 -0.241577 0.970315 0.000000 0.814995 0.559981 0.149010 0.000000 -0.579355 0.792504 0.190488 0.000000 -9.964113 5.426032 -2.140257 1.000000
aniFrame
  m_time 2.053000
  m_vertexTransformMat -0.030657 -0.265443 0.963639 0.000000 0.827594 0.533877 0.173390 0.000000 -0.560490 0.802817 0.203312 0.000000 -9.975735 5.437466 -2.210530 1.000000
aniFrame
  m_time 2.069000
  m_vertexTransformMat -0.051281 -0.287937 0.956276 0.000000 0.838852 0.507191 0.197700 0.000000 -0.541940 0.812311 0.215527 0.000000 -10.015065 5.457446 -2.300876 1.000000
aniFrame
  m_time 2.085000
  m_vertexTransformMat -0.071568 -0.309793 0.948107 0.000000 0.849002 0.479987 0.220922 0.000000 -0.523520 0.820756 0.228664 0.000000 -10.045362 5.466794 -2.386924 1.000000
aniFrame
  m_time 2.101000
  m_vertexTransformMat -0.091684 -0.329576 0.939667 0.000000 0.857953 0.452866 0.242547 0.000000 -0.505481 0.828428 0.241240 0.000000 -10.071435 5.495265 -2.472691 1.000000
aniFrame
  m_time 2.117000
  m_vertexTransformMat -0.112111 -0.348987 0.930397 0.000000 0.865485 0.425735 0.263980 0.000000 -0.488228 0.834840 0.254314 0.000000 -10.108212 5.497779 -2.547590 1.000000
aniFrame
  m_time 2.133000
