m_aniFrameList.size 202
aniFrame
  m_time -1.066000
  m_vertexTransformMat 0.239920 -0.274116 -0.931289 0.000000 -0.622564 0.692628 -0.364254 0.000000 0.744885 0.667179 -0.004479 0.000000 12.321287 7.834373 -3.260970 1.000000
aniFrame
  m_time -1.050000
  m_vertexTransformMat 0.251524 -0.318410 -0.913975 0.000000 -0.593063 0.695571 -0.405533 0.000000 0.764861 0.644047 -0.013884 0.000000 12.136022 8.345628 -3.713545 1.000000
aniFrame
  m_time -1.034000
  m_vertexTransformMat 0.262644 -0.364256 -0.893496 0.000000 -0.561496 0.695369 -0.448537 0.000000 0.784691 0.619500 -0.021894 0.000000 11.958238 8.868421 -4.206565 1.000000
aniFrame
  m_time -1.018000
  m_vertexTransformMat 0.273879 -0.414893 -0.867672 0.000000 -0.524633 0.691673 -0.496335 0.000000 0.806071 0.591146 -0.028232 0.000000 11.781640 9.407204 -4.778172 1.000000
aniFrame
  m_time -1.002000
  m_vertexTransformMat 0.283722 -0.466960 -0.837526 0.000000 -0.484987 0.683590 -0.545429 0.000000 0.827218 0.560939 -0.032520 0.000000 11.624828 9.945792 -5.401198 1.000000
aniFrame
  m_time -0.986000
  m_vertexTransformMat 0.291328 -0.517735 -0.804412 0.000000 -0.444796 0.671151 -0.593054 0.000000 0.846926 0.530573 -0.034762 0.000000 11.506022 10.465117 -6.041235 1.000000
aniFrame
  m_time -0.970000
  m_vertexTransformMat 0.296537 -0.566158 -0.769110 0.000000 -0.404854 0.654866 -0.638156 0.000000 0.864962 0.500614 -0.035020 0.000000 11.426266 10.957304 -6.685135 1.000000
aniFrame
  m_time -0.954000
  m_vertexTransformMat 0.299065 -0.609545 -0.734177 0.000000 -0.368197 0.636094 -0.678097 0.000000 0.880336 0.473116 -0.034199 0.000000 11.400406 11.411434 -7.284080 1.000000
aniFrame
  m_time -0.938000
  m_vertexTransformMat 0.299590 -0.647744 -0.700482 0.000000 -0.334818 0.616129 -0.712940 0.000000 0.893389 0.448123 -0.032291 0.000000 11.418892 11.823250 -7.824708 1.000000
aniFrame
  m_time -0.922000
  m_vertexTransformMat 0.297851 -0.678137 -0.671875 0.000000 -0.309020 0.597429 -0.739990 0.000000 0.903212 0.428030 -0.031614 0.000000 11.466424 12.192904 -8.271380 1.000000
aniFrame
  m_time -0.906000
  m_vertexTransformMat 0.295485 -0.701514 -0.648511 0.000000 -0.289090 0.581340 -0.760574 0.000000 0.910558 0.412216 -0.031023 0.000000 11.538586 12.518998 -8.600645 1.000000
aniFrame
  m_time -0.890000
  m_vertexTransformMat 0.291730 -0.714803 -0.635571 0.000000 -0.279430 0.571799 -0.771341 0.000000 0.914775 0.402620 -0.032927 0.000000 11.608097 12.793412 -8.787596 1.000000
aniFrame
  m_time -0.874000
  m_vertexTransformMat 0.288007 -0.719165 -0.632341 0.000000 -0.280517 0.567997 -0.773751 0.000000 0.915622 0.400228 -0.038151 0.000000 11.655598 13.042331 -8.842900 1.000000
aniFrame
  m_time -0.858000
  m_vertexTransformMat 0.284367 -0.715579 -0.638031 0.000000 -0.288990 0.570572 -0.768722 0.000000 0.914123 0.402983 -0.044543 0.000000 11.696035 13.263260 -8.768971 1.000000
aniFrame
  m_time -0.842000
  m_vertexTransformMat 0.279291 -0.704407 -0.652539 0.000000 -0.308859 0.577562 -0.755664 0.000000 0.909177 0.412593 -0.056254 0.000000 11.708585 13.477637 -8.614635 1.000000
aniFrame
  m_time -0.826000
  m_vertexTransformMat 0.274750 -0.690418 -0.669205 0.000000 -0.332662 0.584751 -0.739866 0.000000 0.902135 0.425897 -0.069015 0.000000 11.704499 13.695617 -8.434165 1.000000
aniFrame
  m_time -0.810000
  m_vertexTransformMat 0.268184 -0.671791 -0.690489 0.000000 -0.362194 0.593849 -0.718442 0.000000 0.892689 0.442765 -0.084058 0.000000 11.688174 13.916251 -8.217463 1.000000
aniFrame
  m_time -0.794000
  m_vertexTransformMat 0.260293 -0.650449 -0.713557 0.000000 -0.395713 0.602247 -0.693333 0.000000 0.880715 0.462833 -0.100630 0.000000 11.658114 14.136939 -7.998056 1.000000
aniFrame
  m_time -0.778000
  m_vertexTransformMat 0.251049 -0.625383 -0.738831 0.000000 -0.432665 0.610285 -0.663591 0.000000 0.865896 0.486260 -0.117370 0.000000 11.615466 14.359666 -7.757472 1.000000
aniFrame
  m_time -0.762000
  m_vertexTransformMat 0.239164 -0.597448 -0.765413 0.000000 -0.472559 0.617014 -0.629272 0.000000 0.848227 0.512201 -0.134762 0.000000 11.561578 14.575826 -7.523907 1.000000
aniFrame
  m_time -0.746000
  m_vertexTransformMat 0.225621 -0.567164 -0.792098 0.000000 -0.514096 0.621325 -0.591321 0.000000 0.827527 0.540629 -0.151393 0.000000 11.494843 14.792965 -7.301065 1.000000
aniFrame
  m_time -0.730000
  m_vertexTransformMat 0.209754 -0.534683 -0.818607 0.000000 -0.556327 0.623231 -0.549621 0.000000 0.804054 0.570699 -0.166734 0.000000 11.420131 14.995896 -7.085290 1.000000
aniFrame
  m_time -0.714000
  m_vertexTransformMat 0.191378 -0.500899 -0.844082 0.000000 -0.598846 0.621778 -0.504754 0.000000 0.777662 0.602074 -0.180967 0.000000 11.340816 15.197750 -6.896461 1.000000
aniFrame
  m_time -0.698000
  m_vertexTransformMat 0.170796 -0.465712 -0.868298 0.000000 -0.640269 0.617369 -0.457069 0.000000 0.748922 0.634010 -0.192737 0.000000 11.261060 15.377530 -6.709648 1.000000
aniFrame
  m_time -0.682000
  m_vertexTransformMat 0.147853 -0.430265 -0.890512 0.000000 -0.680165 0.609435 -0.407387 0.000000 0.717993 0.665929 -0.202545 0.000000 11.186321 15.549083 -6.539529 1.000000
aniFrame
  m_time -0.666000
  m_vertexTransformMat 0.122744 -0.394632 -0.910604 0.000000 -0.717653 0.598471 -0.356097 0.000000 0.685498 0.697207 -0.209750 0.000000 11.125322 15.699064 -6.379641 1.000000
aniFrame
  m_time -0.650000
  m_vertexTransformMat 0.096206 -0.359267 -0.928262 0.000000 -0.751916 0.584838 -0.304281 0.000000 0.652202 0.727249 -0.213874 0.000000 11.072215 15.823257 -6.223584 1.000000
aniFrame
  m_time -0.634000
  m_vertexTransformMat 0.067585 -0.325245 -0.943212 0.000000 -0.782869 0.568770 -0.252224 0.000000 0.618505 0.755458 -0.216184 0.000000 11.053142 15.933958 -6.098382 1.000000
aniFrame
  m_time -0.618000
  m_vertexTransformMat 0.038074 -0.291857 -0.955704 0.000000 -0.809698 0.551472 -0.200668 0.000000 0.585610 0.781472 -0.215319 0.000000 11.060606 16.003139 -5.974452 1.000000
aniFrame
  m_time -0.602000
  m_vertexTransformMat 0.008190 -0.260614 -0.965409 0.000000 -0.832313 0.533334 -0.151036 0.000000 0.554247 0.804759 -0.212544 0.000000 11.098619 16.055140 -5.875600 1.000000
aniFrame
  m_time -0.586000
  m_vertexTransformMat -0.022538 -0.230714 -0.972761 0.000000 -0.850599 0.515707 -0.102605 0.000000 0.525332 0.825117 -0.207869 0.000000 11.195293 16.062805 -5.795959 1.000000
aniFrame
  m_time -0.570000
  m_vertexTransformMat -0.051971 -0.202753 -0.977850 0.000000 -0.864484 0.499351 -0.057593 0.000000 0.499967 0.842342 -0.201229 0.000000 11.323148 16.035702 -5.727233 1.000000
aniFrame
  m_time -0.554000
  m_vertexTransformMat -0.080407 -0.177749 -0.980785 0.000000 -0.874363 0.485001 -0.016215 0.000000 0.478564 0.856259 -0.194415 0.000000 11.500233 15.987565 -5.690024 1.000000
aniFrame
  m_time -0.538000
  m_vertexTransformMat -0.107710 -0.153402 -0.982276 0.000000 -0.880026 0.474396 0.022411 0.000000 0.462550 0.866842 -0.186095 0.000000 11.747939 15.868076 -5.661101 1.000000
aniFrame
  m_time -0.522000
  m_vertexTransformMat -0.135780 -0.127587 -0.982490 0.000000 -0.879065 0.472901 0.060075 0.000000 0.456956 0.871829 -0.176368 0.000000 12.192456 15.591229 -5.675425 1.000000
aniFrame
  m_time -0.506000
  m_vertexTransformMat -0.163980 -0.099054 -0.981478 0.000000 -0.871861 0.480006 0.097222 0.000000 0.461485 0.871655 -0.165073 0.000000 12.816525 15.140503 -5.726547 1.000000
aniFrame
  m_time -0.490000
  m_vertexTransformMat -0.192467 -0.065692 -0.979102 0.000000 -0.857325 0.496704 0.135203 0.000000 0.477442 0.865431 -0.151918 0.000000 13.638518 14.463654 -5.826863 1.000000
aniFrame
  m_time -0.474000
  m_vertexTransformMat -0.220075 -0.026901 -0.975112 0.000000 -0.834886 0.522190 0.174021 0.000000 0.504513 0.852405 -0.137380 0.000000 14.630232 13.538870 -5.983581 1.000000
aniFrame
  m_time -0.458000
  m_vertexTransformMat -0.243348 0.014303 -0.969834 0.000000 -0.807349 0.551173 0.210706 0.000000 0.537560 0.834269 -0.122579 0.000000 15.626340 12.465220 -6.162121 1.000000
aniFrame
  m_time -0.442000
  m_vertexTransformMat -0.261598 0.058642 -0.963394 0.000000 -0.774184 0.583316 0.245727 0.000000 0.576373 0.810125 -0.107195 0.000000 16.611006 11.213949 -6.356411 1.000000
aniFrame
  m_time -0.426000
  m_vertexTransformMat -0.273046 0.102203 -0.956556 0.000000 -0.738810 0.614555 0.276554 0.000000 0.616121 0.782226 -0.092293 0.000000 17.457586 9.903903 -6.523563 1.000000
aniFrame
  m_time -0.410000
  m_vertexTransformMat -0.277476 0.145230 -0.949693 0.000000 -0.701501 0.644784 0.303563 0.000000 0.656433 0.750441 -0.077033 0.000000 18.153898 8.526870 -6.643034 1.000000
aniFrame
  m_time -0.394000
  m_vertexTransformMat -0.275258 0.183322 -0.943730 0.000000 -0.666203 0.671362 0.324726 0.000000 0.693114 0.718099 -0.062668 0.000000 18.662077 7.220780 -6.700149 1.000000
aniFrame
  m_time -0.378000
  m_vertexTransformMat -0.266945 0.216415 -0.939098 0.000000 -0.633756 0.694688 0.340240 0.000000 0.726013 0.685984 -0.048289 0.000000 18.987381 5.996546 -6.669954 1.000000
aniFrame
  m_time -0.362000
  m_vertexTransformMat -0.254541 0.240435 -0.936696 0.000000 -0.608148 0.713306 0.348354 0.000000 0.751908 0.658321 -0.035345 0.000000 19.155737 4.995378 -6.565616 1.000000
aniFrame
  m_time -0.346000
  m_vertexTransformMat -0.239393 0.253982 -0.937115 0.000000 -0.591390 0.727334 0.348201 0.000000 0.770032 0.637556 -0.023916 0.000000 19.191570 4.281127 -6.377052 1.000000
aniFrame
  m_time -0.330000
  m_vertexTransformMat -0.222625 0.259365 -0.939770 0.000000 -0.581791 0.738151 0.341543 0.000000 0.782277 0.622785 -0.013434 0.000000 19.141058 3.786450 -6.116601 1.000000
aniFrame
  m_time -0.314000
  m_vertexTransformMat -0.204907 0.256106 -0.944682 0.000000 -0.580020 0.745666 0.327962 0.000000 0.788410 0.615135 -0.004246 0.000000 19.019741 3.536743 -5.786826 1.000000
aniFrame
  m_time -0.298000
  m_vertexTransformMat -0.186104 0.248027 -0.950709 0.000000 -0.582182 0.751620 0.310051 0.000000 0.791474 0.611187 0.004517 0.000000 18.855915 3.400833 -5.413330 1.000000
aniFrame
  m_time -0.282000
  m_vertexTransformMat -0.165609 0.237240 -0.957231 0.000000 -0.586234 0.756842 0.288999 0.000000 0.793035 0.609022 0.013738 0.000000 18.663261 3.304689 -5.001315 1.000000
aniFrame
  m_time -0.266000
  m_vertexTransformMat -0.144318 0.223157 -0.964040 0.000000 -0.592085 0.761121 0.264821 0.000000 0.792848 0.609012 0.022285 0.000000 18.439901 3.270826 -4.575473 1.000000
aniFrame
  m_time -0.250000
  m_vertexTransformMat -0.121598 0.205965 -0.970975 0.000000 -0.599652 0.764293 0.237220 0.000000 0.790969 0.611093 0.030571 0.000000 18.181587 3.299319 -4.135241 1.000000
aniFrame
  m_time -0.234000
  m_vertexTransformMat -0.098474 0.185854 -0.977630 0.000000 -0.608053 0.766447 0.206954 0.000000 0.787765 0.614831 0.037534 0.000000 17.896000 3.382790 -3.709656 1.000000
aniFrame
  m_time -0.218000
  m_vertexTransformMat -0.074577 0.163068 -0.983792 0.000000 -0.616542 0.767852 0.174012 0.000000 0.783782 0.619526 0.043274 0.000000 17.584969 3.510586 -3.306575 1.000000
aniFrame
  m_time -0.202000
  m_vertexTransformMat -0.049682 0.137881 -0.989202 0.000000 -0.625951 0.767481 0.138414 0.000000 0.778278 0.626069 0.048177 0.000000 17.244053 3.698774 -2.927064 1.000000
aniFrame
  m_time -0.186000
  m_vertexTransformMat -0.025548 0.110559 -0.993541 0.000000 -0.634245 0.766428 0.101595 0.000000 0.772710 0.632744 0.050541 0.000000 16.893135 3.917916 -2.614719 1.000000
aniFrame
  m_time -0.170000
  m_vertexTransformMat 0.000662 0.081183 -0.996699 0.000000 -0.642311 0.763949 0.061799 0.000000 0.766444 0.640150 0.052650 0.000000 16.511812 4.180748 -2.330847 1.000000
aniFrame
  m_time -0.154000
  m_vertexTransformMat 0.025575 0.050768 -0.998383 0.000000 -0.650489 0.759198 0.021942 0.000000 0.759084 0.648877 0.052441 0.000000 16.114828 4.489953 -2.134168 1.000000
aniFrame
  m_time -0.138000
  m_vertexTransformMat 0.051353 0.018176 -0.998515 0.000000 -0.655397 0.755021 -0.019963 0.000000 0.753537 0.655449 0.050685 0.000000 15.705370 4.801579 -2.000865 1.000000
aniFrame
  m_time -0.122000
  m_vertexTransformMat 0.077382 -0.014579 -0.996895 0.000000 -0.659272 0.749334 -0.062133 0.000000 0.747913 0.662033 0.048374 0.000000 15.282121 5.126614 -1.927999 1.000000
aniFrame
  m_time -0.106000
  m_vertexTransformMat 0.101640 -0.048931 -0.993617 0.000000 -0.661522 0.742646 -0.104241 0.000000 0.743006 0.667895 0.043113 0.000000 14.854068 5.486372 -1.947904 1.000000
aniFrame
  m_time -0.090000
  m_vertexTransformMat 0.126668 -0.083050 -0.988463 0.000000 -0.661483 0.735500 -0.146563 0.000000 0.739186 0.672416 0.038228 0.000000 14.413198 5.837010 -2.006240 1.000000
aniFrame
  m_time -0.074000
  m_vertexTransformMat 0.149274 -0.117812 -0.981753 0.000000 -0.659887 0.727558 -0.187643 0.000000 0.736388 0.675856 0.030863 0.000000 13.999929 6.205764 -2.148772 1.000000
aniFrame
  m_time -0.058000
  m_vertexTransformMat 0.172277 -0.152423 -0.973185 0.000000 -0.655614 0.719609 -0.228767 0.000000 0.735181 0.677445 0.024042 0.000000 13.575379 6.570421 -2.317291 1.000000
aniFrame
  m_time -0.042000
  m_vertexTransformMat 0.192794 -0.186378 -0.963377 0.000000 -0.649641 0.711562 -0.267669 0.000000 0.735389 0.677454 0.016106 0.000000 13.194108 6.924392 -2.544105 1.000000
aniFrame
  m_time -0.026000
  m_vertexTransformMat 0.211793 -0.220075 -0.952214 0.000000 -0.641502 0.703739 -0.305331 0.000000 0.737306 0.675514 0.007869 0.000000 12.840673 7.282530 -2.797055 1.000000
aniFrame
  m_time -0.010000
  m_vertexTransformMat 0.228985 -0.251265 -0.940443 0.000000 -0.631811 0.696597 -0.339953 0.000000 0.740528 0.672026 0.000758 0.000000 12.519751 7.600664 -3.054894 1.000000
aniFrame
  m_time 0.005000
  m_vertexTransformMat 0.245346 -0.286493 -0.926136 0.000000 -0.616779 0.690914 -0.377123 0.000000 0.747923 0.663747 -0.007190 0.000000 12.224594 7.961410 -3.376905 1.000000
aniFrame
  m_time 0.021000
  m_vertexTransformMat 0.260948 -0.324963 -0.909014 0.000000 -0.595809 0.686678 -0.416517 0.000000 0.759552 0.650287 -0.014429 0.000000 11.949569 8.344163 -3.755992 1.000000
aniFrame
  m_time 0.037000
  m_vertexTransformMat 0.275146 -0.368823 -0.887842 0.000000 -0.568480 0.682331 -0.459625 0.000000 0.775323 0.631185 -0.021928 0.000000 11.708322 8.783053 -4.223291 1.000000
aniFrame
  m_time 0.053000
  m_vertexTransformMat 0.288196 -0.418770 -0.861148 0.000000 -0.533191 0.676816 -0.507571 0.000000 0.795393 0.605436 -0.028229 0.000000 11.494195 9.279594 -4.793517 1.000000
aniFrame
  m_time 0.069000
  m_vertexTransformMat 0.297971 -0.470015 -0.830843 0.000000 -0.494540 0.668458 -0.555513 0.000000 0.816482 0.576412 -0.033260 0.000000 11.335179 9.796399 -5.417820 1.000000
aniFrame
  m_time 0.085000
  m_vertexTransformMat 0.304965 -0.521603 -0.796823 0.000000 -0.452602 0.656779 -0.603153 0.000000 0.837943 0.544584 -0.035785 0.000000 11.230544 10.320108 -6.076725 1.000000
aniFrame
  m_time 0.101000
  m_vertexTransformMat 0.308027 -0.569973 -0.761742 0.000000 -0.411533 0.642063 -0.646836 0.000000 0.857765 0.512724 -0.036790 0.000000 11.188443 10.827033 -6.730920 1.000000
aniFrame
  m_time 0.117000
  m_vertexTransformMat 0.308550 -0.614476 -0.726096 0.000000 -0.371575 0.624829 -0.686675 0.000000 0.875631 0.481673 -0.035533 0.000000 11.215325 11.309491 -7.340226 1.000000
aniFrame
  m_time 0.133000
  m_vertexTransformMat 0.305875 -0.652357 -0.693448 0.000000 -0.336844 0.607097 -0.719702 0.000000 0.890493 0.453722 -0.034047 0.000000 11.287119 11.753082 -7.884769 1.000000
aniFrame
  m_time 0.149000
  m_vertexTransformMat 0.301324 -0.682863 -0.665509 0.000000 -0.309585 0.590075 -0.745633 0.000000 0.901865 0.430709 -0.033600 0.000000 11.389146 12.162363 -8.333676 1.000000
aniFrame
  m_time 0.165000
  m_vertexTransformMat 0.296734 -0.705131 -0.644003 0.000000 -0.288222 0.576799 -0.764351 0.000000 0.910427 0.412424 -0.032079 0.000000 11.509672 12.514983 -8.636221 1.000000
aniFrame
  m_time 0.181000
  m_vertexTransformMat 0.291068 -0.716367 -0.634113 0.000000 -0.280372 0.569837 -0.772449 0.000000 0.914697 0.402623 -0.034988 0.000000 11.602509 12.815481 -8.799637 1.000000
aniFrame
  m_time 0.197000
  m_vertexTransformMat 0.286952 -0.718812 -0.633220 0.000000 -0.282606 0.568078 -0.772931 0.000000 0.915310 0.400746 -0.040129 0.000000 11.662257 13.090043 -8.825104 1.000000
aniFrame
  m_time 0.213000
  m_vertexTransformMat 0.282808 -0.712610 -0.642034 0.000000 -0.293944 0.572765 -0.765205 0.000000 0.913026 0.405128 -0.047485 0.000000 11.704659 13.322618 -8.716939 1.000000
aniFrame
  m_time 0.229000
  m_vertexTransformMat 0.277714 -0.700012 -0.657919 0.000000 -0.316577 0.579917 -0.750650 0.000000 0.907003 0.416748 -0.060556 0.000000 11.707935 13.548364 -8.556902 1.000000
aniFrame
  m_time 0.245000
  m_vertexTransformMat 0.272833 -0.684706 -0.675825 0.000000 -0.341823 0.587648 -0.733367 0.000000 0.899288 0.431099 -0.073718 0.000000 11.701061 13.770786 -8.365100 1.000000
aniFrame
  m_time 0.261000
  m_vertexTransformMat 0.265484 -0.664888 -0.698171 0.000000 -0.373188 0.596838 -0.710293 0.000000 0.888960 0.449120 -0.089677 0.000000 11.679940 13.989987 -8.145061 1.000000
aniFrame
  m_time 0.277000
  m_vertexTransformMat 0.257505 -0.642550 -0.721679 0.000000 -0.407583 0.604944 -0.684046 0.000000 0.876109 0.470289 -0.106116 0.000000 11.645118 14.211353 -7.919634 1.000000
aniFrame
  m_time 0.293000
  m_vertexTransformMat 0.247345 -0.616275 -0.747680 0.000000 -0.445747 0.612779 -0.652543 0.000000 0.860308 0.494679 -0.123134 0.000000 11.598853 14.432670 -7.676991 1.000000
aniFrame
  m_time 0.309000
  m_vertexTransformMat 0.234829 -0.587649 -0.774290 0.000000 -0.486264 0.618710 -0.617046 0.000000 0.841667 0.521409 -0.140461 0.000000 11.540632 14.648377 -7.449442 1.000000
aniFrame
  m_time 0.325000
  m_vertexTransformMat 0.220664 -0.556528 -0.800989 0.000000 -0.528134 0.622243 -0.577830 0.000000 0.819989 0.550536 -0.156615 0.000000 11.470473 14.863061 -7.227469 1.000000
aniFrame
  m_time 0.341000
  m_vertexTransformMat 0.203861 -0.523567 -0.827235 0.000000 -0.570515 0.623138 -0.534988 0.000000 0.795583 0.581013 -0.171670 0.000000 11.394124 15.062987 -7.019916 1.000000
aniFrame
  m_time 0.357000
  m_vertexTransformMat 0.184778 -0.489323 -0.852303 0.000000 -0.612852 0.620594 -0.489159 0.000000 0.768291 0.612721 -0.185211 0.000000 11.313974 15.262014 -6.835417 1.000000
aniFrame
  m_time 0.373000
  m_vertexTransformMat 0.163406 -0.453858 -0.875963 0.000000 -0.653730 0.615170 -0.440685 0.000000 0.738875 0.644654 -0.196178 0.000000 11.235187 15.433689 -6.649281 1.000000
aniFrame
  m_time 0.389000
  m_vertexTransformMat 0.139701 -0.418454 -0.897430 0.000000 -0.693013 0.606032 -0.390461 0.000000 0.707260 0.676478 -0.205331 0.000000 11.164186 15.604172 -6.487158 1.000000
aniFrame
  m_time 0.405000
  m_vertexTransformMat 0.114048 -0.382683 -0.916813 0.000000 -0.729401 0.594298 -0.338798 0.000000 0.674512 0.707364 -0.211351 0.000000 11.106805 15.739897 -6.324320 1.000000
aniFrame
  m_time 0.421000
  m_vertexTransformMat 0.086937 -0.347817 -0.933523 0.000000 -0.762645 0.579660 -0.286996 0.000000 0.640949 0.736897 -0.214867 0.000000 11.060172 15.863906 -6.179153 1.000000
aniFrame
  m_time 0.437000
  m_vertexTransformMat 0.057659 -0.313994 -0.947673 0.000000 -0.792280 0.563171 -0.234801 0.000000 0.607428 0.764360 -0.216299 0.000000 11.056370 15.959769 -6.057703 1.000000
aniFrame
  m_time 0.453000
  m_vertexTransformMat 0.028260 -0.281164 -0.959244 0.000000 -0.817712 0.545440 -0.183965 0.000000 0.574934 0.789584 -0.214497 0.000000 11.066487 16.022755 -5.936880 1.000000
aniFrame
  m_time 0.469000
  m_vertexTransformMat -0.002162 -0.250612 -0.968086 0.000000 -0.838881 0.527397 -0.134656 0.000000 0.544311 0.811817 -0.211374 0.000000 11.128464 16.063896 -5.850600 1.000000
aniFrame
  m_time 0.485000
  m_vertexTransformMat -0.032472 -0.221055 -0.974721 0.000000 -0.855728 0.510033 -0.087162 0.000000 0.516407 0.831265 -0.205725 0.000000 11.232497 16.056274 -5.769411 1.000000
aniFrame
  m_time 0.501000
  m_vertexTransformMat -0.061662 -0.194168 -0.979029 0.000000 -0.868107 0.494477 -0.043393 0.000000 0.492532 0.847226 -0.199049 0.000000 11.381043 16.021549 -5.714223 1.000000
aniFrame
  m_time 0.517000
  m_vertexTransformMat -0.089520 -0.169691 -0.981423 0.000000 -0.876864 0.480729 -0.003137 0.000000 0.472330 0.860294 -0.191831 0.000000 11.567595 15.960917 -5.677958 1.000000
aniFrame
  m_time 0.533000
  m_vertexTransformMat -0.116996 -0.145001 -0.982490 0.000000 -0.880440 0.472860 0.035056 0.000000 0.459497 0.869125 -0.182987 0.000000 11.873646 15.794211 -5.660712 1.000000
aniFrame
  m_time 0.549000
  m_vertexTransformMat -0.145169 -0.118475 -0.982288 0.000000 -0.877378 0.474298 0.072459 0.000000 0.457312 0.872356 -0.172801 0.000000 12.380548 15.462173 -5.688320 1.000000
aniFrame
  m_time 0.565000
  m_vertexTransformMat -0.173407 -0.088617 -0.980855 0.000000 -0.867954 0.484382 0.109685 0.000000 0.465388 0.870357 -0.160910 0.000000 13.065225 14.944712 -5.753113 1.000000
aniFrame
  m_time 0.581000
  m_vertexTransformMat -0.201963 -0.053199 -0.977947 0.000000 -0.850584 0.504519 0.148216 0.000000 0.485507 0.861760 -0.147144 0.000000 13.959331 14.177629 -5.874240 1.000000
aniFrame
  m_time 0.597000
  m_vertexTransformMat -0.228395 -0.013417 -0.973477 0.000000 -0.826231 0.531557 0.186522 0.000000 0.514956 0.846916 -0.132490 0.000000 14.965051 13.196786 -6.041876 1.000000
aniFrame
  m_time 0.613000
  m_vertexTransformMat -0.250082 0.028895 -0.967794 0.000000 -0.796797 0.561724 0.222667 0.000000 0.550067 0.826820 -0.117454 0.000000 15.961545 12.063317 -6.226513 1.000000
aniFrame
  m_time 0.629000
  m_vertexTransformMat -0.266223 0.073374 -0.961115 0.000000 -0.762496 0.593954 0.256551 0.000000 0.589682 0.801146 -0.102177 0.000000 16.913038 10.779626 -6.417686 1.000000
aniFrame
  m_time 0.645000
  m_vertexTransformMat -0.275300 0.116755 -0.954242 0.000000 -0.726464 0.624846 0.286038 0.000000 0.629650 0.771969 -0.087202 0.000000 17.707731 9.447951 -6.568890 1.000000
aniFrame
  m_time 0.661000
  m_vertexTransformMat -0.277435 0.158681 -0.947550 0.000000 -0.689301 0.654151 0.311369 0.000000 0.669249 0.739532 -0.072105 0.000000 18.345682 8.076670 -6.670455 1.000000
aniFrame
  m_time 0.677000
  m_vertexTransformMat -0.273103 0.195004 -0.942013 0.000000 -0.654968 0.679524 0.330551 0.000000 0.704579 0.707263 -0.057859 0.000000 18.789747 6.800296 -6.699488 1.000000
aniFrame
  m_time 0.693000
  m_vertexTransformMat -0.263132 0.225697 -0.937988 0.000000 -0.624195 0.701508 0.343900 0.000000 0.735623 0.675979 -0.043710 0.000000 19.059248 5.628518 -6.642708 1.000000
aniFrame
  m_time 0.709000
  m_vertexTransformMat -0.249759 0.245981 -0.936544 0.000000 -0.601665 0.718402 0.349139 0.000000 0.758696 0.650686 -0.031429 0.000000 19.180546 4.729093 -6.512403 1.000000
aniFrame
  m_time 0.725000
  m_vertexTransformMat -0.233920 0.256596 -0.937785 0.000000 -0.587468 0.731255 0.346623 0.000000 0.774702 0.632000 -0.020313 0.000000 19.181948 4.094540 -6.296922 1.000000
aniFrame
  m_time 0.741000
  m_vertexTransformMat -0.216825 0.259195 -0.941172 0.000000 -0.580374 0.740996 0.337773 0.000000 0.784954 0.619469 -0.010236 0.000000 19.108070 3.677160 -6.014141 1.000000
aniFrame
  m_time 0.757000
  m_vertexTransformMat -0.198777 0.253649 -0.946652 0.000000 -0.580609 0.747693 0.322255 0.000000 0.789545 0.613692 -0.001353 0.000000 18.967812 3.489429 -5.665263 1.000000
aniFrame
  m_time 0.773000
  m_vertexTransformMat -0.179456 0.244851 -0.952808 0.000000 -0.583217 0.753498 0.303478 0.000000 0.792246 0.610155 0.007582 0.000000 18.795647 3.360084 -5.280652 1.000000
aniFrame
  m_time 0.789000
  m_vertexTransformMat -0.158536 0.232867 -0.959500 0.000000 -0.588069 0.758349 0.281214 0.000000 0.793121 0.608835 0.016716 0.000000 18.591827 3.287881 -4.858651 1.000000
aniFrame
  m_time 0.805000
  m_vertexTransformMat -0.137002 0.217810 -0.966328 0.000000 -0.594347 0.762343 0.256096 0.000000 0.792453 0.609420 0.025012 0.000000 18.358356 3.271824 -4.432216 1.000000
aniFrame
  m_time 0.821000
  m_vertexTransformMat -0.113793 0.199536 -0.973261 0.000000 -0.602478 0.765086 0.227297 0.000000 0.789982 0.612233 0.033155 0.000000 18.088274 3.322883 -3.988244 1.000000
aniFrame
  m_time 0.837000
  m_vertexTransformMat -0.090874 0.178620 -0.979713 0.000000 -0.610753 0.767052 0.196498 0.000000 0.786589 0.616219 0.039387 0.000000 17.797049 3.418126 -3.577593 1.000000
aniFrame
  m_time 0.853000
  m_vertexTransformMat -0.066183 0.154862 -0.985717 0.000000 -0.619615 0.767954 0.162252 0.000000 0.782111 0.621503 0.045130 0.000000 17.473360 3.567450 -3.173449 1.000000
aniFrame
  m_time 0.869000
  m_vertexTransformMat -0.041809 0.129157 -0.990743 0.000000 -0.629014 0.767028 0.126536 0.000000 0.776270 0.628480 0.049173 0.000000 17.128826 3.769750 -2.818706 1.000000
aniFrame
  m_time 0.885000
  m_vertexTransformMat -0.016948 0.100859 -0.994757 0.000000 -0.636784 0.765945 0.088509 0.000000 0.770855 0.634946 0.051244 0.000000 16.769806 3.999115 -2.515492 1.000000
aniFrame
  m_time 0.901000
  m_vertexTransformMat 0.009176 0.071382 -0.997407 0.000000 -0.645350 0.762338 0.048621 0.000000 0.763832 0.643231 0.053061 0.000000 16.379551 4.280609 -2.253200 1.000000
aniFrame
  m_time 0.917000
  m_vertexTransformMat 0.033912 0.040004 -0.998624 0.000000 -0.652417 0.757816 0.008202 0.000000 0.757101 0.651241 0.051799 0.000000 15.980823 4.594696 -2.085829 1.000000
aniFrame
  m_time 0.933000
  m_vertexTransformMat 0.060338 0.007379 -0.998151 0.000000 -0.656746 0.753339 -0.034131 0.000000 0.751694 0.657591 0.050301 0.000000 15.563573 4.905135 -1.964410 1.000000
aniFrame
  m_time 0.949000
  m_vertexTransformMat 0.085468 -0.025923 -0.996004 0.000000 -0.660265 0.747167 -0.076104 0.000000 0.746154 0.664131 0.046743 0.000000 15.141760 5.244819 -1.928051 1.000000
aniFrame
  m_time 0.965000
  m_vertexTransformMat 0.110067 -0.060377 -0.992088 0.000000 -0.661715 0.740336 -0.118470 0.000000 0.741632 0.669520 0.041534 0.000000 14.705081 5.604797 -1.960937 1.000000
aniFrame
  m_time 0.981000
  m_vertexTransformMat 0.134345 -0.094522 -0.986416 0.000000 -0.661172 0.732913 -0.160279 0.000000 0.738107 0.673724 0.035968 0.000000 14.274666 5.957087 -2.046675 1.000000
aniFrame
  m_time 0.997000
  m_vertexTransformMat 0.156883 -0.129500 -0.979091 0.000000 -0.658771 0.724876 -0.201433 0.000000 0.735805 0.676597 0.028410 0.000000 13.859122 6.330875 -2.203407 1.000000
aniFrame
  m_time 1.013000
  m_vertexTransformMat 0.179437 -0.163717 -0.970051 0.000000 -0.653810 0.716938 -0.241938 0.000000 0.735075 0.677641 0.021606 0.000000 13.442576 6.687207 -2.386040 1.000000
aniFrame
  m_time 1.029000
  m_vertexTransformMat 0.199200 -0.197793 -0.959790 0.000000 -0.647172 0.708901 -0.280407 0.000000 0.735859 0.677007 0.013207 0.000000 13.075007 7.045893 -2.629162 1.000000
aniFrame
  m_time 1.045000
  m_vertexTransformMat 0.217715 -0.230492 -0.948406 0.000000 -0.638575 0.701231 -0.317011 0.000000 0.738121 0.674647 0.005482 0.000000 12.729660 7.390023 -2.879730 1.000000
aniFrame
  m_time 1.061000
  m_vertexTransformMat 0.234462 -0.262270 -0.936078 0.000000 -0.627596 0.694527 -0.351788 0.000000 0.742395 0.669960 -0.001760 0.000000 12.419502 7.712447 -3.152684 1.000000
aniFrame
  m_time 1.077000
  m_vertexTransformMat 0.250673 -0.298987 -0.920744 0.000000 -0.610417 0.689387 -0.390046 0.000000 0.751368 0.659812 -0.009696 0.000000 12.130000 8.087072 -3.496839 1.000000
aniFrame
  m_time 1.093000
  m_vertexTransformMat 0.265851 -0.338774 -0.902527 0.000000 -0.587484 0.685348 -0.430304 0.000000 0.764321 0.644617 -0.016824 0.000000 11.864926 8.480932 -3.899202 1.000000
aniFrame
  m_time 1.109000
  m_vertexTransformMat 0.279694 -0.385020 -0.879506 0.000000 -0.557479 0.680688 -0.475269 0.000000 0.781658 0.623236 -0.024256 0.000000 11.633320 8.944716 -4.404016 1.000000
aniFrame
  m_time 1.125000
  m_vertexTransformMat 0.291925 -0.435932 -0.851319 0.000000 -0.520384 0.674419 -0.523793 0.000000 0.802483 0.595921 -0.029972 0.000000 11.433279 9.450727 -4.998259 1.000000
aniFrame
  m_time 1.141000
  m_vertexTransformMat 0.300587 -0.487215 -0.819920 0.000000 -0.480963 0.664929 -0.571440 0.000000 0.823603 0.566119 -0.034463 0.000000 11.294915 9.971060 -5.634095 1.000000
aniFrame
  m_time 1.157000
  m_vertexTransformMat 0.306512 -0.538344 -0.785007 0.000000 -0.438425 0.652170 -0.618433 0.000000 0.844887 0.533723 -0.036126 0.000000 11.208443 10.492167 -6.298559 1.000000
aniFrame
  m_time 1.173000
  m_vertexTransformMat 0.308385 -0.585165 -0.749988 0.000000 -0.398270 0.636563 -0.660431 0.000000 0.863875 0.502364 -0.036747 0.000000 11.190607 10.990677 -6.939214 1.000000
aniFrame
  m_time 1.189000
  m_vertexTransformMat 0.308098 -0.628114 -0.714527 0.000000 -0.358930 0.618813 -0.698742 0.000000 0.881048 0.471746 -0.034794 0.000000 11.235933 11.462616 -7.530866 1.000000
aniFrame
  m_time 1.205000
  m_vertexTransformMat 0.304327 -0.663113 -0.683861 0.000000 -0.327371 0.601378 -0.728817 0.000000 0.894547 0.445675 -0.034068 0.000000 11.317042 11.892553 -8.046571 1.000000
aniFrame
  m_time 1.221000
  m_vertexTransformMat 0.299858 -0.691452 -0.657251 0.000000 -0.301510 0.584949 -0.752946 0.000000 0.905084 0.423945 -0.033078 0.000000 11.429136 12.288297 -8.453058 1.000000
aniFrame
  m_time 1.237000
  m_vertexTransformMat 0.294906 -0.709969 -0.639511 0.000000 -0.283887 0.573956 -0.768104 0.000000 0.912381 0.408067 -0.032287 0.000000 11.545465 12.617086 -8.702877 1.000000
aniFrame
  m_time 1.253000
  m_vertexTransformMat 0.289451 -0.718064 -0.632931 0.000000 -0.280415 0.568614 -0.773335 0.000000 0.915197 0.401326 -0.036770 0.000000 11.624458 12.911239 -8.824928 1.000000
aniFrame
  m_time 1.269000
  m_vertexTransformMat 0.285772 -0.717912 -0.634773 0.000000 -0.284589 0.568935 -0.771572 0.000000 0.915065 0.401143 -0.041725 0.000000 11.681669 13.169889 -8.801190 1.000000
aniFrame
  m_time 1.285000
  m_vertexTransformMat 0.281107 -0.708754 -0.647029 0.000000 -0.300821 0.575159 -0.760723 0.000000 0.911310 0.408484 -0.051527 0.000000 11.708516 13.398027 -8.665619 1.000000
aniFrame
  m_time 1.301000
  m_vertexTransformMat 0.276258 -0.695495 -0.663300 0.000000 -0.324411 0.582171 -0.745543 0.000000 0.904676 0.421145 -0.064797 0.000000 11.707000 13.623018 -8.499608 1.000000
aniFrame
  m_time 1.317000
  m_vertexTransformMat 0.270633 -0.678452 -0.682980 0.000000 -0.351707 0.590732 -0.726181 0.000000 0.896136 0.436737 -0.078744 0.000000 11.695515 13.844063 -8.292022 1.000000
aniFrame
  m_time 1.333000
  m_vertexTransformMat 0.262868 -0.657823 -0.705812 0.000000 -0.384333 0.599602 -0.701973 0.000000 0.884980 0.455793 -0.095207 0.000000 11.669818 14.063111 -8.072641 1.000000
aniFrame
  m_time 1.349000
  m_vertexTransformMat 0.254435 -0.634171 -0.730130 0.000000 -0.419918 0.607646 -0.674118 0.000000 0.871167 0.478114 -0.111694 0.000000 11.630883 14.285762 -7.838902 1.000000
aniFrame
  m_time 1.365000
  m_vertexTransformMat 0.243357 -0.606950 -0.756564 0.000000 -0.459065 0.615043 -0.641079 0.000000 0.854422 0.503323 -0.128954 0.000000 11.580948 14.504480 -7.599019 1.000000
aniFrame
  m_time 1.381000
  m_vertexTransformMat 0.230327 -0.577548 -0.783191 0.000000 -0.500126 0.620146 -0.604395 0.000000 0.834760 0.530903 -0.146011 0.000000 11.518313 14.721106 -7.375170 1.000000
aniFrame
  m_time 1.397000
  m_vertexTransformMat 0.215392 -0.545682 -0.809838 0.000000 -0.542213 0.622891 -0.563926 0.000000 0.812165 0.560570 -0.161710 0.000000 11.445494 14.930620 -7.155085 1.000000
aniFrame
  m_time 1.413000
  m_vertexTransformMat 0.197737 -0.512311 -0.835726 0.000000 -0.584712 0.622638 -0.520032 0.000000 0.786773 0.591488 -0.176436 0.000000 11.367606 15.130871 -6.957510 1.000000
aniFrame
  m_time 1.429000
  m_vertexTransformMat 0.177922 -0.477587 -0.860381 0.000000 -0.626674 0.619118 -0.473258 0.000000 0.758699 0.623381 -0.189137 0.000000 11.287330 15.322237 -6.773321 1.000000
aniFrame
  m_time 1.445000
  m_vertexTransformMat 0.155757 -0.442055 -0.883361 0.000000 -0.667051 0.612503 -0.424128 0.000000 0.728549 0.655308 -0.199471 0.000000 11.210118 15.491577 -6.593076 1.000000
aniFrame
  m_time 1.461000
  m_vertexTransformMat 0.131321 -0.406588 -0.904125 0.000000 -0.705529 0.602356 -0.373357 0.000000 0.696407 0.686916 -0.207758 0.000000 11.143872 15.654828 -6.434404 1.000000
aniFrame
  m_time 1.477000
  m_vertexTransformMat 0.105226 -0.370887 -0.922698 0.000000 -0.740826 0.589738 -0.321536 0.000000 0.663403 0.717393 -0.212707 0.000000 11.088373 15.781503 -6.271998 1.000000
aniFrame
  m_time 1.493000
  m_vertexTransformMat 0.077393 -0.336498 -0.938499 0.000000 -0.772977 0.574278 -0.269650 0.000000 0.629695 0.746307 -0.215660 0.000000 11.053570 15.901586 -6.137954 1.000000
aniFrame
  m_time 1.509000
  m_vertexTransformMat 0.047846 -0.302824 -0.951845 0.000000 -0.801221 0.557398 -0.217608 0.000000 0.596453 0.773050 -0.215960 0.000000 11.058098 15.982307 -6.015427 1.000000
aniFrame
  m_time 1.525000
  m_vertexTransformMat 0.018324 -0.270762 -0.962472 0.000000 -0.825254 0.539369 -0.167447 0.000000 0.564465 0.797352 -0.213563 0.000000 11.078312 16.040606 -5.903854 1.000000
aniFrame
  m_time 1.541000
  m_vertexTransformMat -0.012434 -0.240607 -0.970543 0.000000 -0.844980 0.521513 -0.118463 0.000000 0.534653 0.818617 -0.209792 0.000000 11.160983 16.065857 -5.823698 1.000000
aniFrame
  m_time 1.557000
  m_vertexTransformMat -0.042264 -0.211718 -0.976417 0.000000 -0.860358 0.504556 -0.072164 0.000000 0.507935 0.837018 -0.203478 0.000000 11.274354 16.047169 -5.745963 1.000000
aniFrame
  m_time 1.573000
  m_vertexTransformMat -0.071151 -0.185874 -0.979994 0.000000 -0.871406 0.489668 -0.029608 0.000000 0.485375 0.851866 -0.196812 0.000000 11.439948 16.006376 -5.702412 1.000000
aniFrame
  m_time 1.589000
  m_vertexTransformMat -0.098586 -0.161605 -0.981919 0.000000 -0.878792 0.477107 0.009709 0.000000 0.466911 0.863859 -0.189053 0.000000 11.648069 15.922384 -5.667666 1.000000
aniFrame
  m_time 1.605000
  m_vertexTransformMat -0.126392 -0.136400 -0.982558 0.000000 -0.880078 0.472434 0.047625 0.000000 0.457697 0.870748 -0.179755 0.000000 12.023660 15.701323 -5.666232 1.000000
aniFrame
  m_time 1.621000
  m_vertexTransformMat -0.154568 -0.108987 -0.981952 0.000000 -0.874988 0.476655 0.084827 0.000000 0.458807 0.872308 -0.169038 0.000000 12.588422 15.312469 -5.705200 1.000000
aniFrame
  m_time 1.637000
  m_vertexTransformMat -0.182894 -0.077543 -0.980070 0.000000 -0.863151 0.489909 0.122314 0.000000 0.470660 0.868318 -0.156532 0.000000 13.337964 14.720798 -5.786193 1.000000
aniFrame
  m_time 1.653000
  m_vertexTransformMat -0.211217 -0.040216 -0.976612 0.000000 -0.843057 0.513097 0.161204 0.000000 0.494613 0.857388 -0.142279 0.000000 14.292486 13.867642 -5.927033 1.000000
aniFrame
  m_time 1.669000
  m_vertexTransformMat -0.236095 0.000168 -0.971730 0.000000 -0.817178 0.541077 0.198639 0.000000 0.525813 0.840973 -0.127608 0.000000 15.292932 12.843801 -6.100398 1.000000
aniFrame
  m_time 1.685000
  m_vertexTransformMat -0.256195 0.043744 -0.965635 0.000000 -0.785683 0.572509 0.234386 0.000000 0.563087 0.818731 -0.112304 0.000000 16.291876 11.644095 -6.291930 1.000000
aniFrame
  m_time 1.701000
  m_vertexTransformMat -0.270023 0.087754 -0.958847 0.000000 -0.750810 0.604264 0.266740 0.000000 0.602804 0.791937 -0.097278 0.000000 17.193058 10.347306 -6.473328 1.000000
aniFrame
  m_time 1.717000
  m_vertexTransformMat -0.276774 0.131176 -0.951940 0.000000 -0.713960 0.634972 0.295080 0.000000 0.643162 0.761317 -0.082089 0.000000 17.940632 8.986493 -6.608915 1.000000
aniFrame
  m_time 1.733000
  m_vertexTransformMat -0.276699 0.171297 -0.945566 0.000000 -0.677587 0.662955 0.318380 0.000000 0.681406 0.728799 -0.067370 0.000000 18.514660 7.643702 -6.690210 1.000000
aniFrame
  m_time 1.749000
  m_vertexTransformMat -0.270303 0.206110 -0.940455 0.000000 -0.644084 0.687331 0.335756 0.000000 0.715607 0.696487 -0.053035 0.000000 18.897940 6.389697 -6.689138 1.000000
aniFrame
  m_time 1.765000
  m_vertexTransformMat -0.258978 0.233739 -0.937175 0.000000 -0.615616 0.707718 0.346630 0.000000 0.744277 0.666709 -0.039390 0.000000 19.115124 5.293323 -6.608137 1.000000
aniFrame
  m_time 1.781000
  m_vertexTransformMat -0.244685 0.250519 -0.936680 0.000000 -0.596175 0.722982 0.349101 0.000000 0.764660 0.643845 -0.027549 0.000000 19.191746 4.491355 -6.448726 1.000000
aniFrame
  m_time 1.797000
  m_vertexTransformMat -0.228312 0.258421 -0.938665 0.000000 -0.584317 0.734811 0.344422 0.000000 0.778747 0.627113 -0.016766 0.000000 19.164742 3.929293 -6.209592 1.000000
aniFrame
  m_time 1.813000
  m_vertexTransformMat -0.211044 0.257801 -0.942867 0.000000 -0.579433 0.743851 0.333081 0.000000 0.787222 0.616623 -0.007607 0.000000 19.067711 3.597524 -5.907543 1.000000
aniFrame
  m_time 1.829000
  m_vertexTransformMat -0.192872 0.250170 -0.948797 0.000000 -0.580061 0.750829 0.315887 0.000000 0.791410 0.611286 0.000300 0.000000 18.915195 3.451327 -5.552211 1.000000
aniFrame
  m_time 1.845000
  m_vertexTransformMat -0.173367 0.239661 -0.955253 0.000000 -0.581652 0.757794 0.295684 0.000000 0.794748 0.606886 0.008023 0.000000 18.737774 3.344270 -5.169220 1.000000
aniFrame
  m_time 1.861000
  m_vertexTransformMat -0.152795 0.225393 -0.962212 0.000000 -0.584898 0.764181 0.271885 0.000000 0.796585 0.604339 0.015068 0.000000 18.530943 3.310148 -4.763891 1.000000
aniFrame
  m_time 1.877000
  m_vertexTransformMat -0.131388 0.207947 -0.969276 0.000000 -0.589335 0.769830 0.245044 0.000000 0.797133 0.603424 0.021404 0.000000 18.295782 3.341144 -4.355245 1.000000
aniFrame
  m_time 1.893000
  m_vertexTransformMat -0.108981 0.187140 -0.976270 0.000000 -0.594899 0.774547 0.214880 0.000000 0.796379 0.604199 0.026919 0.000000 18.032026 3.442481 -3.946297 1.000000
aniFrame
  m_time 1.909000
  m_vertexTransformMat -0.086167 0.163764 -0.982730 0.000000 -0.600815 0.778306 0.182379 0.000000 0.794731 0.606153 0.031327 0.000000 17.746920 3.593691 -3.561736 1.000000
aniFrame
  m_time 1.925000
  m_vertexTransformMat -0.062235 0.137574 -0.988535 0.000000 -0.607327 0.780754 0.146893 0.000000 0.792010 0.609506 0.034962 0.000000 17.435509 3.805535 -3.195444 1.000000
aniFrame
  m_time 1.941000
  m_vertexTransformMat -0.038722 0.109547 -0.993227 0.000000 -0.613295 0.782132 0.110175 0.000000 0.788904 0.613408 0.036899 0.000000 17.113871 4.047328 -2.884919 1.000000
aniFrame
  m_time 1.957000
  m_vertexTransformMat -0.013785 0.079163 -0.996767 0.000000 -0.619194 0.782052 0.070674 0.000000 0.785118 0.618165 0.038237 0.000000 16.768795 4.337465 -2.607146 1.000000
aniFrame
  m_time 1.973000
  m_vertexTransformMat 0.010468 0.048016 -0.998792 0.000000 -0.625299 0.779772 0.030934 0.000000 0.780316 0.624219 0.038187 0.000000 16.405458 4.657838 -2.401730 1.000000
aniFrame
  m_time 1.989000
  m_vertexTransformMat 0.035415 0.014840 -0.999263 0.000000 -0.629623 0.776826 -0.010778 0.000000 0.776093 0.629540 0.036855 0.000000 16.023087 4.996563 -2.259938 1.000000
aniFrame
  m_time 2.005000
  m_vertexTransformMat 0.060570 -0.018190 -0.997998 0.000000 -0.634150 0.771422 -0.052548 0.000000 0.770834 0.636064 0.035190 0.000000 15.614793 5.352074 -2.175907 1.000000
aniFrame
  m_time 2.021000
  m_vertexTransformMat 0.084684 -0.052423 -0.995028 0.000000 -0.637006 0.765042 -0.094520 0.000000 0.766193 0.641843 0.031393 0.000000 15.198479 5.716711 -2.175179 1.000000
aniFrame
  m_time 2.037000
  m_vertexTransformMat 0.110170 -0.086392 -0.990151 0.000000 -0.638195 0.757568 -0.137108 0.000000 0.761951 0.647014 0.028326 0.000000 14.757518 6.066187 -2.205278 1.000000
aniFrame
  m_time 2.053000
  m_vertexTransformMat 0.133482 -0.120184 -0.983737 0.000000 -0.638794 0.748476 -0.178119 0.000000 0.757711 0.652181 0.023135 0.000000 14.332264 6.417243 -2.313582 1.000000
aniFrame
  m_time 2.069000
  m_vertexTransformMat 0.157286 -0.153527 -0.975547 0.000000 -0.637733 0.738459 -0.219036 0.000000 0.754029 0.656589 0.018240 0.000000 13.889141 6.754991 -2.448267 1.000000
aniFrame
  m_time 2.085000
  m_vertexTransformMat 0.179735 -0.185578 -0.966052 0.000000 -0.635651 0.727577 -0.258031 0.000000 0.750762 0.660449 0.012808 0.000000 13.465680 7.063727 -2.624613 1.000000
aniFrame
  m_time 2.101000
