m_aniFrameList.size 202
aniFrame
  m_time -1.066000
  m_vertexTransformMat 0.058895 -0.716615 0.694977 0.000000 0.717135 0.514673 0.469925 0.000000 -0.694441 0.470716 0.544222 0.000000 -10.217218 -6.851710 -4.219136 1.000000
aniFrame
  m_time -1.050000
  m_vertexTransformMat 0.073323 -0.733138 0.676116 0.000000 0.688797 0.527502 0.497293 0.000000 -0.721236 0.429244 0.543662 0.000000 -10.361248 -7.677946 -4.824736 1.000000
aniFrame
  m_time -1.034000
  m_vertexTransformMat 0.089580 -0.748776 0.656743 0.000000 0.658724 0.539119 0.524818 0.000000 -0.747033 0.385599 0.541531 0.000000 -10.453563 -8.505041 -5.462553 1.000000
aniFrame
  m_time -1.018000
  m_vertexTransformMat 0.107584 -0.765605 0.634251 0.000000 0.624919 0.548248 0.555789 0.000000 -0.773241 0.336562 0.537424 0.000000 -10.501135 -9.391957 -6.206854 1.000000
aniFrame
  m_time -1.002000
  m_vertexTransformMat 0.127755 -0.781836 0.610254 0.000000 0.589001 0.554853 0.587552 0.000000 -0.797970 0.284377 0.531387 0.000000 -10.478713 -10.288665 -7.005083 1.000000
aniFrame
  m_time -0.986000
  m_vertexTransformMat 0.149880 -0.796531 0.585725 0.000000 0.552866 0.558661 0.618254 0.000000 -0.819680 0.231163 0.524107 0.000000 -10.370827 -11.160979 -7.808915 1.000000
aniFrame
  m_time -0.970000
  m_vertexTransformMat 0.173813 -0.809393 0.560957 0.000000 0.517050 0.559803 0.647519 0.000000 -0.838122 0.177495 0.515798 0.000000 -10.178786 -11.999006 -8.605494 1.000000
aniFrame
  m_time -0.954000
  m_vertexTransformMat 0.198853 -0.819509 0.537459 0.000000 0.483792 0.559017 0.673384 0.000000 -0.852293 0.126114 0.507634 0.000000 -9.899067 -12.766196 -9.325376 1.000000
aniFrame
  m_time -0.938000
  m_vertexTransformMat 0.224530 -0.827156 0.515169 0.000000 0.453521 0.556623 0.696053 0.000000 -0.862499 0.077355 0.500112 0.000000 -9.549981 -13.465700 -9.967379 1.000000
aniFrame
  m_time -0.922000
  m_vertexTransformMat 0.249803 -0.831654 0.495934 0.000000 0.428465 0.554239 0.713609 0.000000 -0.868341 0.034229 0.494785 0.000000 -9.162015 -14.065935 -10.464006 1.000000
aniFrame
  m_time -0.906000
  m_vertexTransformMat 0.274103 -0.833668 0.479443 0.000000 0.408837 0.552257 0.726543 0.000000 -0.870471 -0.003134 0.492210 0.000000 -8.754190 -14.579091 -10.819554 1.000000
aniFrame
  m_time -0.890000
  m_vertexTransformMat 0.296178 -0.832634 0.467973 0.000000 0.396977 0.552944 0.732572 0.000000 -0.868728 -0.031197 0.494307 0.000000 -8.382635 -14.973656 -10.980705 1.000000
aniFrame
  m_time -0.874000
  m_vertexTransformMat 0.315676 -0.829338 0.461030 0.000000 0.392606 0.556494 0.732240 0.000000 -0.863834 -0.050147 0.501275 0.000000 -8.057246 -15.265773 -10.953623 1.000000
aniFrame
  m_time -0.858000
  m_vertexTransformMat 0.332662 -0.824550 0.457662 0.000000 0.394445 0.562469 0.726666 0.000000 -0.856592 -0.061211 0.512351 0.000000 -7.786777 -15.486870 -10.778030 1.000000
aniFrame
  m_time -0.842000
  m_vertexTransformMat 0.346992 -0.818479 0.457918 0.000000 0.402539 0.570967 0.715514 0.000000 -0.847088 -0.063948 0.527591 0.000000 -7.576338 -15.635488 -10.448973 1.000000
aniFrame
  m_time -0.826000
  m_vertexTransformMat 0.359796 -0.812077 0.459432 0.000000 0.413386 0.580186 0.701781 0.000000 -0.836456 -0.062575 0.544450 0.000000 -7.397705 -15.767775 -10.059854 1.000000
aniFrame
  m_time -0.810000
  m_vertexTransformMat 0.371160 -0.805484 0.461993 0.000000 0.427160 0.589871 0.685264 0.000000 -0.824485 -0.056997 0.563007 0.000000 -7.253386 -15.883159 -9.610662 1.000000
aniFrame
  m_time -0.794000
  m_vertexTransformMat 0.381323 -0.798359 0.466065 0.000000 0.442505 0.600281 0.666223 0.000000 -0.811655 -0.047810 0.582178 0.000000 -7.124516 -15.979779 -9.122021 1.000000
aniFrame
  m_time -0.778000
  m_vertexTransformMat 0.390526 -0.790810 0.471284 0.000000 0.460310 0.611085 0.643964 0.000000 -0.797248 -0.034548 0.602663 0.000000 -7.016346 -16.050451 -8.588008 1.000000
aniFrame
  m_time -0.762000
  m_vertexTransformMat 0.398846 -0.782473 0.478182 0.000000 0.478202 0.622410 0.619619 0.000000 -0.782461 -0.018464 0.622426 0.000000 -6.907513 -16.099602 -8.042562 1.000000
aniFrame
  m_time -0.746000
  m_vertexTransformMat 0.407131 -0.773222 0.486181 0.000000 0.497382 0.634135 0.592017 0.000000 -0.766065 0.000789 0.642762 0.000000 -6.798357 -16.116922 -7.477611 1.000000
aniFrame
  m_time -0.730000
  m_vertexTransformMat 0.414102 -0.763706 0.495251 0.000000 0.517016 0.645151 0.562560 0.000000 -0.749142 0.023095 0.662007 0.000000 -6.699715 -16.103668 -6.921430 1.000000
aniFrame
  m_time -0.714000
  m_vertexTransformMat 0.422028 -0.752320 0.505873 0.000000 0.535484 0.657120 0.530519 0.000000 -0.731539 0.046993 0.680178 0.000000 -6.562922 -16.055979 -6.364945 1.000000
aniFrame
  m_time -0.698000
  m_vertexTransformMat 0.429316 -0.740871 0.516525 0.000000 0.555000 0.667601 0.496270 0.000000 -0.712505 0.073615 0.697795 0.000000 -6.434291 -15.972986 -5.820806 1.000000
aniFrame
  m_time -0.682000
  m_vertexTransformMat 0.436490 -0.727917 0.528785 0.000000 0.572644 0.678082 0.460742 0.000000 -0.693941 0.101696 0.712813 0.000000 -6.276700 -15.847668 -5.287479 1.000000
aniFrame
  m_time -0.666000
  m_vertexTransformMat 0.446137 -0.713068 0.540827 0.000000 0.588708 0.688978 0.422767 0.000000 -0.674080 0.129777 0.727168 0.000000 -6.058861 -15.692401 -4.763921 1.000000
aniFrame
  m_time -0.650000
  m_vertexTransformMat 0.455230 -0.697502 0.553404 0.000000 0.603375 0.698731 0.384335 0.000000 -0.654755 0.158949 0.738939 0.000000 -5.835423 -15.498500 -4.271687 1.000000
aniFrame
  m_time -0.634000
  m_vertexTransformMat 0.465457 -0.680168 0.566323 0.000000 0.615951 0.708423 0.344588 0.000000 -0.635574 0.188436 0.748691 0.000000 -5.560579 -15.256148 -3.797331 1.000000
aniFrame
  m_time -0.618000
  m_vertexTransformMat 0.476805 -0.661933 0.578362 0.000000 0.626599 0.717399 0.304488 0.000000 -0.616467 0.217219 0.756825 0.000000 -5.254012 -14.989797 -3.362796 1.000000
aniFrame
  m_time -0.602000
  m_vertexTransformMat 0.488504 -0.642064 0.590861 0.000000 0.634702 0.726146 0.264322 0.000000 -0.598763 0.245898 0.762245 0.000000 -4.923631 -14.671796 -2.957269 1.000000
aniFrame
  m_time -0.586000
  m_vertexTransformMat 0.502092 -0.621190 0.601686 0.000000 0.640497 0.734590 0.223923 0.000000 -0.581091 0.272948 0.766702 0.000000 -4.538123 -14.330498 -2.591628 1.000000
aniFrame
  m_time -0.570000
  m_vertexTransformMat 0.515789 -0.599108 0.612398 0.000000 0.643504 0.742821 0.184713 0.000000 -0.565565 0.298808 0.768668 0.000000 -4.147337 -13.952512 -2.268472 1.000000
aniFrame
  m_time -0.554000
  m_vertexTransformMat 0.530352 -0.576558 0.621536 0.000000 0.644142 0.750700 0.146734 0.000000 -0.551188 0.322537 0.769520 0.000000 -3.730440 -13.553097 -1.983047 1.000000
aniFrame
  m_time -0.538000
  m_vertexTransformMat 0.546168 -0.552961 0.629234 0.000000 0.641801 0.758958 0.109884 0.000000 -0.538323 0.343828 0.769409 0.000000 -3.278111 -13.133471 -1.745484 1.000000
aniFrame
  m_time -0.522000
  m_vertexTransformMat 0.566942 -0.522778 0.636616 0.000000 0.633539 0.770660 0.068650 0.000000 -0.526502 0.364400 0.768120 0.000000 -2.687652 -12.574569 -1.531356 1.000000
aniFrame
  m_time -0.506000
  m_vertexTransformMat 0.591736 -0.487105 0.642322 0.000000 0.619552 0.784582 0.024229 0.000000 -0.515756 0.383615 0.766052 0.000000 -1.980460 -11.903830 -1.368786 1.000000
aniFrame
  m_time -0.490000
  m_vertexTransformMat 0.620976 -0.442865 0.646730 0.000000 0.598526 0.800668 -0.026413 0.000000 -0.506119 0.403487 0.762262 0.000000 -1.145066 -11.043687 -1.252684 1.000000
aniFrame
  m_time -0.474000
  m_vertexTransformMat 0.653992 -0.390833 0.647722 0.000000 0.570314 0.817253 -0.082707 0.000000 -0.497028 0.423495 0.757374 0.000000 -0.195167 -10.009562 -1.218930 1.000000
aniFrame
  m_time -0.458000
  m_vertexTransformMat 0.685602 -0.335868 0.645866 0.000000 0.538463 0.831033 -0.139431 0.000000 -0.489906 0.443369 0.750610 0.000000 0.725806 -8.879636 -1.255544 1.000000
aniFrame
  m_time -0.442000
  m_vertexTransformMat 0.716942 -0.278060 0.639279 0.000000 0.502461 0.841772 -0.197366 0.000000 -0.483247 0.462712 0.743216 0.000000 1.638271 -7.664347 -1.380643 1.000000
aniFrame
  m_time -0.426000
  m_vertexTransformMat 0.742772 -0.222978 0.631324 0.000000 0.467241 0.847982 -0.250225 0.000000 -0.479557 0.480840 0.734042 0.000000 2.408079 -6.457788 -1.547796 1.000000
aniFrame
  m_time -0.410000
  m_vertexTransformMat 0.766194 -0.170245 0.619648 0.000000 0.431848 0.850482 -0.300314 0.000000 -0.475872 0.497692 0.725154 0.000000 3.076299 -5.267229 -1.753819 1.000000
aniFrame
  m_time -0.394000
  m_vertexTransformMat 0.783169 -0.124748 0.609167 0.000000 0.400815 0.850259 -0.341184 0.000000 -0.475388 0.511368 0.715898 0.000000 3.576650 -4.194020 -1.951548 1.000000
aniFrame
  m_time -0.378000
  m_vertexTransformMat 0.795061 -0.087655 0.600163 0.000000 0.376023 0.847632 -0.374335 0.000000 -0.475904 0.523294 0.706879 0.000000 3.918688 -3.248032 -2.109955 1.000000
aniFrame
  m_time -0.362000
  m_vertexTransformMat 0.803377 -0.061447 0.592292 0.000000 0.356960 0.845828 -0.396427 0.000000 -0.476618 0.529905 0.701453 0.000000 4.135609 -2.517720 -2.225106 1.000000
aniFrame
  m_time -0.346000
  m_vertexTransformMat 0.803447 -0.049602 0.593307 0.000000 0.350633 0.844798 -0.404195 0.000000 -0.481175 0.532782 0.696142 0.000000 4.162272 -2.043993 -2.221210 1.000000
aniFrame
  m_time -0.330000
  m_vertexTransformMat 0.799798 -0.050717 0.598123 0.000000 0.354062 0.844493 -0.401836 0.000000 -0.484731 0.533160 0.693381 0.000000 4.069009 -1.789436 -2.142608 1.000000
aniFrame
  m_time -0.314000
  m_vertexTransformMat 0.790097 -0.063499 0.609685 0.000000 0.366707 0.845974 -0.387110 0.000000 -0.491196 0.529430 0.691687 0.000000 3.831543 -1.753610 -1.962448 1.000000
aniFrame
  m_time -0.298000
  m_vertexTransformMat 0.775788 -0.082337 0.625599 0.000000 0.385354 0.846908 -0.366402 0.000000 -0.499656 0.525327 0.688749 0.000000 3.494720 -1.828515 -1.723391 1.000000
aniFrame
  m_time -0.282000
  m_vertexTransformMat 0.758730 -0.106498 0.642642 0.000000 0.407464 0.847307 -0.340654 0.000000 -0.508235 0.520317 0.686271 0.000000 3.098354 -1.977408 -1.471239 1.000000
aniFrame
  m_time -0.266000
  m_vertexTransformMat 0.737104 -0.135379 0.662080 0.000000 0.433313 0.846497 -0.309327 0.000000 -0.518572 0.514894 0.682618 0.000000 2.618927 -2.195457 -1.200219 1.000000
aniFrame
  m_time -0.250000
  m_vertexTransformMat 0.712162 -0.168368 0.681526 0.000000 0.461650 0.843694 -0.273971 0.000000 -0.528871 0.509738 0.678574 0.000000 2.071364 -2.465015 -0.941152 1.000000
aniFrame
  m_time -0.234000
  m_vertexTransformMat 0.682576 -0.205472 0.701336 0.000000 0.492063 0.838753 -0.233170 0.000000 -0.540337 0.504257 0.673618 0.000000 1.447134 -2.784518 -0.700847 1.000000
aniFrame
  m_time -0.218000
  m_vertexTransformMat 0.649042 -0.245053 0.720204 0.000000 0.523381 0.830884 -0.188954 0.000000 -0.552102 0.499580 0.667535 0.000000 0.759524 -3.130189 -0.497473 1.000000
aniFrame
  m_time -0.202000
  m_vertexTransformMat 0.611907 -0.287067 0.736995 0.000000 0.554860 0.819849 -0.141345 0.000000 -0.563649 0.495420 0.660953 0.000000 0.016261 -3.499310 -0.348256 1.000000
aniFrame
  m_time -0.186000
  m_vertexTransformMat 0.570886 -0.330086 0.751752 0.000000 0.585554 0.805511 -0.090983 0.000000 -0.575513 0.492133 0.653139 0.000000 -0.776564 -3.872019 -0.261111 1.000000
aniFrame
  m_time -0.170000
  m_vertexTransformMat 0.526733 -0.373828 0.763417 0.000000 0.614885 0.787674 -0.038545 0.000000 -0.586914 0.489716 0.644756 0.000000 -1.611807 -4.241828 -0.248835 1.000000
aniFrame
  m_time -0.154000
  m_vertexTransformMat 0.480007 -0.417206 0.771707 0.000000 0.641794 0.766725 0.015312 0.000000 -0.598075 0.487927 0.635794 0.000000 -2.476082 -4.603023 -0.321212 1.000000
aniFrame
  m_time -0.138000
  m_vertexTransformMat 0.430941 -0.459396 0.776689 0.000000 0.666060 0.742636 0.069695 0.000000 -0.608814 0.487287 0.626017 0.000000 -3.372920 -4.931277 -0.478106 1.000000
aniFrame
  m_time -0.122000
  m_vertexTransformMat 0.381145 -0.500194 0.777518 0.000000 0.686757 0.716215 0.124103 0.000000 -0.618945 0.486665 0.616494 0.000000 -4.271385 -5.249564 -0.716781 1.000000
aniFrame
  m_time -0.106000
  m_vertexTransformMat 0.330551 -0.538260 0.775250 0.000000 0.703891 0.687795 0.177414 0.000000 -0.628708 0.487046 0.606228 0.000000 -5.181399 -5.517141 -1.031027 1.000000
aniFrame
  m_time -0.090000
  m_vertexTransformMat 0.280480 -0.573910 0.769388 0.000000 0.716768 0.658361 0.229794 0.000000 -0.638416 0.487020 0.596017 0.000000 -6.081933 -5.769040 -1.414213 1.000000
aniFrame
  m_time -0.074000
  m_vertexTransformMat 0.232433 -0.606381 0.760445 0.000000 0.725855 0.628565 0.279359 0.000000 -0.647387 0.487041 0.586244 0.000000 -6.939359 -5.983333 -1.847944 1.000000
aniFrame
  m_time -0.058000
  m_vertexTransformMat 0.186377 -0.635481 0.749285 0.000000 0.730432 0.599670 0.326903 0.000000 -0.657064 0.486375 0.575940 0.000000 -7.776989 -6.173954 -2.329899 1.000000
aniFrame
  m_time -0.042000
  m_vertexTransformMat 0.144564 -0.661865 0.735551 0.000000 0.731511 0.572067 0.370988 0.000000 -0.666328 0.484432 0.566862 0.000000 -8.540105 -6.360072 -2.838872 1.000000
aniFrame
  m_time -0.026000
  m_vertexTransformMat 0.107567 -0.684238 0.721282 0.000000 0.728986 0.547595 0.410755 0.000000 -0.676024 0.481621 0.557703 0.000000 -9.233472 -6.518327 -3.349651 1.000000
aniFrame
  m_time -0.010000
  m_vertexTransformMat 0.075598 -0.704184 0.705982 0.000000 0.723748 0.525774 0.446935 0.000000 -0.685911 0.477165 0.549399 0.000000 -9.852049 -6.687675 -3.857640 1.000000
aniFrame
  m_time 0.005000
  m_vertexTransformMat 0.052216 -0.722656 0.689233 0.000000 0.712618 0.510473 0.481242 0.000000 -0.699607 0.466031 0.541633 0.000000 -10.385674 -6.956592 -4.410983 1.000000
aniFrame
  m_time 0.021000
  m_vertexTransformMat 0.038304 -0.740682 0.670763 0.000000 0.695298 0.501869 0.514478 0.000000 -0.717700 0.446674 0.534218 0.000000 -10.831339 -7.363852 -5.022489 1.000000
aniFrame
  m_time 0.037000
  m_vertexTransformMat 0.034415 -0.759039 0.650135 0.000000 0.671557 0.499333 0.547427 0.000000 -0.740153 0.417764 0.526922 0.000000 -11.173225 -7.933965 -5.710419 1.000000
aniFrame
  m_time 0.053000
  m_vertexTransformMat 0.042113 -0.777972 0.626886 0.000000 0.640077 0.502782 0.580958 0.000000 -0.767156 0.376789 0.519136 0.000000 -11.388992 -8.702371 -6.501698 1.000000
aniFrame
  m_time 0.069000
  m_vertexTransformMat 0.058912 -0.795698 0.602822 0.000000 0.604759 0.508892 0.612613 0.000000 -0.794226 0.328472 0.511186 0.000000 -11.453354 -9.567634 -7.317010 1.000000
aniFrame
  m_time 0.085000
  m_vertexTransformMat 0.084652 -0.811578 0.578079 0.000000 0.566414 0.516502 0.642185 0.000000 -0.819762 0.273069 0.503412 0.000000 -11.347399 -10.512371 -8.142983 1.000000
aniFrame
  m_time 0.101000
  m_vertexTransformMat 0.116765 -0.824290 0.553997 0.000000 0.527813 0.524021 0.668443 0.000000 -0.841296 0.214356 0.496258 0.000000 -11.076232 -11.463115 -8.919971 1.000000
aniFrame
  m_time 0.117000
  m_vertexTransformMat 0.153937 -0.833391 0.530813 0.000000 0.490631 0.530779 0.691054 0.000000 -0.857662 0.154055 0.490594 0.000000 -10.638345 -12.389282 -9.617272 1.000000
aniFrame
  m_time 0.133000
  m_vertexTransformMat 0.193258 -0.838425 0.509602 0.000000 0.457035 0.536530 0.709405 0.000000 -0.868199 0.095807 0.486879 0.000000 -10.090200 -13.239749 -10.201841 1.000000
aniFrame
  m_time 0.149000
  m_vertexTransformMat 0.232286 -0.839641 0.490965 0.000000 0.428977 0.541464 0.723046 0.000000 -0.872939 0.042659 0.485961 0.000000 -9.475511 -13.982836 -10.637985 1.000000
aniFrame
  m_time 0.165000
  m_vertexTransformMat 0.268524 -0.837650 0.475644 0.000000 0.407820 0.546201 0.731674 0.000000 -0.872684 -0.002494 0.488279 0.000000 -8.864610 -14.597526 -10.916904 1.000000
aniFrame
  m_time 0.181000
  m_vertexTransformMat 0.297712 -0.833441 0.465559 0.000000 0.396245 0.551560 0.734011 0.000000 -0.868538 -0.034048 0.494452 0.000000 -8.367974 -15.034541 -10.998797 1.000000
aniFrame
  m_time 0.197000
  m_vertexTransformMat 0.321109 -0.828080 0.459536 0.000000 0.392654 0.557973 0.731088 0.000000 -0.861807 -0.054320 0.504319 0.000000 -7.972148 -15.345336 -10.914083 1.000000
aniFrame
  m_time 0.213000
  m_vertexTransformMat 0.338560 -0.822306 0.457374 0.000000 0.396353 0.565482 0.723280 0.000000 -0.853394 -0.063591 0.517373 0.000000 -7.695984 -15.551308 -10.680811 1.000000
aniFrame
  m_time 0.229000
  m_vertexTransformMat 0.351456 -0.816310 0.458386 0.000000 0.405930 0.574075 0.711097 0.000000 -0.843623 -0.063847 0.533127 0.000000 -7.512802 -15.680036 -10.322456 1.000000
aniFrame
  m_time 0.245000
  m_vertexTransformMat 0.363753 -0.809924 0.460117 0.000000 0.417710 0.583334 0.696592 0.000000 -0.832588 -0.061191 0.550503 0.000000 -7.346243 -15.808428 -9.916497 1.000000
aniFrame
  m_time 0.261000
  m_vertexTransformMat 0.374656 -0.803175 0.463189 0.000000 0.432139 0.593264 0.679186 0.000000 -0.820298 -0.054299 0.569353 0.000000 -7.209418 -15.917369 -9.451016 1.000000
aniFrame
  m_time 0.277000
  m_vertexTransformMat 0.384506 -0.795900 0.467652 0.000000 0.448244 0.603841 0.659131 0.000000 -0.806990 -0.043817 0.588938 0.000000 -7.086720 -16.006201 -8.948170 1.000000
aniFrame
  m_time 0.293000
  m_vertexTransformMat 0.393366 -0.788143 0.473385 0.000000 0.466370 0.614788 0.636029 0.000000 -0.792314 -0.029419 0.609403 0.000000 -6.981423 -16.068991 -8.405604 1.000000
aniFrame
  m_time 0.309000
  m_vertexTransformMat 0.401656 -0.779451 0.480759 0.000000 0.484382 0.626340 0.610797 0.000000 -0.777204 -0.012459 0.629125 0.000000 -6.869887 -16.109396 -7.856382 1.000000
aniFrame
  m_time 0.325000
  m_vertexTransformMat 0.409640 -0.770081 0.489050 0.000000 0.504032 0.637897 0.582272 0.000000 -0.760360 0.007975 0.649453 0.000000 -6.765146 -16.115326 -7.289005 1.000000
aniFrame
  m_time 0.341000
  m_vertexTransformMat 0.416554 -0.760114 0.498707 0.000000 0.523150 0.649057 0.552303 0.000000 -0.743503 0.030834 0.668022 0.000000 -6.658078 -16.092289 -6.737432 1.000000
aniFrame
  m_time 0.357000
  m_vertexTransformMat 0.424740 -0.748383 0.509430 0.000000 0.541887 0.660937 0.519155 0.000000 -0.725227 0.055547 0.686266 0.000000 -6.516079 -16.031601 -6.179685 1.000000
aniFrame
  m_time 0.373000
  m_vertexTransformMat 0.431397 -0.736934 0.520409 0.000000 0.561234 0.670856 0.484737 0.000000 -0.706337 0.082957 0.702998 0.000000 -6.391148 -15.936469 -5.644247 1.000000
aniFrame
  m_time 0.389000
  m_vertexTransformMat 0.439550 -0.723011 0.532964 0.000000 0.578038 0.681855 0.448271 0.000000 -0.687509 0.111036 0.717637 0.000000 -6.207315 -15.797892 -5.109601 1.000000
aniFrame
  m_time 0.405000
  m_vertexTransformMat 0.449253 -0.708111 0.544749 0.000000 0.593909 0.692218 0.410008 0.000000 -0.667416 0.139334 0.731534 0.000000 -5.986390 -15.634916 -4.598065 1.000000
aniFrame
  m_time 0.421000
  m_vertexTransformMat 0.458360 -0.691870 0.557874 0.000000 0.607735 0.702000 0.371287 0.000000 -0.648510 0.168857 0.742242 0.000000 -5.751800 -15.421124 -4.110932 1.000000
aniFrame
  m_time 0.437000
  m_vertexTransformMat 0.469401 -0.674217 0.570171 0.000000 0.619818 0.711497 0.331057 0.000000 -0.628879 0.198004 0.751869 0.000000 -5.455965 -15.171934 -3.647273 1.000000
aniFrame
  m_time 0.453000
  m_vertexTransformMat 0.480490 -0.655503 0.582619 0.000000 0.629553 0.720313 0.291226 0.000000 -0.610567 0.226858 0.758778 0.000000 -5.150761 -14.889344 -3.225277 1.000000
aniFrame
  m_time 0.469000
  m_vertexTransformMat 0.493051 -0.635152 0.594544 0.000000 0.636921 0.729046 0.250647 0.000000 -0.592649 0.255096 0.763999 0.000000 -4.795096 -14.559005 -2.828450 1.000000
aniFrame
  m_time 0.485000
  m_vertexTransformMat 0.506571 -0.614023 0.605279 0.000000 0.641819 0.737311 0.210810 0.000000 -0.575721 0.281689 0.767592 0.000000 -4.410379 -14.210521 -2.480851 1.000000
aniFrame
  m_time 0.501000
  m_vertexTransformMat 0.520714 -0.591367 0.615746 0.000000 0.643873 0.745638 0.171616 0.000000 -0.560611 0.307099 0.769029 0.000000 -4.006870 -13.814789 -2.165942 1.000000
aniFrame
  m_time 0.517000
  m_vertexTransformMat 0.535255 -0.569164 0.624143 0.000000 0.643870 0.753190 0.134672 0.000000 -0.546749 0.329783 0.769616 0.000000 -3.589741 -13.423008 -1.900832 1.000000
aniFrame
  m_time 0.533000
  m_vertexTransformMat 0.552546 -0.543555 0.631855 0.000000 0.639706 0.762530 0.096557 0.000000 -0.534293 0.350849 0.769049 0.000000 -3.096920 -12.960505 -1.669273 1.000000
aniFrame
  m_time 0.549000
  m_vertexTransformMat 0.574780 -0.511616 0.638653 0.000000 0.629552 0.775059 0.054300 0.000000 -0.522774 0.370855 0.767577 0.000000 -2.464366 -12.366600 -1.472102 1.000000
aniFrame
  m_time 0.565000
  m_vertexTransformMat 0.600853 -0.473478 0.644045 0.000000 0.613447 0.789693 0.008246 0.000000 -0.512502 0.390133 0.764943 0.000000 -1.719896 -11.641411 -1.323330 1.000000
aniFrame
  m_time 0.581000
  m_vertexTransformMat 0.631886 -0.426108 0.647420 0.000000 0.589735 0.806349 -0.044875 0.000000 -0.502925 0.410162 0.760811 0.000000 -0.832769 -10.713935 -1.232235 1.000000
aniFrame
  m_time 0.597000
  m_vertexTransformMat 0.664676 -0.372780 0.647488 0.000000 0.560061 0.822202 -0.101560 0.000000 -0.494507 0.430138 0.755278 0.000000 0.116078 -9.642237 -1.223502 1.000000
aniFrame
  m_time 0.613000
  m_vertexTransformMat 0.696358 -0.316660 0.644060 0.000000 0.526729 0.835041 -0.158942 0.000000 -0.487486 0.449925 0.748281 0.000000 1.037154 -8.479774 -1.288368 1.000000
aniFrame
  m_time 0.629000
  m_vertexTransformMat 0.726223 -0.259227 0.636711 0.000000 0.490457 0.844366 -0.215638 0.000000 -0.481718 0.468880 0.740338 0.000000 1.914206 -7.258185 -1.434494 1.000000
aniFrame
  m_time 0.645000
  m_vertexTransformMat 0.750941 -0.204991 0.627748 0.000000 0.455386 0.849171 -0.267456 0.000000 -0.478239 0.486711 0.731027 0.000000 2.643145 -6.055383 -1.612662 1.000000
aniFrame
  m_time 0.661000
  m_vertexTransformMat 0.772817 -0.153994 0.615662 0.000000 0.420655 0.850685 -0.315253 0.000000 -0.475188 0.502614 0.722202 0.000000 3.266344 -4.891766 -1.824865 1.000000
aniFrame
  m_time 0.677000
  m_vertexTransformMat 0.787384 -0.111418 0.606311 0.000000 0.392029 0.849535 -0.352993 0.000000 -0.475753 0.515632 0.712589 0.000000 3.703477 -3.862349 -2.007124 1.000000
aniFrame
  m_time 0.693000
  m_vertexTransformMat 0.798487 -0.077496 0.597002 0.000000 0.368802 0.846774 -0.383353 0.000000 -0.475818 0.526278 0.704719 0.000000 4.007735 -2.974865 -2.156334 1.000000
aniFrame
  m_time 0.709000
  m_vertexTransformMat 0.804196 -0.055832 0.591736 0.000000 0.353307 0.845497 -0.400385 0.000000 -0.477958 0.531052 0.699671 0.000000 4.164217 -2.332850 -2.236807 1.000000
aniFrame
  m_time 0.725000
  m_vertexTransformMat 0.802402 -0.048773 0.594788 0.000000 0.351097 0.844507 -0.404400 0.000000 -0.482579 0.533320 0.694757 0.000000 4.140115 -1.937076 -2.200103 1.000000
aniFrame
  m_time 0.741000
  m_vertexTransformMat 0.797477 -0.053804 0.600945 0.000000 0.357124 0.844891 -0.398273 0.000000 -0.486305 0.532226 0.692996 0.000000 4.008586 -1.755477 -2.096127 1.000000
aniFrame
  m_time 0.757000
  m_vertexTransformMat 0.785454 -0.069443 0.615013 0.000000 0.372656 0.846437 -0.380358 0.000000 -0.494157 0.527941 0.690716 0.000000 3.723425 -1.773340 -1.883093 1.000000
aniFrame
  m_time 0.773000
  m_vertexTransformMat 0.770696 -0.089626 0.630869 0.000000 0.392163 0.847061 -0.358743 0.000000 -0.502232 0.523885 0.687974 0.000000 3.373354 -1.867121 -1.643446 1.000000
aniFrame
  m_time 0.789000
  m_vertexTransformMat 0.751902 -0.115781 0.649029 0.000000 0.415799 0.847255 -0.330562 0.000000 -0.511620 0.518416 0.685194 0.000000 2.945941 -2.044932 -1.380849 1.000000
aniFrame
  m_time 0.805000
  m_vertexTransformMat 0.729290 -0.145754 0.668500 0.000000 0.442422 0.845760 -0.298251 0.000000 -0.521919 0.513271 0.681289 0.000000 2.445746 -2.278142 -1.112713 1.000000
aniFrame
  m_time 0.821000
  m_vertexTransformMat 0.702803 -0.180426 0.688124 0.000000 0.471649 0.842319 -0.260855 0.000000 -0.532554 0.507883 0.677083 0.000000 1.870868 -2.567424 -0.858136 1.000000
aniFrame
  m_time 0.837000
  m_vertexTransformMat 0.671801 -0.218310 0.707831 0.000000 0.502383 0.836499 -0.218817 0.000000 -0.544330 0.502603 0.671636 0.000000 1.225304 -2.897035 -0.627991 1.000000
aniFrame
  m_time 0.853000
  m_vertexTransformMat 0.637072 -0.258870 0.726035 0.000000 0.533936 0.827544 -0.173449 0.000000 -0.555925 0.498156 0.665424 0.000000 0.517086 -3.250885 -0.441116 1.000000
aniFrame
  m_time 0.869000
  m_vertexTransformMat 0.598658 -0.301303 0.742176 0.000000 0.565143 0.815501 -0.124788 0.000000 -0.567646 0.494141 0.658485 0.000000 -0.241682 -3.625449 -0.312023 1.000000
aniFrame
  m_time 0.885000
  m_vertexTransformMat 0.556460 -0.344619 0.756036 0.000000 0.595567 0.799915 -0.073731 0.000000 -0.579355 0.491299 0.650364 0.000000 -1.051633 -3.994401 -0.247901 1.000000
aniFrame
  m_time 0.901000
  m_vertexTransformMat 0.511494 -0.388419 0.766489 0.000000 0.624083 0.781086 -0.020647 0.000000 -0.590673 0.488913 0.641926 0.000000 -1.895193 -4.367518 -0.263676 1.000000
aniFrame
  m_time 0.917000
  m_vertexTransformMat 0.463827 -0.431393 0.773799 0.000000 0.650245 0.758992 0.033371 0.000000 -0.601703 0.487681 0.632552 0.000000 -2.772917 -4.713882 -0.364052 1.000000
aniFrame
  m_time 0.933000
  m_vertexTransformMat 0.414399 -0.473224 0.777389 0.000000 0.673330 0.734094 0.087940 0.000000 -0.612292 0.486997 0.622843 0.000000 -3.672802 -5.041300 -0.548996 1.000000
aniFrame
  m_time 0.949000
  m_vertexTransformMat 0.364358 -0.513203 0.777089 0.000000 0.692916 0.706906 0.141962 0.000000 -0.622183 0.486732 0.613173 0.000000 -4.572862 -5.343448 -0.813272 1.000000
aniFrame
  m_time 0.965000
  m_vertexTransformMat 0.313656 -0.550373 0.773764 0.000000 0.708627 0.678084 0.195066 0.000000 -0.632035 0.487126 0.602694 0.000000 -5.486494 -5.601528 -1.151940 1.000000
aniFrame
  m_time 0.981000
  m_vertexTransformMat 0.264265 -0.585173 0.766640 0.000000 0.720255 0.648386 0.246634 0.000000 -0.641402 0.487000 0.592820 0.000000 -6.370677 -5.846198 -1.553686 1.000000
aniFrame
  m_time 0.997000
  m_vertexTransformMat 0.216796 -0.616349 0.757043 0.000000 0.727874 0.618830 0.295380 0.000000 -0.650538 0.486994 0.582784 0.000000 -7.221922 -6.046017 -2.003084 1.000000
aniFrame
  m_time 1.013000
  m_vertexTransformMat 0.171884 -0.644683 0.744876 0.000000 0.731167 0.590218 0.342108 0.000000 -0.660190 0.485826 0.572820 0.000000 -8.040895 -6.238806 -2.498495 1.000000
aniFrame
  m_time 1.029000
  m_vertexTransformMat 0.131743 -0.669743 0.730813 0.000000 0.731052 0.563551 0.384672 0.000000 -0.669483 0.483585 0.563861 0.000000 -8.777574 -6.415312 -3.009476 1.000000
aniFrame
  m_time 1.045000
  m_vertexTransformMat 0.096195 -0.691091 0.716338 0.000000 0.727645 0.539888 0.423147 0.000000 -0.679175 0.480536 0.554803 0.000000 -9.448991 -6.569331 -3.517565 1.000000
aniFrame
  m_time 1.061000
  m_vertexTransformMat 0.066682 -0.710471 0.700560 0.000000 0.720867 0.519749 0.458489 0.000000 -0.689858 0.474437 0.546813 0.000000 -10.039373 -6.762211 -4.034441 1.000000
aniFrame
  m_time 1.077000
  m_vertexTransformMat 0.046537 -0.728656 0.683297 0.000000 0.707489 0.506942 0.492411 0.000000 -0.705190 0.460510 0.539109 0.000000 -10.544531 -7.076022 -4.608130 1.000000
aniFrame
  m_time 1.093000
  m_vertexTransformMat 0.035821 -0.746748 0.664142 0.000000 0.688168 0.500331 0.525445 0.000000 -0.724666 0.438219 0.531811 0.000000 -10.957926 -7.534252 -5.241692 1.000000
aniFrame
  m_time 1.109000
  m_vertexTransformMat 0.035740 -0.765344 0.642628 0.000000 0.661820 0.499948 0.558612 0.000000 -0.748811 0.405339 0.524388 0.000000 -11.260611 -8.170739 -5.964896 1.000000
aniFrame
  m_time 1.125000
  m_vertexTransformMat 0.046886 -0.784115 0.618842 0.000000 0.628471 0.504695 0.591867 0.000000 -0.776418 0.361174 0.516457 0.000000 -11.428018 -8.986531 -6.775905 1.000000
aniFrame
  m_time 1.141000
  m_vertexTransformMat 0.066469 -0.801221 0.594665 0.000000 0.592345 0.511284 0.622669 0.000000 -0.802938 0.310858 0.508584 0.000000 -11.437701 -9.873230 -7.590656 1.000000
aniFrame
  m_time 1.157000
  m_vertexTransformMat 0.094910 -0.816249 0.569851 0.000000 0.553299 0.519125 0.651436 0.000000 -0.827558 0.253470 0.500900 0.000000 -11.273872 -10.835296 -8.413121 1.000000
aniFrame
  m_time 1.173000
  m_vertexTransformMat 0.128532 -0.827717 0.546228 0.000000 0.515325 0.526339 0.676319 0.000000 -0.847301 0.194557 0.494195 0.000000 -10.949121 -11.772690 -9.159414 1.000000
aniFrame
  m_time 1.189000
  m_vertexTransformMat 0.167122 -0.835549 0.523381 0.000000 0.478788 0.532830 0.697750 0.000000 -0.861877 0.133979 0.489099 0.000000 -10.462163 -12.686951 -9.829109 1.000000
aniFrame
  m_time 1.205000
  m_vertexTransformMat 0.206170 -0.839209 0.503213 0.000000 0.447167 0.538225 0.714392 0.000000 -0.870365 0.077734 0.486233 0.000000 -9.894924 -13.495860 -10.361547 1.000000
aniFrame
  m_time 1.221000
  m_vertexTransformMat 0.245005 -0.839299 0.485334 0.000000 0.420959 0.543033 0.726573 0.000000 -0.873365 0.026292 0.486356 0.000000 -9.263167 -14.206399 -10.750989 1.000000
aniFrame
  m_time 1.237000
  m_vertexTransformMat 0.278959 -0.836436 0.471760 0.000000 0.402934 0.547875 0.733129 0.000000 -0.871680 -0.014425 0.489863 0.000000 -8.687943 -14.760844 -10.966067 1.000000
aniFrame
  m_time 1.253000
  m_vertexTransformMat 0.306106 -0.831739 0.463153 0.000000 0.394273 0.553582 0.733551 0.000000 -0.866515 -0.041935 0.497386 0.000000 -8.224778 -15.149417 -10.986404 1.000000
aniFrame
  m_time 1.269000
  m_vertexTransformMat 0.327736 -0.826171 0.458292 0.000000 0.392916 0.560333 0.729139 0.000000 -0.859190 -0.058895 0.508257 0.000000 -7.863614 -15.428679 -10.856474 1.000000
aniFrame
  m_time 1.285000
  m_vertexTransformMat 0.343099 -0.820345 0.457513 0.000000 0.399168 0.568248 0.719554 0.000000 -0.850264 -0.064253 0.522421 0.000000 -7.629990 -15.597489 -10.569704 1.000000
aniFrame
  m_time 1.301000
  m_vertexTransformMat 0.355667 -0.814209 0.458874 0.000000 0.409491 0.577100 0.706593 0.000000 -0.840130 -0.063407 0.538666 0.000000 -7.453654 -15.724119 -10.194502 1.000000
aniFrame
  m_time 1.317000
  m_vertexTransformMat 0.367535 -0.807730 0.460967 0.000000 0.422331 0.586561 0.691073 0.000000 -0.828586 -0.059313 0.556712 0.000000 -7.298546 -15.846828 -9.766257 1.000000
aniFrame
  m_time 1.333000
  m_vertexTransformMat 0.378036 -0.800790 0.464569 0.000000 0.437180 0.596747 0.672880 0.000000 -0.816065 -0.051273 0.575681 0.000000 -7.165893 -15.949912 -9.288973 1.000000
aniFrame
  m_time 1.349000
  m_vertexTransformMat 0.387575 -0.793390 0.469380 0.000000 0.454227 0.607439 0.651687 0.000000 -0.802161 -0.039372 0.595808 0.000000 -7.051071 -16.029631 -8.769496 1.000000
aniFrame
  m_time 1.365000
  m_vertexTransformMat 0.396112 -0.785372 0.475695 0.000000 0.472308 0.618556 0.627944 0.000000 -0.787414 -0.024061 0.615955 0.000000 -6.945262 -16.085550 -8.224112 1.000000
aniFrame
  m_time 1.381000
  m_vertexTransformMat 0.404447 -0.776354 0.483423 0.000000 0.490800 0.630269 0.601562 0.000000 -0.771711 -0.006035 0.635945 0.000000 -6.833311 -16.115072 -7.667392 1.000000
aniFrame
  m_time 1.397000
  m_vertexTransformMat 0.411938 -0.766935 0.492055 0.000000 0.510630 0.641539 0.572438 0.000000 -0.754695 0.015449 0.655894 0.000000 -6.733145 -16.110796 -7.103432 1.000000
aniFrame
  m_time 1.413000
  m_vertexTransformMat 0.419246 -0.756270 0.502284 0.000000 0.529256 0.653110 0.541605 0.000000 -0.737646 0.038770 0.674074 0.000000 -6.611227 -16.076334 -6.551447 1.000000
aniFrame
  m_time 1.429000
  m_vertexTransformMat 0.427218 -0.744552 0.512960 0.000000 0.548431 0.664448 0.507675 0.000000 -0.718825 0.064435 0.692199 0.000000 -6.472840 -16.003759 -5.997671 1.000000
aniFrame
  m_time 1.445000
  m_vertexTransformMat 0.433765 -0.732593 0.524553 0.000000 0.567081 0.674375 0.472903 0.000000 -0.700191 0.092335 0.707960 0.000000 -6.338542 -15.894236 -5.466143 1.000000
aniFrame
  m_time 1.461000
  m_vertexTransformMat 0.442832 -0.718009 0.536995 0.000000 0.583363 0.685545 0.435564 0.000000 -0.680873 0.120382 0.722441 0.000000 -6.133345 -15.745835 -4.934310 1.000000
aniFrame
  m_time 1.477000
  m_vertexTransformMat 0.452236 -0.702924 0.548982 0.000000 0.598783 0.695466 0.397223 0.000000 -0.661016 0.149083 0.735414 0.000000 -5.912884 -15.570124 -4.434114 1.000000
aniFrame
  m_time 1.493000
  m_vertexTransformMat 0.461735 -0.686071 0.562235 0.000000 0.611912 0.705243 0.358045 0.000000 -0.642156 0.178716 0.745451 0.000000 -5.660461 -15.339618 -3.952494 1.000000
aniFrame
  m_time 1.509000
  m_vertexTransformMat 0.473151 -0.668159 0.574188 0.000000 0.623362 0.714471 0.317729 0.000000 -0.622534 0.207593 0.754558 0.000000 -5.354684 -15.083760 -3.503050 1.000000
aniFrame
  m_time 1.525000
  m_vertexTransformMat 0.484342 -0.648871 0.586839 0.000000 0.632248 0.723228 0.277857 0.000000 -0.604711 0.236450 0.760537 0.000000 -5.041728 -14.782824 -3.090012 1.000000
aniFrame
  m_time 1.541000
  m_vertexTransformMat 0.497600 -0.628213 0.598116 0.000000 0.638861 0.731849 0.237178 0.000000 -0.586729 0.264093 0.765509 0.000000 -4.666032 -14.445980 -2.706950 1.000000
aniFrame
  m_time 1.557000
  m_vertexTransformMat 0.511105 -0.606669 0.608871 0.000000 0.642822 0.740047 0.197765 0.000000 -0.570571 0.290317 0.768222 0.000000 -4.280972 -14.084706 -2.373410 1.000000
aniFrame
  m_time 1.573000
  m_vertexTransformMat 0.525568 -0.583866 0.618772 0.000000 0.644097 0.748246 0.158957 0.000000 -0.555803 0.315007 0.769321 0.000000 -3.867825 -13.681765 -2.070722 1.000000
aniFrame
  m_time 1.589000
  m_vertexTransformMat 0.540465 -0.561397 0.626683 0.000000 0.643138 0.755890 0.122487 0.000000 -0.542467 0.336844 0.769588 0.000000 -3.440671 -13.285319 -1.822203 1.000000
aniFrame
  m_time 1.605000
  m_vertexTransformMat 0.559532 -0.533384 0.634370 0.000000 0.636909 0.766491 0.082700 0.000000 -0.530350 0.357763 0.768593 0.000000 -2.898495 -12.771519 -1.596778 1.000000
aniFrame
  m_time 1.621000
  m_vertexTransformMat 0.583045 -0.499770 0.640538 0.000000 0.624905 0.779699 0.039535 0.000000 -0.519185 0.377225 0.766908 0.000000 -2.228626 -12.144242 -1.418175 1.000000
aniFrame
  m_time 1.637000
  m_vertexTransformMat 0.610537 -0.458729 0.645611 0.000000 0.606477 0.795055 -0.008615 0.000000 -0.509344 0.396808 0.763619 0.000000 -1.443177 -11.353922 -1.283138 1.000000
aniFrame
  m_time 1.653000
  m_vertexTransformMat 0.642980 -0.408687 0.647728 0.000000 0.580271 0.811926 -0.063728 0.000000 -0.499863 0.416833 0.759202 0.000000 -0.513743 -10.368037 -1.221320 1.000000
aniFrame
  m_time 1.669000
  m_vertexTransformMat 0.674973 -0.354629 0.647032 0.000000 0.549607 0.826728 -0.120223 0.000000 -0.492284 0.436761 0.752925 0.000000 0.417401 -9.268008 -1.234003 1.000000
aniFrame
  m_time 1.685000
  m_vertexTransformMat 0.706903 -0.297296 0.641797 0.000000 0.514643 0.838647 -0.178368 0.000000 -0.485213 0.456385 0.745843 0.000000 1.343705 -8.073111 -1.330878 1.000000
aniFrame
  m_time 1.701000
  m_vertexTransformMat 0.734578 -0.241036 0.634269 0.000000 0.478887 0.846400 -0.232971 0.000000 -0.480691 0.474878 0.737175 0.000000 2.166219 -6.858722 -1.488980 1.000000
aniFrame
  m_time 1.717000
  m_vertexTransformMat 0.758826 -0.187330 0.623771 0.000000 0.443514 0.849992 -0.284272 0.000000 -0.476947 0.492364 0.728079 0.000000 2.867224 -5.656807 -1.682088 1.000000
aniFrame
  m_time 1.733000
  m_vertexTransformMat 0.778461 -0.138864 0.612140 0.000000 0.410271 0.850638 -0.328776 0.000000 -0.475054 0.507082 0.719160 0.000000 3.433103 -4.535563 -1.891523 1.000000
aniFrame
  m_time 1.749000
  m_vertexTransformMat 0.791328 -0.099010 0.603322 0.000000 0.383784 0.848605 -0.364114 0.000000 -0.475931 0.519679 0.709524 0.000000 3.817046 -3.545426 -2.059837 1.000000
aniFrame
  m_time 1.765000
  m_vertexTransformMat 0.801391 -0.068701 0.594181 0.000000 0.362301 0.846170 -0.390810 0.000000 -0.475930 0.528465 0.703005 0.000000 4.081861 -2.730609 -2.196529 1.000000
aniFrame
  m_time 1.781000
  m_vertexTransformMat 0.804062 -0.052052 0.592262 0.000000 0.351426 0.845122 -0.402825 0.000000 -0.479566 0.532032 0.697823 0.000000 4.169455 -2.175145 -2.234367 1.000000
aniFrame
  m_time 1.797000
  m_vertexTransformMat 0.801140 -0.049279 0.596444 0.000000 0.352411 0.844344 -0.403595 0.000000 -0.483716 0.533530 0.693804 0.000000 4.107397 -1.852192 -2.173652 1.000000
aniFrame
  m_time 1.813000
  m_vertexTransformMat 0.794680 -0.057514 0.604298 0.000000 0.360542 0.845607 -0.393648 0.000000 -0.488358 0.530699 0.692722 0.000000 3.940245 -1.747543 -2.038640 1.000000
aniFrame
  m_time 1.829000
  m_vertexTransformMat 0.782258 -0.073999 0.618544 0.000000 0.376156 0.847582 -0.374315 0.000000 -0.496568 0.525480 0.690862 0.000000 3.648626 -1.809724 -1.815000 1.000000
aniFrame
  m_time 1.845000
  m_vertexTransformMat 0.768629 -0.093956 0.632756 0.000000 0.393519 0.849295 -0.351910 0.000000 -0.504332 0.519490 0.689767 0.000000 3.326374 -1.941628 -1.583660 1.000000
aniFrame
  m_time 1.861000
  m_vertexTransformMat 0.751506 -0.118842 0.648934 0.000000 0.413914 0.850892 -0.323511 0.000000 -0.513725 0.511723 0.688641 0.000000 2.938339 -2.162098 -1.331495 1.000000
aniFrame
  m_time 1.877000
  m_vertexTransformMat 0.731863 -0.147131 0.665378 0.000000 0.436326 0.851193 -0.291705 0.000000 -0.523446 0.503810 0.687154 0.000000 2.495017 -2.439665 -1.084173 1.000000
aniFrame
  m_time 1.893000
  m_vertexTransformMat 0.708631 -0.179730 0.682305 0.000000 0.460782 0.850211 -0.254601 0.000000 -0.534343 0.494812 0.685303 0.000000 1.983940 -2.780370 -0.848393 1.000000
aniFrame
  m_time 1.909000
  m_vertexTransformMat 0.681988 -0.215135 0.699006 0.000000 0.486391 0.847177 -0.213811 0.000000 -0.546183 0.485807 0.682405 0.000000 1.413023 -3.162523 -0.640808 1.000000
aniFrame
  m_time 1.925000
  m_vertexTransformMat 0.652217 -0.253393 0.714426 0.000000 0.512774 0.841599 -0.169626 0.000000 -0.558279 0.476972 0.678839 0.000000 0.783602 -3.578799 -0.476219 1.000000
aniFrame
  m_time 1.941000
  m_vertexTransformMat 0.618949 -0.293594 0.728495 0.000000 0.539184 0.833263 -0.122289 0.000000 -0.571125 0.468483 0.674048 0.000000 0.101076 -4.016925 -0.366752 1.000000
aniFrame
  m_time 1.957000
  m_vertexTransformMat 0.582387 -0.335281 0.740548 0.000000 0.565339 0.821658 -0.072594 0.000000 -0.584139 0.460939 0.668070 0.000000 -0.635154 -4.458632 -0.321707 1.000000
aniFrame
  m_time 1.973000
  m_vertexTransformMat 0.542811 -0.377896 0.750034 0.000000 0.590394 0.806848 -0.020755 0.000000 -0.597320 0.454082 0.661074 0.000000 -1.418978 -4.904012 -0.356687 1.000000
aniFrame
  m_time 1.989000
  m_vertexTransformMat 0.500099 -0.420453 0.757047 0.000000 0.614185 0.788505 0.032198 0.000000 -0.610473 0.448865 0.652567 0.000000 -2.256470 -5.320336 -0.474568 1.000000
aniFrame
  m_time 2.005000
  m_vertexTransformMat 0.455003 -0.462784 0.760791 0.000000 0.635981 0.766884 0.086131 0.000000 -0.623298 0.444659 0.643256 0.000000 -3.130665 -5.720140 -0.675638 1.000000
aniFrame
  m_time 2.021000
  m_vertexTransformMat 0.407659 -0.503704 0.761640 0.000000 0.655657 0.742006 0.139787 0.000000 -0.635553 0.442390 0.632743 0.000000 -4.040570 -6.068303 -0.955907 1.000000
aniFrame
  m_time 2.037000
  m_vertexTransformMat 0.358236 -0.542970 0.759506 0.000000 0.672659 0.714247 0.193340 0.000000 -0.647453 0.441628 0.621103 0.000000 -4.979688 -6.371806 -1.308527 1.000000
aniFrame
  m_time 2.053000
  m_vertexTransformMat 0.308143 -0.579992 0.754095 0.000000 0.687095 0.683923 0.245256 0.000000 -0.657989 0.442560 0.609255 0.000000 -5.908833 -6.618332 -1.719607 1.000000
aniFrame
  m_time 2.069000
  m_vertexTransformMat 0.256690 -0.613921 0.746467 0.000000 0.698418 0.651697 0.295811 0.000000 -0.668074 0.445414 0.596057 0.000000 -6.851146 -6.792974 -2.181995 1.000000
aniFrame
  m_time 2.085000
  m_vertexTransformMat 0.205575 -0.645162 0.735870 0.000000 0.707015 0.617815 0.344144 0.000000 -0.676660 0.449524 0.583146 0.000000 -7.760985 -6.914209 -2.681549 1.000000
aniFrame
  m_time 2.101000
  m_vertexTransformMat 0.155343 -0.672363 0.723738 0.000000 0.712897 0.583465 0.389031 0.000000 -0.683846 0.455518 0.569963 0.000000 -8.628468 -6.951632 -3.192215 1.000000
aniFrame
  m_time 2.117000
