m_aniFrameList.size 84
aniFrame
  m_time -1.066000
  m_vertexTransformMat -0.629788 -0.764699 -0.136395 0.000000 -0.637693 0.609258 -0.471330 0.000000 0.443525 -0.209859 -0.871347 0.000000 30.296150 11.092319 -30.695997 1.000000
aniFrame
  m_time -1.027000
  m_vertexTransformMat -0.679360 -0.727208 -0.098174 0.000000 -0.561826 0.601528 -0.567906 0.000000 0.472040 -0.330656 -0.817218 0.000000 31.506580 8.188148 -30.912024 1.000000
aniFrame
  m_time -0.988000
  m_vertexTransformMat -0.733088 -0.677063 -0.064563 0.000000 -0.467265 0.570348 -0.675549 0.000000 0.494212 -0.465069 -0.734483 0.000000 32.703995 4.681455 -30.554180 1.000000
aniFrame
  m_time -0.949000
  m_vertexTransformMat -0.778927 -0.625792 -0.040722 0.000000 -0.376924 0.519079 -0.767129 0.000000 0.501201 -0.582188 -0.640200 0.000000 33.578465 1.478444 -29.670578 1.000000
aniFrame
  m_time -0.910000
  m_vertexTransformMat -0.808871 -0.587482 -0.024351 0.000000 -0.315759 0.468940 -0.824860 0.000000 0.496009 -0.659515 -0.564814 0.000000 34.046387 -0.594910 -28.753881 1.000000
aniFrame
  m_time -0.871000
  m_vertexTransformMat -0.817958 -0.575173 -0.011071 0.000000 -0.305459 0.450541 -0.838874 0.000000 0.487485 -0.682781 -0.544215 0.000000 34.051880 -0.865063 -28.599943 1.000000
aniFrame
  m_time -0.832000
  m_vertexTransformMat -0.805979 -0.591918 0.005542 0.000000 -0.347636 0.465735 -0.813782 0.000000 0.479111 -0.657817 -0.581144 0.000000 33.567863 0.662355 -29.501251 1.000000
aniFrame
  m_time -0.793000
  m_vertexTransformMat -0.777964 -0.627703 0.027602 0.000000 -0.421727 0.489108 -0.763492 0.000000 0.465746 -0.605609 -0.645227 0.000000 32.561691 3.269363 -31.025419 1.000000
aniFrame
  m_time -0.754000
  m_vertexTransformMat -0.733899 -0.677460 0.049396 0.000000 -0.516586 0.509445 -0.688190 0.000000 0.441057 -0.530579 -0.723847 0.000000 30.894110 6.715046 -32.865974 1.000000
aniFrame
  m_time -0.715000
  m_vertexTransformMat -0.674659 -0.735298 0.064593 0.000000 -0.619500 0.516480 -0.591159 0.000000 0.401317 -0.438846 -0.803965 0.000000 28.518742 10.683864 -34.678696 1.000000
aniFrame
  m_time -0.676000
  m_vertexTransformMat -0.604098 -0.793940 0.068736 0.000000 -0.718509 0.505330 -0.477896 0.000000 0.344686 -0.338084 -0.875722 0.000000 25.515448 14.804436 -36.140423 1.000000
aniFrame
  m_time -0.637000
  m_vertexTransformMat -0.529591 -0.846140 0.059839 0.000000 -0.802911 0.477277 -0.357129 0.000000 0.273621 -0.237178 -0.932137 0.000000 22.147951 18.686642 -37.033508 1.000000
aniFrame
  m_time -0.598000
  m_vertexTransformMat -0.461458 -0.886265 0.039886 0.000000 -0.865739 0.440039 -0.238457 0.000000 0.193785 -0.144569 -0.970334 0.000000 18.822454 21.996758 -37.350674 1.000000
aniFrame
  m_time -0.559000
  m_vertexTransformMat -0.411316 -0.911398 0.013166 0.000000 -0.904215 0.406167 -0.131999 0.000000 0.114956 -0.066199 -0.991162 0.000000 16.048733 24.520500 -37.208382 1.000000
aniFrame
  m_time -0.520000
  m_vertexTransformMat -0.395862 -0.918159 -0.016646 0.000000 -0.917239 0.396211 -0.041105 0.000000 0.044336 -0.001004 -0.999016 0.000000 14.462321 26.127686 -36.817471 1.000000
aniFrame
  m_time -0.481000
  m_vertexTransformMat -0.445551 -0.893606 -0.054351 0.000000 -0.895040 0.443284 0.049030 0.000000 -0.019721 0.070492 -0.997318 0.000000 14.967972 26.694878 -36.303757 1.000000
aniFrame
  m_time -0.442000
  m_vertexTransformMat -0.544593 -0.833254 -0.095433 0.000000 -0.836360 0.531051 0.135968 0.000000 -0.062616 0.153863 -0.986106 0.000000 17.253344 26.238106 -35.686470 1.000000
aniFrame
  m_time -0.403000
  m_vertexTransformMat -0.649983 -0.748014 -0.134158 0.000000 -0.756871 0.621308 0.202789 0.000000 -0.068336 0.233350 -0.969989 0.000000 20.200661 24.896152 -34.884090 1.000000
aniFrame
  m_time -0.364000
  m_vertexTransformMat -0.727053 -0.665627 -0.168330 0.000000 -0.685366 0.689034 0.235598 0.000000 -0.040835 0.286660 -0.957162 0.000000 22.823000 23.127445 -33.931866 1.000000
aniFrame
  m_time -0.325000
  m_vertexTransformMat -0.757377 -0.623460 -0.194106 0.000000 -0.652977 0.723606 0.223642 0.000000 0.001024 0.296128 -0.955148 0.000000 24.513905 21.697458 -33.088760 1.000000
aniFrame
  m_time -0.286000
  m_vertexTransformMat -0.756246 -0.618166 -0.214388 0.000000 -0.652506 0.736713 0.177454 0.000000 0.048247 0.274088 -0.960494 0.000000 25.581430 20.640598 -32.297516 1.000000
aniFrame
  m_time -0.247000
  m_vertexTransformMat -0.742497 -0.628345 -0.232123 0.000000 -0.662068 0.741068 0.111736 0.000000 0.101810 0.236645 -0.966247 0.000000 26.495583 19.580275 -31.469975 1.000000
aniFrame
  m_time -0.208000
  m_vertexTransformMat -0.720103 -0.650247 -0.242139 0.000000 -0.675409 0.736838 0.029889 0.000000 0.158982 0.185066 -0.969781 0.000000 27.251692 18.487747 -30.771349 1.000000
aniFrame
  m_time -0.169000
  m_vertexTransformMat -0.692733 -0.679452 -0.241798 0.000000 -0.687474 0.723444 -0.063316 0.000000 0.217947 0.122369 -0.968259 0.000000 27.887192 17.356453 -30.302963 1.000000
aniFrame
  m_time -0.130000
  m_vertexTransformMat -0.664941 -0.710437 -0.230508 0.000000 -0.693456 0.701867 -0.162791 0.000000 0.277439 0.051601 -0.959357 0.000000 28.447908 16.145473 -30.116919 1.000000
aniFrame
  m_time -0.091000
  m_vertexTransformMat -0.642285 -0.737534 -0.208604 0.000000 -0.689571 0.674850 -0.262811 0.000000 0.334608 -0.024952 -0.942027 0.000000 28.963547 14.793780 -30.192432 1.000000
aniFrame
  m_time -0.052000
  m_vertexTransformMat -0.628522 -0.756836 -0.179335 0.000000 -0.674852 0.645277 -0.358041 0.000000 0.386699 -0.104012 -0.916322 0.000000 29.487579 13.306802 -30.409533 1.000000
aniFrame
  m_time -0.013000
  m_vertexTransformMat -0.626325 -0.765447 -0.147680 0.000000 -0.650248 0.617461 -0.442628 0.000000 0.429994 -0.181200 -0.884461 0.000000 30.051916 11.728413 -30.634815 1.000000
aniFrame
  m_time 0.025000
  m_vertexTransformMat -0.645908 -0.754798 -0.114384 0.000000 -0.603337 0.596510 -0.529302 0.000000 0.467747 -0.272869 -0.840688 0.000000 30.897108 9.594695 -30.762867 1.000000
aniFrame
  m_time 0.064000
  m_vertexTransformMat -0.693384 -0.716404 -0.077359 0.000000 -0.520599 0.572289 -0.633611 0.000000 0.498193 -0.399062 -0.769775 0.000000 32.102001 6.375940 -30.641432 1.000000
aniFrame
  m_time 0.103000
  m_vertexTransformMat -0.748829 -0.661083 -0.047172 0.000000 -0.423283 0.531805 -0.733496 0.000000 0.509988 -0.529295 -0.678057 0.000000 33.175640 2.871223 -30.018909 1.000000
aniFrame
  m_time 0.142000
  m_vertexTransformMat -0.793588 -0.607820 -0.027819 0.000000 -0.341581 0.482883 -0.806317 0.000000 0.503529 -0.630381 -0.590830 0.000000 33.858891 0.111348 -29.086388 1.000000
aniFrame
  m_time 0.181000
  m_vertexTransformMat -0.816568 -0.577042 -0.015523 0.000000 -0.303886 0.452580 -0.838347 0.000000 0.490786 -0.679849 -0.544917 0.000000 34.085239 -1.018145 -28.536627 1.000000
aniFrame
  m_time 0.220000
  m_vertexTransformMat -0.812600 -0.582818 -0.001866 0.000000 -0.327453 0.459198 -0.825780 0.000000 0.482136 -0.670418 -0.563990 0.000000 33.800518 -0.036854 -29.075117 1.000000
aniFrame
  m_time 0.259000
  m_vertexTransformMat -0.789545 -0.613387 0.019405 0.000000 -0.393036 0.481122 -0.783610 0.000000 0.471319 -0.626322 -0.620950 0.000000 32.978802 2.263272 -30.443861 1.000000
aniFrame
  m_time 0.298000
  m_vertexTransformMat -0.751118 -0.658832 0.041986 0.000000 -0.481750 0.503525 -0.717203 0.000000 0.451375 -0.558931 -0.695598 0.000000 31.562145 5.437871 -32.201874 1.000000
aniFrame
  m_time 0.337000
  m_vertexTransformMat -0.697034 -0.714515 0.060099 0.000000 -0.583135 0.516100 -0.627371 0.000000 0.417249 -0.472345 -0.776398 0.000000 29.434462 9.255422 -34.059269 1.000000
aniFrame
  m_time 0.376000
  m_vertexTransformMat -0.629842 -0.773703 0.068443 0.000000 -0.684839 0.511598 -0.518906 0.000000 0.366463 -0.373701 -0.852088 0.000000 26.629681 13.366657 -35.678463 1.000000
aniFrame
  m_time 0.415000
  m_vertexTransformMat -0.555659 -0.828943 0.064012 0.000000 -0.775381 0.488889 -0.399715 0.000000 0.300047 -0.271739 -0.914402 0.000000 23.351288 17.376997 -36.778206 1.000000
aniFrame
  m_time 0.454000
  m_vertexTransformMat -0.483857 -0.873854 0.047562 0.000000 -0.846436 0.453484 -0.279104 0.000000 0.222327 -0.175305 -0.959082 0.000000 19.952625 20.923323 -37.290733 1.000000
aniFrame
  m_time 0.493000
  m_vertexTransformMat -0.426095 -0.904400 0.022431 0.000000 -0.893513 0.416824 -0.167011 0.000000 0.141694 -0.091205 -0.985700 0.000000 16.922703 23.743189 -37.286476 1.000000
aniFrame
  m_time 0.532000
  m_vertexTransformMat -0.394164 -0.919024 -0.005490 0.000000 -0.916477 0.393504 -0.072283 0.000000 0.068590 -0.023460 -0.997369 0.000000 14.791533 25.691133 -36.966457 1.000000
aniFrame
  m_time 0.571000
  m_vertexTransformMat -0.419744 -0.906758 -0.040068 0.000000 -0.907641 0.419421 0.016559 0.000000 0.001791 0.043318 -0.999060 0.000000 14.522241 26.620852 -36.494896 1.000000
aniFrame
  m_time 0.610000
  m_vertexTransformMat -0.506542 -0.858404 -0.080980 0.000000 -0.860690 0.497826 0.106690 0.000000 -0.051269 0.123742 -0.990989 0.000000 16.302273 26.514971 -35.919086 1.000000
aniFrame
  m_time 0.649000
  m_vertexTransformMat -0.614446 -0.779644 -0.120879 0.000000 -0.785780 0.591005 0.182381 0.000000 -0.070752 0.207047 -0.975769 0.000000 19.150776 25.452375 -35.190525 1.000000
aniFrame
  m_time 0.688000
  m_vertexTransformMat -0.705004 -0.691567 -0.157176 0.000000 -0.707213 0.668948 0.228819 0.000000 -0.053101 0.272475 -0.960696 0.000000 21.992805 23.746353 -34.263512 1.000000
aniFrame
  m_time 0.727000
  m_vertexTransformMat -0.751258 -0.633296 -0.185866 0.000000 -0.659853 0.714578 0.232320 0.000000 -0.014312 0.297177 -0.954715 0.000000 24.016064 22.145248 -33.372524 1.000000
aniFrame
  m_time 0.766000
  m_vertexTransformMat -0.758081 -0.618371 -0.207198 0.000000 -0.651435 0.732991 0.195851 0.000000 0.030766 0.283447 -0.958494 0.000000 25.217527 21.015528 -32.589844 1.000000
aniFrame
  m_time 0.805000
  m_vertexTransformMat -0.748758 -0.623025 -0.226279 0.000000 -0.657731 0.740669 0.137111 0.000000 0.082175 0.251494 -0.964364 0.000000 26.190042 19.948418 -31.762541 1.000000
aniFrame
  m_time 0.844000
  m_vertexTransformMat -0.729000 -0.641318 -0.239313 0.000000 -0.670438 0.739486 0.060602 0.000000 0.138104 0.204624 -0.969049 0.000000 26.993280 18.870182 -31.009220 1.000000
aniFrame
  m_time 0.883000
  m_vertexTransformMat -0.703005 -0.668533 -0.242587 0.000000 -0.683540 0.729334 -0.029068 0.000000 0.196360 0.145383 -0.969694 0.000000 27.660280 17.753639 -30.458672 1.000000
aniFrame
  m_time 0.922000
  m_vertexTransformMat -0.674056 -0.700306 -0.234992 0.000000 -0.692998 0.709655 -0.127054 0.000000 0.255740 0.077207 -0.963658 0.000000 28.224958 16.602959 -30.177094 1.000000
aniFrame
  m_time 0.961000
  m_vertexTransformMat -0.649441 -0.728912 -0.216596 0.000000 -0.692418 0.684605 -0.227756 0.000000 0.314297 0.002061 -0.949322 0.000000 28.769785 15.284728 -30.169851 1.000000
aniFrame
  m_time 1.000000
  m_vertexTransformMat -0.632151 -0.751296 -0.189578 0.000000 -0.681496 0.655520 -0.325358 0.000000 0.368712 -0.076479 -0.926392 0.000000 29.291540 13.843330 -30.345642 1.000000
aniFrame
  m_time 1.039000
  m_vertexTransformMat -0.625942 -0.763684 -0.158061 0.000000 -0.659736 0.626608 -0.414865 0.000000 0.415868 -0.155403 -0.896049 0.000000 29.852135 12.275039 -30.579187 1.000000
aniFrame
  m_time 1.078000
  m_vertexTransformMat -0.635812 -0.761455 -0.126215 0.000000 -0.623492 0.603083 -0.497543 0.000000 0.454974 -0.237649 -0.858208 0.000000 30.554268 10.447750 -30.738134 1.000000
aniFrame
  m_time 1.117000
  m_vertexTransformMat -0.674498 -0.732766 -0.090044 0.000000 -0.552997 0.582257 -0.595963 0.000000 0.489130 -0.352181 -0.797948 0.000000 31.667259 7.598331 -30.735836 1.000000
aniFrame
  m_time 1.156000
  m_vertexTransformMat -0.730049 -0.681043 -0.056657 0.000000 -0.456549 0.547728 -0.701112 0.000000 0.508520 -0.485979 -0.710797 0.000000 32.849487 4.049893 -30.280428 1.000000
aniFrame
  m_time 1.195000
  m_vertexTransformMat -0.780363 -0.624384 -0.034339 0.000000 -0.364998 0.499391 -0.785740 0.000000 0.507751 -0.600628 -0.617605 0.000000 33.699944 0.904691 -29.368303 1.000000
aniFrame
  m_time 1.234000
  m_vertexTransformMat -0.811884 -0.583463 -0.020402 0.000000 -0.308729 0.458729 -0.833220 0.000000 0.495511 -0.670179 -0.552566 0.000000 34.092144 -0.886098 -28.575407 1.000000
aniFrame
  m_time 1.273000
  m_vertexTransformMat -0.816986 -0.576602 -0.007996 0.000000 -0.311458 0.452889 -0.835395 0.000000 0.485312 -0.680016 -0.549592 0.000000 33.983051 -0.614486 -28.722336 1.000000
aniFrame
  m_time 1.312000
  m_vertexTransformMat -0.799256 -0.600882 0.011386 0.000000 -0.366503 0.472309 -0.801623 0.000000 0.476303 -0.644875 -0.597722 0.000000 33.341141 1.340926 -29.888916 1.000000
aniFrame
  m_time 1.351000
  m_vertexTransformMat -0.766412 -0.641438 0.034221 0.000000 -0.448307 0.495977 -0.743659 0.000000 0.460037 -0.585290 -0.667684 0.000000 32.144985 4.227916 -31.548843 1.000000
aniFrame
  m_time 1.390000
  m_vertexTransformMat -0.717593 -0.694306 0.054754 0.000000 -0.547042 0.513238 -0.661311 0.000000 0.431051 -0.504505 -0.748111 0.000000 30.261152 7.867733 -33.422081 1.000000
aniFrame
  m_time 1.429000
  m_vertexTransformMat -0.654450 -0.753126 0.067065 0.000000 -0.650057 0.515141 -0.558620 0.000000 0.386163 -0.409185 -0.826708 0.000000 27.678488 11.920877 -35.166130 1.000000
aniFrame
  m_time 1.468000
  m_vertexTransformMat -0.581882 -0.810484 0.067302 0.000000 -0.745656 0.498636 -0.441995 0.000000 0.324670 -0.307373 -0.894490 0.000000 24.531731 16.006855 -36.468925 1.000000
aniFrame
  m_time 1.507000
  m_vertexTransformMat -0.508078 -0.859561 0.054892 0.000000 -0.824241 0.466726 -0.320615 0.000000 0.249968 -0.208142 -0.945618 0.000000 21.124737 19.748642 -37.188831 1.000000
aniFrame
  m_time 1.546000
  m_vertexTransformMat -0.444040 -0.895428 0.032207 0.000000 -0.879869 0.428969 -0.204491 0.000000 0.169291 -0.119140 -0.978339 0.000000 17.906727 22.844742 -37.346481 1.000000
aniFrame
  m_time 1.585000
  m_vertexTransformMat -0.400778 -0.916162 0.004955 0.000000 -0.911415 0.398139 -0.103961 0.000000 0.093272 -0.046181 -0.994569 0.000000 15.383984 25.112375 -37.108654 1.000000
aniFrame
  m_time 1.624000
  m_vertexTransformMat -0.403271 -0.914684 -0.026934 0.000000 -0.914756 0.403737 -0.014748 0.000000 0.024364 0.018690 -0.999528 0.000000 14.376003 26.406469 -36.675629 1.000000
aniFrame
  m_time 1.663000
  m_vertexTransformMat -0.472167 -0.878986 -0.066651 0.000000 -0.880778 0.467345 0.076285 0.000000 -0.035904 0.094724 -0.994856 0.000000 15.516483 26.659945 -36.133522 1.000000
aniFrame
  m_time 1.702000
  m_vertexTransformMat -0.576806 -0.809827 -0.107129 0.000000 -0.814005 0.558815 0.158499 0.000000 -0.068492 0.178626 -0.981530 0.000000 18.104233 25.922026 -35.474846 1.000000
aniFrame
  m_time 1.741000
  m_vertexTransformMat -0.676836 -0.721762 -0.144751 0.000000 -0.733434 0.644358 0.216513 0.000000 -0.062999 0.252709 -0.965489 0.000000 21.045853 24.385941 -34.613251 1.000000
aniFrame
  m_time 1.780000
  m_vertexTransformMat -0.740424 -0.648467 -0.176811 0.000000 -0.671509 0.702278 0.236392 0.000000 -0.029122 0.293760 -0.955436 0.000000 23.418983 22.652454 -33.668400 1.000000
aniFrame
  m_time 1.819000
  m_vertexTransformMat -0.759229 -0.619458 -0.199607 0.000000 -0.650668 0.729183 0.211955 0.000000 0.014253 0.290799 -0.956678 0.000000 24.857464 21.359030 -32.879032 1.000000
aniFrame
  m_time 1.858000
  m_vertexTransformMat -0.757108 -0.616511 -0.216110 0.000000 -0.650279 0.742917 0.158785 0.000000 0.062659 0.260748 -0.963371 0.000000 25.904528 20.219158 -32.167038 1.000000
aniFrame
  m_time 1.897000
  m_vertexTransformMat -0.745873 -0.626169 -0.227127 0.000000 -0.655931 0.749802 0.086907 0.000000 0.115881 0.213801 -0.969980 0.000000 26.823408 19.039137 -31.518940 1.000000
aniFrame
  m_time 1.936000
  m_vertexTransformMat -0.727888 -0.645837 -0.230378 0.000000 -0.663765 0.747941 0.000428 0.000000 0.172032 0.153229 -0.973101 0.000000 27.619858 17.833651 -31.011812 1.000000
aniFrame
  m_time 1.975000
  m_vertexTransformMat -0.705659 -0.671934 -0.224835 0.000000 -0.670256 0.735930 -0.095732 0.000000 0.229789 0.083143 -0.969683 0.000000 28.318335 16.600212 -30.696421 1.000000
aniFrame
  m_time 2.014000
  m_vertexTransformMat -0.682077 -0.700287 -0.210640 0.000000 -0.672343 0.713818 -0.196008 0.000000 0.287620 0.007930 -0.957712 0.000000 28.901453 15.321869 -30.599840 1.000000
aniFrame
  m_time 2.053000
  m_vertexTransformMat -0.660663 -0.726368 -0.189511 0.000000 -0.667285 0.683891 -0.295002 0.000000 0.343885 -0.068439 -0.936515 0.000000 29.407660 13.958414 -30.637671 1.000000
aniFrame
  m_time 2.092000
  m_vertexTransformMat -0.642735 -0.748333 -0.163980 0.000000 -0.655892 0.648131 -0.386953 0.000000 0.395850 -0.141155 -0.907402 0.000000 29.846264 12.566979 -30.707523 1.000000
aniFrame
  m_time 2.131000
  m_vertexTransformMat -0.630311 -0.763924 -0.138307 0.000000 -0.638627 0.611503 -0.467141 0.000000 0.441435 -0.206117 -0.873299 0.000000 30.276009 11.168665 -30.687866 1.000000
aniFrame
  m_time 2.133000
  m_vertexTransformMat -0.629788 -0.764699 -0.136395 0.000000 -0.637694 0.609258 -0.471330 0.000000 0.443525 -0.209859 -0.871347 0.000000 30.296144 11.092318 -30.696001 1.000000
