m_aniFrameList.size 202
aniFrame
  m_time -1.066000
  m_vertexTransformMat -0.466645 0.606317 -0.643912 0.000000 0.831714 0.548454 -0.086314 0.000000 0.300822 -0.575828 -0.760216 0.000000 -12.515952 12.381980 -50.807671 1.000000
aniFrame
  m_time -1.050000
  m_vertexTransformMat -0.477493 0.606429 -0.635802 0.000000 0.811950 0.581077 -0.055550 0.000000 0.335763 -0.542764 -0.769851 0.000000 -12.547341 12.755487 -50.905182 1.000000
aniFrame
  m_time -1.034000
  m_vertexTransformMat -0.489182 0.605569 -0.627685 0.000000 0.789627 0.613123 -0.023871 0.000000 0.370392 -0.507314 -0.778102 0.000000 -12.602741 13.135668 -50.990269 1.000000
aniFrame
  m_time -1.018000
  m_vertexTransformMat -0.501352 0.605204 -0.618365 0.000000 0.763621 0.645541 0.012680 0.000000 0.406853 -0.465839 -0.785789 0.000000 -12.637254 13.624426 -51.055428 1.000000
aniFrame
  m_time -1.002000
  m_vertexTransformMat -0.514423 0.604301 -0.608432 0.000000 0.734426 0.676754 0.051210 0.000000 0.442705 -0.420505 -0.791952 0.000000 -12.695025 14.156407 -51.087242 1.000000
aniFrame
  m_time -0.986000
  m_vertexTransformMat -0.528419 0.602643 -0.597993 0.000000 0.703154 0.705380 0.089521 0.000000 0.475762 -0.373176 -0.796486 0.000000 -12.799256 14.694951 -51.067257 1.000000
aniFrame
  m_time -0.970000
  m_vertexTransformMat -0.543315 0.600067 -0.587135 0.000000 0.670221 0.731197 0.127102 0.000000 0.505581 -0.324454 -0.799448 0.000000 -12.955427 15.225945 -50.994213 1.000000
aniFrame
  m_time -0.954000
  m_vertexTransformMat -0.558944 0.596214 -0.576290 0.000000 0.637421 0.753451 0.161265 0.000000 0.530355 -0.277201 -0.801176 0.000000 -13.172857 15.693362 -50.859055 1.000000
aniFrame
  m_time -0.938000
  m_vertexTransformMat -0.575098 0.591318 -0.565338 0.000000 0.605414 0.772399 0.192028 0.000000 0.550215 -0.231828 -0.802197 0.000000 -13.449498 16.097523 -50.667770 1.000000
aniFrame
  m_time -0.922000
  m_vertexTransformMat -0.591448 0.585013 -0.554933 0.000000 0.576342 0.788018 0.216466 0.000000 0.563932 -0.191803 -0.803239 0.000000 -13.803819 16.372202 -50.435070 1.000000
aniFrame
  m_time -0.906000
  m_vertexTransformMat -0.607718 0.577811 -0.544807 0.000000 0.550853 0.800860 0.234914 0.000000 0.572050 -0.157347 -0.804986 0.000000 -14.221930 16.528742 -50.165695 1.000000
aniFrame
  m_time -0.890000
  m_vertexTransformMat -0.623487 0.569378 -0.535793 0.000000 0.531355 0.811300 0.243833 0.000000 0.573522 -0.132669 -0.808376 0.000000 -14.736217 16.489590 -49.908947 1.000000
aniFrame
  m_time -0.874000
  m_vertexTransformMat -0.638531 0.560317 -0.527565 0.000000 0.518020 0.819886 0.243807 0.000000 0.569152 -0.117611 -0.813778 0.000000 -15.325843 16.275082 -49.658333 1.000000
aniFrame
  m_time -0.858000
  m_vertexTransformMat -0.652701 0.551153 -0.519820 0.000000 0.510045 0.827014 0.236437 0.000000 0.560211 -0.110809 -0.820906 0.000000 -15.973310 15.913513 -49.413624 1.000000
aniFrame
  m_time -0.842000
  m_vertexTransformMat -0.665905 0.542160 -0.512479 0.000000 0.507557 0.832686 0.221403 0.000000 0.546770 -0.112679 -0.829667 0.000000 -16.676510 15.408127 -49.168369 1.000000
aniFrame
  m_time -0.826000
  m_vertexTransformMat -0.678322 0.533695 -0.505024 0.000000 0.507580 0.837324 0.203104 0.000000 0.531264 -0.118570 -0.838868 0.000000 -17.394953 14.833485 -48.909927 1.000000
aniFrame
  m_time -0.810000
  m_vertexTransformMat -0.690036 0.525993 -0.497175 0.000000 0.510148 0.840735 0.181426 0.000000 0.513421 -0.128442 -0.848471 0.000000 -18.140697 14.198703 -48.626827 1.000000
aniFrame
  m_time -0.794000
  m_vertexTransformMat -0.700945 0.518509 -0.489720 0.000000 0.514202 0.843215 0.156797 0.000000 0.494240 -0.141908 -0.857665 0.000000 -18.880341 13.495145 -48.348827 1.000000
aniFrame
  m_time -0.778000
  m_vertexTransformMat -0.711373 0.511565 -0.481922 0.000000 0.520129 0.844362 0.128527 0.000000 0.472667 -0.159231 -0.866736 0.000000 -19.653000 12.732567 -48.053978 1.000000
aniFrame
  m_time -0.762000
  m_vertexTransformMat -0.720928 0.504466 -0.475160 0.000000 0.526347 0.844593 0.098094 0.000000 0.450802 -0.179381 -0.874414 0.000000 -20.390858 11.906428 -47.786385 1.000000
aniFrame
  m_time -0.746000
  m_vertexTransformMat -0.730453 0.497227 -0.468192 0.000000 0.533068 0.843628 0.064276 0.000000 0.426940 -0.202628 -0.881286 0.000000 -21.168026 11.017738 -47.514263 1.000000
aniFrame
  m_time -0.730000
  m_vertexTransformMat -0.738795 0.490767 -0.461877 0.000000 0.540507 0.840844 0.028871 0.000000 0.402535 -0.228318 -0.886474 0.000000 -21.908850 10.112134 -47.259071 1.000000
aniFrame
  m_time -0.714000
  m_vertexTransformMat -0.747449 0.482710 -0.456411 0.000000 0.546334 0.837520 -0.008935 0.000000 0.377941 -0.256031 -0.889724 0.000000 -22.649805 9.118002 -47.024437 1.000000
aniFrame
  m_time -0.698000
  m_vertexTransformMat -0.755493 0.475786 -0.450399 0.000000 0.552774 0.831925 -0.048399 0.000000 0.351670 -0.285534 -0.891515 0.000000 -23.404705 8.136501 -46.765266 1.000000
aniFrame
  m_time -0.682000
  m_vertexTransformMat -0.762947 0.467870 -0.446106 0.000000 0.557863 0.825187 -0.088633 0.000000 0.326652 -0.316488 -0.890581 0.000000 -24.092922 7.106193 -46.535660 1.000000
aniFrame
  m_time -0.666000
  m_vertexTransformMat -0.771800 0.458096 -0.440991 0.000000 0.560152 0.818032 -0.130587 0.000000 0.300923 -0.347809 -0.887960 0.000000 -24.832926 6.012461 -46.262634 1.000000
aniFrame
  m_time -0.650000
  m_vertexTransformMat -0.779833 0.448323 -0.436883 0.000000 0.561691 0.809229 -0.172194 0.000000 0.276340 -0.379676 -0.882883 0.000000 -25.514708 4.923673 -46.001411 1.000000
aniFrame
  m_time -0.634000
  m_vertexTransformMat -0.788256 0.437045 -0.433181 0.000000 0.561072 0.799546 -0.214300 0.000000 0.252689 -0.411969 -0.875460 0.000000 -26.166954 3.797720 -45.726307 1.000000
aniFrame
  m_time -0.618000
  m_vertexTransformMat -0.797090 0.424997 -0.428984 0.000000 0.558411 0.789156 -0.255756 0.000000 0.229840 -0.443409 -0.866350 0.000000 -26.811987 2.674119 -45.421700 1.000000
aniFrame
  m_time -0.602000
  m_vertexTransformMat -0.805779 0.411512 -0.425886 0.000000 0.553990 0.777952 -0.296457 0.000000 0.209323 -0.474815 -0.854830 0.000000 -27.394100 1.531268 -45.126560 1.000000
aniFrame
  m_time -0.586000
  m_vertexTransformMat -0.815443 0.396788 -0.421439 0.000000 0.546883 0.766685 -0.336325 0.000000 0.189661 -0.504732 -0.842184 0.000000 -27.976589 0.393208 -44.776466 1.000000
aniFrame
  m_time -0.570000
  m_vertexTransformMat -0.824857 0.380726 -0.417922 0.000000 0.538180 0.755187 -0.374237 0.000000 0.173128 -0.533610 -0.827821 0.000000 -28.489252 -0.743688 -44.443203 1.000000
aniFrame
  m_time -0.554000
  m_vertexTransformMat -0.834584 0.363802 -0.413663 0.000000 0.527564 0.743986 -0.410075 0.000000 0.158573 -0.560476 -0.812848 0.000000 -28.966663 -1.844669 -44.075272 1.000000
aniFrame
  m_time -0.538000
  m_vertexTransformMat -0.844875 0.345170 -0.408709 0.000000 0.514498 0.733573 -0.444030 0.000000 0.146552 -0.585430 -0.797367 0.000000 -29.403791 -2.943237 -43.689709 1.000000
aniFrame
  m_time -0.522000
  m_vertexTransformMat -0.858021 0.319243 -0.402348 0.000000 0.494848 0.723648 -0.481102 0.000000 0.137571 -0.611897 -0.778882 0.000000 -29.836227 -4.243876 -43.235855 1.000000
aniFrame
  m_time -0.506000
  m_vertexTransformMat -0.873238 0.287249 -0.393628 0.000000 0.469170 0.713865 -0.519882 0.000000 0.131662 -0.638659 -0.758143 0.000000 -30.244112 -5.697136 -42.701035 1.000000
aniFrame
  m_time -0.490000
  m_vertexTransformMat -0.890498 0.246930 -0.382152 0.000000 0.436202 0.702192 -0.562720 0.000000 0.129392 -0.667796 -0.733012 0.000000 -30.617264 -7.396805 -42.042404 1.000000
aniFrame
  m_time -0.474000
  m_vertexTransformMat -0.908996 0.199398 -0.366014 0.000000 0.395885 0.687740 -0.608514 0.000000 0.130386 -0.698036 -0.704092 0.000000 -30.944677 -9.292036 -41.214714 1.000000
aniFrame
  m_time -0.458000
  m_vertexTransformMat -0.925543 0.150074 -0.347632 0.000000 0.353808 0.669801 -0.652830 0.000000 0.134871 -0.727217 -0.673027 0.000000 -31.157337 -11.187068 -40.292076 1.000000
aniFrame
  m_time -0.442000
  m_vertexTransformMat -0.940614 0.099017 -0.324717 0.000000 0.308530 0.648359 -0.696018 0.000000 0.141615 -0.754869 -0.640405 0.000000 -31.302563 -13.079035 -39.213085 1.000000
aniFrame
  m_time -0.426000
  m_vertexTransformMat -0.951698 0.051597 -0.302671 0.000000 0.267222 0.624667 -0.733747 0.000000 0.151209 -0.779186 -0.608282 0.000000 -31.302399 -14.773874 -38.155960 1.000000
aniFrame
  m_time -0.410000
  m_vertexTransformMat -0.960536 0.007191 -0.278065 0.000000 0.226744 0.599281 -0.767756 0.000000 0.161119 -0.800506 -0.577262 0.000000 -31.289841 -16.306530 -37.007374 1.000000
aniFrame
  m_time -0.394000
  m_vertexTransformMat -0.965757 -0.030574 -0.257640 0.000000 0.193697 0.575702 -0.794386 0.000000 0.172611 -0.817088 -0.550066 0.000000 -31.159149 -17.537760 -36.026161 1.000000
aniFrame
  m_time -0.378000
  m_vertexTransformMat -0.968645 -0.060365 -0.241007 0.000000 0.168302 0.554144 -0.815230 0.000000 0.182764 -0.830230 -0.526609 0.000000 -31.021830 -18.448547 -35.182831 1.000000
aniFrame
  m_time -0.362000
  m_vertexTransformMat -0.970194 -0.081903 -0.228070 0.000000 0.149225 0.539621 -0.828578 0.000000 0.190934 -0.837915 -0.511315 0.000000 -30.919371 -19.004202 -34.552414 1.000000
aniFrame
  m_time -0.346000
  m_vertexTransformMat -0.969380 -0.091595 -0.227843 0.000000 0.145564 0.532917 -0.833553 0.000000 0.197771 -0.841195 -0.503267 0.000000 -30.742601 -19.107092 -34.411442 1.000000
aniFrame
  m_time -0.330000
  m_vertexTransformMat -0.968098 -0.090383 -0.233706 0.000000 0.151214 0.532974 -0.832510 0.000000 0.199804 -0.841290 -0.502304 0.000000 -30.661428 -18.802290 -34.547398 1.000000
aniFrame
  m_time -0.314000
  m_vertexTransformMat -0.965061 -0.080206 -0.249448 0.000000 0.168102 0.540747 -0.824218 0.000000 0.200996 -0.837354 -0.508371 0.000000 -30.527195 -18.140070 -35.078503 1.000000
aniFrame
  m_time -0.298000
  m_vertexTransformMat -0.960303 -0.064440 -0.271417 0.000000 0.192612 0.550643 -0.812215 0.000000 0.201793 -0.832250 -0.516372 0.000000 -30.331577 -17.295250 -35.815525 1.000000
aniFrame
  m_time -0.282000
  m_vertexTransformMat -0.954201 -0.043893 -0.295931 0.000000 0.221179 0.562575 -0.796611 0.000000 0.201449 -0.825581 -0.527101 0.000000 -30.113682 -16.257341 -36.667210 1.000000
aniFrame
  m_time -0.266000
  m_vertexTransformMat -0.945616 -0.018768 -0.324744 0.000000 0.255370 0.575552 -0.776870 0.000000 0.201487 -0.817550 -0.539458 0.000000 -29.792583 -15.047543 -37.669804 1.000000
aniFrame
  m_time -0.250000
  m_vertexTransformMat -0.934814 0.010811 -0.354974 0.000000 0.292971 0.588421 -0.753611 0.000000 0.200726 -0.808483 -0.553231 0.000000 -29.420561 -13.675735 -38.733891 1.000000
aniFrame
  m_time -0.234000
  m_vertexTransformMat -0.920766 0.044743 -0.387542 0.000000 0.334617 0.601278 -0.725601 0.000000 0.200555 -0.797786 -0.568608 0.000000 -28.921366 -12.129457 -39.894444 1.000000
aniFrame
  m_time -0.218000
  m_vertexTransformMat -0.903499 0.082089 -0.420656 0.000000 0.378726 0.612389 -0.693936 0.000000 0.200641 -0.786283 -0.584382 0.000000 -28.310715 -10.466551 -41.078377 1.000000
aniFrame
  m_time -0.202000
  m_vertexTransformMat -0.882953 0.122811 -0.453115 0.000000 0.424345 0.621639 -0.658404 0.000000 0.200815 -0.773617 -0.600992 0.000000 -27.594406 -8.678827 -42.259274 1.000000
aniFrame
  m_time -0.186000
  m_vertexTransformMat -0.858699 0.165747 -0.484937 0.000000 0.470992 0.628207 -0.619292 0.000000 0.201995 -0.760187 -0.617506 0.000000 -26.732422 -6.815987 -43.427490 1.000000
aniFrame
  m_time -0.170000
  m_vertexTransformMat -0.831034 0.210703 -0.514769 0.000000 0.517593 0.631815 -0.576982 0.000000 0.203667 -0.745932 -0.634118 0.000000 -25.756042 -4.881837 -44.547333 1.000000
aniFrame
  m_time -0.154000
  m_vertexTransformMat -0.800179 0.256504 -0.542144 0.000000 0.563115 0.632438 -0.531907 0.000000 0.206436 -0.730910 -0.650504 0.000000 -24.660044 -2.922631 -45.606518 1.000000
aniFrame
  m_time -0.138000
  m_vertexTransformMat -0.766227 0.302543 -0.566891 0.000000 0.607213 0.629528 -0.484756 0.000000 0.210214 -0.715656 -0.666069 0.000000 -23.458443 -0.959605 -46.592201 1.000000
aniFrame
  m_time -0.122000
  m_vertexTransformMat -0.730293 0.348079 -0.587805 0.000000 0.648392 0.624095 -0.435998 0.000000 0.215084 -0.699534 -0.681463 0.000000 -22.184912 0.980527 -47.471500 1.000000
aniFrame
  m_time -0.106000
  m_vertexTransformMat -0.692379 0.392039 -0.605736 0.000000 0.686771 0.615514 -0.386637 0.000000 0.221263 -0.683702 -0.695410 0.000000 -20.842802 2.857361 -48.257061 1.000000
aniFrame
  m_time -0.090000
  m_vertexTransformMat -0.653542 0.434027 -0.620084 0.000000 0.721351 0.605257 -0.336625 0.000000 0.229206 -0.667297 -0.708647 0.000000 -19.458117 4.657897 -48.933334 1.000000
aniFrame
  m_time -0.074000
  m_vertexTransformMat -0.615123 0.473253 -0.630600 0.000000 0.751667 0.593395 -0.287888 0.000000 0.237951 -0.651087 -0.720740 0.000000 -18.083208 6.353082 -49.485531 1.000000
aniFrame
  m_time -0.058000
  m_vertexTransformMat -0.577230 0.508943 -0.638579 0.000000 0.777658 0.581177 -0.239754 0.000000 0.249107 -0.634989 -0.731256 0.000000 -16.708721 7.913674 -49.947910 1.000000
aniFrame
  m_time -0.042000
  m_vertexTransformMat -0.541953 0.541412 -0.642776 0.000000 0.798850 0.569413 -0.193928 0.000000 0.261010 -0.618581 -0.741102 0.000000 -15.414553 9.354205 -50.288990 1.000000
aniFrame
  m_time -0.026000
  m_vertexTransformMat -0.509996 0.568989 -0.645102 0.000000 0.815234 0.558971 -0.151476 0.000000 0.274405 -0.603161 -0.748932 0.000000 -14.218069 10.606906 -50.547009 1.000000
aniFrame
  m_time -0.010000
  m_vertexTransformMat -0.481778 0.593071 -0.645103 0.000000 0.827383 0.550373 -0.111927 0.000000 0.288667 -0.587671 -0.755854 0.000000 -13.139743 11.724193 -50.718147 1.000000
aniFrame
  m_time 0.005000
  m_vertexTransformMat -0.460440 0.611963 -0.643037 0.000000 0.832519 0.549092 -0.073559 0.000000 0.308071 -0.569210 -0.762295 0.000000 -12.237614 12.682978 -50.849869 1.000000
aniFrame
  m_time 0.021000
  m_vertexTransformMat -0.446842 0.626140 -0.638968 0.000000 0.830252 0.556255 -0.035523 0.000000 0.333187 -0.546378 -0.768412 0.000000 -11.536862 13.512230 -50.950710 1.000000
aniFrame
  m_time 0.037000
  m_vertexTransformMat -0.441401 0.636172 -0.632812 0.000000 0.820151 0.572138 0.003101 0.000000 0.364029 -0.517633 -0.774300 0.000000 -11.044665 14.251692 -51.025871 1.000000
aniFrame
  m_time 0.053000
  m_vertexTransformMat -0.445161 0.641656 -0.624588 0.000000 0.800548 0.597691 0.043452 0.000000 0.401192 -0.480669 -0.779745 0.000000 -10.790313 14.915297 -51.083725 1.000000
aniFrame
  m_time 0.069000
  m_vertexTransformMat -0.455966 0.643275 -0.615055 0.000000 0.774077 0.627677 0.082619 0.000000 0.439203 -0.438428 -0.784144 0.000000 -10.752529 15.497796 -51.099926 1.000000
aniFrame
  m_time 0.085000
  m_vertexTransformMat -0.473522 0.640892 -0.604181 0.000000 0.740893 0.660770 0.120250 0.000000 0.476292 -0.390693 -0.787722 0.000000 -10.939640 15.999097 -51.069519 1.000000
aniFrame
  m_time 0.101000
  m_vertexTransformMat -0.495754 0.634799 -0.592671 0.000000 0.703455 0.693720 0.154610 0.000000 0.509294 -0.340268 -0.790467 0.000000 -11.311913 16.397657 -50.984604 1.000000
aniFrame
  m_time 0.117000
  m_vertexTransformMat -0.521709 0.625260 -0.580405 0.000000 0.663268 0.725155 0.185005 0.000000 0.536560 -0.288446 -0.793034 0.000000 -11.847008 16.687366 -50.833755 1.000000
aniFrame
  m_time 0.133000
  m_vertexTransformMat -0.549276 0.612880 -0.568044 0.000000 0.623082 0.753350 0.210317 0.000000 0.556835 -0.238416 -0.795672 0.000000 -12.506056 16.847994 -50.632065 1.000000
aniFrame
  m_time 0.149000
  m_vertexTransformMat -0.576874 0.598614 -0.555767 0.000000 0.585533 0.777450 0.229617 0.000000 0.569533 -0.192960 -0.798999 0.000000 -13.245747 16.875385 -50.377968 1.000000
aniFrame
  m_time 0.165000
  m_vertexTransformMat -0.602886 0.583567 -0.544039 0.000000 0.553066 0.797159 0.242189 0.000000 0.575019 -0.154877 -0.803347 0.000000 -14.027630 16.767887 -50.099373 1.000000
aniFrame
  m_time 0.181000
  m_vertexTransformMat -0.624594 0.569823 -0.534027 0.000000 0.530052 0.811510 0.245961 0.000000 0.573523 -0.129436 -0.808900 0.000000 -14.785347 16.526854 -49.837021 1.000000
aniFrame
  m_time 0.197000
  m_vertexTransformMat -0.642963 0.557611 -0.525043 0.000000 0.515123 0.822147 0.242329 0.000000 0.566788 -0.114653 -0.815847 0.000000 -15.522731 16.178452 -49.578686 1.000000
aniFrame
  m_time 0.213000
  m_vertexTransformMat -0.657857 0.547516 -0.517157 0.000000 0.508090 0.829505 0.231876 0.000000 0.555940 -0.110221 -0.823883 0.000000 -16.228634 15.739048 -49.330769 1.000000
aniFrame
  m_time 0.229000
  m_vertexTransformMat -0.670169 0.539202 -0.510034 0.000000 0.507326 0.834378 0.215484 0.000000 0.541751 -0.114343 -0.832726 0.000000 -16.916849 15.219259 -49.084656 1.000000
aniFrame
  m_time 0.245000
  m_vertexTransformMat -0.682325 0.531071 -0.502391 0.000000 0.508188 0.838586 0.196260 0.000000 0.525526 -0.121396 -0.842072 0.000000 -17.642548 14.629857 -48.816471 1.000000
aniFrame
  m_time 0.261000
  m_vertexTransformMat -0.693750 0.523489 -0.494642 0.000000 0.511375 0.841657 0.173523 0.000000 0.507156 -0.132565 -0.851598 0.000000 -18.388075 13.971633 -48.532948 1.000000
aniFrame
  m_time 0.277000
  m_vertexTransformMat -0.704498 0.516149 -0.487107 0.000000 0.516017 0.843742 0.147735 0.000000 0.487246 -0.147276 -0.860757 0.000000 -19.136805 13.247605 -48.251125 1.000000
aniFrame
  m_time 0.293000
  m_vertexTransformMat -0.714649 0.509263 -0.479507 0.000000 0.522254 0.844509 0.118558 0.000000 0.465325 -0.165697 -0.869492 0.000000 -19.904779 12.464611 -47.959743 1.000000
aniFrame
  m_time 0.309000
  m_vertexTransformMat -0.724131 0.501995 -0.472900 0.000000 0.528465 0.844465 0.087203 0.000000 0.443123 -0.186765 -0.876790 0.000000 -20.644934 11.614782 -47.697670 1.000000
aniFrame
  m_time 0.325000
  m_vertexTransformMat -0.733420 0.495008 -0.465900 0.000000 0.535537 0.842879 0.052497 0.000000 0.418683 -0.211004 -0.883280 0.000000 -21.425617 10.716941 -47.423923 1.000000
aniFrame
  m_time 0.341000
  m_vertexTransformMat -0.741559 0.488236 -0.460127 0.000000 0.542591 0.839832 0.016674 0.000000 0.394570 -0.237296 -0.887697 0.000000 -22.147350 9.790164 -47.183605 1.000000
aniFrame
  m_time 0.357000
  m_vertexTransformMat -0.750363 0.480105 -0.454374 0.000000 0.548293 0.835994 -0.022127 0.000000 0.369231 -0.265733 -0.890537 0.000000 -22.908672 8.782297 -46.938316 1.000000
aniFrame
  m_time 0.373000
  m_vertexTransformMat -0.757816 0.473567 -0.448833 0.000000 0.554899 0.829639 -0.061541 0.000000 0.343225 -0.295694 -0.891495 0.000000 -23.633661 7.808990 -46.687656 1.000000
aniFrame
  m_time 0.389000
  m_vertexTransformMat -0.765818 0.464600 -0.444602 0.000000 0.558790 0.822946 -0.102542 0.000000 0.318242 -0.326967 -0.889840 0.000000 -24.333387 6.740038 -46.452057 1.000000
aniFrame
  m_time 0.405000
  m_vertexTransformMat -0.774598 0.455009 -0.439278 0.000000 0.560811 0.815243 -0.144465 0.000000 0.292385 -0.358254 -0.886659 0.000000 -25.073629 5.655704 -46.168457 1.000000
aniFrame
  m_time 0.421000
  m_vertexTransformMat -0.782480 0.444704 -0.435849 0.000000 0.561793 0.806064 -0.186146 0.000000 0.268542 -0.390513 -0.880560 0.000000 -25.727297 4.550014 -45.918167 1.000000
aniFrame
  m_time 0.437000
  m_vertexTransformMat -0.791366 0.433111 -0.431458 0.000000 0.560267 0.796212 -0.228361 0.000000 0.244626 -0.422448 -0.872752 0.000000 -26.396139 3.423785 -45.616547 1.000000
aniFrame
  m_time 0.453000
  m_vertexTransformMat -0.799873 0.420699 -0.428037 0.000000 0.557237 0.785469 -0.269307 0.000000 0.222913 -0.453929 -0.862705 0.000000 -27.006392 2.295442 -45.329029 1.000000
aniFrame
  m_time 0.469000
  m_vertexTransformMat -0.809052 0.406664 -0.424335 0.000000 0.551772 0.774220 -0.310050 0.000000 0.202442 -0.484982 -0.850770 0.000000 -27.596249 1.149223 -45.007477 1.000000
aniFrame
  m_time 0.485000
  m_vertexTransformMat -0.818556 0.391648 -0.420213 0.000000 0.544213 0.762867 -0.349093 0.000000 0.183845 -0.514437 -0.837589 0.000000 -28.153198 0.015683 -44.666218 1.000000
aniFrame
  m_time 0.501000
  m_vertexTransformMat -0.828173 0.374917 -0.416615 0.000000 0.534685 0.751383 -0.386700 0.000000 0.168057 -0.543012 -0.822737 0.000000 -28.654648 -1.124736 -44.322330 1.000000
aniFrame
  m_time 0.517000
  m_vertexTransformMat -0.837805 0.358145 -0.412086 0.000000 0.523728 0.740431 -0.421273 0.000000 0.154245 -0.568766 -0.807907 0.000000 -29.114517 -2.197420 -43.950592 1.000000
aniFrame
  m_time 0.533000
  m_vertexTransformMat -0.848951 0.337273 -0.406852 0.000000 0.508688 0.730194 -0.456127 0.000000 0.143242 -0.594191 -0.791466 0.000000 -29.548590 -3.357705 -43.547737 1.000000
aniFrame
  m_time 0.549000
  m_vertexTransformMat -0.862886 0.309333 -0.399675 0.000000 0.486974 0.720461 -0.493753 0.000000 0.135216 -0.620685 -0.772313 0.000000 -29.976210 -4.707581 -43.067158 1.000000
aniFrame
  m_time 0.565000
  m_vertexTransformMat -0.878702 0.274882 -0.390286 0.000000 0.459177 0.710255 -0.533567 0.000000 0.130534 -0.648057 -0.750322 0.000000 -30.370193 -6.231143 -42.501007 1.000000
aniFrame
  m_time 0.581000
  m_vertexTransformMat -0.896734 0.231572 -0.377151 0.000000 0.423256 0.697738 -0.577942 0.000000 0.129318 -0.677891 -0.723700 0.000000 -30.737093 -8.018498 -41.780693 1.000000
aniFrame
  m_time 0.597000
  m_vertexTransformMat -0.914726 0.183089 -0.360214 0.000000 0.382051 0.682161 -0.623453 0.000000 0.131576 -0.707909 -0.693940 0.000000 -31.025274 -9.925745 -40.920422 1.000000
aniFrame
  m_time 0.613000
  m_vertexTransformMat -0.930882 0.133000 -0.340248 0.000000 0.338741 0.662997 -0.667600 0.000000 0.136793 -0.736712 -0.662225 0.000000 -31.219458 -11.827549 -39.940834 1.000000
aniFrame
  m_time 0.629000
  m_vertexTransformMat -0.944756 0.082644 -0.317186 0.000000 0.294159 0.640664 -0.709241 0.000000 0.144595 -0.763362 -0.629581 0.000000 -31.315069 -13.670832 -38.856476 1.000000
aniFrame
  m_time 0.645000
  m_vertexTransformMat -0.954930 0.036373 -0.294595 0.000000 0.253502 0.616245 -0.745640 0.000000 0.154421 -0.786714 -0.597691 0.000000 -31.303141 -15.306714 -37.775818 1.000000
aniFrame
  m_time 0.661000
  m_vertexTransformMat -0.962742 -0.006381 -0.270347 0.000000 0.214436 0.591083 -0.777586 0.000000 0.164759 -0.806586 -0.567692 0.000000 -31.263788 -16.758589 -36.646683 1.000000
aniFrame
  m_time 0.677000
  m_vertexTransformMat -0.966828 -0.041357 -0.252060 0.000000 0.184764 0.568147 -0.801918 0.000000 0.176372 -0.821888 -0.541659 0.000000 -31.102201 -17.876036 -35.739780 1.000000
aniFrame
  m_time 0.693000
  m_vertexTransformMat -0.969391 -0.068553 -0.235760 0.000000 0.160833 0.548226 -0.820719 0.000000 0.185513 -0.833516 -0.520420 0.000000 -30.994186 -18.677908 -34.928116 1.000000
aniFrame
  m_time 0.709000
  m_vertexTransformMat -0.970098 -0.086605 -0.226740 0.000000 0.146323 0.536654 -0.831018 0.000000 0.193651 -0.839346 -0.507935 0.000000 -30.859116 -19.091648 -34.458214 1.000000
aniFrame
  m_time 0.725000
  m_vertexTransformMat -0.968944 -0.092115 -0.229482 0.000000 0.146889 0.532141 -0.833816 0.000000 0.198924 -0.841630 -0.502084 0.000000 -30.702068 -19.042505 -34.435760 1.000000
aniFrame
  m_time 0.741000
  m_vertexTransformMat -0.967391 -0.087948 -0.237531 0.000000 0.155296 0.534897 -0.830523 0.000000 0.200097 -0.840328 -0.503796 0.000000 -30.633041 -18.617146 -34.674538 1.000000
aniFrame
  m_time 0.757000
  m_vertexTransformMat -0.963540 -0.075337 -0.256741 0.000000 0.176048 0.544082 -0.820355 0.000000 0.201491 -0.835644 -0.510981 0.000000 -30.457993 -17.869043 -35.323643 1.000000
aniFrame
  m_time 0.773000
  m_vertexTransformMat -0.958553 -0.058234 -0.278901 0.000000 0.201320 0.554245 -0.807641 0.000000 0.201612 -0.830314 -0.519549 0.000000 -30.272190 -16.977310 -36.072662 1.000000
aniFrame
  m_time 0.789000
  m_vertexTransformMat -0.951578 -0.035926 -0.305301 0.000000 0.232164 0.566979 -0.790339 0.000000 0.201493 -0.822949 -0.531184 0.000000 -30.013962 -15.866443 -36.994385 1.000000
aniFrame
  m_time 0.805000
  m_vertexTransformMat -0.942338 -0.009513 -0.334529 0.000000 0.267388 0.579721 -0.769694 0.000000 0.201255 -0.814760 -0.543749 0.000000 -29.679037 -14.615965 -38.011082 1.000000
aniFrame
  m_time 0.821000
  m_vertexTransformMat -0.930508 0.021744 -0.365626 0.000000 0.306483 0.592820 -0.744737 0.000000 0.200557 -0.805042 -0.558288 0.000000 -29.270029 -13.173877 -39.113316 1.000000
aniFrame
  m_time 0.837000
  m_vertexTransformMat -0.915356 0.056724 -0.398630 0.000000 0.349083 0.605182 -0.715469 0.000000 0.200660 -0.794064 -0.573759 0.000000 -28.726416 -11.592553 -40.288971 1.000000
aniFrame
  m_time 0.853000
  m_vertexTransformMat -0.897034 0.095372 -0.431548 0.000000 0.393810 0.615693 -0.682522 0.000000 0.200608 -0.782194 -0.589856 0.000000 -28.086767 -9.881066 -41.472466 1.000000
aniFrame
  m_time 0.869000
  m_vertexTransformMat -0.875282 0.136840 -0.463850 0.000000 0.439782 0.624215 -0.645716 0.000000 0.201182 -0.769176 -0.606544 0.000000 -27.320494 -8.067804 -42.652481 1.000000
aniFrame
  m_time 0.885000
  m_vertexTransformMat -0.849830 0.180567 -0.495162 0.000000 0.486621 0.629694 -0.605546 0.000000 0.202458 -0.755567 -0.623000 0.000000 -26.419687 -6.176962 -43.807159 1.000000
aniFrame
  m_time 0.901000
  m_vertexTransformMat -0.821139 0.225908 -0.524116 0.000000 0.532836 0.632482 -0.562185 0.000000 0.204492 -0.740900 -0.639728 0.000000 -25.404093 -4.230305 -44.906971 1.000000
aniFrame
  m_time 0.917000
  m_vertexTransformMat -0.789151 0.271857 -0.550758 0.000000 0.578064 0.631778 -0.516428 0.000000 0.207562 -0.725913 -0.655720 0.000000 -24.269762 -2.267596 -45.944897 1.000000
aniFrame
  m_time 0.933000
  m_vertexTransformMat -0.754447 0.317821 -0.574283 0.000000 0.621264 0.628062 -0.468583 0.000000 0.211760 -0.710302 -0.671290 0.000000 -23.040501 -0.308663 -46.897743 1.000000
aniFrame
  m_time 0.949000
  m_vertexTransformMat -0.717866 0.362954 -0.594082 0.000000 0.661522 0.621523 -0.419640 0.000000 0.216925 -0.694243 -0.686273 0.000000 -21.745600 1.614905 -47.742908 1.000000
aniFrame
  m_time 0.965000
  m_vertexTransformMat -0.679415 0.406234 -0.611040 0.000000 0.698786 0.612240 -0.369947 0.000000 0.223818 -0.678334 -0.699836 0.000000 -20.381361 3.465086 -48.498024 1.000000
aniFrame
  m_time 0.981000
  m_vertexTransformMat -0.640702 0.447509 -0.623889 0.000000 0.731920 0.601455 -0.320228 0.000000 0.231936 -0.661807 -0.712894 0.000000 -18.999838 5.238533 -49.128319 1.000000
aniFrame
  m_time 0.997000
  m_vertexTransformMat -0.602374 0.485473 -0.633611 0.000000 0.760832 0.589280 -0.271817 0.000000 0.241414 -0.645806 -0.724330 0.000000 -17.623051 6.885365 -49.650837 1.000000
aniFrame
  m_time 1.013000
  m_vertexTransformMat -0.565099 0.520243 -0.640321 0.000000 0.785274 0.577175 -0.224085 0.000000 0.252999 -0.629458 -0.734694 0.000000 -16.265732 8.411876 -50.073929 1.000000
aniFrame
  m_time 1.029000
  m_vertexTransformMat -0.530960 0.551126 -0.643694 0.000000 0.804801 0.565770 -0.179444 0.000000 0.265286 -0.613323 -0.743948 0.000000 -15.005796 9.792307 -50.382797 1.000000
aniFrame
  m_time 1.045000
  m_vertexTransformMat -0.500033 0.577446 -0.645386 0.000000 0.819860 0.555678 -0.138030 0.000000 0.278922 -0.598146 -0.751282 0.000000 -13.842457 10.994261 -50.612434 1.000000
aniFrame
  m_time 1.061000
  m_vertexTransformMat -0.473754 0.600042 -0.644598 0.000000 0.830016 0.548863 -0.099105 0.000000 0.294329 -0.581978 -0.758071 0.000000 -12.816937 12.063066 -50.763496 1.000000
aniFrame
  m_time 1.077000
  m_vertexTransformMat -0.455054 0.617138 -0.641924 0.000000 0.832560 0.550579 -0.060875 0.000000 0.315862 -0.562142 -0.764348 0.000000 -11.981510 12.970679 -50.887455 1.000000
aniFrame
  m_time 1.093000
  m_vertexTransformMat -0.444071 0.629968 -0.637136 0.000000 0.827832 0.560514 -0.022773 0.000000 0.342777 -0.537554 -0.770415 0.000000 -11.348840 13.767985 -50.977589 1.000000
aniFrame
  m_time 1.109000
  m_vertexTransformMat -0.441682 0.638489 -0.630277 0.000000 0.814626 0.579754 0.016437 0.000000 0.375900 -0.506180 -0.776196 0.000000 -10.933244 14.481174 -51.048084 1.000000
aniFrame
  m_time 1.125000
  m_vertexTransformMat -0.448126 0.642576 -0.621513 0.000000 0.792286 0.607498 0.056827 0.000000 0.414084 -0.466950 -0.781340 0.000000 -10.755766 15.119057 -51.094963 1.000000
aniFrame
  m_time 1.141000
  m_vertexTransformMat -0.461059 0.642958 -0.611580 0.000000 0.763810 0.638367 0.095297 0.000000 0.451684 -0.423193 -0.785422 0.000000 -10.789268 15.674295 -51.094837 1.000000
aniFrame
  m_time 1.157000
  m_vertexTransformMat -0.480605 0.639210 -0.600357 0.000000 0.728613 0.672036 0.132250 0.000000 0.487997 -0.373868 -0.788721 0.000000 -11.047439 16.144833 -51.047985 1.000000
aniFrame
  m_time 1.173000
  m_vertexTransformMat -0.503949 0.632034 -0.588701 0.000000 0.690434 0.704301 0.165107 0.000000 0.518976 -0.323253 -0.791310 0.000000 -11.470870 16.506254 -50.941463 1.000000
aniFrame
  m_time 1.189000
  m_vertexTransformMat -0.530941 0.621355 -0.576211 0.000000 0.649558 0.735101 0.194168 0.000000 0.544220 -0.271191 -0.793902 0.000000 -12.057742 16.756823 -50.770897 1.000000
aniFrame
  m_time 1.205000
  m_vertexTransformMat -0.558371 0.608360 -0.564022 0.000000 0.610388 0.761709 0.217315 0.000000 0.561826 -0.222930 -0.796652 0.000000 -12.742072 16.870783 -50.554489 1.000000
aniFrame
  m_time 1.221000
  m_vertexTransformMat -0.585945 0.593554 -0.551691 0.000000 0.573830 0.784623 0.234703 0.000000 0.572179 -0.179054 -0.800345 0.000000 -13.506568 16.855282 -50.284233 1.000000
aniFrame
  m_time 1.237000
  m_vertexTransformMat -0.610528 0.578828 -0.540569 0.000000 0.544386 0.802442 0.244398 0.000000 0.575239 -0.145066 -0.805019 0.000000 -14.282181 16.700937 -50.011841 1.000000
aniFrame
  m_time 1.253000
  m_vertexTransformMat -0.631063 0.565574 -0.530929 0.000000 0.524266 0.815407 0.245472 0.000000 0.571756 -0.123440 -0.811084 0.000000 -15.033606 16.421568 -49.750103 1.000000
aniFrame
  m_time 1.269000
  m_vertexTransformMat -0.648396 0.553922 -0.522258 0.000000 0.511706 0.825030 0.239756 0.000000 0.563685 -0.111786 -0.818391 0.000000 -15.763032 16.041815 -49.494785 1.000000
aniFrame
  m_time 1.285000
  m_vertexTransformMat -0.662090 0.544661 -0.514764 0.000000 0.507468 0.831274 0.226848 0.000000 0.551465 -0.111033 -0.826776 0.000000 -16.457224 15.574076 -49.249466 1.000000
aniFrame
  m_time 1.301000
  m_vertexTransformMat -0.674253 0.536421 -0.507579 0.000000 0.507329 0.835903 0.209482 0.000000 0.536657 -0.116266 -0.835752 0.000000 -17.152605 15.030169 -48.999329 1.000000
aniFrame
  m_time 1.317000
  m_vertexTransformMat -0.686231 0.528513 -0.499761 0.000000 0.509067 0.839716 0.189017 0.000000 0.519555 -0.124703 -0.845288 0.000000 -17.891850 14.418253 -48.721596 1.000000
aniFrame
  m_time 1.333000
  m_vertexTransformMat -0.697367 0.520972 -0.492208 0.000000 0.512683 0.842503 0.165362 0.000000 0.500836 -0.137028 -0.854627 0.000000 -18.632027 13.736690 -48.441822 1.000000
aniFrame
  m_time 1.349000
  m_vertexTransformMat -0.707985 0.513848 -0.484478 0.000000 0.518023 0.844115 0.138281 0.000000 0.480010 -0.153070 -0.863806 0.000000 -19.395864 12.993520 -48.151909 1.000000
aniFrame
  m_time 1.365000
  m_vertexTransformMat -0.717808 0.506906 -0.477282 0.000000 0.524325 0.844584 0.108447 0.000000 0.458077 -0.172407 -0.872033 0.000000 -20.148813 12.189577 -47.871231 1.000000
aniFrame
  m_time 1.381000
  m_vertexTransformMat -0.727334 0.499564 -0.470553 0.000000 0.530704 0.844153 0.075888 0.000000 0.435130 -0.194529 -0.879102 0.000000 -20.905926 11.317681 -47.606300 1.000000
aniFrame
  m_time 1.397000
  m_vertexTransformMat -0.736188 0.492899 -0.463766 0.000000 0.538064 0.841922 0.040681 0.000000 0.410506 -0.219587 -0.885024 0.000000 -21.673296 10.416222 -47.338001 1.000000
aniFrame
  m_time 1.413000
  m_vertexTransformMat -0.744475 0.485477 -0.458333 0.000000 0.544476 0.838767 0.004044 0.000000 0.386398 -0.246540 -0.888772 0.000000 -22.394539 9.456134 -47.106243 1.000000
aniFrame
  m_time 1.429000
  m_vertexTransformMat -0.753085 0.477781 -0.452315 0.000000 0.550431 0.834133 -0.035349 0.000000 0.360401 -0.275589 -0.891158 0.000000 -23.163544 8.454167 -46.850365 1.000000
aniFrame
  m_time 1.445000
  m_vertexTransformMat -0.760278 0.470903 -0.447469 0.000000 0.556591 0.827399 -0.074952 0.000000 0.334940 -0.306041 -0.891154 0.000000 -23.860798 7.464332 -46.612953 1.000000
aniFrame
  m_time 1.461000
  m_vertexTransformMat -0.768815 0.461272 -0.442891 0.000000 0.559497 0.820593 -0.116581 0.000000 0.309658 -0.337425 -0.888964 0.000000 -24.581562 6.372758 -46.360661 1.000000
aniFrame
  m_time 1.477000
  m_vertexTransformMat -0.777238 0.451761 -0.437965 0.000000 0.561346 0.812298 -0.158313 0.000000 0.284239 -0.368897 -0.884943 0.000000 -25.298845 5.292695 -46.083107 1.000000
aniFrame
  m_time 1.493000
  m_vertexTransformMat -0.785262 0.440930 -0.434678 0.000000 0.561602 0.802827 -0.200183 0.000000 0.260705 -0.401312 -0.878056 0.000000 -25.942654 4.173826 -45.828140 1.000000
aniFrame
  m_time 1.509000
  m_vertexTransformMat -0.794285 0.429119 -0.430080 0.000000 0.559397 0.792744 -0.242140 0.000000 0.237037 -0.432914 -0.869712 0.000000 -26.610121 3.049939 -45.515987 1.000000
aniFrame
  m_time 1.525000
  m_vertexTransformMat -0.802736 0.416203 -0.427072 0.000000 0.555794 0.781718 -0.282861 0.000000 0.216122 -0.464427 -0.858836 0.000000 -27.198538 1.914102 -45.232624 1.000000
aniFrame
  m_time 1.541000
  m_vertexTransformMat -0.812286 0.401773 -0.422812 0.000000 0.549392 0.770469 -0.323335 0.000000 0.195857 -0.494930 -0.846572 0.000000 -27.791285 0.770463 -44.889809 1.000000
aniFrame
  m_time 1.557000
  m_vertexTransformMat -0.821672 0.386305 -0.419075 0.000000 0.541335 0.759028 -0.361710 0.000000 0.178359 -0.524066 -0.832792 0.000000 -28.323139 -0.363142 -44.556396 1.000000
aniFrame
  m_time 1.573000
  m_vertexTransformMat -0.831415 0.369296 -0.415175 0.000000 0.531150 0.747641 -0.398640 0.000000 0.163186 -0.551955 -0.817751 0.000000 -28.814112 -1.490810 -44.198803 1.000000
aniFrame
  m_time 1.589000
  m_vertexTransformMat -0.841197 0.352031 -0.410441 0.000000 0.519441 0.736969 -0.432502 0.000000 0.150229 -0.577019 -0.802795 0.000000 -29.259628 -2.560003 -43.822910 1.000000
aniFrame
  m_time 1.605000
  m_vertexTransformMat -0.853374 0.328525 -0.404752 0.000000 0.502076 0.726871 -0.468591 0.000000 0.140259 -0.603100 -0.785238 0.000000 -29.693409 -3.795320 -43.395947 1.000000
aniFrame
  m_time 1.621000
  m_vertexTransformMat -0.867963 0.298701 -0.396761 0.000000 0.478425 0.717231 -0.506646 0.000000 0.133234 -0.629570 -0.765435 0.000000 -30.112488 -5.190606 -42.889225 1.000000
aniFrame
  m_time 1.637000
  m_vertexTransformMat -0.884425 0.261453 -0.386570 0.000000 0.448265 0.706344 -0.547847 0.000000 0.129815 -0.657815 -0.741909 0.000000 -30.493141 -6.797808 -42.283787 1.000000
aniFrame
  m_time 1.653000
  m_vertexTransformMat -0.902953 0.215642 -0.371718 0.000000 0.409719 0.692930 -0.593278 0.000000 0.129639 -0.688002 -0.714036 0.000000 -30.847584 -8.653330 -41.503178 1.000000
aniFrame
  m_time 1.669000
  m_vertexTransformMat -0.920116 0.166826 -0.354339 0.000000 0.368314 0.676193 -0.638050 0.000000 0.133158 -0.717587 -0.683621 0.000000 -31.090719 -10.550948 -40.620575 1.000000
aniFrame
  m_time 1.685000
  m_vertexTransformMat -0.935954 0.115890 -0.332506 0.000000 0.323517 0.655829 -0.682074 0.000000 0.139021 -0.745961 -0.651318 0.000000 -31.269632 -12.461538 -39.577744 1.000000
aniFrame
  m_time 1.701000
  m_vertexTransformMat -0.948325 0.066992 -0.310148 0.000000 0.280709 0.632821 -0.721624 0.000000 0.147925 -0.771395 -0.618925 0.000000 -31.307085 -14.229495 -38.514931 1.000000
aniFrame
  m_time 1.717000
  m_vertexTransformMat -0.957907 0.021508 -0.286274 0.000000 0.239892 0.607726 -0.757048 0.000000 0.157693 -0.793856 -0.587304 0.000000 -31.301155 -15.820078 -37.388401 1.000000
aniFrame
  m_time 1.733000
  m_vertexTransformMat -0.964464 -0.018968 -0.263534 0.000000 0.203403 0.583293 -0.786382 0.000000 0.168634 -0.812040 -0.558707 0.000000 -31.218624 -17.167889 -36.321056 1.000000
aniFrame
  m_time 1.749000
  m_vertexTransformMat -0.967780 -0.051291 -0.246518 0.000000 0.176324 0.560872 -0.808908 0.000000 0.179755 -0.826312 -0.533757 0.000000 -31.056135 -18.180359 -35.457291 1.000000
aniFrame
  m_time 1.765000
  m_vertexTransformMat -0.969947 -0.075789 -0.231213 0.000000 0.154252 0.543367 -0.825202 0.000000 0.188175 -0.836067 -0.515346 0.000000 -30.964180 -18.864716 -34.710762 1.000000
aniFrame
  m_time 1.781000
  m_vertexTransformMat -0.969781 -0.089666 -0.226903 0.000000 0.145390 0.534454 -0.832599 0.000000 0.195925 -0.840428 -0.505267 0.000000 -30.798389 -19.118217 -34.419640 1.000000
aniFrame
  m_time 1.797000
  m_vertexTransformMat -0.968519 -0.091547 -0.231497 0.000000 0.148917 0.532133 -0.833462 0.000000 0.199488 -0.841697 -0.501747 0.000000 -30.677580 -18.935051 -34.482952 1.000000
aniFrame
  m_time 1.813000
  m_vertexTransformMat -0.966489 -0.085201 -0.242155 0.000000 0.160043 0.537555 -0.827901 0.000000 0.200710 -0.838913 -0.505905 0.000000 -30.588289 -18.424751 -34.831333 1.000000
aniFrame
  m_time 1.829000
  m_vertexTransformMat -0.962396 -0.072202 -0.261880 0.000000 0.181157 0.547783 -0.816771 0.000000 0.202426 -0.833499 -0.514104 0.000000 -30.397121 -17.673922 -35.503635 1.000000
aniFrame
  m_time 1.845000
  m_vertexTransformMat -0.957659 -0.056160 -0.282375 0.000000 0.204061 0.559477 -0.803333 0.000000 0.203098 -0.826941 -0.524328 0.000000 -30.211134 -16.817175 -36.219814 1.000000
aniFrame
  m_time 1.861000
  m_vertexTransformMat -0.951151 -0.036059 -0.306615 0.000000 0.231515 0.573716 -0.785654 0.000000 0.204239 -0.818261 -0.537342 0.000000 -29.946550 -15.793102 -37.087490 1.000000
aniFrame
  m_time 1.877000
  m_vertexTransformMat -0.943092 -0.012478 -0.332299 0.000000 0.261798 0.588297 -0.765094 0.000000 0.205037 -0.808549 -0.551552 0.000000 -29.643291 -14.648724 -38.013561 1.000000
aniFrame
  m_time 1.893000
  m_vertexTransformMat -0.932738 0.015159 -0.360238 0.000000 0.295675 0.603943 -0.740156 0.000000 0.206343 -0.796884 -0.567802 0.000000 -29.252197 -13.334490 -39.040363 1.000000
aniFrame
  m_time 1.909000
  m_vertexTransformMat -0.919901 0.046013 -0.389442 0.000000 0.332242 0.619004 -0.711654 0.000000 0.208321 -0.784040 -0.584709 0.000000 -28.764910 -11.903736 -40.119869 1.000000
aniFrame
  m_time 1.925000
  m_vertexTransformMat -0.904537 0.080333 -0.418759 0.000000 0.370816 0.633023 -0.679542 0.000000 0.210494 -0.769954 -0.602381 0.000000 -28.198111 -10.342816 -41.219543 1.000000
aniFrame
  m_time 1.941000
  m_vertexTransformMat -0.886196 0.117407 -0.448189 0.000000 0.411099 0.645388 -0.643795 0.000000 0.213669 -0.754778 -0.620206 0.000000 -27.511820 -8.681207 -42.336769 1.000000
aniFrame
  m_time 1.957000
  m_vertexTransformMat -0.864820 0.157140 -0.476859 0.000000 0.452562 0.655268 -0.604823 0.000000 0.217429 -0.738871 -0.637805 0.000000 -26.720837 -6.923696 -43.439812 1.000000
aniFrame
  m_time 1.973000
  m_vertexTransformMat -0.840388 0.198938 -0.504155 0.000000 0.494382 0.662586 -0.562643 0.000000 0.222115 -0.722083 -0.655180 0.000000 -25.820421 -5.093240 -44.518253 1.000000
aniFrame
  m_time 1.989000
  m_vertexTransformMat -0.812686 0.242256 -0.529957 0.000000 0.536399 0.666317 -0.517976 0.000000 0.227637 -0.705220 -0.671452 0.000000 -24.811663 -3.212414 -45.558167 1.000000
aniFrame
  m_time 2.005000
  m_vertexTransformMat -0.782081 0.286697 -0.553312 0.000000 0.577587 0.666839 -0.470872 0.000000 0.233972 -0.687846 -0.687114 0.000000 -23.706835 -1.295577 -46.531452 1.000000
aniFrame
  m_time 2.021000
  m_vertexTransformMat -0.748595 0.331416 -0.574255 0.000000 0.617697 0.663352 -0.422391 0.000000 0.240946 -0.670916 -0.701297 0.000000 -22.513090 0.623481 -47.428440 1.000000
aniFrame
  m_time 2.037000
  m_vertexTransformMat -0.712258 0.375956 -0.592744 0.000000 0.656276 0.656229 -0.372377 0.000000 0.248978 -0.654233 -0.714135 0.000000 -21.221088 2.527748 -48.241726 1.000000
aniFrame
  m_time 2.053000
