m_aniFrameList.size 84
aniFrame
  m_time -1.066000
  m_vertexTransformMat -0.576916 0.792443 0.197992 0.000000 0.814170 0.577354 0.061557 0.000000 -0.065531 0.196712 -0.978269 0.000000 -18.999172 24.896791 -32.653191 1.000000
aniFrame
  m_time -1.027000
  m_vertexTransformMat -0.657487 0.719899 0.222389 0.000000 0.752274 0.643799 0.140026 0.000000 -0.042370 0.259363 -0.964850 0.000000 -21.025629 23.873650 -32.404648 1.000000
aniFrame
  m_time -0.988000
  m_vertexTransformMat -0.739859 0.627344 0.242999 0.000000 0.672295 0.702893 0.232294 0.000000 -0.025074 0.335232 -0.941802 0.000000 -23.114845 22.617025 -32.160648 1.000000
aniFrame
  m_time -0.949000
  m_vertexTransformMat -0.809168 0.527702 0.258414 0.000000 0.587035 0.744935 0.316957 0.000000 -0.025243 0.408169 -0.912558 0.000000 -25.036449 21.147068 -31.801960 1.000000
aniFrame
  m_time -0.910000
  m_vertexTransformMat -0.855586 0.439908 0.272863 0.000000 0.515655 0.770611 0.374511 0.000000 -0.045521 0.461129 -0.886165 0.000000 -26.612551 19.597782 -31.198046 1.000000
aniFrame
  m_time -0.871000
  m_vertexTransformMat -0.874257 0.386674 0.293530 0.000000 0.478467 0.788599 0.386241 0.000000 -0.082128 0.478118 -0.874448 0.000000 -27.837589 18.194891 -30.358437 1.000000
aniFrame
  m_time -0.832000
  m_vertexTransformMat -0.870106 0.372450 0.322795 0.000000 0.476140 0.804376 0.355345 0.000000 -0.127300 0.462883 -0.877231 0.000000 -28.781277 17.060114 -29.305111 1.000000
aniFrame
  m_time -0.793000
  m_vertexTransformMat -0.853288 0.381296 0.355688 0.000000 0.491151 0.816810 0.302644 0.000000 -0.175132 0.432938 -0.884248 0.000000 -29.538946 16.091284 -28.115305 1.000000
aniFrame
  m_time -0.754000
  m_vertexTransformMat -0.827254 0.407718 0.386544 0.000000 0.514927 0.825418 0.231379 0.000000 -0.224723 0.390451 -0.892775 0.000000 -30.126326 15.222925 -26.995970 1.000000
aniFrame
  m_time -0.715000
  m_vertexTransformMat -0.794920 0.446864 0.410384 0.000000 0.540628 0.828699 0.144840 0.000000 -0.275361 0.337001 -0.900337 0.000000 -30.563139 14.417981 -26.125355 1.000000
aniFrame
  m_time -0.676000
  m_vertexTransformMat -0.759058 0.493741 0.424323 0.000000 0.563104 0.825030 0.047317 0.000000 -0.326717 0.274855 -0.904274 0.000000 -30.874279 13.652397 -25.526102 1.000000
aniFrame
  m_time -0.637000
  m_vertexTransformMat -0.725095 0.540200 0.427109 0.000000 0.575072 0.816184 -0.056005 0.000000 -0.378853 0.205009 -0.902464 0.000000 -31.151516 12.780718 -25.165869 1.000000
aniFrame
  m_time -0.598000
  m_vertexTransformMat -0.696602 0.581995 0.419557 0.000000 0.574748 0.802696 -0.159200 0.000000 -0.429430 0.130241 -0.893659 0.000000 -31.415327 11.807773 -24.995602 1.000000
aniFrame
  m_time -0.559000
  m_vertexTransformMat -0.677621 0.614154 0.404531 0.000000 0.560742 0.787385 -0.256112 0.000000 -0.475814 0.053291 -0.877930 0.000000 -31.718790 10.702590 -24.939270 1.000000
aniFrame
  m_time -0.520000
  m_vertexTransformMat -0.672264 0.631438 0.386454 0.000000 0.527719 0.774845 -0.348034 0.000000 -0.519204 -0.030031 -0.854122 0.000000 -32.147491 9.299020 -24.869478 1.000000
aniFrame
  m_time -0.481000
  m_vertexTransformMat -0.687460 0.628470 0.363902 0.000000 0.454463 0.763143 -0.459430 0.000000 -0.566447 -0.150460 -0.810247 0.000000 -32.856712 6.964799 -24.670197 1.000000
aniFrame
  m_time -0.442000
  m_vertexTransformMat -0.714983 0.610298 0.341081 0.000000 0.351336 0.735421 -0.579414 0.000000 -0.604453 -0.294437 -0.740233 0.000000 -33.570560 4.082811 -24.094713 1.000000
aniFrame
  m_time -0.403000
  m_vertexTransformMat -0.742019 0.587664 0.322581 0.000000 0.253069 0.691140 -0.676965 0.000000 -0.620776 -0.420686 -0.661559 0.000000 -34.044682 1.621881 -23.210323 1.000000
aniFrame
  m_time -0.364000
  m_vertexTransformMat -0.761203 0.570063 0.309190 0.000000 0.191042 0.652724 -0.733113 0.000000 -0.619736 -0.498980 -0.605761 0.000000 -34.268017 0.298756 -22.506565 1.000000
aniFrame
  m_time -0.325000
  m_vertexTransformMat -0.767732 0.567679 0.297201 0.000000 0.193573 0.647618 -0.736967 0.000000 -0.610833 -0.508263 -0.607084 0.000000 -34.201923 0.707809 -22.766685 1.000000
aniFrame
  m_time -0.286000
  m_vertexTransformMat -0.765318 0.580060 0.278962 0.000000 0.250298 0.667498 -0.701283 0.000000 -0.592992 -0.466881 -0.656036 0.000000 -33.796265 2.458365 -24.012323 1.000000
aniFrame
  m_time -0.247000
  m_vertexTransformMat -0.755442 0.603133 0.256006 0.000000 0.334922 0.691276 -0.640286 0.000000 -0.563148 -0.397957 -0.724220 0.000000 -32.968445 5.047022 -25.720114 1.000000
aniFrame
  m_time -0.208000
  m_vertexTransformMat -0.736352 0.635733 0.231580 0.000000 0.437415 0.708418 -0.553906 0.000000 -0.516192 -0.306573 -0.799724 0.000000 -31.565172 8.339186 -27.624561 1.000000
aniFrame
  m_time -0.169000
  m_vertexTransformMat -0.707401 0.674879 0.210054 0.000000 0.544734 0.709925 -0.446398 0.000000 -0.450387 -0.201359 -0.869831 0.000000 -29.527077 12.053744 -29.422226 1.000000
aniFrame
  m_time -0.130000
  m_vertexTransformMat -0.670730 0.715590 0.195075 0.000000 0.644394 0.692447 -0.324461 0.000000 -0.367260 -0.091920 -0.925566 0.000000 -26.963476 15.850139 -30.908142 1.000000
aniFrame
  m_time -0.091000
  m_vertexTransformMat -0.631422 0.752255 0.188197 0.000000 0.725913 0.658766 -0.197679 0.000000 -0.272683 0.011796 -0.962031 0.000000 -24.157164 19.368874 -31.945736 1.000000
aniFrame
  m_time -0.052000
  m_vertexTransformMat -0.597471 0.779304 0.188984 0.000000 0.782266 0.618252 -0.076326 0.000000 -0.176321 0.102233 -0.979010 0.000000 -21.498949 22.291723 -32.501183 1.000000
aniFrame
  m_time -0.013000
  m_vertexTransformMat -0.577221 0.793016 0.194789 0.000000 0.811483 0.583686 0.028401 0.000000 -0.091173 0.174461 -0.980434 0.000000 -19.445450 24.400578 -32.661190 1.000000
aniFrame
  m_time 0.025000
  m_vertexTransformMat -0.593872 0.777815 0.205721 0.000000 0.804180 0.581715 0.122074 0.000000 -0.024720 0.237933 -0.970967 0.000000 -18.807016 25.367645 -32.606438 1.000000
aniFrame
  m_time 0.064000
  m_vertexTransformMat -0.663678 0.714334 0.221943 0.000000 0.747835 0.627061 0.218031 0.000000 0.016576 0.310679 -0.950370 0.000000 -20.147829 24.949625 -32.468395 1.000000
aniFrame
  m_time 0.103000
  m_vertexTransformMat -0.754169 0.611495 0.239383 0.000000 0.656357 0.690461 0.304073 0.000000 0.020655 0.386443 -0.922083 0.000000 -22.675627 23.357422 -32.193272 1.000000
aniFrame
  m_time 0.142000
  m_vertexTransformMat -0.829638 0.494443 0.259281 0.000000 0.558162 0.744943 0.365398 0.000000 -0.012481 0.447868 -0.894013 0.000000 -25.328054 21.030582 -31.606581 1.000000
aniFrame
  m_time 0.181000
  m_vertexTransformMat -0.869208 0.404994 0.283653 0.000000 0.490324 0.779955 0.388912 0.000000 -0.063729 0.477127 -0.876521 0.000000 -27.330414 18.807602 -30.714851 1.000000
aniFrame
  m_time 0.220000
  m_vertexTransformMat -0.873569 0.373492 0.312060 0.000000 0.473767 0.799388 0.369491 0.000000 -0.111455 0.470619 -0.875269 0.000000 -28.489786 17.414379 -29.689898 1.000000
aniFrame
  m_time 0.259000
  m_vertexTransformMat -0.860232 0.376095 0.344316 0.000000 0.484705 0.812785 0.323175 0.000000 -0.158310 0.444897 -0.881479 0.000000 -29.296429 16.419882 -28.526819 1.000000
aniFrame
  m_time 0.298000
  m_vertexTransformMat -0.836978 0.397082 0.376553 0.000000 0.506452 0.822724 0.258132 0.000000 -0.207300 0.406757 -0.889705 0.000000 -29.938082 15.528893 -27.356363 1.000000
aniFrame
  m_time 0.337000
  m_vertexTransformMat -0.806387 0.432519 0.403321 0.000000 0.532424 0.827816 0.176766 0.000000 -0.257421 0.357279 -0.897823 0.000000 -30.419228 14.718043 -26.386736 1.000000
aniFrame
  m_time 0.376000
  m_vertexTransformMat -0.771193 0.477425 0.421101 0.000000 0.556797 0.826529 0.082622 0.000000 -0.308607 0.298186 -0.903243 0.000000 -30.769426 13.951530 -25.693417 1.000000
aniFrame
  m_time 0.415000
  m_vertexTransformMat -0.736413 0.524015 0.427907 0.000000 0.572127 0.819934 -0.019483 0.000000 -0.361065 0.230470 -0.903613 0.000000 -31.069092 13.095304 -25.249363 1.000000
aniFrame
  m_time 0.454000
  m_vertexTransformMat -0.705666 0.568126 0.423401 0.000000 0.576442 0.807800 -0.123185 0.000000 -0.412008 0.157139 -0.897529 0.000000 -31.322111 12.163833 -25.035200 1.000000
aniFrame
  m_time 0.493000
  m_vertexTransformMat -0.682980 0.604177 0.410498 0.000000 0.567204 0.792779 -0.223119 0.000000 -0.460237 0.080450 -0.884144 0.000000 -31.605778 11.103008 -24.952242 1.000000
aniFrame
  m_time 0.532000
  m_vertexTransformMat -0.671726 0.627682 0.393445 0.000000 0.543618 0.778464 -0.313804 0.000000 -0.503252 0.003094 -0.864134 0.000000 -31.958992 9.891277 -24.896641 1.000000
aniFrame
  m_time 0.571000
  m_vertexTransformMat -0.679836 0.631916 0.372163 0.000000 0.485771 0.768201 -0.417005 0.000000 -0.549408 -0.102709 -0.829218 0.000000 -32.577045 7.912514 -24.779064 1.000000
aniFrame
  m_time 0.610000
  m_vertexTransformMat -0.704854 0.617960 0.348291 0.000000 0.389535 0.747537 -0.538006 0.000000 -0.592827 -0.243544 -0.767622 0.000000 -33.334660 5.106800 -24.363522 1.000000
aniFrame
  m_time 0.649000
  m_vertexTransformMat -0.733131 0.595820 0.327899 0.000000 0.285926 0.707496 -0.646294 0.000000 -0.617062 -0.380063 -0.689048 0.000000 -33.896297 2.406070 -23.560488 1.000000
aniFrame
  m_time 0.688000
  m_vertexTransformMat -0.755938 0.575675 0.311698 0.000000 0.208642 0.663168 -0.718802 0.000000 -0.620505 -0.478337 -0.621424 0.000000 -34.193096 0.614290 -22.748974 1.000000
aniFrame
  m_time 0.727000
  m_vertexTransformMat -0.767426 0.566431 0.300356 0.000000 0.186439 0.645388 -0.740753 0.000000 -0.613432 -0.512475 -0.600892 0.000000 -34.235367 0.364219 -22.601532 1.000000
aniFrame
  m_time 0.766000
  m_vertexTransformMat -0.767165 0.574433 0.285458 0.000000 0.227541 0.659782 -0.716180 0.000000 -0.599737 -0.484475 -0.636868 0.000000 -33.965843 1.750244 -23.539063 1.000000
aniFrame
  m_time 0.805000
  m_vertexTransformMat -0.760034 0.593784 0.264138 0.000000 0.302775 0.683162 -0.664544 0.000000 -0.575045 -0.425101 -0.699009 0.000000 -33.310467 4.044241 -25.094137 1.000000
aniFrame
  m_time 0.844000
  m_vertexTransformMat -0.744341 0.623255 0.239812 0.000000 0.400345 0.703887 -0.586743 0.000000 -0.534491 -0.340729 -0.773449 0.000000 -32.122807 7.116287 -26.964260 1.000000
aniFrame
  m_time 0.883000
  m_vertexTransformMat -0.718663 0.660668 0.216892 0.000000 0.507366 0.711503 -0.486152 0.000000 -0.475504 -0.239336 -0.846530 0.000000 -30.309620 10.720545 -28.822807 1.000000
aniFrame
  m_time 0.922000
  m_vertexTransformMat -0.684168 0.701584 0.199238 0.000000 0.611140 0.700580 -0.368370 0.000000 -0.398025 -0.130264 -0.908080 0.000000 -27.904556 14.534342 -30.439215 1.000000
aniFrame
  m_time 0.961000
  m_vertexTransformMat -0.644909 0.740357 0.189641 0.000000 0.699976 0.671802 -0.242314 0.000000 -0.306800 -0.023526 -0.951483 0.000000 -25.145660 18.191450 -31.637650 1.000000
aniFrame
  m_time 1.000000
  m_vertexTransformMat -0.608102 0.771299 0.187910 0.000000 0.765618 0.632376 -0.118024 0.000000 -0.209862 0.072097 -0.975070 0.000000 -22.386772 21.349991 -32.357563 1.000000
aniFrame
  m_time 1.039000
  m_vertexTransformMat -0.582563 0.789682 0.192414 0.000000 0.804003 0.594594 -0.006018 0.000000 -0.119160 0.151196 -0.981295 0.000000 -20.080133 23.754541 -32.641899 1.000000
aniFrame
  m_time 1.078000
  m_vertexTransformMat -0.582108 0.787834 0.201166 0.000000 0.811835 0.576987 0.089503 0.000000 -0.045557 0.215414 -0.975460 0.000000 -18.813009 25.179300 -32.640923 1.000000
aniFrame
  m_time 1.117000
  m_vertexTransformMat -0.634408 0.742205 0.216006 0.000000 0.772977 0.607036 0.184428 0.000000 0.005760 0.283971 -0.958815 0.000000 -19.478144 25.251240 -32.523792 1.000000
aniFrame
  m_time 1.156000
  m_vertexTransformMat -0.722866 0.650423 0.233269 0.000000 0.690579 0.668423 0.276244 0.000000 0.023752 0.360778 -0.932349 0.000000 -21.733639 24.021986 -32.314484 1.000000
aniFrame
  m_time 1.195000
  m_vertexTransformMat -0.806940 0.534174 0.252002 0.000000 0.590628 0.728137 0.347815 0.000000 0.002302 0.429505 -0.903062 0.000000 -24.452442 21.875061 -31.849655 1.000000
aniFrame
  m_time 1.234000
  m_vertexTransformMat -0.860324 0.429355 0.274769 0.000000 0.507687 0.770131 0.386201 0.000000 -0.045791 0.471755 -0.880540 0.000000 -26.744692 19.491154 -31.040627 1.000000
aniFrame
  m_time 1.273000
  m_vertexTransformMat -0.875322 0.377858 0.301722 0.000000 0.473990 0.793910 0.380842 0.000000 -0.095636 0.476372 -0.874027 0.000000 -28.165712 17.799311 -30.060753 1.000000
aniFrame
  m_time 1.312000
  m_vertexTransformMat -0.866180 0.372968 0.332607 0.000000 0.479286 0.808444 0.341618 0.000000 -0.141482 0.455317 -0.879016 0.000000 -29.028332 16.756752 -28.951656 1.000000
aniFrame
  m_time 1.351000
  m_vertexTransformMat -0.846071 0.387811 0.365739 0.000000 0.498024 0.819720 0.282898 0.000000 -0.190093 0.421499 -0.886681 0.000000 -29.735620 15.830004 -27.750336 1.000000
aniFrame
  m_time 1.390000
  m_vertexTransformMat -0.817826 0.418488 0.395003 0.000000 0.522929 0.826973 0.206547 0.000000 -0.240220 0.375478 -0.895160 0.000000 -30.279663 14.980433 -26.690266 1.000000
aniFrame
  m_time 1.429000
  m_vertexTransformMat -0.784109 0.460371 0.416212 0.000000 0.548029 0.828348 0.116208 0.000000 -0.291270 0.319216 -0.901811 0.000000 -30.679377 14.187207 -25.900837 1.000000
aniFrame
  m_time 1.468000
  m_vertexTransformMat -0.748395 0.507475 0.427054 0.000000 0.567569 0.823162 0.016465 0.000000 -0.343179 0.254705 -0.904077 0.000000 -30.977957 13.390904 -25.367380 1.000000
aniFrame
  m_time 1.507000
  m_vertexTransformMat -0.715563 0.553237 0.426497 0.000000 0.576210 0.812620 -0.087356 0.000000 -0.394908 0.183243 -0.900261 0.000000 -31.237005 12.499631 -25.072681 1.000000
aniFrame
  m_time 1.546000
  m_vertexTransformMat -0.689627 0.592703 0.416074 0.000000 0.571887 0.798218 -0.189192 0.000000 -0.444252 0.107476 -0.889432 0.000000 -31.502651 11.489764 -24.956356 1.000000
aniFrame
  m_time 1.585000
  m_vertexTransformMat -0.673922 0.621304 0.399763 0.000000 0.554402 0.782939 -0.282214 0.000000 -0.488331 0.031439 -0.872092 0.000000 -31.815382 10.363750 -24.916311 1.000000
aniFrame
  m_time 1.624000
  m_vertexTransformMat -0.674605 0.632609 0.380413 0.000000 0.510624 0.772064 -0.378392 0.000000 -0.533078 -0.061016 -0.843863 0.000000 -32.331978 8.714941 -24.830404 1.000000
aniFrame
  m_time 1.663000
  m_vertexTransformMat -0.695161 0.624121 0.356684 0.000000 0.425235 0.757087 -0.495979 0.000000 -0.579591 -0.193111 -0.791696 0.000000 -33.085518 6.112568 -24.548681 1.000000
aniFrame
  m_time 1.702000
  m_vertexTransformMat -0.723703 0.603682 0.334400 0.000000 0.321017 0.723423 -0.611235 0.000000 -0.610904 -0.335004 -0.717335 0.000000 -33.720760 3.282239 -23.884863 1.000000
aniFrame
  m_time 1.741000
  m_vertexTransformMat -0.749223 0.581467 0.317114 0.000000 0.230699 0.677922 -0.697997 0.000000 -0.620841 -0.449798 -0.642059 0.000000 -34.114311 1.087966 -23.001095 1.000000
aniFrame
  m_time 1.780000
  m_vertexTransformMat -0.765089 0.566898 0.305394 0.000000 0.184931 0.647735 -0.739080 0.000000 -0.616798 -0.508985 -0.600412 0.000000 -34.268322 0.218869 -22.490200 1.000000
aniFrame
  m_time 1.819000
  m_vertexTransformMat -0.768060 0.569197 0.293425 0.000000 0.205460 0.653017 -0.728941 0.000000 -0.606523 -0.499584 -0.618503 0.000000 -34.122520 1.094012 -23.039616 1.000000
aniFrame
  m_time 1.858000
  m_vertexTransformMat -0.765937 0.579372 0.278690 0.000000 0.262297 0.677365 -0.687297 0.000000 -0.586975 -0.453327 -0.670787 0.000000 -33.680702 2.819599 -24.239729 1.000000
aniFrame
  m_time 1.897000
  m_vertexTransformMat -0.758862 0.595609 0.263401 0.000000 0.337956 0.705884 -0.622507 0.000000 -0.556701 -0.383378 -0.736957 0.000000 -32.913757 5.153870 -25.710758 1.000000
aniFrame
  m_time 1.936000
  m_vertexTransformMat -0.745884 0.618444 0.247356 0.000000 0.427214 0.729105 -0.534691 0.000000 -0.511025 -0.293144 -0.808035 0.000000 -31.696947 8.053081 -27.340862 1.000000
aniFrame
  m_time 1.975000
  m_vertexTransformMat -0.725808 0.647638 0.231880 0.000000 0.522151 0.738135 -0.427217 0.000000 -0.447840 -0.189001 -0.873909 0.000000 -29.960611 11.385502 -28.961777 1.000000
aniFrame
  m_time 2.014000
  m_vertexTransformMat -0.698079 0.681872 0.218489 0.000000 0.614514 0.727159 -0.305963 0.000000 -0.367504 -0.079322 -0.926633 0.000000 -27.741560 14.957300 -30.430958 1.000000
aniFrame
  m_time 2.053000
  m_vertexTransformMat -0.663120 0.718950 0.208284 0.000000 0.696843 0.694556 -0.178891 0.000000 -0.273279 0.026515 -0.961570 0.000000 -25.113142 18.532640 -31.589495 1.000000
aniFrame
  m_time 2.092000
  m_vertexTransformMat -0.622580 0.756158 0.201543 0.000000 0.763604 0.643346 -0.054907 0.000000 -0.171180 0.119715 -0.977939 0.000000 -22.184719 21.870550 -32.337414 1.000000
aniFrame
  m_time 2.131000
  m_vertexTransformMat -0.579271 0.790622 0.198397 0.000000 0.812066 0.580837 0.056370 0.000000 -0.070669 0.193765 -0.978500 0.000000 -19.159307 24.760653 -32.637390 1.000000
aniFrame
  m_time 2.133000
  m_vertexTransformMat -0.576916 0.792443 0.197992 0.000000 0.814170 0.577354 0.061557 0.000000 -0.065531 0.196712 -0.978269 0.000000 -18.999172 24.896795 -32.653191 1.000000
