m_aniFrameList.size 202
aniFrame
  m_time -1.066000
  m_vertexTransformMat -0.576916 0.792443 0.197992 0.000000 0.814170 0.577354 0.061557 0.000000 -0.065531 0.196712 -0.978269 0.000000 -18.999172 24.896791 -32.653191 1.000000
aniFrame
  m_time -1.050000
  m_vertexTransformMat -0.609702 0.764678 0.208641 0.000000 0.790694 0.605153 0.092698 0.000000 -0.055375 0.221489 -0.973590 0.000000 -19.819174 24.507978 -32.541153 1.000000
aniFrame
  m_time -1.034000
  m_vertexTransformMat -0.642608 0.734482 0.218156 0.000000 0.764788 0.632128 0.124556 0.000000 -0.046418 0.246884 -0.967933 0.000000 -20.654879 24.072168 -32.448578 1.000000
aniFrame
  m_time -1.018000
  m_vertexTransformMat -0.677013 0.699870 0.227677 0.000000 0.735029 0.658626 0.161071 0.000000 -0.037225 0.276397 -0.960322 0.000000 -21.510874 23.606047 -32.350769 1.000000
aniFrame
  m_time -1.002000
  m_vertexTransformMat -0.711305 0.661985 0.236266 0.000000 0.702262 0.683453 0.199296 0.000000 -0.029546 0.307681 -0.951031 0.000000 -22.374874 23.095236 -32.255474 1.000000
aniFrame
  m_time -0.986000
  m_vertexTransformMat -0.743861 0.622236 0.243913 0.000000 0.667882 0.705507 0.237050 0.000000 -0.024581 0.339237 -0.940380 0.000000 -23.219971 22.546265 -32.146282 1.000000
aniFrame
  m_time -0.970000
  m_vertexTransformMat -0.774348 0.581004 0.250638 0.000000 0.632359 0.724661 0.273841 0.000000 -0.022525 0.370542 -0.928543 0.000000 -24.041559 21.959017 -32.020508 1.000000
aniFrame
  m_time -0.954000
  m_vertexTransformMat -0.801362 0.540344 0.256606 0.000000 0.597694 0.740580 0.307090 0.000000 -0.024103 0.399463 -0.916433 0.000000 -24.807795 21.343615 -31.860619 1.000000
aniFrame
  m_time -0.938000
  m_vertexTransformMat -0.824917 0.500709 0.262300 0.000000 0.564510 0.753555 0.336875 0.000000 -0.028981 0.425965 -0.904276 0.000000 -25.519945 20.709570 -31.660643 1.000000
aniFrame
  m_time -0.922000
  m_vertexTransformMat -0.843984 0.464578 0.268065 0.000000 0.535066 0.764056 0.360448 0.000000 -0.037360 0.447645 -0.893431 0.000000 -26.168798 20.070635 -31.417540 1.000000
aniFrame
  m_time -0.906000
  m_vertexTransformMat -0.858854 0.432409 0.274579 0.000000 0.509911 0.772622 0.378215 0.000000 -0.048603 0.464842 -0.884059 0.000000 -26.753328 19.442677 -31.120724 1.000000
aniFrame
  m_time -0.890000
  m_vertexTransformMat -0.868599 0.407254 0.282278 0.000000 0.491535 0.780213 0.386860 0.000000 -0.062687 0.474776 -0.877872 0.000000 -27.282581 18.845062 -30.796692 1.000000
aniFrame
  m_time -0.874000
  m_vertexTransformMat -0.873719 0.389330 0.291614 0.000000 0.479987 0.787308 0.386988 0.000000 -0.078924 0.478090 -0.874758 0.000000 -27.754416 18.293783 -30.430923 1.000000
aniFrame
  m_time -0.858000
  m_vertexTransformMat -0.875061 0.377876 0.302455 0.000000 0.474290 0.794076 0.380123 0.000000 -0.096533 0.476081 -0.874087 0.000000 -28.180599 17.785236 -30.030212 1.000000
aniFrame
  m_time -0.842000
  m_vertexTransformMat -0.872632 0.373386 0.314796 0.000000 0.474554 0.800560 0.365928 0.000000 -0.115381 0.468708 -0.875785 0.000000 -28.560759 17.331928 -29.590286 1.000000
aniFrame
  m_time -0.826000
  m_vertexTransformMat -0.868259 0.372428 0.327755 0.000000 0.477522 0.806523 0.348557 0.000000 -0.134530 0.459149 -0.878114 0.000000 -28.909855 16.901201 -29.126877 1.000000
aniFrame
  m_time -0.810000
  m_vertexTransformMat -0.861783 0.375127 0.341483 0.000000 0.483271 0.811756 0.327873 0.000000 -0.154207 0.447585 -0.880846 0.000000 -29.233585 16.501013 -28.629698 1.000000
aniFrame
  m_time -0.794000
  m_vertexTransformMat -0.853855 0.380824 0.354831 0.000000 0.490614 0.816538 0.304245 0.000000 -0.173869 0.433866 -0.884042 0.000000 -29.521519 16.114441 -28.146292 1.000000
aniFrame
  m_time -0.778000
  m_vertexTransformMat -0.843877 0.389951 0.368523 0.000000 0.500095 0.820481 0.276976 0.000000 -0.194359 0.418031 -0.887398 0.000000 -29.788244 15.756926 -27.648886 1.000000
aniFrame
  m_time -0.762000
  m_vertexTransformMat -0.833147 0.401244 0.380618 0.000000 0.509843 0.823909 0.247454 0.000000 -0.214305 0.400221 -0.891008 0.000000 -30.014437 15.401000 -27.209402 1.000000
aniFrame
  m_time -0.746000
  m_vertexTransformMat -0.820870 0.414941 0.392423 0.000000 0.520354 0.826581 0.214465 0.000000 -0.235379 0.380246 -0.894432 0.000000 -30.234161 15.053901 -26.783791 1.000000
aniFrame
  m_time -0.730000
  m_vertexTransformMat -0.807479 0.431144 0.402607 0.000000 0.531567 0.827729 0.179725 0.000000 -0.255762 0.359137 -0.897556 0.000000 -30.406433 14.745318 -26.412897 1.000000
aniFrame
  m_time -0.714000
  m_vertexTransformMat -0.794034 0.447965 0.410899 0.000000 0.541232 0.828726 0.142411 0.000000 -0.276728 0.335471 -0.900490 0.000000 -30.573990 14.396416 -26.105930 1.000000
aniFrame
  m_time -0.698000
  m_vertexTransformMat -0.778939 0.467028 0.418496 0.000000 0.551685 0.827640 0.103223 0.000000 -0.298156 0.311282 -0.902334 0.000000 -30.717731 14.100229 -25.808365 1.000000
aniFrame
  m_time -0.682000
  m_vertexTransformMat -0.764370 0.486678 0.422945 0.000000 0.560594 0.825688 0.063028 0.000000 -0.318546 0.285278 -0.903961 0.000000 -30.824038 13.789722 -25.600992 1.000000
aniFrame
  m_time -0.666000
  m_vertexTransformMat -0.749944 0.505485 0.426696 0.000000 0.566929 0.823503 0.020849 0.000000 -0.340847 0.257542 -0.904155 0.000000 -30.964054 13.426270 -25.389629 1.000000
aniFrame
  m_time -0.650000
  m_vertexTransformMat -0.735853 0.524821 0.427882 0.000000 0.572311 0.819761 -0.021247 0.000000 -0.361912 0.229247 -0.903585 0.000000 -31.072939 13.080434 -25.245426 1.000000
aniFrame
  m_time -0.634000
  m_vertexTransformMat -0.722599 0.543608 0.427015 0.000000 0.575462 0.815311 -0.064123 0.000000 -0.383008 0.199396 -0.901968 0.000000 -31.173088 12.708945 -25.140713 1.000000
aniFrame
  m_time -0.618000
  m_vertexTransformMat -0.710098 0.561294 0.425101 0.000000 0.576515 0.810101 -0.106617 0.000000 -0.404218 0.169369 -0.898845 0.000000 -31.283777 12.321100 -25.045809 1.000000
aniFrame
  m_time -0.602000
  m_vertexTransformMat -0.699219 0.578110 0.420574 0.000000 0.575504 0.804182 -0.148613 0.000000 -0.424132 0.138129 -0.895004 0.000000 -31.385109 11.914858 -25.014605 1.000000
aniFrame
  m_time -0.586000
  m_vertexTransformMat -0.689446 0.592997 0.415956 0.000000 0.571792 0.798087 -0.190030 0.000000 -0.444656 0.106825 -0.889308 0.000000 -31.505116 11.480546 -24.955818 1.000000
aniFrame
  m_time -0.570000
  m_vertexTransformMat -0.681858 0.606255 0.409297 0.000000 0.566065 0.791718 -0.229680 0.000000 -0.463293 0.075080 -0.883019 0.000000 -31.627230 11.025015 -24.952478 1.000000
aniFrame
  m_time -0.554000
  m_vertexTransformMat -0.675891 0.617389 0.402496 0.000000 0.558202 0.785430 -0.267413 0.000000 -0.481230 0.043932 -0.875492 0.000000 -31.759012 10.560105 -24.929464 1.000000
aniFrame
  m_time -0.538000
  m_vertexTransformMat -0.672099 0.625919 0.395612 0.000000 0.547616 0.779785 -0.303401 0.000000 -0.498397 0.012728 -0.866855 0.000000 -31.907835 10.055490 -24.901403 1.000000
aniFrame
  m_time -0.522000
  m_vertexTransformMat -0.672045 0.631059 0.387454 0.000000 0.530313 0.775331 -0.342972 0.000000 -0.516841 -0.025020 -0.855716 0.000000 -32.118046 9.391331 -24.875238 1.000000
aniFrame
  m_time -0.506000
  m_vertexTransformMat -0.675302 0.632647 0.379111 0.000000 0.506781 0.771479 -0.384698 0.000000 -0.535854 -0.067660 -0.841595 0.000000 -32.371445 8.587867 -24.822243 1.000000
aniFrame
  m_time -0.490000
  m_vertexTransformMat -0.682215 0.631025 0.369309 0.000000 0.475698 0.766658 -0.431216 0.000000 -0.555242 -0.118503 -0.823203 0.000000 -32.670753 7.601644 -24.748831 1.000000
aniFrame
  m_time -0.474000
  m_vertexTransformMat -0.691990 0.625950 0.359634 0.000000 0.436997 0.759738 -0.481490 0.000000 -0.574616 -0.176027 -0.799269 0.000000 -32.997250 6.453213 -24.598104 1.000000
aniFrame
  m_time -0.458000
  m_vertexTransformMat -0.703163 0.619151 0.349590 0.000000 0.395951 0.749353 -0.530747 0.000000 -0.590579 -0.234781 -0.772072 0.000000 -33.291046 5.282926 -24.404213 1.000000
aniFrame
  m_time -0.442000
  m_vertexTransformMat -0.714983 0.610298 0.341081 0.000000 0.351336 0.735421 -0.579414 0.000000 -0.604453 -0.294437 -0.740233 0.000000 -33.570560 4.082811 -24.094713 1.000000
aniFrame
  m_time -0.426000
  m_vertexTransformMat -0.726792 0.601245 0.332081 0.000000 0.309985 0.718564 -0.622556 0.000000 -0.612930 -0.349529 -0.708623 0.000000 -33.774765 2.999538 -23.795206 1.000000
aniFrame
  m_time -0.410000
  m_vertexTransformMat -0.737503 0.591835 0.325301 0.000000 0.269255 0.699422 -0.662051 0.000000 -0.619348 -0.400675 -0.675180 0.000000 -33.976345 2.006588 -23.382029 1.000000
aniFrame
  m_time -0.394000
  m_vertexTransformMat -0.747661 0.582747 0.318447 0.000000 0.235407 0.680966 -0.693448 0.000000 -0.620956 -0.443499 -0.646315 0.000000 -34.100723 1.198946 -23.044617 1.000000
aniFrame
  m_time -0.378000
  m_vertexTransformMat -0.755799 0.575810 0.311788 0.000000 0.209142 0.663492 -0.718359 0.000000 -0.620507 -0.477726 -0.621892 0.000000 -34.190956 0.623991 -22.755741 1.000000
aniFrame
  m_time -0.362000
  m_vertexTransformMat -0.761950 0.569312 0.308734 0.000000 0.189295 0.651665 -0.734507 0.000000 -0.619355 -0.501216 -0.604304 0.000000 -34.272579 0.269357 -22.489090 1.000000
aniFrame
  m_time -0.346000
  m_vertexTransformMat -0.766551 0.566258 0.302905 0.000000 0.184700 0.646153 -0.740522 0.000000 -0.615050 -0.511701 -0.599897 0.000000 -34.253292 0.252847 -22.532654 1.000000
aniFrame
  m_time -0.330000
  m_vertexTransformMat -0.767691 0.567083 0.298441 0.000000 0.189923 0.646138 -0.739213 0.000000 -0.612029 -0.510806 -0.603737 0.000000 -34.220722 0.558520 -22.684505 1.000000
aniFrame
  m_time -0.314000
  m_vertexTransformMat -0.767784 0.569859 0.292864 0.000000 0.206246 0.652585 -0.729107 0.000000 -0.606606 -0.499395 -0.618575 0.000000 -34.118725 1.118665 -23.060171 1.000000
aniFrame
  m_time -0.298000
  m_vertexTransformMat -0.766972 0.575070 0.284692 0.000000 0.230036 0.660586 -0.714640 0.000000 -0.599031 -0.482620 -0.638937 0.000000 -33.948860 1.828407 -23.590992 1.000000
aniFrame
  m_time -0.282000
  m_vertexTransformMat -0.764687 0.581905 0.276839 0.000000 0.257896 0.670056 -0.696071 0.000000 -0.590545 -0.460881 -0.662455 0.000000 -33.732380 2.689929 -24.171459 1.000000
aniFrame
  m_time -0.266000
  m_vertexTransformMat -0.761506 0.590463 0.267325 0.000000 0.291092 0.680059 -0.672894 0.000000 -0.579116 -0.434596 -0.689748 0.000000 -33.424660 3.687080 -24.861223 1.000000
aniFrame
  m_time -0.250000
  m_vertexTransformMat -0.756534 0.600990 0.257815 0.000000 0.327612 0.689506 -0.645951 0.000000 -0.565975 -0.404220 -0.718526 0.000000 -33.050385 4.817652 -25.578785 1.000000
aniFrame
  m_time -0.234000
  m_vertexTransformMat -0.750254 0.612954 0.247806 0.000000 0.367826 0.698420 -0.613934 0.000000 -0.549386 -0.369456 -0.749452 0.000000 -32.566345 6.080601 -26.353916 1.000000
aniFrame
  m_time -0.218000
  m_vertexTransformMat -0.742325 0.626521 0.237539 0.000000 0.410216 0.705262 -0.578212 0.000000 -0.529789 -0.331779 -0.780542 0.000000 -31.980473 7.438158 -27.143091 1.000000
aniFrame
  m_time -0.202000
  m_vertexTransformMat -0.732519 0.641397 0.228092 0.000000 0.453858 0.709873 -0.538602 0.000000 -0.507375 -0.291015 -0.811099 0.000000 -31.294613 8.890357 -27.911104 1.000000
aniFrame
  m_time -0.186000
  m_vertexTransformMat -0.721256 0.657222 0.218743 0.000000 0.498124 0.711577 -0.495510 0.000000 -0.481312 -0.248428 -0.840608 0.000000 -30.490295 10.398025 -28.669655 1.000000
aniFrame
  m_time -0.170000
  m_vertexTransformMat -0.708250 0.673845 0.210510 0.000000 0.542041 0.710104 -0.449381 0.000000 -0.452297 -0.204169 -0.868183 0.000000 -29.586514 11.956162 -29.380033 1.000000
aniFrame
  m_time -0.154000
  m_vertexTransformMat -0.694049 0.690580 0.203456 0.000000 0.584523 0.705518 -0.400721 0.000000 -0.420272 -0.159195 -0.893325 0.000000 -28.591648 13.521120 -30.037851 1.000000
aniFrame
  m_time -0.138000
  m_vertexTransformMat -0.678621 0.707503 0.197267 0.000000 0.625246 0.697393 -0.350302 0.000000 -0.385412 -0.114382 -0.915629 0.000000 -27.517563 15.084673 -30.644073 1.000000
aniFrame
  m_time -0.122000
  m_vertexTransformMat -0.662629 0.723593 0.193230 0.000000 0.662800 0.686692 -0.298583 0.000000 -0.348742 -0.069777 -0.934618 0.000000 -26.398445 16.606174 -31.152079 1.000000
aniFrame
  m_time -0.106000
  m_vertexTransformMat -0.646251 0.739124 0.189882 0.000000 0.697272 0.673027 -0.246670 0.000000 -0.310115 -0.027011 -0.950315 0.000000 -25.242649 18.073011 -31.602842 1.000000
aniFrame
  m_time -0.090000
  m_vertexTransformMat -0.630439 0.753086 0.188169 0.000000 0.727688 0.657766 -0.194458 0.000000 -0.270214 0.014334 -0.962693 0.000000 -24.085426 19.452696 -31.964554 1.000000
aniFrame
  m_time -0.074000
  m_vertexTransformMat -0.615249 0.765582 0.188027 0.000000 0.753810 0.641137 -0.143926 0.000000 -0.230738 0.053186 -0.971562 0.000000 -22.955555 20.734650 -32.232449 1.000000
aniFrame
  m_time -0.058000
  m_vertexTransformMat -0.601997 0.775986 0.188270 0.000000 0.775369 0.624416 -0.094378 0.000000 -0.190795 0.089163 -0.977573 0.000000 -21.880459 21.888401 -32.449387 1.000000
aniFrame
  m_time -0.042000
  m_vertexTransformMat -0.590657 0.784117 0.190487 0.000000 0.792266 0.608327 -0.047465 0.000000 -0.153097 0.122881 -0.980542 0.000000 -20.899565 22.918398 -32.564297 1.000000
aniFrame
  m_time -0.026000
  m_vertexTransformMat -0.582247 0.789893 0.192505 0.000000 0.804442 0.594016 -0.004289 0.000000 -0.117739 0.152362 -0.981287 0.000000 -20.046570 23.788406 -32.644104 1.000000
aniFrame
  m_time -0.010000
  m_vertexTransformMat -0.576576 0.793324 0.195443 0.000000 0.812573 0.581763 0.035736 0.000000 -0.085351 0.179416 -0.980064 0.000000 -19.327200 24.524954 -32.660080 1.000000
aniFrame
  m_time 0.005000
  m_vertexTransformMat -0.578762 0.790752 0.199364 0.000000 0.813561 0.576703 0.074383 0.000000 -0.056155 0.205245 -0.977099 0.000000 -18.894007 25.039705 -32.649822 1.000000
aniFrame
  m_time 0.021000
  m_vertexTransformMat -0.589761 0.781309 0.204300 0.000000 0.807001 0.579731 0.112521 0.000000 -0.030525 0.231231 -0.972420 0.000000 -18.784296 25.328833 -32.618217 1.000000
aniFrame
  m_time 0.037000
  m_vertexTransformMat -0.609814 0.764129 0.210318 0.000000 0.792495 0.590873 0.151064 0.000000 -0.008839 0.258797 -0.965891 0.000000 -19.005068 25.396040 -32.568535 1.000000
aniFrame
  m_time 0.053000
  m_vertexTransformMat -0.639933 0.737104 0.217171 0.000000 0.768387 0.610786 0.191110 0.000000 0.008223 0.289169 -0.957242 0.000000 -19.597977 25.202709 -32.514076 1.000000
aniFrame
  m_time 0.069000
  m_vertexTransformMat -0.674670 0.703279 0.224095 0.000000 0.737865 0.634639 0.229756 0.000000 0.019363 0.320361 -0.947097 0.000000 -20.418688 24.810837 -32.443279 1.000000
aniFrame
  m_time 0.085000
  m_vertexTransformMat -0.712470 0.662483 0.231308 0.000000 0.701301 0.661105 0.266678 0.000000 0.023751 0.352217 -0.935617 0.000000 -21.435242 24.215639 -32.346031 1.000000
aniFrame
  m_time 0.101000
  m_vertexTransformMat -0.749724 0.617290 0.238472 0.000000 0.661405 0.687326 0.300211 0.000000 0.021410 0.382802 -0.923583 0.000000 -22.537659 23.459970 -32.213760 1.000000
aniFrame
  m_time 0.117000
  m_vertexTransformMat -0.784646 0.568954 0.246213 0.000000 0.619822 0.712100 0.329749 0.000000 0.012284 0.411344 -0.911397 0.000000 -23.666945 22.567200 -32.020069 1.000000
aniFrame
  m_time 0.133000
  m_vertexTransformMat -0.815117 0.520453 0.254385 0.000000 0.579291 0.734111 0.354265 0.000000 -0.002369 0.436130 -0.899880 0.000000 -24.757963 21.589890 -31.773554 1.000000
aniFrame
  m_time 0.149000
  m_vertexTransformMat -0.839859 0.474602 0.263418 0.000000 0.542386 0.752819 0.372936 0.000000 -0.021310 0.456088 -0.889680 0.000000 -25.755875 20.586758 -31.458130 1.000000
aniFrame
  m_time 0.165000
  m_vertexTransformMat -0.858303 0.434293 0.273326 0.000000 0.511364 0.768232 0.385133 0.000000 -0.042717 0.470330 -0.881457 0.000000 -26.632616 19.619265 -31.093536 1.000000
aniFrame
  m_time 0.181000
  m_vertexTransformMat -0.869208 0.404994 0.283653 0.000000 0.490324 0.779955 0.388912 0.000000 -0.063729 0.477127 -0.876521 0.000000 -27.330414 18.807602 -30.714851 1.000000
aniFrame
  m_time 0.197000
  m_vertexTransformMat -0.874450 0.385197 0.294891 0.000000 0.477749 0.789333 0.385630 0.000000 -0.084223 0.478098 -0.874259 0.000000 -27.891975 18.131947 -30.306334 1.000000
aniFrame
  m_time 0.213000
  m_vertexTransformMat -0.874814 0.374999 0.306719 0.000000 0.473289 0.796713 0.375828 0.000000 -0.103432 0.473947 -0.874458 0.000000 -28.332125 17.600960 -29.881437 1.000000
aniFrame
  m_time 0.229000
  m_vertexTransformMat -0.871354 0.372739 0.319073 0.000000 0.475296 0.802661 0.360318 0.000000 -0.121803 0.465619 -0.876563 0.000000 -28.681257 17.184278 -29.438410 1.000000
aniFrame
  m_time 0.245000
  m_vertexTransformMat -0.866310 0.372922 0.332320 0.000000 0.479173 0.808333 0.342040 0.000000 -0.141072 0.455551 -0.878961 0.000000 -29.021467 16.765156 -28.962038 1.000000
aniFrame
  m_time 0.261000
  m_vertexTransformMat -0.859282 0.376729 0.345992 0.000000 0.485584 0.813396 0.320305 0.000000 -0.160760 0.443241 -0.881870 0.000000 -29.333260 16.371222 -28.465996 1.000000
aniFrame
  m_time 0.277000
  m_vertexTransformMat -0.850721 0.383512 0.359434 0.000000 0.493595 0.817944 0.295521 0.000000 -0.180661 0.428820 -0.885141 0.000000 -29.613760 15.992628 -27.979572 1.000000
aniFrame
  m_time 0.293000
  m_vertexTransformMat -0.840319 0.393556 0.372797 0.000000 0.503410 0.821655 0.267324 0.000000 -0.201104 0.412307 -0.888572 0.000000 -29.868160 15.639887 -27.493036 1.000000
aniFrame
  m_time 0.309000
  m_vertexTransformMat -0.829280 0.405476 0.384557 0.000000 0.513191 0.824946 0.236852 0.000000 -0.221201 0.393767 -0.892198 0.000000 -30.088978 15.281548 -27.067532 1.000000
aniFrame
  m_time 0.325000
  m_vertexTransformMat -0.816427 0.420144 0.396139 0.000000 0.524110 0.827120 0.202930 0.000000 -0.242395 0.373297 -0.895485 0.000000 -30.299236 14.947861 -26.649025 1.000000
aniFrame
  m_time 0.341000
  m_vertexTransformMat -0.803113 0.436638 0.405410 0.000000 0.534889 0.828111 0.167711 0.000000 -0.262495 0.351539 -0.898619 0.000000 -30.459282 14.632286 -26.310081 1.000000
aniFrame
  m_time 0.357000
  m_vertexTransformMat -0.789172 0.454010 0.413622 0.000000 0.544541 0.828703 0.129338 0.000000 -0.284049 0.327304 -0.901215 0.000000 -30.629940 14.286390 -26.002094 1.000000
aniFrame
  m_time 0.373000
  m_vertexTransformMat -0.773927 0.473718 0.420273 0.000000 0.555081 0.826900 0.090121 0.000000 -0.304832 0.303033 -0.902912 0.000000 -30.750504 14.008560 -25.731649 1.000000
aniFrame
  m_time 0.389000
  m_vertexTransformMat -0.759652 0.492961 0.424169 0.000000 0.562840 0.825108 0.049075 0.000000 -0.325793 0.276019 -0.904253 0.000000 -30.868429 13.667891 -25.534691 1.000000
aniFrame
  m_time 0.405000
  m_vertexTransformMat -0.745063 0.511889 0.427612 0.000000 0.568922 0.822363 0.006837 0.000000 -0.348153 0.248372 -0.903937 0.000000 -31.005787 13.312902 -25.325840 1.000000
aniFrame
  m_time 0.421000
  m_vertexTransformMat -0.731421 0.531223 0.427581 0.000000 0.573643 0.818339 -0.035422 0.000000 -0.368724 0.219371 -0.903283 0.000000 -31.103676 12.959768 -25.215303 1.000000
aniFrame
  m_time 0.437000
  m_vertexTransformMat -0.718192 0.549546 0.426850 0.000000 0.575965 0.813696 -0.078505 0.000000 -0.390469 0.189469 -0.900908 0.000000 -31.213741 12.580140 -25.093632 1.000000
aniFrame
  m_time 0.453000
  m_vertexTransformMat -0.706351 0.567059 0.423689 0.000000 0.576478 0.808169 -0.120568 0.000000 -0.410781 0.159085 -0.897748 0.000000 -31.316042 12.188918 -25.036562 1.000000
aniFrame
  m_time 0.469000
  m_vertexTransformMat -0.695747 0.583261 0.419218 0.000000 0.574464 0.802197 -0.162702 0.000000 -0.431193 0.127626 -0.893188 0.000000 -31.425541 11.771801 -24.989101 1.000000
aniFrame
  m_time 0.485000
  m_vertexTransformMat -0.686676 0.597611 0.413929 0.000000 0.570151 0.795974 -0.203354 0.000000 -0.451003 0.096364 -0.887305 0.000000 -31.544575 11.331738 -24.951166 1.000000
aniFrame
  m_time 0.501000
  m_vertexTransformMat -0.679746 0.610215 0.406919 0.000000 0.563521 0.789623 -0.242773 0.000000 -0.469457 0.064284 -0.880612 0.000000 -31.672304 10.866435 -24.948551 1.000000
aniFrame
  m_time 0.517000
  m_vertexTransformMat -0.674278 0.620560 0.400319 0.000000 0.555215 0.783423 -0.279256 0.000000 -0.486914 0.033967 -0.872789 0.000000 -31.803661 10.404114 -24.918842 1.000000
aniFrame
  m_time 0.533000
  m_vertexTransformMat -0.671690 0.628052 0.392916 0.000000 0.542602 0.778171 -0.316281 0.000000 -0.504397 0.000754 -0.863471 0.000000 -31.971701 9.850980 -24.895746 1.000000
aniFrame
  m_time 0.549000
  m_vertexTransformMat -0.672744 0.631949 0.384779 0.000000 0.523184 0.774050 -0.356546 0.000000 -0.523157 -0.038554 -0.851363 0.000000 -32.197994 9.140354 -24.859028 1.000000
aniFrame
  m_time 0.565000
  m_vertexTransformMat -0.677199 0.632511 0.375941 0.000000 0.497435 0.770033 -0.399509 0.000000 -0.542181 -0.083541 -0.836099 0.000000 -32.464798 8.283272 -24.804052 1.000000
aniFrame
  m_time 0.581000
  m_vertexTransformMat -0.685231 0.629625 0.366102 0.000000 0.463344 0.764678 -0.447862 0.000000 -0.561935 -0.137258 -0.815714 0.000000 -32.780937 7.228670 -24.704849 1.000000
aniFrame
  m_time 0.597000
  m_vertexTransformMat -0.695622 0.623855 0.356252 0.000000 0.423560 0.756682 -0.498025 0.000000 -0.580264 -0.195542 -0.790605 0.000000 -33.097672 6.064251 -24.541695 1.000000
aniFrame
  m_time 0.613000
  m_vertexTransformMat -0.707047 0.616361 0.346676 0.000000 0.381170 0.745090 -0.547311 0.000000 -0.595646 -0.254832 -0.761753 0.000000 -33.390095 4.879468 -24.307493 1.000000
aniFrame
  m_time 0.629000
  m_vertexTransformMat -0.718990 0.607217 0.338144 0.000000 0.337017 0.730093 -0.594461 0.000000 -0.607843 -0.313451 -0.729572 0.000000 -33.645645 3.704346 -23.993448 1.000000
aniFrame
  m_time 0.645000
  m_vertexTransformMat -0.730456 0.598173 0.329582 0.000000 0.296216 0.712309 -0.636296 0.000000 -0.615379 -0.367159 -0.697498 0.000000 -33.844479 2.656739 -23.665752 1.000000
aniFrame
  m_time 0.661000
  m_vertexTransformMat -0.740950 0.588646 0.323248 0.000000 0.256753 0.693077 -0.673589 0.000000 -0.620541 -0.416101 -0.664672 0.000000 -34.030319 1.709496 -23.248415 1.000000
aniFrame
  m_time 0.677000
  m_vertexTransformMat -0.750705 0.580254 0.315827 0.000000 0.226146 0.674892 -0.702410 0.000000 -0.620725 -0.455880 -0.637867 0.000000 -34.128105 0.983190 -22.956547 1.000000
aniFrame
  m_time 0.693000
  m_vertexTransformMat -0.757943 0.573648 0.310565 0.000000 0.201441 0.658653 -0.724981 0.000000 -0.620439 -0.486933 -0.614777 0.000000 -34.224911 0.479456 -22.648235 1.000000
aniFrame
  m_time 0.709000
  m_vertexTransformMat -0.763829 0.567688 0.307077 0.000000 0.186054 0.649252 -0.737465 0.000000 -0.618020 -0.506165 -0.601538 0.000000 -34.274529 0.220104 -22.473684 1.000000
aniFrame
  m_time 0.725000
  m_vertexTransformMat -0.767262 0.566322 0.300979 0.000000 0.185825 0.645480 -0.740827 0.000000 -0.613823 -0.512478 -0.600490 0.000000 -34.239834 0.328040 -22.582327 1.000000
aniFrame
  m_time 0.741000
  m_vertexTransformMat -0.767735 0.567727 0.297102 0.000000 0.193870 0.647740 -0.736782 0.000000 -0.610736 -0.508054 -0.607357 0.000000 -34.200218 0.718755 -22.773453 1.000000
aniFrame
  m_time 0.757000
  m_vertexTransformMat -0.767719 0.571347 0.290123 0.000000 0.213929 0.655313 -0.724431 0.000000 -0.604022 -0.494094 -0.625323 0.000000 -34.063293 1.344872 -23.237890 1.000000
aniFrame
  m_time 0.773000
  m_vertexTransformMat -0.766285 0.577196 0.282229 0.000000 0.238547 0.663455 -0.709171 0.000000 -0.596576 -0.476103 -0.646083 0.000000 -33.888054 2.094878 -23.767569 1.000000
aniFrame
  m_time 0.789000
  m_vertexTransformMat -0.763775 0.584534 0.273804 0.000000 0.268566 0.673502 -0.688671 0.000000 -0.586960 -0.452454 -0.671390 0.000000 -33.637543 3.011416 -24.395411 1.000000
aniFrame
  m_time 0.805000
  m_vertexTransformMat -0.760034 0.593784 0.264138 0.000000 0.302775 0.683162 -0.664544 0.000000 -0.575045 -0.425101 -0.699009 0.000000 -33.310467 4.044241 -25.094137 1.000000
aniFrame
  m_time 0.821000
  m_vertexTransformMat -0.754564 0.604832 0.254581 0.000000 0.340692 0.692632 -0.635759 0.000000 -0.560859 -0.392987 -0.728697 0.000000 -32.901878 5.228314 -25.831493 1.000000
aniFrame
  m_time 0.837000
  m_vertexTransformMat -0.747871 0.617259 0.244295 0.000000 0.381735 0.700946 -0.602455 0.000000 -0.543109 -0.357303 -0.759847 0.000000 -32.381008 6.518767 -26.619228 1.000000
aniFrame
  m_time 0.853000
  m_vertexTransformMat -0.739217 0.631388 0.234323 0.000000 0.424681 0.707055 -0.565438 0.000000 -0.522690 -0.318468 -0.790806 0.000000 -31.764151 7.915138 -27.400866 1.000000
aniFrame
  m_time 0.869000
  m_vertexTransformMat -0.728995 0.646500 0.224955 0.000000 0.468535 0.710848 -0.524568 0.000000 -0.499042 -0.277008 -0.821112 0.000000 -31.038858 9.384083 -28.166510 1.000000
aniFrame
  m_time 0.885000
  m_vertexTransformMat -0.717073 0.662746 0.215812 0.000000 0.512895 0.711396 -0.480473 0.000000 -0.471960 -0.233845 -0.850042 0.000000 -30.199228 10.914900 -28.913494 1.000000
aniFrame
  m_time 0.901000
  m_vertexTransformMat -0.703687 0.679337 0.208149 0.000000 0.556311 0.709031 -0.433351 0.000000 -0.441976 -0.189148 -0.876858 0.000000 -29.265608 12.475733 -29.602236 1.000000
aniFrame
  m_time 0.917000
  m_vertexTransformMat -0.688999 0.696275 0.201202 0.000000 0.598383 0.703129 -0.384121 0.000000 -0.408924 -0.144263 -0.901094 0.000000 -28.240536 14.044989 -30.248703 1.000000
aniFrame
  m_time 0.933000
  m_vertexTransformMat -0.673372 0.712923 0.195734 0.000000 0.638109 0.694163 -0.333100 0.000000 -0.373345 -0.099400 -0.922352 0.000000 -27.149117 15.596391 -30.823336 1.000000
aniFrame
  m_time 0.949000
  m_vertexTransformMat -0.657152 0.728880 0.192059 0.000000 0.674668 0.682405 -0.281331 0.000000 -0.336118 -0.055301 -0.940195 0.000000 -26.016031 17.103319 -31.307871 1.000000
aniFrame
  m_time 0.965000
  m_vertexTransformMat -0.640927 0.743971 0.188995 0.000000 0.707904 0.668083 -0.229209 0.000000 -0.296789 -0.013116 -0.954853 0.000000 -24.854982 18.542532 -31.738091 1.000000
aniFrame
  m_time 0.981000
  m_vertexTransformMat -0.625240 0.757427 0.188094 0.000000 0.736876 0.652333 -0.177415 0.000000 -0.257079 0.027675 -0.965994 0.000000 -23.704664 19.893166 -32.059502 1.000000
aniFrame
  m_time 0.997000
  m_vertexTransformMat -0.610590 0.769320 0.187954 0.000000 0.761518 0.635510 -0.127349 0.000000 -0.217418 0.065372 -0.973887 0.000000 -22.589502 21.132936 -32.313618 1.000000
aniFrame
  m_time 1.013000
  m_vertexTransformMat -0.597960 0.778950 0.188893 0.000000 0.781532 0.618931 -0.078307 0.000000 -0.177908 0.100801 -0.978871 0.000000 -21.540602 22.247829 -32.496098 1.000000
aniFrame
  m_time 1.029000
  m_vertexTransformMat -0.587525 0.786285 0.191234 0.000000 0.796811 0.603343 -0.032702 0.000000 -0.141093 0.133164 -0.980999 0.000000 -20.601370 23.225689 -32.593166 1.000000
aniFrame
  m_time 1.045000
  m_vertexTransformMat -0.579861 0.791446 0.193324 0.000000 0.807714 0.589500 0.009339 0.000000 -0.106574 0.161566 -0.981090 0.000000 -19.785828 24.051817 -32.656555 1.000000
aniFrame
  m_time 1.061000
  m_vertexTransformMat -0.576167 0.793313 0.196688 0.000000 0.813859 0.579021 0.048673 0.000000 -0.075274 0.188120 -0.979257 0.000000 -19.143278 24.725786 -32.656296 1.000000
aniFrame
  m_time 1.077000
  m_vertexTransformMat -0.581494 0.788363 0.200868 0.000000 0.812181 0.576864 0.087121 0.000000 -0.047191 0.213802 -0.975737 0.000000 -18.822578 25.159430 -32.642673 1.000000
aniFrame
  m_time 1.093000
  m_vertexTransformMat -0.595369 0.776539 0.206208 0.000000 0.803127 0.582490 0.125266 0.000000 -0.022841 0.240191 -0.970457 0.000000 -18.819199 25.377483 -32.602310 1.000000
aniFrame
  m_time 1.109000
  m_vertexTransformMat -0.618909 0.756159 0.212545 0.000000 0.785458 0.596701 0.164325 0.000000 -0.002570 0.268648 -0.963235 0.000000 -19.165354 25.359375 -32.551205 1.000000
aniFrame
  m_time 1.125000
  m_vertexTransformMat -0.651324 0.726360 0.219496 0.000000 0.758694 0.618572 0.204332 0.000000 0.012645 0.299617 -0.953976 0.000000 -19.855417 25.089581 -32.493275 1.000000
aniFrame
  m_time 1.141000
  m_vertexTransformMat -0.686939 0.690527 0.226465 0.000000 0.726394 0.643182 0.242217 0.000000 0.021599 0.330892 -0.943421 0.000000 -20.735521 24.636892 -32.413780 1.000000
aniFrame
  m_time 1.157000
  m_vertexTransformMat -0.725246 0.647605 0.233720 0.000000 0.688082 0.670098 0.278408 0.000000 0.023683 0.362733 -0.931592 0.000000 -21.802961 23.975847 -32.306808 1.000000
aniFrame
  m_time 1.173000
  m_vertexTransformMat -0.761567 0.601632 0.240946 0.000000 0.647803 0.695692 0.310425 0.000000 0.019137 0.392495 -0.919555 0.000000 -22.908825 23.179899 -32.156540 1.000000
aniFrame
  m_time 1.189000
  m_vertexTransformMat -0.795515 0.552440 0.248929 0.000000 0.605883 0.719886 0.338631 0.000000 0.007873 0.420208 -0.907394 0.000000 -24.042297 22.243778 -31.942684 1.000000
aniFrame
  m_time 1.205000
  m_vertexTransformMat -0.823881 0.505035 0.257217 0.000000 0.566705 0.740608 0.361035 0.000000 -0.008162 0.443215 -0.896378 0.000000 -25.097561 21.261217 -31.678476 1.000000
aniFrame
  m_time 1.221000
  m_vertexTransformMat -0.846838 0.460155 0.266688 0.000000 0.531093 0.758394 0.377862 0.000000 -0.028379 0.461624 -0.886622 0.000000 -26.066559 20.252157 -31.338369 1.000000
aniFrame
  m_time 1.237000
  m_vertexTransformMat -0.862688 0.423359 0.276652 0.000000 0.503285 0.772466 0.387300 0.000000 -0.049737 0.473353 -0.879468 0.000000 -26.883165 19.331684 -30.971561 1.000000
aniFrame
  m_time 1.253000
  m_vertexTransformMat -0.871494 0.397429 0.287316 0.000000 0.485292 0.783298 0.388507 0.000000 -0.070650 0.478013 -0.875507 0.000000 -27.530603 18.568851 -30.581064 1.000000
aniFrame
  m_time 1.269000
  m_vertexTransformMat -0.875197 0.380485 0.298769 0.000000 0.475165 0.792054 0.383235 0.000000 -0.090826 0.477370 -0.873996 0.000000 -28.054861 17.933167 -30.166786 1.000000
aniFrame
  m_time 1.285000
  m_vertexTransformMat -0.873917 0.373746 0.310780 0.000000 0.473570 0.798768 0.371080 0.000000 -0.109551 0.471469 -0.875052 0.000000 -28.453360 17.457527 -29.735802 1.000000
aniFrame
  m_time 1.301000
  m_vertexTransformMat -0.869920 0.372415 0.323337 0.000000 0.476267 0.804620 0.354621 0.000000 -0.128098 0.462486 -0.877324 0.000000 -28.795683 17.042191 -29.285675 1.000000
aniFrame
  m_time 1.317000
  m_vertexTransformMat -0.864135 0.373841 0.336917 0.000000 0.481115 0.810072 0.335129 0.000000 -0.147643 0.451693 -0.879873 0.000000 -29.129568 16.632111 -28.795477 1.000000
aniFrame
  m_time 1.333000
  m_vertexTransformMat -0.856681 0.378593 0.350379 0.000000 0.487977 0.815007 0.312476 0.000000 -0.167260 0.438669 -0.882946 0.000000 -29.428339 16.241360 -28.307171 1.000000
aniFrame
  m_time 1.349000
  m_vertexTransformMat -0.847368 0.386579 0.364038 0.000000 0.496792 0.819251 0.286402 0.000000 -0.187521 0.423539 -0.886257 0.000000 -29.703148 15.874005 -27.812286 1.000000
aniFrame
  m_time 1.365000
  m_vertexTransformMat -0.836757 0.397320 0.376795 0.000000 0.506651 0.822794 0.257516 0.000000 -0.207708 0.406382 -0.889782 0.000000 -29.942577 15.521421 -27.347622 1.000000
aniFrame
  m_time 1.381000
  m_vertexTransformMat -0.825174 0.410043 0.388526 0.000000 0.516701 0.825850 0.225814 0.000000 -0.228271 0.387088 -0.893339 0.000000 -30.163218 15.165337 -26.924526 1.000000
aniFrame
  m_time 1.397000
  m_vertexTransformMat -0.811925 0.425589 0.399564 0.000000 0.527899 0.827474 0.191335 0.000000 -0.249199 0.366279 -0.896515 0.000000 -30.356451 14.846560 -26.524227 1.000000
aniFrame
  m_time 1.413000
  m_vertexTransformMat -0.798668 0.442202 0.408151 0.000000 0.538051 0.828492 0.155246 0.000000 -0.269500 0.343596 -0.899617 0.000000 -30.515909 14.513556 -26.208778 1.000000
aniFrame
  m_time 1.429000
  m_vertexTransformMat -0.784109 0.460371 0.416212 0.000000 0.548029 0.828348 0.116208 0.000000 -0.291270 0.319216 -0.901811 0.000000 -30.679377 14.187207 -25.900837 1.000000
aniFrame
  m_time 1.445000
  m_vertexTransformMat -0.769099 0.480275 0.421691 0.000000 0.558038 0.826261 0.076724 0.000000 -0.311579 0.294328 -0.903488 0.000000 -30.784945 13.904549 -25.664970 1.000000
aniFrame
  m_time 1.461000
  m_vertexTransformMat -0.754862 0.499198 0.425424 0.000000 0.564900 0.824418 0.034961 0.000000 -0.333275 0.266713 -0.904319 0.000000 -30.916370 13.544510 -25.463909 1.000000
aniFrame
  m_time 1.477000
  m_vertexTransformMat -0.740382 0.518357 0.427951 0.000000 0.570729 0.821108 -0.007173 0.000000 -0.355113 0.238933 -0.903774 0.000000 -31.041185 13.198003 -25.279987 1.000000
aniFrame
  m_time 1.493000
  m_vertexTransformMat -0.727024 0.537504 0.427230 0.000000 0.574701 0.816852 -0.049715 0.000000 -0.375706 0.209386 -0.902775 0.000000 -31.136078 12.835889 -25.182682 1.000000
aniFrame
  m_time 1.509000
  m_vertexTransformMat -0.714031 0.555445 0.426194 0.000000 0.576328 0.811952 -0.092630 0.000000 -0.397500 0.179487 -0.899877 0.000000 -31.250257 12.451194 -25.063028 1.000000
aniFrame
  m_time 1.525000
  m_vertexTransformMat -0.702743 0.572688 0.422115 0.000000 0.576163 0.806184 -0.134553 0.000000 -0.417359 0.148651 -0.896501 0.000000 -31.349070 12.053784 -25.028717 1.000000
aniFrame
  m_time 1.541000
  m_vertexTransformMat -0.692472 0.588214 0.417717 0.000000 0.573221 0.800165 -0.176505 0.000000 -0.438065 0.117219 -0.891268 0.000000 -31.465679 11.627049 -24.968184 1.000000
aniFrame
  m_time 1.557000
  m_vertexTransformMat -0.684155 0.602040 0.411679 0.000000 0.568259 0.793844 -0.216549 0.000000 -0.457180 0.085788 -0.885227 0.000000 -31.584942 11.180089 -24.951494 1.000000
aniFrame
  m_time 1.573000
  m_vertexTransformMat -0.677742 0.613930 0.404668 0.000000 0.560907 0.787517 -0.255346 0.000000 -0.475447 0.053923 -0.878090 0.000000 -31.716110 10.712090 -24.939898 1.000000
aniFrame
  m_time 1.589000
  m_vertexTransformMat -0.672987 0.623412 0.398052 0.000000 0.551753 0.781535 -0.291156 0.000000 -0.492602 0.023683 -0.869932 0.000000 -31.852510 10.237921 -24.909218 1.000000
aniFrame
  m_time 1.605000
  m_vertexTransformMat -0.671701 0.629769 0.390139 0.000000 0.536774 0.776691 -0.329584 0.000000 -0.510579 -0.011966 -0.859747 0.000000 -32.042641 9.627633 -24.888029 1.000000
aniFrame
  m_time 1.621000
  m_vertexTransformMat -0.673823 0.632469 0.382028 0.000000 0.515352 0.772790 -0.370416 0.000000 -0.529504 -0.052716 -0.846667 0.000000 -32.282478 8.873074 -24.840904 1.000000
aniFrame
  m_time 1.637000
  m_vertexTransformMat -0.679518 0.632014 0.372577 0.000000 0.487143 0.768412 -0.415012 0.000000 -0.548586 -0.100510 -0.830031 0.000000 -32.564034 7.955463 -24.782631 1.000000
aniFrame
  m_time 1.653000
  m_vertexTransformMat -0.688508 0.627903 0.362897 0.000000 0.450351 0.762391 -0.464698 0.000000 -0.568454 -0.156517 -0.807690 0.000000 -32.890816 6.843569 -24.653578 1.000000
aniFrame
  m_time 1.669000
  m_vertexTransformMat -0.699354 0.621660 0.352764 0.000000 0.410144 0.753214 -0.514248 0.000000 -0.585394 -0.214957 -0.781734 0.000000 -33.192333 5.679324 -24.483692 1.000000
aniFrame
  m_time 1.685000
  m_vertexTransformMat -0.710993 0.613379 0.343883 0.000000 0.366175 0.740436 -0.563623 0.000000 -0.600338 -0.274810 -0.751049 0.000000 -33.484524 4.476920 -24.201765 1.000000
aniFrame
  m_time 1.701000
  m_vertexTransformMat -0.722972 0.604236 0.334979 0.000000 0.323523 0.724508 -0.608623 0.000000 -0.610447 -0.331643 -0.719283 0.000000 -33.708984 3.347714 -23.902927 1.000000
aniFrame
  m_time 1.717000
  m_vertexTransformMat -0.734013 0.595028 0.327364 0.000000 0.282530 0.705880 -0.649546 0.000000 -0.617578 -0.384285 -0.686238 0.000000 -33.913101 2.324134 -23.524675 1.000000
aniFrame
  m_time 1.733000
  m_vertexTransformMat -0.744357 0.585556 0.321024 0.000000 0.245446 0.686985 -0.683965 0.000000 -0.621038 -0.430321 -0.655085 0.000000 -34.071205 1.439717 -23.135559 1.000000
aniFrame
  m_time 1.749000
  m_vertexTransformMat -0.753412 0.577980 0.313543 0.000000 0.217416 0.668985 -0.710766 0.000000 -0.620564 -0.467331 -0.629684 0.000000 -34.157883 0.791840 -22.860767 1.000000
aniFrame
  m_time 1.765000
  m_vertexTransformMat -0.759956 0.571440 0.309714 0.000000 0.194617 0.654695 -0.730410 0.000000 -0.620154 -0.494803 -0.608751 0.000000 -34.254780 0.359485 -22.551826 1.000000
aniFrame
  m_time 1.781000
  m_vertexTransformMat -0.765349 0.566764 0.304991 0.000000 0.184804 0.647435 -0.739375 0.000000 -0.616513 -0.509516 -0.600254 0.000000 -34.266254 0.221876 -22.496042 1.000000
aniFrame
  m_time 1.797000
  m_vertexTransformMat -0.767564 0.566729 0.299440 0.000000 0.187724 0.645441 -0.740381 0.000000 -0.612867 -0.512078 -0.601806 0.000000 -34.228951 0.436428 -22.635126 1.000000
aniFrame
  m_time 1.813000
  m_vertexTransformMat -0.767948 0.568167 0.295707 0.000000 0.198417 0.649986 -0.733586 0.000000 -0.609005 -0.504682 -0.611889 0.000000 -34.170952 0.875468 -22.877111 1.000000
aniFrame
  m_time 1.829000
  m_vertexTransformMat -0.768055 0.571392 0.289140 0.000000 0.218773 0.658466 -0.720111 0.000000 -0.601855 -0.489830 -0.630744 0.000000 -34.025604 1.487030 -23.341000 1.000000
aniFrame
  m_time 1.845000
  m_vertexTransformMat -0.767059 0.575528 0.283529 0.000000 0.240994 0.668030 -0.704030 0.000000 -0.594594 -0.471704 -0.651117 0.000000 -33.862324 2.174835 -23.801676 1.000000
aniFrame
  m_time 1.861000
  m_vertexTransformMat -0.765610 0.580374 0.277501 0.000000 0.267527 0.679541 -0.683121 0.000000 -0.585038 -0.448766 -0.675529 0.000000 -33.633560 2.976626 -24.346169 1.000000
aniFrame
  m_time 1.877000
  m_vertexTransformMat -0.763106 0.586558 0.271328 0.000000 0.296794 0.691011 -0.659104 0.000000 -0.574093 -0.422437 -0.701401 0.000000 -33.360191 3.871261 -24.920324 1.000000
aniFrame
  m_time 1.893000
  m_vertexTransformMat -0.759793 0.593676 0.265072 0.000000 0.329386 0.702989 -0.630327 0.000000 -0.560553 -0.391607 -0.729675 0.000000 -33.013462 4.886450 -25.546354 1.000000
aniFrame
  m_time 1.909000
  m_vertexTransformMat -0.755628 0.601912 0.258320 0.000000 0.364375 0.714006 -0.597852 0.000000 -0.544296 -0.357628 -0.758845 0.000000 -32.588890 5.987672 -26.208977 1.000000
aniFrame
  m_time 1.925000
  m_vertexTransformMat -0.750168 0.611400 0.251869 0.000000 0.401145 0.723587 -0.561699 0.000000 -0.525672 -0.320332 -0.788071 0.000000 -32.092209 7.186929 -26.874439 1.000000
aniFrame
  m_time 1.941000
  m_vertexTransformMat -0.743743 0.621855 0.245241 0.000000 0.439264 0.731194 -0.521922 0.000000 -0.503878 -0.280451 -0.816979 0.000000 -31.502403 8.459044 -27.554178 1.000000
aniFrame
  m_time 1.957000
  m_vertexTransformMat -0.735960 0.633547 0.238708 0.000000 0.478258 0.736062 -0.479042 0.000000 -0.479200 -0.238392 -0.844711 0.000000 -30.824688 9.807626 -28.226038 1.000000
aniFrame
  m_time 1.973000
  m_vertexTransformMat -0.727021 0.645997 0.232656 0.000000 0.517269 0.738135 -0.433115 0.000000 -0.451523 -0.194538 -0.870794 0.000000 -30.062141 11.206969 -28.880207 1.000000
aniFrame
  m_time 1.989000
  m_vertexTransformMat -0.716712 0.659557 0.226518 0.000000 0.556136 0.736547 -0.384983 0.000000 -0.420759 -0.149947 -0.894695 0.000000 -29.213995 12.653670 -29.523045 1.000000
aniFrame
  m_time 2.005000
  m_vertexTransformMat -0.705180 0.673617 0.221275 0.000000 0.593871 0.731640 -0.334694 0.000000 -0.387349 -0.104611 -0.915979 0.000000 -28.291494 14.123737 -30.116091 1.000000
aniFrame
  m_time 2.021000
  m_vertexTransformMat -0.692286 0.688446 0.216291 0.000000 0.630256 0.722811 -0.283410 0.000000 -0.351450 -0.059882 -0.934290 0.000000 -27.297731 15.606302 -30.669559 1.000000
aniFrame
  m_time 2.037000
  m_vertexTransformMat -0.678348 0.703584 0.211690 0.000000 0.664787 0.710433 -0.230962 0.000000 -0.312893 -0.015944 -0.949655 0.000000 -26.232931 17.080284 -31.172960 1.000000
aniFrame
  m_time 2.053000
  m_vertexTransformMat -0.663120 0.718950 0.208284 0.000000 0.696843 0.694556 -0.178891 0.000000 -0.273279 0.026515 -0.961570 0.000000 -25.113142 18.532640 -31.589495 1.000000
aniFrame
  m_time 2.069000
