m_aniFrameList.size 84
aniFrame
  m_time -1.066000
  m_vertexTransformMat 0.949087 -0.291735 0.118851 0.000000 0.288112 0.956443 0.046989 0.000000 -0.127383 -0.010355 0.991800 0.000000 -1.253524 -1.175216 -1.309196 1.000000
aniFrame
  m_time -1.027000
  m_vertexTransformMat 0.961296 -0.241926 0.131836 0.000000 0.240780 0.970263 0.024808 0.000000 -0.133918 0.007895 0.990961 0.000000 -1.569434 -0.947061 -1.609603 1.000000
aniFrame
  m_time -0.988000
  m_vertexTransformMat 0.970844 -0.190288 0.145783 0.000000 0.192413 0.981314 -0.000483 0.000000 -0.142967 0.028519 0.989317 0.000000 -1.901279 -0.676694 -1.945890 1.000000
aniFrame
  m_time -0.949000
  m_vertexTransformMat 0.977984 -0.137484 0.156990 0.000000 0.143236 0.989350 -0.025882 0.000000 -0.151759 0.047799 0.987261 0.000000 -2.114892 -0.416720 -2.151427 1.000000
aniFrame
  m_time -0.910000
  m_vertexTransformMat 0.983204 -0.084475 0.161788 0.000000 0.093383 0.994460 -0.048257 0.000000 -0.156815 0.062555 0.985645 0.000000 -2.131315 -0.213933 -2.096722 1.000000
aniFrame
  m_time -0.871000
  m_vertexTransformMat 0.986740 -0.034159 0.158674 0.000000 0.044830 0.996932 -0.064166 0.000000 -0.155995 0.070429 0.985244 0.000000 -2.033143 -0.106224 -1.830124 1.000000
aniFrame
  m_time -0.832000
  m_vertexTransformMat 0.988987 0.015206 0.147219 0.000000 -0.004847 0.997502 -0.070464 0.000000 -0.147923 0.068974 0.986591 0.000000 -1.865751 -0.139513 -1.448349 1.000000
aniFrame
  m_time -0.793000
  m_vertexTransformMat 0.989244 0.067787 0.129621 0.000000 -0.059651 0.996058 -0.065659 0.000000 -0.133561 0.057221 0.989388 0.000000 -1.636390 -0.334672 -1.047064 1.000000
aniFrame
  m_time -0.754000
  m_vertexTransformMat 0.986433 0.123230 0.108466 0.000000 -0.118184 0.991640 -0.051805 0.000000 -0.113943 0.038283 0.992749 0.000000 -1.348812 -0.643408 -0.733668 1.000000
aniFrame
  m_time -0.715000
  m_vertexTransformMat 0.979960 0.179514 0.086336 0.000000 -0.177387 0.983629 -0.031766 0.000000 -0.090625 0.015815 0.995760 0.000000 -1.022843 -1.010493 -0.594580 1.000000
aniFrame
  m_time -0.676000
  m_vertexTransformMat 0.969991 0.234247 0.065163 0.000000 -0.234197 0.972152 -0.008523 0.000000 -0.065345 -0.006993 0.997838 0.000000 -0.663678 -1.388538 -0.609360 1.000000
aniFrame
  m_time -0.637000
  m_vertexTransformMat 0.957490 0.284787 0.045940 0.000000 -0.285705 0.958205 0.014708 0.000000 -0.039831 -0.027208 0.998836 0.000000 -0.281705 -1.732346 -0.725786 1.000000
aniFrame
  m_time -0.598000
  m_vertexTransformMat 0.944137 0.328339 0.028256 0.000000 -0.329197 0.943628 0.034580 0.000000 -0.015309 -0.041950 0.999002 0.000000 0.118018 -1.993410 -0.904373 1.000000
aniFrame
  m_time -0.559000
  m_vertexTransformMat 0.932098 0.361981 0.012743 0.000000 -0.362165 0.930892 0.047711 0.000000 0.005408 -0.049086 0.998780 0.000000 0.492380 -2.135622 -1.098643 1.000000
aniFrame
  m_time -0.520000
  m_vertexTransformMat 0.924192 0.381923 -0.002039 0.000000 -0.381328 0.923025 0.051120 0.000000 0.021406 -0.046467 0.998691 0.000000 0.850111 -2.127274 -1.289647 1.000000
aniFrame
  m_time -0.481000
  m_vertexTransformMat 0.924018 0.381780 -0.020867 0.000000 -0.380761 0.923778 0.040688 0.000000 0.034810 -0.029651 0.998954 0.000000 1.258483 -1.898496 -1.558045 1.000000
aniFrame
  m_time -0.442000
  m_vertexTransformMat 0.931402 0.361569 -0.041946 0.000000 -0.361077 0.932342 0.019029 0.000000 0.045988 -0.002578 0.998939 0.000000 1.622264 -1.500629 -1.832551 1.000000
aniFrame
  m_time -0.403000
  m_vertexTransformMat 0.943671 0.325535 -0.059260 0.000000 -0.326535 0.945153 -0.007771 0.000000 0.053480 0.026684 0.998212 0.000000 1.756928 -1.048930 -1.929913 1.000000
aniFrame
  m_time -0.364000
  m_vertexTransformMat 0.957930 0.278879 -0.067802 0.000000 -0.281562 0.958951 -0.033695 0.000000 0.055622 0.051367 0.997130 0.000000 1.661448 -0.643499 -1.802445 1.000000
aniFrame
  m_time -0.325000
  m_vertexTransformMat 0.971679 0.227406 -0.064236 0.000000 -0.230852 0.971571 -0.052505 0.000000 0.050470 0.065847 0.996553 0.000000 1.489065 -0.375111 -1.563161 1.000000
aniFrame
  m_time -0.286000
  m_vertexTransformMat 0.984018 0.171061 -0.049476 0.000000 -0.173857 0.982993 -0.059147 0.000000 0.038516 0.066803 0.997022 0.000000 1.276988 -0.301785 -1.258791 1.000000
aniFrame
  m_time -0.247000
  m_vertexTransformMat 0.994098 0.105195 -0.026527 0.000000 -0.106517 0.992807 -0.054663 0.000000 0.020586 0.057166 0.998152 0.000000 1.016013 -0.383838 -0.943885 1.000000
aniFrame
  m_time -0.208000
  m_vertexTransformMat 0.999533 0.030538 0.000462 0.000000 -0.030491 0.998641 -0.042266 0.000000 -0.001753 0.042232 0.999106 0.000000 0.710724 -0.544908 -0.681565 1.000000
aniFrame
  m_time -0.169000
  m_vertexTransformMat 0.998502 -0.046891 0.028200 0.000000 0.047569 0.998583 -0.023868 0.000000 -0.027041 0.025174 0.999317 0.000000 0.388574 -0.744451 -0.534210 1.000000
aniFrame
  m_time -0.130000
  m_vertexTransformMat 0.991019 -0.122004 0.054747 0.000000 0.122307 0.992490 -0.002203 0.000000 -0.054067 0.008879 0.998498 0.000000 0.035913 -0.945951 -0.557179 1.000000
aniFrame
  m_time -0.091000
  m_vertexTransformMat 0.978569 -0.190519 0.078139 0.000000 0.189606 0.981676 0.019011 0.000000 -0.080329 -0.003788 0.996761 0.000000 -0.359484 -1.104304 -0.725981 1.000000
aniFrame
  m_time -0.052000
  m_vertexTransformMat 0.964243 -0.246262 0.097934 0.000000 0.243824 0.969140 0.036311 0.000000 -0.103854 -0.011134 0.994530 0.000000 -0.765838 -1.195416 -0.973841 1.000000
aniFrame
  m_time -0.013000
  m_vertexTransformMat 0.951944 -0.284364 0.113751 0.000000 0.280866 0.958643 0.046021 0.000000 -0.122133 -0.011861 0.992443 0.000000 -1.130106 -1.196674 -1.223100 1.000000
aniFrame
  m_time 0.025000
  m_vertexTransformMat 0.947330 -0.293152 0.128955 0.000000 0.289889 0.956057 0.043811 0.000000 -0.136131 -0.004120 0.990682 0.000000 -1.500604 -1.092586 -1.492138 1.000000
aniFrame
  m_time 0.064000
  m_vertexTransformMat 0.953782 -0.262815 0.145698 0.000000 0.261770 0.964762 0.026651 0.000000 -0.147568 0.012720 0.988970 0.000000 -1.895269 -0.877719 -1.838265 1.000000
aniFrame
  m_time 0.103000
  m_vertexTransformMat 0.965989 -0.203653 0.159346 0.000000 0.206352 0.978478 -0.000403 0.000000 -0.155834 0.033271 0.987223 0.000000 -2.183700 -0.613623 -2.117933 1.000000
aniFrame
  m_time 0.142000
  m_vertexTransformMat 0.977705 -0.129950 0.164942 0.000000 0.136714 0.990148 -0.030287 0.000000 -0.159381 0.052161 0.985838 0.000000 -2.229181 -0.364738 -2.157644 1.000000
aniFrame
  m_time 0.181000
  m_vertexTransformMat 0.984917 -0.059743 0.162386 0.000000 0.069554 0.996038 -0.055412 0.000000 -0.158432 0.065870 0.985170 0.000000 -2.105691 -0.175416 -1.943748 1.000000
aniFrame
  m_time 0.220000
  m_vertexTransformMat 0.988323 -0.003162 0.152344 0.000000 0.013832 0.997518 -0.069034 0.000000 -0.151747 0.070335 0.985914 0.000000 -1.935572 -0.114839 -1.589568 1.000000
aniFrame
  m_time 0.259000
  m_vertexTransformMat 0.989490 0.048954 0.136065 0.000000 -0.039898 0.996853 -0.068506 0.000000 -0.138991 0.062357 0.988329 0.000000 -1.722031 -0.249818 -1.180985 1.000000
aniFrame
  m_time 0.298000
  m_vertexTransformMat 0.987840 0.103585 0.115945 0.000000 -0.097441 0.993580 -0.057474 0.000000 -0.121154 0.045477 0.991591 0.000000 -1.453048 -0.526125 -0.824123 1.000000
aniFrame
  m_time 0.337000
  m_vertexTransformMat 0.982652 0.159782 0.094152 0.000000 -0.156716 0.986867 -0.039154 0.000000 -0.099172 0.023720 0.994788 0.000000 -1.142140 -0.882327 -0.620979 1.000000
aniFrame
  m_time 0.376000
  m_vertexTransformMat 0.973841 0.215320 0.072604 0.000000 -0.214682 0.976544 -0.016573 0.000000 -0.074469 0.000553 0.997223 0.000000 -0.795874 -1.264985 -0.590851 1.000000
aniFrame
  m_time 0.415000
  m_vertexTransformMat 0.962068 0.267656 0.052770 0.000000 -0.268382 0.963287 0.007056 0.000000 -0.048944 -0.020951 0.998582 0.000000 -0.422440 -1.627190 -0.675746 1.000000
aniFrame
  m_time 0.454000
  m_vertexTransformMat 0.948780 0.314048 0.034496 0.000000 -0.315041 0.948650 0.028498 0.000000 -0.023775 -0.037906 0.998999 0.000000 -0.025322 -1.922022 -0.838124 1.000000
aniFrame
  m_time 0.493000
  m_vertexTransformMat 0.936002 0.351529 0.018079 0.000000 -0.351992 0.934946 0.044480 0.000000 -0.001267 -0.047997 0.998847 0.000000 0.365748 -2.111413 -1.033963 1.000000
aniFrame
  m_time 0.532000
  m_vertexTransformMat 0.926162 0.377108 0.003584 0.000000 -0.376777 0.924857 0.051752 0.000000 0.016201 -0.049281 0.998654 0.000000 0.718248 -2.161407 -1.215032 1.000000
aniFrame
  m_time 0.571000
  m_vertexTransformMat 0.923072 0.384386 -0.013627 0.000000 -0.383437 0.922422 0.045988 0.000000 0.030247 -0.037225 0.998849 0.000000 1.108224 -2.004875 -1.451280 1.000000
aniFrame
  m_time 0.610000
  m_vertexTransformMat 0.928092 0.370733 -0.034669 0.000000 -0.369930 0.928653 0.027501 0.000000 0.042391 -0.012699 0.999021 0.000000 1.508300 -1.650758 -1.743963 1.000000
aniFrame
  m_time 0.649000
  m_vertexTransformMat 0.938984 0.339706 -0.053943 0.000000 -0.340107 0.940385 0.001842 0.000000 0.051353 0.016617 0.998542 0.000000 1.739678 -1.206486 -1.921228 1.000000
aniFrame
  m_time 0.688000
  m_vertexTransformMat 0.952894 0.296019 -0.066076 0.000000 -0.298163 0.954184 -0.025139 0.000000 0.055607 0.043656 0.997498 0.000000 1.709787 -0.773619 -1.864675 1.000000
aniFrame
  m_time 0.727000
  m_vertexTransformMat 0.966997 0.245867 -0.066833 0.000000 -0.249208 0.967298 -0.047226 0.000000 0.053036 0.062323 0.996646 0.000000 1.553845 -0.446973 -1.655778 1.000000
aniFrame
  m_time 0.766000
  m_vertexTransformMat 0.979844 0.191825 -0.055752 0.000000 -0.194992 0.979070 -0.058317 0.000000 0.043398 0.068013 0.996740 0.000000 1.355756 -0.304778 -1.369442 1.000000
aniFrame
  m_time 0.805000
  m_vertexTransformMat 0.990947 0.129420 -0.035696 0.000000 -0.131315 0.989690 -0.057185 0.000000 0.027927 0.061355 0.997725 0.000000 1.117597 -0.343635 -1.051428 1.000000
aniFrame
  m_time 0.844000
  m_vertexTransformMat 0.998311 0.057244 -0.009893 0.000000 -0.057650 0.997212 -0.047382 0.000000 0.007153 0.047872 0.998828 0.000000 0.826200 -0.482624 -0.763473 1.000000
aniFrame
  m_time 0.883000
  m_vertexTransformMat 0.999645 -0.019951 0.017646 0.000000 0.020490 0.999313 -0.030886 0.000000 -0.017018 0.031237 0.999367 0.000000 0.509822 -0.671575 -0.567943 1.000000
aniFrame
  m_time 0.922000
  m_vertexTransformMat 0.994418 -0.095531 0.044801 0.000000 0.096075 0.995323 -0.010140 0.000000 -0.043623 0.014388 0.998944 0.000000 0.171992 -0.875053 -0.528707 1.000000
aniFrame
  m_time 0.961000
  m_vertexTransformMat 0.983381 -0.167673 0.069625 0.000000 0.167277 0.985843 0.011521 0.000000 -0.070571 0.000317 0.997507 0.000000 -0.207796 -1.049377 -0.653791 1.000000
aniFrame
  m_time 1.000000
  m_vertexTransformMat 0.969290 -0.228480 0.090962 0.000000 0.226609 0.973507 0.030530 0.000000 -0.095528 -0.008980 0.995387 0.000000 -0.615547 -1.165401 -0.881451 1.000000
aniFrame
  m_time 1.039000
  m_vertexTransformMat 0.955854 -0.273048 0.108568 0.000000 0.269875 0.961926 0.043208 0.000000 -0.116233 -0.012001 0.993149 0.000000 -1.004559 -1.198455 -1.141087 1.000000
aniFrame
  m_time 1.078000
  m_vertexTransformMat 0.947715 -0.294227 0.123556 0.000000 0.290700 0.955704 0.046080 0.000000 -0.131641 -0.007753 0.991267 0.000000 -1.366045 -1.138129 -1.390304 1.000000
aniFrame
  m_time 1.117000
  m_vertexTransformMat 0.950463 -0.277575 0.139902 0.000000 0.275536 0.960685 0.034131 0.000000 -0.143876 0.006107 0.989577 0.000000 -1.759813 -0.961053 -1.713273 1.000000
aniFrame
  m_time 1.156000
  m_vertexTransformMat 0.961460 -0.226641 0.155653 0.000000 0.227932 0.973628 0.009742 0.000000 -0.153756 0.026111 0.987764 0.000000 -2.108940 -0.706744 -2.042362 1.000000
aniFrame
  m_time 1.195000
  m_vertexTransformMat 0.973792 -0.156378 0.165154 0.000000 0.161827 0.986617 -0.019987 0.000000 -0.159818 0.046190 0.986065 0.000000 -2.247627 -0.445362 -2.180577 1.000000
aniFrame
  m_time 1.234000
  m_vertexTransformMat 0.982816 -0.082678 0.165038 0.000000 0.091667 0.994651 -0.047601 0.000000 -0.160219 0.061912 0.985138 0.000000 -2.160821 -0.232099 -2.040568 1.000000
aniFrame
  m_time 1.273000
  m_vertexTransformMat 0.987356 -0.021360 0.157073 0.000000 0.032060 0.997311 -0.065906 0.000000 -0.155243 0.070109 0.985385 0.000000 -2.001993 -0.116152 -1.727201 1.000000
aniFrame
  m_time 1.312000
  m_vertexTransformMat 0.989319 0.030737 0.142490 0.000000 -0.020867 0.997311 -0.070251 0.000000 -0.144267 0.066527 0.987300 0.000000 -1.803192 -0.180760 -1.325930 1.000000
aniFrame
  m_time 1.351000
  m_vertexTransformMat 0.988773 0.084182 0.123454 0.000000 -0.076935 0.995085 -0.062346 0.000000 -0.128096 0.052148 0.990390 0.000000 -1.554296 -0.417099 -0.937580 1.000000
aniFrame
  m_time 1.390000
  m_vertexTransformMat 0.984896 0.140111 0.101733 0.000000 -0.135998 0.989625 -0.046340 0.000000 -0.107170 0.031804 0.993732 0.000000 -1.253868 -0.748432 -0.671838 1.000000
aniFrame
  m_time 1.429000
  m_vertexTransformMat 0.977319 0.196171 0.079784 0.000000 -0.194778 0.980530 -0.024962 0.000000 -0.083127 0.008855 0.996500 0.000000 -0.918152 -1.125222 -0.586872 1.000000
aniFrame
  m_time 1.468000
  m_vertexTransformMat 0.966466 0.249882 0.059184 0.000000 -0.250252 0.968180 -0.001196 0.000000 -0.057599 -0.013655 0.998247 0.000000 -0.549043 -1.502295 -0.634987 1.000000
aniFrame
  m_time 1.507000
  m_vertexTransformMat 0.953514 0.298654 0.040215 0.000000 -0.299651 0.953808 0.021457 0.000000 -0.031949 -0.032510 0.998961 0.000000 -0.154028 -1.826030 -0.774687 1.000000
aniFrame
  m_time 1.546000
  m_vertexTransformMat 0.940289 0.339587 0.023182 0.000000 -0.340277 0.939487 0.039719 0.000000 -0.008291 -0.045236 0.998942 0.000000 0.241566 -2.056214 -0.964008 1.000000
aniFrame
  m_time 1.585000
  m_vertexTransformMat 0.929057 0.369836 0.008574 0.000000 -0.369782 0.927758 0.050265 0.000000 0.010635 -0.049869 0.998700 0.000000 0.596422 -2.158546 -1.150301 1.000000
aniFrame
  m_time 1.624000
  m_vertexTransformMat 0.923221 0.384204 -0.007078 0.000000 -0.383417 0.922244 0.049574 0.000000 0.025574 -0.043054 0.998745 0.000000 0.967607 -2.085047 -1.360028 1.000000
aniFrame
  m_time 1.663000
  m_vertexTransformMat 0.925551 0.377642 -0.027241 0.000000 -0.376664 0.925685 0.035092 0.000000 0.038469 -0.022219 0.999013 0.000000 1.380975 -1.791529 -1.648369 1.000000
aniFrame
  m_time 1.702000
  m_vertexTransformMat 0.934666 0.352307 -0.047746 0.000000 -0.352181 0.935864 0.011305 0.000000 0.048667 0.006248 0.998796 0.000000 1.692430 -1.366226 -1.885979 1.000000
aniFrame
  m_time 1.741000
  m_vertexTransformMat 0.947835 0.312491 -0.062910 0.000000 -0.314022 0.949283 -0.015876 0.000000 0.054758 0.034803 0.997893 0.000000 1.748405 -0.918314 -1.912860 1.000000
aniFrame
  m_time 1.780000
  m_vertexTransformMat 0.962179 0.263793 -0.068002 0.000000 -0.266844 0.962892 -0.040398 0.000000 0.054822 0.057015 0.996867 0.000000 1.615167 -0.544341 -1.740164 1.000000
aniFrame
  m_time 1.819000
  m_vertexTransformMat 0.975316 0.212257 -0.060866 0.000000 -0.215639 0.974883 -0.055701 0.000000 0.047515 0.067451 0.996590 0.000000 1.430874 -0.335008 -1.476041 1.000000
aniFrame
  m_time 1.858000
  m_vertexTransformMat 0.986207 0.159404 -0.044562 0.000000 -0.161881 0.985046 -0.058988 0.000000 0.034492 0.065388 0.997263 0.000000 1.223222 -0.312549 -1.161435 1.000000
aniFrame
  m_time 1.897000
  m_vertexTransformMat 0.994475 0.102488 -0.022732 0.000000 -0.103598 0.993116 -0.054678 0.000000 0.016972 0.056731 0.998246 0.000000 0.983794 -0.389688 -0.854971 1.000000
aniFrame
  m_time 1.936000
  m_vertexTransformMat 0.999144 0.041323 0.002123 0.000000 -0.041187 0.998152 -0.044681 0.000000 -0.003965 0.044555 0.998999 0.000000 0.717631 -0.522171 -0.618185 1.000000
aniFrame
  m_time 1.975000
  m_vertexTransformMat 0.999340 -0.022830 0.028267 0.000000 0.023678 0.999268 -0.030053 0.000000 -0.027561 0.030703 0.999149 0.000000 0.428028 -0.684211 -0.512658 1.000000
aniFrame
  m_time 2.014000
  m_vertexTransformMat 0.994558 -0.089052 0.054071 0.000000 0.089830 0.995884 -0.012118 0.000000 -0.052770 0.016909 0.998464 0.000000 0.071233 -0.851736 -0.586430 1.000000
aniFrame
  m_time 2.053000
  m_vertexTransformMat 0.984430 -0.157246 0.078554 0.000000 0.157134 0.987548 0.007644 0.000000 -0.078778 0.004819 0.996881 0.000000 -0.359798 -0.999901 -0.795817 1.000000
aniFrame
  m_time 2.092000
  m_vertexTransformMat 0.969383 -0.224221 0.100105 0.000000 0.222548 0.974528 0.027717 0.000000 -0.103770 -0.004590 0.994591 0.000000 -0.815608 -1.114090 -1.059890 1.000000
aniFrame
  m_time 2.131000
  m_vertexTransformMat 0.950189 -0.288548 0.117816 0.000000 0.284970 0.957406 0.046530 0.000000 -0.126224 -0.010638 0.991945 0.000000 -1.234125 -1.184688 -1.297546 1.000000
aniFrame
  m_time 2.133000
  m_vertexTransformMat 0.949087 -0.291735 0.118851 0.000000 0.288112 0.956443 0.046989 0.000000 -0.127383 -0.010354 0.991800 0.000000 -1.253524 -1.175216 -1.309195 1.000000
