m_aniFrameList.size 84
aniFrame
  m_time -1.066000
  m_vertexTransformMat 0.991210 -0.123657 0.047033 0.000000 0.120012 0.990032 0.073715 0.000000 -0.055679 -0.067422 0.996170 0.000000 -0.582273 -1.892258 -1.180495 1.000000
aniFrame
  m_time -1.027000
  m_vertexTransformMat 0.992359 -0.109864 0.056155 0.000000 0.103652 0.989202 0.103615 0.000000 -0.066932 -0.097003 0.993031 0.000000 -0.943309 -1.890302 -1.534514 1.000000
aniFrame
  m_time -0.988000
  m_vertexTransformMat 0.993104 -0.096066 0.067194 0.000000 0.086124 0.986710 0.137791 0.000000 -0.079538 -0.131054 0.988179 0.000000 -1.315796 -1.888182 -1.938204 1.000000
aniFrame
  m_time -0.949000
  m_vertexTransformMat 0.993648 -0.081641 0.077443 0.000000 0.067600 0.983261 0.169199 0.000000 -0.089961 -0.162889 0.982535 0.000000 -1.561800 -1.874446 -2.214811 1.000000
aniFrame
  m_time -0.910000
  m_vertexTransformMat 0.994236 -0.066296 0.084260 0.000000 0.049194 0.980379 0.190885 0.000000 -0.095261 -0.185640 0.977989 0.000000 -1.608348 -1.834806 -2.221488 1.000000
aniFrame
  m_time -0.871000
  m_vertexTransformMat 0.995118 -0.050040 0.085066 0.000000 0.032560 0.980129 0.195670 0.000000 -0.093167 -0.191944 0.976974 0.000000 -1.537007 -1.751978 -1.984864 1.000000
aniFrame
  m_time -0.832000
  m_vertexTransformMat 0.996332 -0.032915 0.078985 0.000000 0.017777 0.982537 0.185214 0.000000 -0.083702 -0.183130 0.979519 0.000000 -1.404648 -1.661167 -1.602059 1.000000
aniFrame
  m_time -0.793000
  m_vertexTransformMat 0.997648 -0.013439 0.067211 0.000000 0.001820 0.985439 0.170021 0.000000 -0.068517 -0.169499 0.983146 0.000000 -1.223900 -1.636742 -1.187923 1.000000
aniFrame
  m_time -0.754000
  m_vertexTransformMat 0.998641 0.009052 0.051320 0.000000 -0.016779 0.988207 0.152206 0.000000 -0.049337 -0.152860 0.987015 0.000000 -1.000621 -1.664648 -0.851584 1.000000
aniFrame
  m_time -0.715000
  m_vertexTransformMat 0.998898 0.033375 0.032995 0.000000 -0.037489 0.990386 0.133155 0.000000 -0.028234 -0.134246 0.990546 0.000000 -0.754880 -1.721802 -0.679851 1.000000
aniFrame
  m_time -0.676000
  m_vertexTransformMat 0.998211 0.058156 0.013868 0.000000 -0.059364 0.991650 0.114487 0.000000 -0.007094 -0.115105 0.993328 0.000000 -0.489294 -1.792137 -0.655264 1.000000
aniFrame
  m_time -0.637000
  m_vertexTransformMat 0.996640 0.081767 -0.004820 0.000000 -0.080906 0.991915 0.097772 0.000000 0.012776 -0.097054 0.995197 0.000000 -0.207825 -1.860291 -0.731086 1.000000
aniFrame
  m_time -0.598000
  m_vertexTransformMat 0.994493 0.102306 -0.022738 0.000000 -0.100059 0.991401 0.084335 0.000000 0.031171 -0.081595 0.996178 0.000000 0.094706 -1.905492 -0.875490 1.000000
aniFrame
  m_time -0.559000
  m_vertexTransformMat 0.992336 0.117528 -0.038165 0.000000 -0.114415 0.990562 0.075467 0.000000 0.046674 -0.070522 0.996417 0.000000 0.387591 -1.915455 -1.050648 1.000000
aniFrame
  m_time -0.520000
  m_vertexTransformMat 0.990841 0.124872 -0.051384 0.000000 -0.120809 0.989780 0.075766 0.000000 0.060320 -0.068864 0.995801 0.000000 0.696126 -1.903638 -1.252540 1.000000
aniFrame
  m_time -0.481000
  m_vertexTransformMat 0.990395 0.121649 -0.065726 0.000000 -0.115003 0.988630 0.096873 0.000000 0.076764 -0.088384 0.993124 0.000000 1.110000 -1.906947 -1.594123 1.000000
aniFrame
  m_time -0.442000
  m_vertexTransformMat 0.990788 0.108923 -0.080462 0.000000 -0.097591 0.986247 0.133392 0.000000 0.093885 -0.124310 0.987792 0.000000 1.518206 -1.921262 -1.992258 1.000000
aniFrame
  m_time -0.403000
  m_vertexTransformMat 0.991709 0.089655 -0.092065 0.000000 -0.072987 0.982617 0.170693 0.000000 0.105769 -0.162558 0.981014 0.000000 1.705357 -1.919056 -2.222605 1.000000
aniFrame
  m_time -0.364000
  m_vertexTransformMat 0.992963 0.067092 -0.097589 0.000000 -0.047025 0.979666 0.195046 0.000000 0.108691 -0.189085 0.975927 0.000000 1.656207 -1.867898 -2.191253 1.000000
aniFrame
  m_time -0.325000
  m_vertexTransformMat 0.994469 0.044845 -0.094978 0.000000 -0.025612 0.980511 0.194789 0.000000 0.101862 -0.191279 0.976236 0.000000 1.530818 -1.743162 -1.968490 1.000000
aniFrame
  m_time -0.286000
  m_vertexTransformMat 0.995996 0.025518 -0.085677 0.000000 -0.009691 0.983566 0.180291 0.000000 0.088869 -0.178739 0.979875 0.000000 1.386276 -1.647089 -1.624525 1.000000
aniFrame
  m_time -0.247000
  m_vertexTransformMat 0.997444 0.005314 -0.071258 0.000000 0.006483 0.986388 0.164305 0.000000 0.071161 -0.164347 0.983832 0.000000 1.212315 -1.642391 -1.250908 1.000000
aniFrame
  m_time -0.208000
  m_vertexTransformMat 0.998449 -0.017678 -0.052792 0.000000 0.025233 0.988955 0.146051 0.000000 0.049627 -0.147157 0.987867 0.000000 0.999500 -1.679972 -0.914722 1.000000
aniFrame
  m_time -0.169000
  m_vertexTransformMat 0.998596 -0.042031 -0.032240 0.000000 0.045809 0.990825 0.127150 0.000000 0.026600 -0.128448 0.991359 0.000000 0.770840 -1.742358 -0.685118 1.000000
aniFrame
  m_time -0.130000
  m_vertexTransformMat 0.997732 -0.066356 -0.011308 0.000000 0.067196 0.991740 0.109256 0.000000 0.003965 -0.109768 0.993949 0.000000 0.511887 -1.815438 -0.623586 1.000000
aniFrame
  m_time -0.091000
  m_vertexTransformMat 0.995986 -0.089051 0.009046 0.000000 0.087823 0.991742 0.093457 0.000000 -0.017294 -0.092287 0.995582 0.000000 0.198170 -1.873866 -0.714352 1.000000
aniFrame
  m_time -0.052000
  m_vertexTransformMat 0.993761 -0.108048 0.027671 0.000000 0.105492 0.991087 0.081357 0.000000 -0.036215 -0.077930 0.996301 0.000000 -0.145359 -1.905849 -0.898189 1.000000
aniFrame
  m_time -0.013000
  m_vertexTransformMat 0.991738 -0.121029 0.042510 0.000000 0.117688 0.990300 0.073854 0.000000 -0.051036 -0.068241 0.996363 0.000000 -0.467055 -1.897984 -1.102969 1.000000
aniFrame
  m_time 0.025000
  m_vertexTransformMat 0.990607 -0.125071 0.055281 0.000000 0.120456 0.989478 0.080151 0.000000 -0.064724 -0.072739 0.995249 0.000000 -0.827694 -1.884740 -1.362421 1.000000
aniFrame
  m_time 0.064000
  m_vertexTransformMat 0.990599 -0.118671 0.068057 0.000000 0.110942 0.987954 0.107881 0.000000 -0.080039 -0.099317 0.991832 0.000000 -1.253631 -1.895272 -1.748848 1.000000
aniFrame
  m_time 0.103000
  m_vertexTransformMat 0.991444 -0.103832 0.079107 0.000000 0.091514 0.985045 0.145982 0.000000 -0.093081 -0.137493 0.986120 0.000000 -1.593432 -1.909954 -2.107603 1.000000
aniFrame
  m_time 0.142000
  m_vertexTransformMat 0.992785 -0.083418 0.086141 0.000000 0.066764 0.981256 0.180774 0.000000 -0.099606 -0.173719 0.979745 0.000000 -1.693710 -1.900639 -2.242003 1.000000
aniFrame
  m_time 0.181000
  m_vertexTransformMat 0.994331 -0.060731 0.087279 0.000000 0.042463 0.979345 0.197689 0.000000 -0.097482 -0.192863 0.976371 0.000000 -1.605183 -1.825994 -2.092246 1.000000
aniFrame
  m_time 0.220000
  m_vertexTransformMat 0.995839 -0.039658 0.082053 0.000000 0.023380 0.981393 0.190581 0.000000 -0.088085 -0.187869 0.978236 0.000000 -1.461050 -1.696132 -1.746785 1.000000
aniFrame
  m_time 0.259000
  m_vertexTransformMat 0.997204 -0.020557 0.071848 0.000000 0.007640 0.984429 0.175620 0.000000 -0.074340 -0.174580 0.981833 0.000000 -1.292279 -1.637142 -1.327894 1.000000
aniFrame
  m_time 0.298000
  m_vertexTransformMat 0.998360 0.000929 0.057234 0.000000 -0.010013 0.987287 0.158636 0.000000 -0.056359 -0.158949 0.985677 0.000000 -1.081502 -1.650480 -0.951536 1.000000
aniFrame
  m_time 0.337000
  m_vertexTransformMat 0.998908 0.024687 0.039659 0.000000 -0.030020 0.989687 0.140066 0.000000 -0.035792 -0.141104 0.989348 0.000000 -0.844379 -1.703770 -0.718849 1.000000
aniFrame
  m_time 0.376000
  m_vertexTransformMat 0.998562 0.049455 0.020711 0.000000 -0.051609 0.991281 0.121242 0.000000 -0.014534 -0.122137 0.992407 0.000000 -0.587250 -1.774665 -0.651200 1.000000
aniFrame
  m_time 0.415000
  m_vertexTransformMat 0.997279 0.073694 0.001875 0.000000 -0.073491 0.991890 0.103702 0.000000 0.005782 -0.103558 0.994607 0.000000 -0.312924 -1.846609 -0.695071 1.000000
aniFrame
  m_time 0.454000
  m_vertexTransformMat 0.995284 0.095596 -0.016462 0.000000 -0.093774 0.991617 0.088895 0.000000 0.024822 -0.086932 0.995905 0.000000 -0.015742 -1.901195 -0.819914 1.000000
aniFrame
  m_time 0.493000
  m_vertexTransformMat 0.993046 0.112991 -0.033060 0.000000 -0.110128 0.990821 0.078396 0.000000 0.041615 -0.074210 0.996374 0.000000 0.286787 -1.926693 -0.990358 1.000000
aniFrame
  m_time 0.532000
  m_vertexTransformMat 0.991244 0.123515 -0.046689 0.000000 -0.119897 0.990051 0.073651 0.000000 0.055321 -0.067409 0.996191 0.000000 0.575365 -1.912868 -1.167353 1.000000
aniFrame
  m_time 0.571000
  m_vertexTransformMat 0.990438 0.124037 -0.060401 0.000000 -0.118591 0.989154 0.086661 0.000000 0.070495 -0.078669 0.994405 0.000000 0.951188 -1.901605 -1.453402 1.000000
aniFrame
  m_time 0.610000
  m_vertexTransformMat 0.990577 0.114308 -0.075443 0.000000 -0.104830 0.987288 0.119468 0.000000 0.088140 -0.110434 0.989968 0.000000 1.386111 -1.913677 -1.856499 1.000000
aniFrame
  m_time 0.649000
  m_vertexTransformMat 0.991342 0.096975 -0.088524 0.000000 -0.082130 0.983988 0.158184 0.000000 0.102446 -0.149544 0.983433 0.000000 1.669938 -1.921803 -2.168552 1.000000
aniFrame
  m_time 0.688000
  m_vertexTransformMat 0.992492 0.075133 -0.096518 0.000000 -0.055845 0.980402 0.188928 0.000000 0.108821 -0.182119 0.977236 0.000000 1.689119 -1.893697 -2.227392 1.000000
aniFrame
  m_time 0.727000
  m_vertexTransformMat 0.993936 0.052267 -0.096742 0.000000 -0.032340 0.979845 0.197123 0.000000 0.105095 -0.192799 0.975594 0.000000 1.577682 -1.787682 -2.063473 1.000000
aniFrame
  m_time 0.766000
  m_vertexTransformMat 0.995465 0.032152 -0.089525 0.000000 -0.015074 0.982573 0.185266 0.000000 0.093921 -0.183077 0.978602 0.000000 1.438376 -1.665726 -1.750899 1.000000
aniFrame
  m_time 0.805000
  m_vertexTransformMat 0.996956 0.012856 -0.076904 0.000000 0.000431 0.985391 0.170309 0.000000 0.077970 -0.169824 0.982385 0.000000 1.279482 -1.639052 -1.381874 1.000000
aniFrame
  m_time 0.844000
  m_vertexTransformMat 0.998177 -0.009356 -0.059635 0.000000 0.018384 0.988103 0.152693 0.000000 0.057497 -0.153510 0.986473 0.000000 1.077715 -1.664462 -1.025026 1.000000
aniFrame
  m_time 0.883000
  m_vertexTransformMat 0.998658 -0.033401 -0.039588 0.000000 0.038423 0.990271 0.133745 0.000000 0.034735 -0.135087 0.990225 0.000000 0.853018 -1.718231 -0.749900 1.000000
aniFrame
  m_time 0.922000
  m_vertexTransformMat 0.998146 -0.057956 -0.018593 0.000000 0.059717 0.991559 0.115087 0.000000 0.011767 -0.115984 0.993182 0.000000 0.608175 -1.784683 -0.626118 1.000000
aniFrame
  m_time 0.961000
  m_vertexTransformMat 0.996678 -0.081424 0.001801 0.000000 0.080854 0.991867 0.098294 0.000000 -0.009790 -0.097822 0.995156 0.000000 0.319530 -1.848959 -0.669210 1.000000
aniFrame
  m_time 1.000000
  m_vertexTransformMat 0.994566 -0.101935 0.021143 0.000000 0.099809 0.991394 0.084709 0.000000 -0.029596 -0.082139 0.996181 0.000000 -0.016128 -1.890688 -0.826654 1.000000
aniFrame
  m_time 1.039000
  m_vertexTransformMat 0.992390 -0.117243 0.037640 0.000000 0.114158 0.990576 0.075679 0.000000 -0.046158 -0.070806 0.996422 0.000000 -0.354031 -1.897793 -1.034125 1.000000
aniFrame
  m_time 1.078000
  m_vertexTransformMat 0.990872 -0.124825 0.050903 0.000000 0.120813 0.989802 0.075472 0.000000 -0.059804 -0.068634 0.995848 0.000000 -0.691614 -1.883152 -1.258537 1.000000
aniFrame
  m_time 1.117000
  m_vertexTransformMat 0.990485 -0.122029 0.063630 0.000000 0.115632 0.988639 0.096037 0.000000 -0.074626 -0.087766 0.993342 0.000000 -1.103219 -1.887512 -1.604055 1.000000
aniFrame
  m_time 1.156000
  m_vertexTransformMat 0.991075 -0.109794 0.075605 0.000000 0.099147 0.986211 0.132502 0.000000 -0.089111 -0.123823 0.988295 0.000000 -1.497352 -1.906862 -2.000432 1.000000
aniFrame
  m_time 1.195000
  m_vertexTransformMat 0.992280 -0.090963 0.084294 0.000000 0.075615 0.982516 0.170131 0.000000 -0.098296 -0.162444 0.981810 0.000000 -1.686054 -1.910510 -2.229766 1.000000
aniFrame
  m_time 1.234000
  m_vertexTransformMat 0.993776 -0.068715 0.087681 0.000000 0.050511 0.979476 0.195128 0.000000 -0.099290 -0.189484 0.976851 0.000000 -1.644958 -1.865061 -2.171640 1.000000
aniFrame
  m_time 1.273000
  m_vertexTransformMat 0.995333 -0.046583 0.084516 0.000000 0.029284 0.980281 0.195426 0.000000 -0.091953 -0.192038 0.977070 0.000000 -1.514167 -1.742983 -1.885657 1.000000
aniFrame
  m_time 1.312000
  m_vertexTransformMat 0.996743 -0.027216 0.075918 0.000000 0.013073 0.983414 0.180905 0.000000 -0.079582 -0.179323 0.980566 0.000000 -1.354201 -1.645126 -1.476472 1.000000
aniFrame
  m_time 1.351000
  m_vertexTransformMat 0.998003 -0.006941 0.062781 0.000000 -0.003510 0.986314 0.164841 0.000000 -0.063066 -0.164733 0.984320 0.000000 -1.159667 -1.639810 -1.072668 1.000000
aniFrame
  m_time 1.390000
  m_vertexTransformMat 0.998811 0.016232 0.045977 0.000000 -0.022815 0.988950 0.146485 0.000000 -0.043091 -0.147360 0.988144 0.000000 -0.928557 -1.678244 -0.780962 1.000000
aniFrame
  m_time 1.429000
  m_vertexTransformMat 0.998795 0.040820 0.027262 0.000000 -0.043976 0.990866 0.127477 0.000000 -0.021809 -0.128523 0.991467 0.000000 -0.677207 -1.742769 -0.660923 1.000000
aniFrame
  m_time 1.468000
  m_vertexTransformMat 0.997827 0.065396 0.008124 0.000000 -0.065893 0.991801 0.109493 0.000000 -0.000897 -0.109790 0.993955 0.000000 -0.404233 -1.819152 -0.668704 1.000000
aniFrame
  m_time 1.507000
  m_vertexTransformMat 0.996034 0.088328 -0.010657 0.000000 -0.086951 0.991802 0.093646 0.000000 0.018841 -0.092348 0.995549 0.000000 -0.109901 -1.882374 -0.768791 1.000000
aniFrame
  m_time 1.546000
  m_vertexTransformMat 0.993806 0.107552 -0.027954 0.000000 -0.104972 0.991134 0.081459 0.000000 0.036467 -0.078020 0.996285 0.000000 0.191675 -1.919070 -0.927396 1.000000
aniFrame
  m_time 1.585000
  m_vertexTransformMat 0.991784 0.120776 -0.042169 0.000000 -0.117458 0.990327 0.073865 0.000000 0.050682 -0.068305 0.996377 0.000000 0.471701 -1.915454 -1.099961 1.000000
aniFrame
  m_time 1.624000
  m_vertexTransformMat 0.990601 0.125052 -0.055422 0.000000 -0.120455 0.989513 0.079713 0.000000 0.064809 -0.072288 0.995276 0.000000 0.809152 -1.903886 -1.337438 1.000000
aniFrame
  m_time 1.663000
  m_vertexTransformMat 0.990440 0.118699 -0.070275 0.000000 -0.110827 0.988070 0.106939 0.000000 0.082130 -0.098129 0.991779 0.000000 1.243335 -1.911703 -1.718058 1.000000
aniFrame
  m_time 1.702000
  m_vertexTransformMat 0.991020 0.103737 -0.084366 0.000000 -0.090810 0.985285 0.144799 0.000000 0.098145 -0.135837 0.985858 0.000000 1.603936 -1.921418 -2.085759 1.000000
aniFrame
  m_time 1.741000
  m_vertexTransformMat 0.992054 0.083124 -0.094438 0.000000 -0.065141 0.981567 0.179675 0.000000 0.107632 -0.172095 0.979183 0.000000 1.711173 -1.908358 -2.239674 1.000000
aniFrame
  m_time 1.780000
  m_vertexTransformMat 0.993401 0.060202 -0.097623 0.000000 -0.039994 0.979567 0.197103 0.000000 0.107495 -0.191898 0.975510 0.000000 1.623083 -1.832786 -2.141519 1.000000
aniFrame
  m_time 1.819000
  m_vertexTransformMat 0.994934 0.038856 -0.092723 0.000000 -0.020469 0.981267 0.191562 0.000000 0.098429 -0.188693 0.977091 0.000000 1.488597 -1.709004 -1.874004 1.000000
aniFrame
  m_time 1.858000
  m_vertexTransformMat 0.996404 0.020683 -0.082167 0.000000 -0.005511 0.983517 0.180733 0.000000 0.084550 -0.179630 0.980094 0.000000 1.344949 -1.663168 -1.524133 1.000000
aniFrame
  m_time 1.897000
  m_vertexTransformMat 0.997709 0.002638 -0.067600 0.000000 0.008825 0.985626 0.168714 0.000000 0.067073 -0.168924 0.983345 0.000000 1.179445 -1.673288 -1.168218 1.000000
aniFrame
  m_time 1.936000
  m_vertexTransformMat 0.998615 -0.016210 -0.050056 0.000000 0.023775 0.987712 0.154465 0.000000 0.046937 -0.155441 0.986730 0.000000 0.992220 -1.708207 -0.868687 1.000000
aniFrame
  m_time 1.975000
  m_vertexTransformMat 0.998882 -0.036005 -0.030649 0.000000 0.039921 0.989544 0.138598 0.000000 0.025338 -0.139666 0.989874 0.000000 0.785235 -1.755914 -0.690382 1.000000
aniFrame
  m_time 2.014000
  m_vertexTransformMat 0.998331 -0.056775 -0.010564 0.000000 0.057640 0.990874 0.121847 0.000000 0.003550 -0.122253 0.992493 0.000000 0.513381 -1.806881 -0.685256 1.000000
aniFrame
  m_time 2.053000
  m_vertexTransformMat 0.996879 -0.078385 0.009458 0.000000 0.076964 0.991487 0.105026 0.000000 -0.017610 -0.103971 0.994425 0.000000 0.168472 -1.852484 -0.813756 1.000000
aniFrame
  m_time 2.092000
  m_vertexTransformMat 0.994515 -0.100507 0.028944 0.000000 0.097586 0.991240 0.088992 0.000000 -0.037635 -0.085679 0.995612 0.000000 -0.212634 -1.884278 -1.001849 1.000000
aniFrame
  m_time 2.131000
  m_vertexTransformMat 0.991383 -0.122568 0.046217 0.000000 0.118911 0.990072 0.074951 0.000000 -0.054945 -0.068809 0.996116 0.000000 -0.567055 -1.903838 -1.172888 1.000000
aniFrame
  m_time 2.133000
  m_vertexTransformMat 0.991210 -0.123657 0.047033 0.000000 0.120012 0.990032 0.073715 0.000000 -0.055679 -0.067422 0.996170 0.000000 -0.582273 -1.892259 -1.180495 1.000000
