m_aniFrameList.size 202
aniFrame
  m_time -1.066000
  m_vertexTransformMat 0.991210 -0.123657 0.047033 0.000000 0.120012 0.990032 0.073715 0.000000 -0.055679 -0.067422 0.996170 0.000000 -0.582273 -1.892258 -1.180495 1.000000
aniFrame
  m_time -1.050000
  m_vertexTransformMat 0.991713 -0.118052 0.050680 0.000000 0.113440 0.989828 0.085857 0.000000 -0.060300 -0.079396 0.995018 0.000000 -0.730405 -1.897651 -1.320103 1.000000
aniFrame
  m_time -1.034000
  m_vertexTransformMat 0.992186 -0.112320 0.054330 0.000000 0.106657 0.989473 0.097813 0.000000 -0.064744 -0.091254 0.993721 0.000000 -0.875393 -1.890302 -1.464751 1.000000
aniFrame
  m_time -1.018000
  m_vertexTransformMat 0.992557 -0.106720 0.058657 0.000000 0.099723 0.988751 0.111473 0.000000 -0.069894 -0.104794 0.992035 0.000000 -1.034324 -1.891310 -1.630642 1.000000
aniFrame
  m_time -1.002000
  m_vertexTransformMat 0.992868 -0.101076 0.063226 0.000000 0.092556 0.987752 0.125613 0.000000 -0.075148 -0.118865 0.990063 0.000000 -1.191345 -1.890462 -1.800929 1.000000
aniFrame
  m_time -0.986000
  m_vertexTransformMat 0.993134 -0.095349 0.067769 0.000000 0.085193 0.986543 0.139555 0.000000 -0.080163 -0.132823 0.987893 0.000000 -1.333093 -1.888143 -1.957520 1.000000
aniFrame
  m_time -0.970000
  m_vertexTransformMat 0.993362 -0.089524 0.072224 0.000000 0.077645 0.985142 0.153186 0.000000 -0.084865 -0.146561 0.985555 0.000000 -1.456663 -1.885268 -2.096296 1.000000
aniFrame
  m_time -0.954000
  m_vertexTransformMat 0.993584 -0.083530 0.076248 0.000000 0.070000 0.983722 0.165504 0.000000 -0.088831 -0.159104 0.983257 0.000000 -1.541856 -1.876679 -2.192338 1.000000
aniFrame
  m_time -0.938000
  m_vertexTransformMat 0.993796 -0.077419 0.079847 0.000000 0.062328 0.982294 0.176673 0.000000 -0.092111 -0.170600 0.981026 0.000000 -1.594735 -1.867343 -2.248674 1.000000
aniFrame
  m_time -0.922000
  m_vertexTransformMat 0.994040 -0.071101 0.082640 0.000000 0.054753 0.981115 0.185514 0.000000 -0.094270 -0.179884 0.979161 0.000000 -1.614141 -1.849427 -2.252030 1.000000
aniFrame
  m_time -0.906000
  m_vertexTransformMat 0.994308 -0.064672 0.084669 0.000000 0.047378 0.980190 0.192311 0.000000 -0.095429 -0.187206 0.977675 0.000000 -1.604147 -1.829001 -2.206527 1.000000
aniFrame
  m_time -0.890000
  m_vertexTransformMat 0.994644 -0.058051 0.085518 0.000000 0.040363 0.979839 0.195671 0.000000 -0.095152 -0.191171 0.976934 0.000000 -1.581216 -1.797629 -2.125960 1.000000
aniFrame
  m_time -0.874000
  m_vertexTransformMat 0.995037 -0.051319 0.085248 0.000000 0.033762 0.980042 0.195903 0.000000 -0.093600 -0.192052 0.976911 0.000000 -1.545002 -1.759198 -2.009413 1.000000
aniFrame
  m_time -0.858000
  m_vertexTransformMat 0.995493 -0.044444 0.083773 0.000000 0.027492 0.980696 0.193595 0.000000 -0.090760 -0.190419 0.977499 0.000000 -1.498852 -1.720349 -1.870098 1.000000
aniFrame
  m_time -0.842000
  m_vertexTransformMat 0.995998 -0.037463 0.081141 0.000000 0.021560 0.981807 0.188651 0.000000 -0.086733 -0.186147 0.978686 0.000000 -1.443510 -1.679752 -1.706965 1.000000
aniFrame
  m_time -0.826000
  m_vertexTransformMat 0.996537 -0.030096 0.077507 0.000000 0.015443 0.982969 0.183123 0.000000 -0.081698 -0.181292 0.980030 0.000000 -1.379847 -1.653192 -1.538347 1.000000
aniFrame
  m_time -0.810000
  m_vertexTransformMat 0.997089 -0.022283 0.072922 0.000000 0.009050 0.984171 0.176991 0.000000 -0.075712 -0.175816 0.981507 0.000000 -1.308419 -1.639063 -1.363719 1.000000
aniFrame
  m_time -0.794000
  m_vertexTransformMat 0.997617 -0.013980 0.067572 0.000000 0.002263 0.985364 0.170450 0.000000 -0.068966 -0.169890 0.983047 0.000000 -1.229191 -1.636650 -1.198016 1.000000
aniFrame
  m_time -0.778000
  m_vertexTransformMat 0.998097 -0.005038 0.061456 0.000000 -0.005076 0.986559 0.163327 0.000000 -0.061453 -0.163328 0.984656 0.000000 -1.140740 -1.641587 -1.041285 1.000000
aniFrame
  m_time -0.762000
  m_vertexTransformMat 0.998486 0.004241 0.054848 0.000000 -0.012767 0.987666 0.156054 0.000000 -0.053510 -0.156518 0.986225 0.000000 -1.048725 -1.656917 -0.908039 1.000000
aniFrame
  m_time -0.746000
  m_vertexTransformMat 0.998766 0.013964 0.047670 0.000000 -0.020901 0.988726 0.148272 0.000000 -0.045062 -0.149085 0.987797 0.000000 -0.951284 -1.673286 -0.801535 1.000000
aniFrame
  m_time -0.730000
  m_vertexTransformMat 0.998904 0.023855 0.040286 0.000000 -0.029307 0.989618 0.140704 0.000000 -0.036511 -0.141731 0.989232 0.000000 -0.852735 -1.701418 -0.723844 1.000000
aniFrame
  m_time -0.714000
  m_vertexTransformMat 0.998893 0.034016 0.032499 0.000000 -0.038044 0.990433 0.132647 0.000000 -0.027676 -0.133737 0.990631 0.000000 -0.748181 -1.723144 -0.677775 1.000000
aniFrame
  m_time -0.698000
  m_vertexTransformMat 0.998718 0.044173 0.024731 0.000000 -0.046932 0.991028 0.125148 0.000000 -0.018981 -0.126148 0.991830 0.000000 -0.642788 -1.757687 -0.655499 1.000000
aniFrame
  m_time -0.682000
  m_vertexTransformMat 0.998379 0.054347 0.016893 0.000000 -0.055960 0.991505 0.117419 0.000000 -0.010368 -0.118174 0.992939 0.000000 -0.533142 -1.784324 -0.651847 1.000000
aniFrame
  m_time -0.666000
  m_vertexTransformMat 0.997886 0.064378 0.008915 0.000000 -0.064969 0.991790 0.110140 0.000000 -0.001751 -0.110486 0.993876 0.000000 -0.415976 -1.814142 -0.666260 1.000000
aniFrame
  m_time -0.650000
  m_vertexTransformMat 0.997250 0.074095 0.001566 0.000000 -0.073859 0.991893 0.103405 0.000000 0.006109 -0.103236 0.994638 0.000000 -0.308310 -1.847399 -0.696620 1.000000
aniFrame
  m_time -0.634000
  m_vertexTransformMat 0.996489 0.083486 -0.006388 0.000000 -0.082482 0.991898 0.096623 0.000000 0.014403 -0.095757 0.995301 0.000000 -0.181549 -1.864680 -0.740144 1.000000
aniFrame
  m_time -0.618000
  m_vertexTransformMat 0.995636 0.092290 -0.013818 0.000000 -0.090661 0.991703 0.091134 0.000000 0.022114 -0.089483 0.995743 0.000000 -0.058744 -1.895034 -0.795535 1.000000
aniFrame
  m_time -0.602000
  m_vertexTransformMat 0.994730 0.100406 -0.020766 0.000000 -0.098291 0.991474 0.085552 0.000000 0.029179 -0.083060 0.996117 0.000000 0.058380 -1.904044 -0.858816 1.000000
aniFrame
  m_time -0.586000
  m_vertexTransformMat 0.993787 0.107695 -0.028088 0.000000 -0.105106 0.991125 0.081384 0.000000 0.036604 -0.077926 0.996287 0.000000 0.194161 -1.919484 -0.928928 1.000000
aniFrame
  m_time -0.570000
  m_vertexTransformMat 0.992904 0.113945 -0.034033 0.000000 -0.111033 0.990767 0.077790 0.000000 0.042583 -0.073460 0.996388 0.000000 0.305391 -1.925228 -1.002500 1.000000
aniFrame
  m_time -0.554000
  m_vertexTransformMat 0.992091 0.119001 -0.039927 0.000000 -0.115802 0.990464 0.074642 0.000000 0.048429 -0.069429 0.996411 0.000000 0.423898 -1.914520 -1.071523 1.000000
aniFrame
  m_time -0.538000
  m_vertexTransformMat 0.991400 0.122800 -0.045232 0.000000 -0.119289 0.990135 0.073504 0.000000 0.053812 -0.067477 0.996269 0.000000 0.540835 -1.915656 -1.144030 1.000000
aniFrame
  m_time -0.522000
  m_vertexTransformMat 0.990892 0.124750 -0.050699 0.000000 -0.120764 0.989822 0.075284 0.000000 0.059574 -0.068476 0.995873 0.000000 0.677582 -1.904119 -1.239139 1.000000
aniFrame
  m_time -0.506000
  m_vertexTransformMat 0.990564 0.124976 -0.056246 0.000000 -0.120253 0.989456 0.080721 0.000000 0.065741 -0.073196 0.995148 0.000000 0.832620 -1.903987 -1.355837 1.000000
aniFrame
  m_time -0.490000
  m_vertexTransformMat 0.990410 0.123367 -0.062196 0.000000 -0.117550 0.988996 0.089823 0.000000 0.072593 -0.081650 0.994014 0.000000 1.004179 -1.902456 -1.499335 1.000000
aniFrame
  m_time -0.474000
  m_vertexTransformMat 0.990414 0.119967 -0.068472 0.000000 -0.112600 0.988302 0.102867 0.000000 0.080012 -0.094171 0.992336 0.000000 1.191432 -1.910512 -1.669299 1.000000
aniFrame
  m_time -0.458000
  m_vertexTransformMat 0.990548 0.115135 -0.074562 0.000000 -0.105954 0.987443 0.117179 0.000000 0.087117 -0.108171 0.990308 0.000000 1.361874 -1.912614 -1.832406 1.000000
aniFrame
  m_time -0.442000
  m_vertexTransformMat 0.990788 0.108923 -0.080462 0.000000 -0.097591 0.986247 0.133392 0.000000 0.093885 -0.124310 0.987792 0.000000 1.518206 -1.921262 -1.992258 1.000000
aniFrame
  m_time -0.426000
  m_vertexTransformMat 0.991117 0.101673 -0.085730 0.000000 -0.088146 0.984900 0.149004 0.000000 0.099586 -0.140124 0.985113 0.000000 1.628362 -1.921043 -2.114626 1.000000
aniFrame
  m_time -0.410000
  m_vertexTransformMat 0.991516 0.093454 -0.090349 0.000000 -0.077688 0.983308 0.164532 0.000000 0.104217 -0.156117 0.982225 0.000000 1.690834 -1.921710 -2.199031 1.000000
aniFrame
  m_time -0.394000
  m_vertexTransformMat 0.991973 0.084648 -0.093939 0.000000 -0.066954 0.981809 0.177677 0.000000 0.107270 -0.169961 0.979595 0.000000 1.712303 -1.910827 -2.238298 1.000000
aniFrame
  m_time -0.378000
  m_vertexTransformMat 0.992481 0.075330 -0.096478 0.000000 -0.056068 0.980427 0.188731 0.000000 0.108807 -0.181903 0.977278 0.000000 1.689878 -1.894142 -2.228023 1.000000
aniFrame
  m_time -0.362000
  m_vertexTransformMat 0.993036 0.065917 -0.097650 0.000000 -0.045792 0.979615 0.195593 0.000000 0.108552 -0.189760 0.975811 0.000000 1.651107 -1.862649 -2.184146 1.000000
aniFrame
  m_time -0.346000
  m_vertexTransformMat 0.993648 0.056486 -0.097330 0.000000 -0.036348 0.979637 0.197457 0.000000 0.106502 -0.192665 0.975468 0.000000 1.602557 -1.812280 -2.107752 1.000000
aniFrame
  m_time -0.330000
  m_vertexTransformMat 0.994274 0.047487 -0.095729 0.000000 -0.027943 0.980204 0.196007 0.000000 0.103141 -0.192210 0.975919 0.000000 1.548090 -1.760140 -2.005708 1.000000
aniFrame
  m_time -0.314000
  m_vertexTransformMat 0.994900 0.039248 -0.092917 0.000000 -0.020885 0.981385 0.190910 0.000000 0.098680 -0.187996 0.977200 0.000000 1.491710 -1.704644 -1.877751 1.000000
aniFrame
  m_time -0.298000
  m_vertexTransformMat 0.995531 0.031327 -0.089088 0.000000 -0.014397 0.982694 0.184678 0.000000 0.093332 -0.182570 0.978753 0.000000 1.432018 -1.662819 -1.736055 1.000000
aniFrame
  m_time -0.282000
  m_vertexTransformMat 0.996150 0.023598 -0.084434 0.000000 -0.008154 0.983856 0.178775 0.000000 0.087290 -0.177398 0.980261 0.000000 1.370713 -1.643738 -1.586154 1.000000
aniFrame
  m_time -0.266000
  m_vertexTransformMat 0.996757 0.015668 -0.078936 0.000000 -0.001822 0.985007 0.172503 0.000000 0.080455 -0.171799 0.981841 0.000000 1.303982 -1.638650 -1.432564 1.000000
aniFrame
  m_time -0.250000
  m_vertexTransformMat 0.997341 0.007001 -0.072544 0.000000 0.005126 0.986171 0.165653 0.000000 0.072700 -0.165585 0.983512 0.000000 1.227496 -1.641205 -1.279482 1.000000
aniFrame
  m_time -0.234000
  m_vertexTransformMat 0.997852 -0.002108 -0.065470 0.000000 0.012481 0.987290 0.158436 0.000000 0.064304 -0.158913 0.985196 0.000000 1.144912 -1.652096 -1.131460 1.000000
aniFrame
  m_time -0.218000
  m_vertexTransformMat 0.998260 -0.011571 -0.057824 0.000000 0.020198 0.988341 0.150909 0.000000 0.055404 -0.151814 0.986855 0.000000 1.056876 -1.667963 -0.994293 1.000000
aniFrame
  m_time -0.202000
  m_vertexTransformMat 0.998533 -0.021349 -0.049754 0.000000 0.028288 0.989286 0.143224 0.000000 0.046163 -0.144421 0.988439 0.000000 0.965433 -1.690048 -0.871094 1.000000
aniFrame
  m_time -0.186000
  m_vertexTransformMat 0.998653 -0.031287 -0.041396 0.000000 0.036634 0.990107 0.135446 0.000000 0.036748 -0.136780 0.989920 0.000000 0.873070 -1.714383 -0.768871 1.000000
aniFrame
  m_time -0.170000
  m_vertexTransformMat 0.998605 -0.041406 -0.032765 0.000000 0.045269 0.990792 0.127597 0.000000 0.027180 -0.128902 0.991285 0.000000 0.776771 -1.739876 -0.689027 1.000000
aniFrame
  m_time -0.154000
  m_vertexTransformMat 0.998381 -0.051428 -0.024295 0.000000 0.053988 0.991279 0.120210 0.000000 0.017901 -0.121327 0.992451 0.000000 0.678748 -1.773180 -0.641595 1.000000
aniFrame
  m_time -0.138000
  m_vertexTransformMat 0.997988 -0.061485 -0.015493 0.000000 0.062842 0.991665 0.112479 0.000000 0.008448 -0.113226 0.993533 0.000000 0.567984 -1.794080 -0.622595 1.000000
aniFrame
  m_time -0.122000
  m_vertexTransformMat 0.997437 -0.071182 -0.007311 0.000000 0.071556 0.991798 0.105908 0.000000 -0.000287 -0.106159 0.994349 0.000000 0.457302 -1.832221 -0.631673 1.000000
aniFrame
  m_time -0.106000
  m_vertexTransformMat 0.996741 -0.080655 0.001063 0.000000 0.080156 0.991870 0.098842 0.000000 -0.009027 -0.098435 0.995102 0.000000 0.331515 -1.847601 -0.665510 1.000000
aniFrame
  m_time -0.090000
  m_vertexTransformMat 0.995933 -0.089593 0.009517 0.000000 0.088325 0.991730 0.093118 0.000000 -0.017780 -0.091898 0.995609 0.000000 0.190354 -1.875726 -0.718215 1.000000
aniFrame
  m_time -0.074000
  m_vertexTransformMat 0.995053 -0.097906 0.016867 0.000000 0.096076 0.991524 0.087459 0.000000 -0.025286 -0.085406 0.996025 0.000000 0.064439 -1.889957 -0.787174 1.000000
aniFrame
  m_time -0.058000
  m_vertexTransformMat 0.994110 -0.105446 0.025017 0.000000 0.103059 0.991230 0.082719 0.000000 -0.033521 -0.079654 0.996259 0.000000 -0.092478 -1.898117 -0.865779 1.000000
aniFrame
  m_time -0.042000
  m_vertexTransformMat 0.993201 -0.112045 0.031601 0.000000 0.109264 0.990861 0.079098 0.000000 -0.040174 -0.075107 0.996366 0.000000 -0.224911 -1.911563 -0.953192 1.000000
aniFrame
  m_time -0.026000
  m_vertexTransformMat 0.992356 -0.117448 0.037896 0.000000 0.114350 0.990564 0.075556 0.000000 -0.046412 -0.070645 0.996421 0.000000 -0.359733 -1.897471 -1.037476 1.000000
aniFrame
  m_time -0.010000
  m_vertexTransformMat 0.991610 -0.121722 0.043503 0.000000 0.118322 0.990239 0.073670 0.000000 -0.052046 -0.067904 0.996334 0.000000 -0.491494 -1.898376 -1.118796 1.000000
aniFrame
  m_time 0.005000
  m_vertexTransformMat 0.991043 -0.124298 0.048826 0.000000 0.120501 0.989933 0.074248 0.000000 -0.057563 -0.067699 0.996044 0.000000 -0.631296 -1.886222 -1.215036 1.000000
aniFrame
  m_time 0.021000
  m_vertexTransformMat 0.990670 -0.125128 0.054004 0.000000 0.120710 0.989578 0.078515 0.000000 -0.063266 -0.071264 0.995449 0.000000 -0.787171 -1.883930 -1.330538 1.000000
aniFrame
  m_time 0.037000
  m_vertexTransformMat 0.990489 -0.124213 0.059185 0.000000 0.118893 0.989155 0.086243 0.000000 -0.069256 -0.078386 0.994515 0.000000 -0.952597 -1.882372 -1.466697 1.000000
aniFrame
  m_time 0.053000
  m_vertexTransformMat 0.990498 -0.121454 0.064512 0.000000 0.114810 0.988514 0.098279 0.000000 -0.075707 -0.089938 0.993066 0.000000 -1.133609 -1.889380 -1.632828 1.000000
aniFrame
  m_time 0.069000
  m_vertexTransformMat 0.990666 -0.117203 0.069603 0.000000 0.108963 0.987685 0.112274 0.000000 -0.081904 -0.103642 0.991237 0.000000 -1.303825 -1.895716 -1.798326 1.000000
aniFrame
  m_time 0.085000
  m_vertexTransformMat 0.990972 -0.111542 0.074387 0.000000 0.101434 0.986568 0.128045 0.000000 -0.087670 -0.119343 0.988975 0.000000 -1.459431 -1.904127 -1.959486 1.000000
aniFrame
  m_time 0.101000
  m_vertexTransformMat 0.991386 -0.104747 0.078626 0.000000 0.092671 0.985221 0.144052 0.000000 -0.092553 -0.135525 0.986442 0.000000 -1.581788 -1.909935 -2.094091 1.000000
aniFrame
  m_time 0.117000
  m_vertexTransformMat 0.991887 -0.096955 0.082222 0.000000 0.082911 0.983673 0.159729 0.000000 -0.096366 -0.151616 0.983731 0.000000 -1.656953 -1.911780 -2.188271 1.000000
aniFrame
  m_time 0.133000
  m_vertexTransformMat 0.992449 -0.088435 0.084997 0.000000 0.072615 0.982078 0.173927 0.000000 -0.098854 -0.166442 0.981084 0.000000 -1.692521 -1.907761 -2.238877 1.000000
aniFrame
  m_time 0.149000
  m_vertexTransformMat 0.993053 -0.079391 0.086843 0.000000 0.062157 0.980634 0.185724 0.000000 -0.099906 -0.179036 0.978757 0.000000 -1.685364 -1.894130 -2.232769 1.000000
aniFrame
  m_time 0.165000
  m_vertexTransformMat 0.993683 -0.070065 0.087666 0.000000 0.051925 0.979562 0.194324 0.000000 -0.099489 -0.188544 0.977012 0.000000 -1.650542 -1.870179 -2.181831 1.000000
aniFrame
  m_time 0.181000
  m_vertexTransformMat 0.994331 -0.060731 0.087279 0.000000 0.042463 0.979345 0.197689 0.000000 -0.097482 -0.192863 0.976371 0.000000 -1.605183 -1.825994 -2.092246 1.000000
aniFrame
  m_time 0.197000
  m_vertexTransformMat 0.994975 -0.051584 0.085815 0.000000 0.033792 0.979788 0.197166 0.000000 -0.094251 -0.193275 0.976607 0.000000 -1.548689 -1.773030 -1.968361 1.000000
aniFrame
  m_time 0.213000
  m_vertexTransformMat 0.995581 -0.043162 0.083395 0.000000 0.026330 0.980788 0.193291 0.000000 -0.090136 -0.190241 0.977591 0.000000 -1.488663 -1.719781 -1.819779 1.000000
aniFrame
  m_time 0.229000
  m_vertexTransformMat 0.996165 -0.035208 0.080092 0.000000 0.019684 0.982174 0.186938 0.000000 -0.085247 -0.184645 0.979101 0.000000 -1.424223 -1.670563 -1.651026 1.000000
aniFrame
  m_time 0.245000
  m_vertexTransformMat 0.996731 -0.027377 0.076011 0.000000 0.013205 0.983389 0.181030 0.000000 -0.079704 -0.179435 0.980536 0.000000 -1.355663 -1.645450 -1.480122 1.000000
aniFrame
  m_time 0.261000
  m_vertexTransformMat 0.997270 -0.019553 0.071207 0.000000 0.006822 0.984576 0.174824 0.000000 -0.073528 -0.173861 0.982022 0.000000 -1.282767 -1.636731 -1.306754 1.000000
aniFrame
  m_time 0.277000
  m_vertexTransformMat 0.997784 -0.011061 0.065609 0.000000 -0.000127 0.985765 0.168129 0.000000 -0.066535 -0.167765 0.983579 0.000000 -1.200519 -1.637405 -1.144438 1.000000
aniFrame
  m_time 0.293000
  m_vertexTransformMat 0.998239 -0.001967 0.059295 0.000000 -0.007612 0.986942 0.160899 0.000000 -0.058837 -0.161067 0.985188 0.000000 -1.110200 -1.645499 -0.993335 1.000000
aniFrame
  m_time 0.309000
  m_vertexTransformMat 0.998593 0.007433 0.052513 0.000000 -0.015427 0.988027 0.153507 0.000000 -0.050744 -0.154101 0.986751 0.000000 -1.016846 -1.662113 -0.869733 1.000000
aniFrame
  m_time 0.325000
  m_vertexTransformMat 0.998829 0.017264 0.045207 0.000000 -0.023688 0.989048 0.145681 0.000000 -0.042197 -0.146582 0.988298 0.000000 -0.918241 -1.680784 -0.772130 1.000000
aniFrame
  m_time 0.341000
  m_vertexTransformMat 0.998917 0.027205 0.037746 0.000000 -0.032177 0.989897 0.138090 0.000000 -0.033608 -0.139155 0.989700 0.000000 -0.818798 -1.709769 -0.705219 1.000000
aniFrame
  m_time 0.357000
  m_vertexTransformMat 0.998853 0.037430 0.029862 0.000000 -0.041009 0.990667 0.129991 0.000000 -0.024718 -0.131067 0.991066 0.000000 -0.712489 -1.731490 -0.668217 1.000000
aniFrame
  m_time 0.373000
  m_vertexTransformMat 0.998623 0.047545 0.022176 0.000000 -0.049916 0.991188 0.122699 0.000000 -0.016147 -0.123637 0.992197 0.000000 -0.607659 -1.769742 -0.652134 1.000000
aniFrame
  m_time 0.389000
  m_vertexTransformMat 0.998231 0.057734 0.014204 0.000000 -0.058986 0.991635 0.114805 0.000000 -0.007457 -0.115440 0.993287 0.000000 -0.494205 -1.791153 -0.654759 1.000000
aniFrame
  m_time 0.405000
  m_vertexTransformMat 0.997690 0.067633 0.006428 0.000000 -0.067931 0.991825 0.108019 0.000000 0.000930 -0.108206 0.994128 0.000000 -0.379414 -1.828892 -0.674714 1.000000
aniFrame
  m_time 0.421000
  m_vertexTransformMat 0.997009 0.077279 -0.000968 0.000000 -0.076786 0.991916 0.101026 0.000000 0.008767 -0.100650 0.994884 0.000000 -0.269703 -1.852700 -0.709786 1.000000
aniFrame
  m_time 0.437000
  m_vertexTransformMat 0.996211 0.086485 -0.009106 0.000000 -0.085240 0.991843 0.094773 0.000000 0.017228 -0.093637 0.995458 0.000000 -0.135506 -1.875394 -0.757326 1.000000
aniFrame
  m_time 0.453000
  m_vertexTransformMat 0.995340 0.095082 -0.016041 0.000000 -0.093289 0.991631 0.089251 0.000000 0.024393 -0.087339 0.995880 0.000000 -0.022662 -1.900526 -0.816002 1.000000
aniFrame
  m_time 0.469000
  m_vertexTransformMat 0.994414 0.102928 -0.023389 0.000000 -0.100638 0.991374 0.083964 0.000000 0.031829 -0.081141 0.996194 0.000000 0.106817 -1.906489 -0.881185 1.000000
aniFrame
  m_time 0.485000
  m_vertexTransformMat 0.993484 0.109913 -0.030148 0.000000 -0.107204 0.990997 0.080197 0.000000 0.038691 -0.076442 0.996323 0.000000 0.232305 -1.924919 -0.953524 1.000000
aniFrame
  m_time 0.501000
  m_vertexTransformMat 0.992625 0.115740 -0.036057 0.000000 -0.112730 0.990669 0.076601 0.000000 0.044586 -0.071971 0.996410 0.000000 0.345159 -1.919599 -1.026405 1.000000
aniFrame
  m_time 0.517000
  m_vertexTransformMat 0.991843 0.120440 -0.041728 0.000000 -0.117147 0.990355 0.073988 0.000000 0.050236 -0.068496 0.996386 0.000000 0.462123 -1.915182 -1.094145 1.000000
aniFrame
  m_time 0.533000
  m_vertexTransformMat 0.991210 0.123657 -0.047033 0.000000 -0.120012 0.990032 0.073714 0.000000 0.055679 -0.067422 0.996170 0.000000 0.583666 -1.911782 -1.173067 1.000000
aniFrame
  m_time 0.549000
  m_vertexTransformMat 0.990763 0.125017 -0.052529 0.000000 -0.120818 0.989707 0.076699 0.000000 0.061577 -0.069644 0.995670 0.000000 0.727612 -1.903320 -1.275609 1.000000
aniFrame
  m_time 0.565000
  m_vertexTransformMat 0.990494 0.124655 -0.058165 0.000000 -0.119617 0.989322 0.083273 0.000000 0.067924 -0.075524 0.994828 0.000000 0.887156 -1.903201 -1.399732 1.000000
aniFrame
  m_time 0.581000
  m_vertexTransformMat 0.990395 0.122413 -0.064283 0.000000 -0.116121 0.988788 0.093880 0.000000 0.075054 -0.085513 0.993506 0.000000 1.066666 -1.904880 -1.554877 1.000000
aniFrame
  m_time 0.597000
  m_vertexTransformMat 0.990445 0.118509 -0.070530 0.000000 -0.110564 0.988036 0.107520 0.000000 0.082428 -0.098694 0.991698 0.000000 1.250519 -1.911749 -1.724852 1.000000
aniFrame
  m_time 0.613000
  m_vertexTransformMat 0.990617 0.113202 -0.076570 0.000000 -0.103331 0.987078 0.122475 0.000000 0.089445 -0.113414 0.989514 0.000000 1.416845 -1.915323 -1.887405 1.000000
aniFrame
  m_time 0.629000
  m_vertexTransformMat 0.990889 0.106610 -0.082303 0.000000 -0.094540 0.985806 0.138737 0.000000 0.095925 -0.129692 0.986903 0.000000 1.561463 -1.922575 -2.038636 1.000000
aniFrame
  m_time 0.645000
  m_vertexTransformMat 0.991243 0.099026 -0.087356 0.000000 -0.084747 0.984389 0.154259 0.000000 0.101268 -0.145505 0.984161 0.000000 1.653928 -1.921399 -2.146925 1.000000
aniFrame
  m_time 0.661000
  m_vertexTransformMat 0.991662 0.090567 -0.091678 0.000000 -0.074105 0.982777 0.169288 0.000000 0.105431 -0.161083 0.981294 0.000000 1.702564 -1.920024 -2.217837 1.000000
aniFrame
  m_time 0.677000
  m_vertexTransformMat 0.992137 0.081585 -0.094909 0.000000 -0.063321 0.981326 0.181630 0.000000 0.107955 -0.174192 0.978776 0.000000 1.708778 -1.905865 -2.239693 1.000000
aniFrame
  m_time 0.693000
  m_vertexTransformMat 0.992660 0.072179 -0.097042 0.000000 -0.052529 0.980059 0.191636 0.000000 0.108939 -0.185132 0.976657 0.000000 1.677198 -1.886124 -2.216368 1.000000
aniFrame
  m_time 0.709000
  m_vertexTransformMat 0.993235 0.062767 -0.097699 0.000000 -0.042555 0.979544 0.196681 0.000000 0.108045 -0.191193 0.975588 0.000000 1.636258 -1.847164 -2.162312 1.000000
aniFrame
  m_time 0.725000
  m_vertexTransformMat 0.993858 0.053405 -0.096928 0.000000 -0.033409 0.979779 0.197272 0.000000 0.105503 -0.192822 0.975545 0.000000 1.584526 -1.794314 -2.076002 1.000000
aniFrame
  m_time 0.741000
  m_vertexTransformMat 0.994482 0.044671 -0.094924 0.000000 -0.025461 0.980534 0.194692 0.000000 0.101773 -0.191201 0.976260 0.000000 1.529655 -1.741995 -1.965899 1.000000
aniFrame
  m_time 0.757000
  m_vertexTransformMat 0.995110 0.036600 -0.091737 0.000000 -0.018712 0.981846 0.188754 0.000000 0.096980 -0.186115 0.977730 0.000000 1.472179 -1.687713 -1.831003 1.000000
aniFrame
  m_time 0.773000
  m_vertexTransformMat 0.995739 0.028724 -0.087630 0.000000 -0.012275 0.983081 0.182760 0.000000 0.091397 -0.180906 0.979244 0.000000 1.411754 -1.654733 -1.687361 1.000000
aniFrame
  m_time 0.789000
  m_vertexTransformMat 0.996353 0.021016 -0.082696 0.000000 -0.006093 0.984243 0.176717 0.000000 0.085107 -0.175569 0.980782 0.000000 1.349414 -1.640624 -1.534677 1.000000
aniFrame
  m_time 0.805000
  m_vertexTransformMat 0.996956 0.012856 -0.076904 0.000000 0.000431 0.985391 0.170309 0.000000 0.077970 -0.169824 0.982385 0.000000 1.279482 -1.639052 -1.381874 1.000000
aniFrame
  m_time 0.821000
  m_vertexTransformMat 0.997522 0.003992 -0.070243 0.000000 0.007547 0.986556 0.163251 0.000000 0.069950 -0.163376 0.984081 0.000000 1.200384 -1.643549 -1.228869 1.000000
aniFrame
  m_time 0.837000
  m_vertexTransformMat 0.998000 -0.005195 -0.063005 0.000000 0.014991 0.987640 0.156022 0.000000 0.061415 -0.156654 0.985742 0.000000 1.116561 -1.657896 -1.085081 1.000000
aniFrame
  m_time 0.853000
  m_vertexTransformMat 0.998368 -0.014822 -0.055152 0.000000 0.022870 0.988677 0.148306 0.000000 0.052329 -0.149325 0.987403 0.000000 1.026285 -1.673765 -0.950942 1.000000
aniFrame
  m_time 0.869000
  m_vertexTransformMat 0.998590 -0.024606 -0.047050 0.000000 0.031016 0.989557 0.140766 0.000000 0.043095 -0.142027 0.988924 0.000000 0.935564 -1.700494 -0.835341 1.000000
aniFrame
  m_time 0.885000
  m_vertexTransformMat 0.998657 -0.034671 -0.038501 0.000000 0.039500 0.990364 0.132732 0.000000 0.033528 -0.134075 0.990404 0.000000 0.840940 -1.720742 -0.739039 1.000000
aniFrame
  m_time 0.901000
  m_vertexTransformMat 0.998549 -0.044720 -0.029994 0.000000 0.048143 0.990953 0.125280 0.000000 0.024120 -0.126542 0.991668 0.000000 0.745382 -1.754445 -0.669874 1.000000
aniFrame
  m_time 0.917000
  m_vertexTransformMat 0.998269 -0.054805 -0.021359 0.000000 0.056945 0.991434 0.117539 0.000000 0.014734 -0.118552 0.992839 0.000000 0.642933 -1.778866 -0.632141 1.000000
aniFrame
  m_time 0.933000
  m_vertexTransformMat 0.997821 -0.064745 -0.012669 0.000000 0.065750 0.991722 0.110292 0.000000 0.005423 -0.110885 0.993819 0.000000 0.530269 -1.807694 -0.622467 1.000000
aniFrame
  m_time 0.949000
  m_vertexTransformMat 0.997220 -0.074377 -0.004615 0.000000 0.074455 0.991835 0.103536 0.000000 -0.003123 -0.103592 0.994615 0.000000 0.418860 -1.838812 -0.640582 1.000000
aniFrame
  m_time 0.965000
  m_vertexTransformMat 0.996482 -0.083705 0.004036 0.000000 0.082924 0.991848 0.096751 0.000000 -0.012102 -0.096076 0.995300 0.000000 0.282396 -1.854391 -0.680985 1.000000
aniFrame
  m_time 0.981000
  m_vertexTransformMat 0.995646 -0.092439 0.011956 0.000000 0.090973 0.991662 0.091274 0.000000 -0.020293 -0.089789 0.995754 0.000000 0.149691 -1.883846 -0.739866 1.000000
aniFrame
  m_time 0.997000
  m_vertexTransformMat 0.994744 -0.100511 0.019538 0.000000 0.098496 0.991446 0.085638 0.000000 -0.027978 -0.083264 0.996135 0.000000 0.014867 -1.890117 -0.812244 1.000000
aniFrame
  m_time 1.013000
  m_vertexTransformMat 0.993799 -0.107766 0.027390 0.000000 0.105228 0.991103 0.081506 0.000000 -0.035930 -0.078118 0.996297 0.000000 -0.139745 -1.905064 -0.894542 1.000000
aniFrame
  m_time 1.029000
  m_vertexTransformMat 0.992914 -0.113979 0.033639 0.000000 0.111093 0.990756 0.077851 0.000000 -0.042202 -0.073562 0.996397 0.000000 -0.267315 -1.908562 -0.982125 1.000000
aniFrame
  m_time 1.045000
  m_vertexTransformMat 0.992092 -0.119017 0.039867 0.000000 0.115820 0.990458 0.074689 0.000000 -0.048376 -0.069481 0.996410 0.000000 -0.404475 -1.896577 -1.064099 1.000000
aniFrame
  m_time 1.061000
  m_vertexTransformMat 0.991399 -0.122801 0.045253 0.000000 0.119287 0.990131 0.073553 0.000000 -0.053839 -0.067522 0.996264 0.000000 -0.535774 -1.897330 -1.148386 1.000000
aniFrame
  m_time 1.077000
  m_vertexTransformMat 0.990897 -0.124759 0.050578 0.000000 0.120783 0.989824 0.075237 0.000000 -0.059450 -0.068443 0.995882 0.000000 -0.681954 -1.883386 -1.251481 1.000000
aniFrame
  m_time 1.093000
  m_vertexTransformMat 0.990588 -0.125027 0.055709 0.000000 0.120342 0.989444 0.080740 0.000000 -0.065215 -0.073276 0.995177 0.000000 -0.841309 -1.884899 -1.373325 1.000000
aniFrame
  m_time 1.109000
  m_vertexTransformMat 0.990472 -0.123486 0.060962 0.000000 0.117771 0.988971 0.089808 0.000000 -0.071380 -0.081773 0.994092 0.000000 -1.011870 -1.883089 -1.519532 1.000000
aniFrame
  m_time 1.125000
  m_vertexTransformMat 0.990539 -0.120183 0.066253 0.000000 0.113023 0.988250 0.102901 0.000000 -0.077841 -0.094440 0.992483 0.000000 -1.193237 -1.892907 -1.690054 1.000000
aniFrame
  m_time 1.141000
  m_vertexTransformMat 0.990753 -0.115472 0.071233 0.000000 0.106643 0.987355 0.117290 0.000000 -0.083876 -0.108609 0.990540 0.000000 -1.357138 -1.897512 -1.852251 1.000000
aniFrame
  m_time 1.157000
  m_vertexTransformMat 0.991100 -0.109379 0.075880 0.000000 0.098608 0.986127 0.133526 0.000000 -0.089432 -0.124855 0.988136 0.000000 -1.505680 -1.907423 -2.009509 1.000000
aniFrame
  m_time 1.173000
  m_vertexTransformMat 0.991544 -0.102264 0.079892 0.000000 0.089537 0.984739 0.149242 0.000000 -0.093935 -0.140826 0.985568 0.000000 -1.611400 -1.910235 -2.129161 1.000000
aniFrame
  m_time 1.189000
  m_vertexTransformMat 0.992069 -0.094169 0.083257 0.000000 0.079490 0.983121 0.164787 0.000000 -0.097369 -0.156862 0.982809 0.000000 -1.673061 -1.911897 -2.210937 1.000000
aniFrame
  m_time 1.205000
  m_vertexTransformMat 0.992646 -0.085489 0.085705 0.000000 0.069166 0.981592 0.178024 0.000000 -0.099346 -0.170787 0.980287 0.000000 -1.695100 -1.903610 -2.242919 1.000000
aniFrame
  m_time 1.221000
  m_vertexTransformMat 0.993262 -0.076284 0.087248 0.000000 0.058671 0.980204 0.189098 0.000000 -0.099946 -0.182705 0.978075 0.000000 -1.675310 -1.887908 -2.219906 1.000000
aniFrame
  m_time 1.237000
  m_vertexTransformMat 0.993896 -0.066972 0.087663 0.000000 0.048709 0.979396 0.195989 0.000000 -0.098983 -0.190523 0.976680 0.000000 -1.637260 -1.857683 -2.157032 1.000000
aniFrame
  m_time 1.253000
  m_vertexTransformMat 0.994548 -0.057628 0.086904 0.000000 0.039463 0.979436 0.197860 0.000000 -0.096519 -0.193352 0.976370 0.000000 -1.587076 -1.808326 -2.053731 1.000000
aniFrame
  m_time 1.269000
  m_vertexTransformMat 0.995181 -0.048691 0.085112 0.000000 0.031156 0.980034 0.196371 0.000000 -0.092974 -0.192773 0.976829 0.000000 -1.529112 -1.756339 -1.922591 1.000000
aniFrame
  m_time 1.285000
  m_vertexTransformMat 0.995778 -0.040487 0.082388 0.000000 0.024073 0.981246 0.191251 0.000000 -0.088586 -0.188461 0.978077 0.000000 -1.467706 -1.701571 -1.764395 1.000000
aniFrame
  m_time 1.301000
  m_vertexTransformMat 0.996358 -0.032564 0.078812 0.000000 0.017484 0.982591 0.184958 0.000000 -0.083463 -0.182906 0.979581 0.000000 -1.401647 -1.659766 -1.595047 1.000000
aniFrame
  m_time 1.317000
  m_vertexTransformMat 0.996913 -0.024804 0.074491 0.000000 0.011102 0.983786 0.179002 0.000000 -0.077723 -0.177623 0.981025 0.000000 -1.332073 -1.641045 -1.421679 1.000000
aniFrame
  m_time 1.333000
  m_vertexTransformMat 0.997445 -0.016817 0.069438 0.000000 0.004585 0.984968 0.172675 0.000000 -0.071298 -0.171916 0.982528 0.000000 -1.256635 -1.636382 -1.251840 1.000000
aniFrame
  m_time 1.349000
  m_vertexTransformMat 0.997945 -0.008075 0.063565 0.000000 -0.002578 0.986165 0.165746 0.000000 -0.064024 -0.165569 0.984118 0.000000 -1.170935 -1.638964 -1.091922 1.000000
aniFrame
  m_time 1.365000
  m_vertexTransformMat 0.998368 0.001122 0.057096 0.000000 -0.010174 0.987309 0.158486 0.000000 -0.056193 -0.158808 0.985709 0.000000 -1.079593 -1.650859 -0.948872 1.000000
aniFrame
  m_time 1.381000
  m_vertexTransformMat 0.998686 0.010681 0.050113 0.000000 -0.018143 0.988383 0.150896 0.000000 -0.047919 -0.151607 0.987279 0.000000 -0.984255 -1.667292 -0.834146 1.000000
aniFrame
  m_time 1.397000
  m_vertexTransformMat 0.998875 0.020562 0.042745 0.000000 -0.026492 0.989344 0.143164 0.000000 -0.039346 -0.144135 0.988776 0.000000 -0.885403 -1.690331 -0.746161 1.000000
aniFrame
  m_time 1.413000
  m_vertexTransformMat 0.998914 0.030601 0.035139 0.000000 -0.035095 0.990173 0.135374 0.000000 -0.030651 -0.136460 0.990171 0.000000 -0.783784 -1.716419 -0.689984 1.000000
aniFrame
  m_time 1.429000
  m_vertexTransformMat 0.998795 0.040820 0.027262 0.000000 -0.043976 0.990866 0.127477 0.000000 -0.021809 -0.128523 0.991467 0.000000 -0.677207 -1.742769 -0.660923 1.000000
aniFrame
  m_time 1.445000
  m_vertexTransformMat 0.998510 0.050944 0.019559 0.000000 -0.052931 0.991352 0.120086 0.000000 -0.013272 -0.120942 0.992571 0.000000 -0.571068 -1.777890 -0.650944 1.000000
aniFrame
  m_time 1.461000
  m_vertexTransformMat 0.998066 0.061084 0.011528 0.000000 -0.061994 0.991734 0.112346 0.000000 -0.004570 -0.112843 0.993603 0.000000 -0.454838 -1.800428 -0.659596 1.000000
aniFrame
  m_time 1.477000
  m_vertexTransformMat 0.997477 0.070875 0.004009 0.000000 -0.070901 0.991861 0.105760 0.000000 0.003519 -0.105778 0.994384 0.000000 -0.344302 -1.839852 -0.684888 1.000000
aniFrame
  m_time 1.493000
  m_vertexTransformMat 0.996755 0.080414 -0.003622 0.000000 -0.079666 0.991921 0.098724 0.000000 0.011531 -0.098115 0.995108 0.000000 -0.227492 -1.857633 -0.724318 1.000000
aniFrame
  m_time 1.509000
  m_vertexTransformMat 0.995927 0.089422 -0.011545 0.000000 -0.087971 0.991775 0.092969 0.000000 0.019764 -0.091574 0.995602 0.000000 -0.095423 -1.886307 -0.775895 1.000000
aniFrame
  m_time 1.525000
  m_vertexTransformMat 0.995038 0.097790 -0.018325 0.000000 -0.095839 0.991556 0.087360 0.000000 0.026713 -0.085170 0.996008 0.000000 0.015519 -1.903027 -0.837120 1.000000
aniFrame
  m_time 1.541000
  m_vertexTransformMat 0.994098 0.105362 -0.025848 0.000000 -0.102912 0.991254 0.082611 0.000000 0.034326 -0.079463 0.996247 0.000000 0.152594 -1.912509 -0.904675 1.000000
aniFrame
  m_time 1.557000
  m_vertexTransformMat 0.993190 0.112000 -0.032097 0.000000 -0.109186 0.990877 0.079001 0.000000 0.040653 -0.074958 0.996358 0.000000 0.268625 -1.927108 -0.978133 1.000000
aniFrame
  m_time 1.573000
  m_vertexTransformMat 0.992353 0.117426 -0.038045 0.000000 -0.114319 0.990569 0.075528 0.000000 0.046555 -0.070602 0.996418 0.000000 0.385140 -1.915596 -1.049245 1.000000
aniFrame
  m_time 1.589000
  m_vertexTransformMat 0.991612 0.121716 -0.043481 0.000000 -0.118321 0.990244 0.073600 0.000000 0.052016 -0.067838 0.996340 0.000000 0.500736 -1.916130 -1.118019 1.000000
aniFrame
  m_time 1.605000
  m_vertexTransformMat 0.991041 0.124296 -0.048870 0.000000 -0.120494 0.989931 0.074289 0.000000 0.057612 -0.067734 0.996039 0.000000 0.629513 -1.906770 -1.204989 1.000000
aniFrame
  m_time 1.621000
  m_vertexTransformMat 0.990654 0.125094 -0.054373 0.000000 -0.120650 0.989585 0.078519 0.000000 0.063629 -0.071225 0.995429 0.000000 0.779368 -1.903610 -1.314488 1.000000
aniFrame
  m_time 1.637000
  m_vertexTransformMat 0.990443 0.124119 -0.060148 0.000000 -0.118723 0.989175 0.086245 0.000000 0.070202 -0.078279 0.994457 0.000000 0.943817 -1.901622 -1.447114 1.000000
aniFrame
  m_time 1.653000
  m_vertexTransformMat 0.990397 0.121274 -0.066383 0.000000 -0.114462 0.988555 0.098274 0.000000 0.077541 -0.089732 0.992943 0.000000 1.129625 -1.907893 -1.612083 1.000000
aniFrame
  m_time 1.669000
  m_vertexTransformMat 0.990490 0.116907 -0.072545 0.000000 -0.108369 0.987762 0.112175 0.000000 0.084771 -0.103246 0.991037 0.000000 1.306169 -1.911345 -1.777962 1.000000
aniFrame
  m_time 1.685000
  m_vertexTransformMat 0.990698 0.111126 -0.078544 0.000000 -0.100533 0.986675 0.127925 0.000000 0.091713 -0.118839 0.988669 0.000000 1.469481 -1.918524 -1.941265 1.000000
aniFrame
  m_time 1.701000
  m_vertexTransformMat 0.990999 0.104202 -0.084047 0.000000 -0.091410 0.985370 0.143845 0.000000 0.097806 -0.134867 0.986025 0.000000 1.597828 -1.921639 -2.078793 1.000000
aniFrame
  m_time 1.717000
  m_vertexTransformMat 0.991376 0.096280 -0.088902 0.000000 -0.081248 0.983852 0.159479 0.000000 0.102821 -0.150880 0.983190 0.000000 1.674689 -1.921894 -2.175223 1.000000
aniFrame
  m_time 1.733000
  m_vertexTransformMat 0.991814 0.087637 -0.092868 0.000000 -0.070538 0.982284 0.173618 0.000000 0.106438 -0.165646 0.980425 0.000000 1.710097 -1.916000 -2.231113 1.000000
aniFrame
  m_time 1.749000
  m_vertexTransformMat 0.992306 0.078472 -0.095761 0.000000 -0.059679 0.980858 0.185355 0.000000 0.108474 -0.178214 0.977995 0.000000 1.700856 -1.900510 -2.236030 1.000000
aniFrame
  m_time 1.765000
  m_vertexTransformMat 0.992844 0.069043 -0.097435 0.000000 -0.049101 0.979782 0.193947 0.000000 0.108856 -0.187775 0.976161 0.000000 1.664176 -1.875797 -2.201759 1.000000
aniFrame
  m_time 1.781000
  m_vertexTransformMat 0.993440 0.059612 -0.097591 0.000000 -0.039411 0.979576 0.197172 0.000000 0.107352 -0.192033 0.975499 0.000000 1.619928 -1.829451 -2.136425 1.000000
aniFrame
  m_time 1.797000
  m_vertexTransformMat 0.994067 0.050396 -0.096393 0.000000 -0.030607 0.979982 0.196720 0.000000 0.104377 -0.192603 0.975710 0.000000 1.566262 -1.776465 -2.041776 1.000000
aniFrame
  m_time 1.813000
  m_vertexTransformMat 0.994696 0.041889 -0.093947 0.000000 -0.023030 0.980830 0.193502 0.000000 0.100252 -0.190312 0.976592 0.000000 1.510402 -1.727190 -1.924220 1.000000
aniFrame
  m_time 1.829000
  m_vertexTransformMat 0.995326 0.033949 -0.090409 0.000000 -0.016391 0.981978 0.188286 0.000000 0.095172 -0.185924 0.977944 0.000000 1.451782 -1.684362 -1.787296 1.000000
aniFrame
  m_time 1.845000
  m_vertexTransformMat 0.995930 0.026481 -0.086156 0.000000 -0.010209 0.982860 0.184074 0.000000 0.089554 -0.182445 0.979129 0.000000 1.393224 -1.666281 -1.645030 1.000000
aniFrame
  m_time 1.861000
  m_vertexTransformMat 0.996511 0.019342 -0.081184 0.000000 -0.004434 0.983669 0.179935 0.000000 0.083338 -0.178948 0.980323 0.000000 1.333414 -1.663354 -1.496279 1.000000
aniFrame
  m_time 1.877000
  m_vertexTransformMat 0.997070 0.012016 -0.075538 0.000000 0.001415 0.984516 0.175288 0.000000 0.076475 -0.174881 0.981615 0.000000 1.267979 -1.665781 -1.348963 1.000000
aniFrame
  m_time 1.893000
  m_vertexTransformMat 0.997590 0.004520 -0.069245 0.000000 0.007338 0.985409 0.170047 0.000000 0.069004 -0.170145 0.983000 0.000000 1.197481 -1.670633 -1.203035 1.000000
aniFrame
  m_time 1.909000
  m_vertexTransformMat 0.998042 -0.003061 -0.062475 0.000000 0.013326 0.986277 0.164561 0.000000 0.061114 -0.165071 0.984387 0.000000 1.123804 -1.682203 -1.067847 1.000000
aniFrame
  m_time 1.925000
  m_vertexTransformMat 0.998417 -0.010834 -0.055188 0.000000 0.019475 0.987160 0.158544 0.000000 0.052762 -0.159368 0.985808 0.000000 1.045648 -1.693762 -0.942805 1.000000
aniFrame
  m_time 1.941000
  m_vertexTransformMat 0.998689 -0.018694 -0.047644 0.000000 0.025768 0.987970 0.152482 0.000000 0.044220 -0.153510 0.987157 0.000000 0.967572 -1.713217 -0.837607 1.000000
aniFrame
  m_time 1.957000
  m_vertexTransformMat 0.998855 -0.026793 -0.039648 0.000000 0.032310 0.988786 0.145803 0.000000 0.035297 -0.146917 0.988519 0.000000 0.885212 -1.726858 -0.751045 1.000000
aniFrame
  m_time 1.973000
  m_vertexTransformMat 0.998887 -0.034964 -0.031672 0.000000 0.039056 0.989457 0.139459 0.000000 0.026462 -0.140541 0.989721 0.000000 0.797178 -1.753773 -0.695152 1.000000
aniFrame
  m_time 1.989000
  m_vertexTransformMat 0.998786 -0.043393 -0.023311 0.000000 0.046106 0.990133 0.132331 0.000000 0.017339 -0.133245 0.990932 0.000000 0.694618 -1.767125 -0.669402 1.000000
aniFrame
  m_time 2.005000
  m_vertexTransformMat 0.998538 -0.051906 -0.015091 0.000000 0.053396 0.990617 0.125805 0.000000 0.008419 -0.126427 0.991940 0.000000 0.581458 -1.796312 -0.671552 1.000000
aniFrame
  m_time 2.021000
  m_vertexTransformMat 0.998138 -0.060610 -0.006919 0.000000 0.061002 0.991064 0.118624 0.000000 -0.000333 -0.118825 0.992915 0.000000 0.454940 -1.811558 -0.701037 1.000000
aniFrame
  m_time 2.037000
  m_vertexTransformMat 0.997583 -0.069463 0.001736 0.000000 0.068834 0.991337 0.111860 0.000000 -0.009491 -0.111470 0.993722 0.000000 0.305930 -1.833414 -0.749162 1.000000
aniFrame
  m_time 2.053000
  m_vertexTransformMat 0.996879 -0.078385 0.009458 0.000000 0.076964 0.991487 0.105026 0.000000 -0.017610 -0.103971 0.994425 0.000000 0.168472 -1.852484 -0.813756 1.000000
aniFrame
  m_time 2.069000
  m_vertexTransformMat 0.996005 -0.087450 0.018080 0.000000 0.085274 0.991513 0.098138 0.000000 -0.026508 -0.096204 0.995009 0.000000 0.002659 -1.862255 -0.886891 1.000000
aniFrame
  m_time 2.085000
  m_vertexTransformMat 0.994993 -0.096544 0.025855 0.000000 0.093801 0.991339 0.091912 0.000000 -0.034505 -0.089026 0.995431 0.000000 -0.151443 -1.882231 -0.966956 1.000000
aniFrame
  m_time 2.101000
  m_vertexTransformMat 0.993854 -0.105606 0.033194 0.000000 0.102465 0.991080 0.085217 0.000000 -0.041897 -0.081292 0.995809 0.000000 -0.298148 -1.882098 -1.044296 1.000000
aniFrame
  m_time 2.117000
  m_vertexTransformMat 0.992569 -0.114716 0.040572 0.000000 0.111191 0.990535 0.080483 0.000000 -0.049420 -0.075373 0.995930 0.000000 -0.452881 -1.912824 -1.115588 1.000000
aniFrame
