m_aniFrameList.size 202
aniFrame
  m_time -1.066000
  m_vertexTransformMat -0.116998 0.144999 0.982490 0.000000 0.880439 0.472862 0.035059 0.000000 -0.459499 0.869124 -0.182987 0.000000 -11.697306 15.771277 -5.815845 1.000000
aniFrame
  m_time -1.050000
  m_vertexTransformMat -0.139899 0.112977 0.983700 0.000000 0.861301 0.503970 0.064611 0.000000 -0.488455 0.856300 -0.167812 0.000000 -12.660711 14.910581 -5.830074 1.000000
aniFrame
  m_time -1.034000
  m_vertexTransformMat -0.161855 0.079427 0.983613 0.000000 0.839767 0.534568 0.095018 0.000000 -0.518261 0.841385 -0.153222 0.000000 -13.610529 13.998229 -5.883033 1.000000
aniFrame
  m_time -1.018000
  m_vertexTransformMat -0.184782 0.040379 0.981950 0.000000 0.814601 0.565256 0.130047 0.000000 -0.549802 0.823927 -0.137342 0.000000 -14.587147 12.964060 -5.975678 1.000000
aniFrame
  m_time -1.002000
  m_vertexTransformMat -0.206414 -0.001621 0.978463 0.000000 0.786434 0.594701 0.166890 0.000000 -0.582163 0.803946 -0.121480 0.000000 -15.536289 11.850848 -6.109101 1.000000
aniFrame
  m_time -0.986000
  m_vertexTransformMat -0.224960 -0.044713 0.973342 0.000000 0.756446 0.621630 0.203387 0.000000 -0.614152 0.782034 -0.106019 0.000000 -16.403479 10.696658 -6.262738 1.000000
aniFrame
  m_time -0.970000
  m_vertexTransformMat -0.240092 -0.088273 0.966728 0.000000 0.725059 0.645869 0.239047 0.000000 -0.645481 0.758328 -0.091065 0.000000 -17.179529 9.513729 -6.430220 1.000000
aniFrame
  m_time -0.954000
  m_vertexTransformMat -0.250511 -0.129569 0.959404 0.000000 0.694081 0.666824 0.271288 0.000000 -0.674904 0.733865 -0.077115 0.000000 -17.815857 8.359611 -6.574973 1.000000
aniFrame
  m_time -0.938000
  m_vertexTransformMat -0.256502 -0.168387 0.951763 0.000000 0.664132 0.684728 0.300128 0.000000 -0.702236 0.709080 -0.063803 0.000000 -18.321709 7.242709 -6.687358 1.000000
aniFrame
  m_time -0.922000
  m_vertexTransformMat -0.257379 -0.201545 0.945059 0.000000 0.637324 0.699730 0.322796 0.000000 -0.726343 0.685389 -0.051646 0.000000 -18.683189 6.231230 -6.734093 1.000000
aniFrame
  m_time -0.906000
  m_vertexTransformMat -0.253816 -0.229158 0.939716 0.000000 0.614236 0.712308 0.339607 0.000000 -0.747190 0.663404 -0.040038 0.000000 -18.914410 5.329845 -6.703201 1.000000
aniFrame
  m_time -0.890000
  m_vertexTransformMat -0.245362 -0.247456 0.937317 0.000000 0.597223 0.723025 0.347217 0.000000 -0.763624 0.644981 -0.029616 0.000000 -19.024914 4.620728 -6.582742 1.000000
aniFrame
  m_time -0.874000
  m_vertexTransformMat -0.232838 -0.256930 0.937963 0.000000 0.586398 0.732329 0.346169 0.000000 -0.775838 0.630620 -0.019851 0.000000 -19.029037 4.101303 -6.362737 1.000000
aniFrame
  m_time -0.858000
  m_vertexTransformMat -0.217335 -0.259058 0.941092 0.000000 0.580897 0.740488 0.337989 0.000000 -0.784426 0.620135 -0.010448 0.000000 -18.957920 3.736028 -6.063604 1.000000
aniFrame
  m_time -0.842000
  m_vertexTransformMat -0.198974 -0.253613 0.946620 0.000000 0.580833 0.747479 0.322348 0.000000 -0.789331 0.613967 -0.001421 0.000000 -18.814671 3.535692 -5.683945 1.000000
aniFrame
  m_time -0.826000
  m_vertexTransformMat -0.179468 -0.244841 0.952808 0.000000 0.583206 0.753506 0.303478 0.000000 -0.792251 0.610149 0.007563 0.000000 -18.637375 3.397429 -5.274000 1.000000
aniFrame
  m_time -0.810000
  m_vertexTransformMat -0.158545 -0.232872 0.959497 0.000000 0.588071 0.758345 0.281223 0.000000 -0.793118 0.608839 0.016713 0.000000 -18.426081 3.322771 -4.831208 1.000000
aniFrame
  m_time -0.794000
  m_vertexTransformMat -0.137011 -0.217801 0.966329 0.000000 0.594334 0.762354 0.256095 0.000000 -0.792462 0.609410 0.024995 0.000000 -18.184608 3.303765 -4.393454 1.000000
aniFrame
  m_time -0.778000
  m_vertexTransformMat -0.113835 -0.199521 0.973259 0.000000 0.602458 0.765097 0.227312 0.000000 -0.789991 0.612224 0.033109 0.000000 -17.905897 3.351237 -3.947755 1.000000
aniFrame
  m_time -0.762000
  m_vertexTransformMat -0.090864 -0.178624 0.979713 0.000000 0.610752 0.767053 0.196496 0.000000 -0.786591 0.616216 0.039398 0.000000 -17.606165 3.442123 -3.548152 1.000000
aniFrame
  m_time -0.746000
  m_vertexTransformMat -0.066230 -0.154854 0.985715 0.000000 0.619608 0.767954 0.162276 0.000000 -0.782113 0.621504 0.045088 0.000000 -17.275476 3.587114 -3.174037 1.000000
aniFrame
  m_time -0.730000
  m_vertexTransformMat -0.041780 -0.129165 0.990743 0.000000 0.629018 0.767025 0.126525 0.000000 -0.776267 0.628481 0.049201 0.000000 -16.922249 3.784090 -2.857354 1.000000
aniFrame
  m_time -0.714000
  m_vertexTransformMat -0.016847 -0.100887 0.994755 0.000000 0.636887 0.765866 0.088459 0.000000 -0.770773 0.635037 0.051351 0.000000 -16.551624 4.009518 -2.604421 1.000000
aniFrame
  m_time -0.698000
  m_vertexTransformMat 0.009174 -0.071381 0.997407 0.000000 0.645329 0.762356 0.048624 0.000000 -0.763850 0.643209 0.053058 0.000000 -16.152262 4.283978 -2.392054 1.000000
aniFrame
  m_time -0.682000
  m_vertexTransformMat 0.033961 -0.040017 0.998622 0.000000 0.652306 0.757912 0.008188 0.000000 -0.757195 0.651129 0.051843 0.000000 -15.745464 4.590320 -2.259126 1.000000
aniFrame
  m_time -0.666000
  m_vertexTransformMat 0.060336 -0.007381 0.998151 0.000000 0.656744 0.753340 -0.034128 0.000000 -0.751695 0.657589 0.050301 0.000000 -15.322991 4.897722 -2.163435 1.000000
aniFrame
  m_time -0.650000
  m_vertexTransformMat 0.085395 0.025895 0.996011 0.000000 0.660283 0.747158 -0.076036 0.000000 -0.746146 0.664142 0.046706 0.000000 -14.904776 5.231812 -2.140778 1.000000
aniFrame
  m_time -0.634000
  m_vertexTransformMat 0.110058 0.060370 0.992090 0.000000 0.661713 0.740341 -0.118458 0.000000 -0.741636 0.669516 0.041533 0.000000 -14.477019 5.586379 -2.176705 1.000000
aniFrame
  m_time -0.618000
  m_vertexTransformMat 0.134439 0.094555 0.986400 0.000000 0.661157 0.732908 -0.160366 0.000000 -0.738104 0.673725 0.036016 0.000000 -14.056822 5.934598 -2.258092 1.000000
aniFrame
  m_time -0.602000
  m_vertexTransformMat 0.156910 0.129498 0.979086 0.000000 0.658760 0.724881 -0.201450 0.000000 -0.735808 0.676593 0.028433 0.000000 -13.659095 6.302671 -2.406487 1.000000
aniFrame
  m_time -0.586000
  m_vertexTransformMat 0.179396 0.163766 0.970050 0.000000 0.653822 0.716922 -0.241947 0.000000 -0.735074 0.677645 0.021539 0.000000 -13.262163 6.655945 -2.578310 1.000000
aniFrame
  m_time -0.570000
  m_vertexTransformMat 0.199214 0.197815 0.959783 0.000000 0.647164 0.708897 -0.280433 0.000000 -0.735861 0.677003 0.013204 0.000000 -12.912457 7.009920 -2.805893 1.000000
aniFrame
  m_time -0.554000
  m_vertexTransformMat 0.217669 0.230513 0.948411 0.000000 0.638592 0.701223 -0.316997 0.000000 -0.738119 0.674648 0.005430 0.000000 -12.587420 7.350698 -3.043747 1.000000
aniFrame
  m_time -0.538000
  m_vertexTransformMat 0.234459 0.262314 0.936066 0.000000 0.627595 0.694513 -0.351819 0.000000 -0.742397 0.669958 -0.001792 0.000000 -12.294414 7.670820 -3.303679 1.000000
aniFrame
  m_time -0.522000
  m_vertexTransformMat 0.250692 0.298949 0.920751 0.000000 0.610404 0.689408 -0.390031 0.000000 -0.751372 0.659808 -0.009651 0.000000 -12.019091 8.041660 -3.637416 1.000000
aniFrame
  m_time -0.506000
  m_vertexTransformMat 0.265899 0.338799 0.902504 0.000000 0.587453 0.685342 -0.430355 0.000000 -0.764328 0.644610 -0.016797 0.000000 -11.764894 8.435924 -4.033257 1.000000
aniFrame
  m_time -0.490000
  m_vertexTransformMat 0.279705 0.384979 0.879521 0.000000 0.557471 0.680712 -0.475244 0.000000 -0.781659 0.623236 -0.024216 0.000000 -11.541093 8.898829 -4.532756 1.000000
aniFrame
  m_time -0.474000
  m_vertexTransformMat 0.292046 0.435934 0.851276 0.000000 0.520295 0.674429 -0.523869 0.000000 -0.802497 0.595908 -0.029850 0.000000 -11.345082 9.406437 -5.122552 1.000000
aniFrame
  m_time -0.458000
  m_vertexTransformMat 0.300591 0.487208 0.819923 0.000000 0.480973 0.664926 -0.571436 0.000000 -0.823596 0.566129 -0.034463 0.000000 -11.210569 9.929773 -5.757649 1.000000
aniFrame
  m_time -0.442000
  m_vertexTransformMat 0.306785 0.538367 0.784885 0.000000 0.438193 0.652162 -0.618605 0.000000 -0.844908 0.533709 -0.035835 0.000000 -11.125705 10.453325 -6.417591 1.000000
aniFrame
  m_time -0.426000
  m_vertexTransformMat 0.308151 0.585087 0.750144 0.000000 0.398655 0.636527 -0.660233 0.000000 -0.863781 0.502500 -0.037102 0.000000 -11.111957 10.957949 -7.065103 1.000000
aniFrame
  m_time -0.410000
  m_vertexTransformMat 0.308057 0.627911 0.714722 0.000000 0.359598 0.618674 -0.698522 0.000000 -0.880790 0.472197 -0.035209 0.000000 -11.159621 11.437209 -7.656383 1.000000
aniFrame
  m_time -0.394000
  m_vertexTransformMat 0.304059 0.663193 0.683903 0.000000 0.327302 0.601469 -0.728772 0.000000 -0.894663 0.445432 -0.034182 0.000000 -11.254662 11.863980 -8.173509 1.000000
aniFrame
  m_time -0.378000
  m_vertexTransformMat 0.299291 0.691381 0.657584 0.000000 0.302275 0.584976 -0.752618 0.000000 -0.905016 0.424023 -0.033909 0.000000 -11.368971 12.267295 -8.598556 1.000000
aniFrame
  m_time -0.362000
  m_vertexTransformMat 0.294936 0.710079 0.639375 0.000000 0.283365 0.574041 -0.768233 0.000000 -0.912534 0.407755 -0.031906 0.000000 -11.491961 12.595059 -8.852528 1.000000
aniFrame
  m_time -0.346000
  m_vertexTransformMat 0.288995 0.718357 0.632808 0.000000 0.279392 0.568948 -0.773459 0.000000 -0.915654 0.400327 -0.036280 0.000000 -11.577976 12.883542 -9.000067 1.000000
aniFrame
  m_time -0.330000
  m_vertexTransformMat 0.286026 0.717839 0.634741 0.000000 0.284721 0.568829 -0.771600 0.000000 -0.914944 0.401422 -0.041684 0.000000 -11.612431 13.158607 -9.011962 1.000000
aniFrame
  m_time -0.314000
  m_vertexTransformMat 0.281774 0.708646 0.646857 0.000000 0.300930 0.574886 -0.760887 0.000000 -0.911068 0.409057 -0.051265 0.000000 -11.626567 13.391204 -8.906620 1.000000
aniFrame
  m_time -0.298000
  m_vertexTransformMat 0.276238 0.695486 0.663319 0.000000 0.324435 0.582182 -0.745525 0.000000 -0.904674 0.421145 -0.064819 0.000000 -11.622396 13.609081 -8.772766 1.000000
aniFrame
  m_time -0.282000
  m_vertexTransformMat 0.270613 0.678419 0.683021 0.000000 0.351792 0.590736 -0.726136 0.000000 -0.896109 0.436783 -0.078801 0.000000 -11.597132 13.830581 -8.590942 1.000000
aniFrame
  m_time -0.266000
  m_vertexTransformMat 0.262866 0.657822 0.705813 0.000000 0.384332 0.599605 -0.701971 0.000000 -0.884981 0.455790 -0.095207 0.000000 -11.557674 14.048732 -8.389813 1.000000
aniFrame
  m_time -0.250000
  m_vertexTransformMat 0.254372 0.634156 0.730166 0.000000 0.419946 0.607678 -0.674073 0.000000 -0.871172 0.478095 -0.111735 0.000000 -11.503729 14.270202 -8.165366 1.000000
aniFrame
  m_time -0.234000
  m_vertexTransformMat 0.243363 0.606947 0.756565 0.000000 0.459061 0.615045 -0.641080 0.000000 -0.854423 0.503325 -0.128946 0.000000 -11.437814 14.488817 -7.922347 1.000000
aniFrame
  m_time -0.218000
  m_vertexTransformMat 0.230301 0.577546 0.783200 0.000000 0.500130 0.620158 -0.604379 0.000000 -0.834764 0.530891 -0.146026 0.000000 -11.360884 14.704297 -7.678473 1.000000
aniFrame
  m_time -0.202000
  m_vertexTransformMat 0.215400 0.545674 0.809841 0.000000 0.542208 0.622895 -0.563925 0.000000 -0.812165 0.560572 -0.161697 0.000000 -11.272974 14.913127 -7.424635 1.000000
aniFrame
  m_time -0.186000
  m_vertexTransformMat 0.197706 0.512332 0.835720 0.000000 0.584724 0.622631 -0.520027 0.000000 -0.786772 0.591478 -0.176475 0.000000 -11.178126 15.112839 -7.183711 1.000000
aniFrame
  m_time -0.170000
  m_vertexTransformMat 0.177919 0.477588 0.860380 0.000000 0.626677 0.619116 -0.473256 0.000000 -0.758697 0.623382 -0.189141 0.000000 -11.079574 15.303041 -6.949548 1.000000
aniFrame
  m_time -0.154000
  m_vertexTransformMat 0.155729 0.442073 0.883357 0.000000 0.667058 0.612499 -0.424120 0.000000 -0.728548 0.655299 -0.199504 0.000000 -10.986463 15.471707 -6.733606 1.000000
aniFrame
  m_time -0.138000
  m_vertexTransformMat 0.131294 0.406604 0.904122 0.000000 0.705543 0.602348 -0.373346 0.000000 -0.696400 0.686914 -0.207791 0.000000 -10.906613 15.634172 -6.548211 1.000000
aniFrame
  m_time -0.122000
  m_vertexTransformMat 0.105242 0.370888 0.922696 0.000000 0.740813 0.589747 -0.321552 0.000000 -0.663416 0.717386 -0.212692 0.000000 -10.844196 15.759654 -6.369327 1.000000
aniFrame
  m_time -0.106000
  m_vertexTransformMat 0.077374 0.336517 0.938493 0.000000 0.772981 0.574274 -0.269647 0.000000 -0.629693 0.746301 -0.215687 0.000000 -10.810484 15.879458 -6.230898 1.000000
aniFrame
  m_time -0.090000
  m_vertexTransformMat 0.047916 0.302790 0.951852 0.000000 0.801198 0.557414 -0.217649 0.000000 -0.596477 0.773051 -0.215886 0.000000 -10.817655 15.958513 -6.107416 1.000000
aniFrame
  m_time -0.074000
  m_vertexTransformMat 0.018407 0.270750 0.962474 0.000000 0.825233 0.539380 -0.167513 0.000000 -0.564493 0.797348 -0.213504 0.000000 -10.846272 16.016787 -6.003787 1.000000
aniFrame
  m_time -0.058000
  m_vertexTransformMat -0.012488 0.240577 0.970550 0.000000 0.844987 0.521516 -0.118399 0.000000 -0.534641 0.818623 -0.209797 0.000000 -10.941691 16.041479 -5.935381 1.000000
aniFrame
  m_time -0.042000
  m_vertexTransformMat -0.042256 0.211667 0.976428 0.000000 0.860355 0.504563 -0.072145 0.000000 -0.507940 0.837026 -0.203430 0.000000 -11.066422 16.022293 -5.869950 1.000000
aniFrame
  m_time -0.026000
  m_vertexTransformMat -0.071195 0.185875 0.979991 0.000000 0.871407 0.489668 -0.029569 0.000000 -0.485366 0.851866 -0.196835 0.000000 -11.245323 15.982539 -5.840341 1.000000
aniFrame
  m_time -0.010000
  m_vertexTransformMat -0.098616 0.161545 0.981926 0.000000 0.878791 0.477107 0.009765 0.000000 -0.466906 0.863870 -0.189015 0.000000 -11.465719 15.897738 -5.816008 1.000000
aniFrame
  m_time 0.005000
  m_vertexTransformMat -0.126397 0.136438 0.982553 0.000000 0.880077 0.472439 0.047611 0.000000 -0.457700 0.870739 -0.179791 0.000000 -11.849733 15.679636 -5.824407 1.000000
aniFrame
  m_time 0.021000
  m_vertexTransformMat -0.154570 0.108991 0.981952 0.000000 0.874985 0.476662 0.084825 0.000000 -0.458814 0.872304 -0.169043 0.000000 -12.419033 15.292376 -5.867745 1.000000
aniFrame
  m_time 0.037000
  m_vertexTransformMat -0.182897 0.077563 0.980068 0.000000 0.863149 0.489913 0.122306 0.000000 -0.470661 0.868314 -0.156552 0.000000 -13.169298 14.704443 -5.951466 1.000000
aniFrame
  m_time 0.053000
  m_vertexTransformMat -0.211211 0.040259 0.976611 0.000000 0.843055 0.513109 0.161175 0.000000 -0.494619 0.857379 -0.142315 0.000000 -14.120444 13.856702 -6.092500 1.000000
aniFrame
  m_time 0.069000
  m_vertexTransformMat -0.236101 -0.000174 0.971728 0.000000 0.817176 0.541076 0.198647 0.000000 -0.525813 0.840974 -0.127606 0.000000 -15.117052 12.837893 -6.263588 1.000000
aniFrame
  m_time 0.085000
  m_vertexTransformMat -0.256197 -0.043721 0.965635 0.000000 0.785682 0.572514 0.234375 0.000000 -0.563087 0.818729 -0.112326 0.000000 -16.112190 11.645644 -6.452094 1.000000
aniFrame
  m_time 0.101000
  m_vertexTransformMat -0.270026 -0.087763 0.958845 0.000000 0.750808 0.604263 0.266747 0.000000 -0.602805 0.791937 -0.097274 0.000000 -17.012323 10.355551 -6.628989 1.000000
aniFrame
  m_time 0.117000
  m_vertexTransformMat -0.276783 -0.131169 0.951938 0.000000 0.713958 0.634972 0.295083 0.000000 -0.643160 0.761318 -0.082101 0.000000 -17.763992 9.002538 -6.761603 1.000000
aniFrame
  m_time 0.133000
  m_vertexTransformMat -0.276700 -0.171299 0.945565 0.000000 0.677585 0.662957 0.318383 0.000000 -0.681408 0.728797 -0.067370 0.000000 -18.344585 7.666718 -6.836651 1.000000
aniFrame
  m_time 0.149000
  m_vertexTransformMat -0.270312 -0.206126 0.940449 0.000000 0.644080 0.687325 0.335774 0.000000 -0.715606 0.696488 -0.053031 0.000000 -18.736403 6.418883 -6.824139 1.000000
aniFrame
  m_time 0.165000
  m_vertexTransformMat -0.258982 -0.233738 0.937174 0.000000 0.615613 0.707720 0.346631 0.000000 -0.744278 0.666708 -0.039394 0.000000 -18.961611 5.328105 -6.726457 1.000000
aniFrame
  m_time 0.181000
  m_vertexTransformMat -0.244686 -0.250495 0.936687 0.000000 0.596098 0.723057 0.349080 0.000000 -0.764720 0.643772 -0.027602 0.000000 -19.042093 4.529451 -6.543081 1.000000
aniFrame
  m_time 0.197000
  m_vertexTransformMat -0.228322 -0.258396 0.938670 0.000000 0.584264 0.734860 0.344408 0.000000 -0.778784 0.627067 -0.016813 0.000000 -19.016148 3.969289 -6.275625 1.000000
aniFrame
  m_time 0.213000
  m_vertexTransformMat -0.210910 -0.258040 0.942832 0.000000 0.579867 0.743464 0.333191 0.000000 -0.786938 0.616990 -0.007176 0.000000 -18.916479 3.636419 -5.940397 1.000000
aniFrame
  m_time 0.229000
  m_vertexTransformMat -0.192515 -0.250897 0.948677 0.000000 0.581401 0.749642 0.316242 0.000000 -0.790513 0.612444 0.001555 0.000000 -18.758053 3.485028 -5.549162 1.000000
aniFrame
  m_time 0.245000
  m_vertexTransformMat -0.172602 -0.241239 0.954994 0.000000 0.584590 0.755235 0.296435 0.000000 -0.792757 0.609445 0.010671 0.000000 -18.570478 3.365202 -5.128161 1.000000
aniFrame
  m_time 0.261000
  m_vertexTransformMat -0.151428 -0.228170 0.961774 0.000000 0.590043 0.759764 0.273145 0.000000 -0.793044 0.608850 0.019580 0.000000 -18.348770 3.310894 -4.683549 1.000000
aniFrame
  m_time 0.277000
  m_vertexTransformMat -0.129402 -0.212052 0.968654 0.000000 0.596888 0.763404 0.246858 0.000000 -0.791820 0.610122 0.027785 0.000000 -18.095377 3.312686 -4.243908 1.000000
aniFrame
  m_time 0.293000
  m_vertexTransformMat -0.106093 -0.192811 0.975483 0.000000 0.605290 0.765800 0.217196 0.000000 -0.788903 0.613493 0.035461 0.000000 -17.807505 3.378102 -3.807091 1.000000
aniFrame
  m_time 0.309000
  m_vertexTransformMat -0.082864 -0.171008 0.981779 0.000000 0.613578 0.767541 0.185479 0.000000 -0.785274 0.617768 0.041325 0.000000 -17.499893 3.483250 -3.421178 1.000000
aniFrame
  m_time 0.325000
  m_vertexTransformMat -0.057882 -0.146440 0.987525 0.000000 0.622765 0.767825 0.150363 0.000000 -0.780265 0.623699 0.046754 0.000000 -17.158911 3.648669 -3.058873 1.000000
aniFrame
  m_time 0.341000
  m_vertexTransformMat -0.033744 -0.120049 0.992195 0.000000 0.631756 0.766702 0.114252 0.000000 -0.774433 0.630679 0.049970 0.000000 -16.802057 3.854990 -2.769365 1.000000
aniFrame
  m_time 0.357000
  m_vertexTransformMat -0.008081 -0.091056 0.995813 0.000000 0.639548 0.765070 0.075147 0.000000 -0.768709 0.637477 0.052052 0.000000 -16.420824 4.095351 -2.527012 1.000000
aniFrame
  m_time 0.373000
  m_vertexTransformMat 0.017405 -0.061266 0.997970 0.000000 0.648058 0.760768 0.035402 0.000000 -0.761393 0.646126 0.052944 0.000000 -16.017414 4.384919 -2.340258 1.000000
aniFrame
  m_time 0.389000
  m_vertexTransformMat 0.042553 -0.029114 0.998670 0.000000 0.653930 0.756533 -0.005809 0.000000 -0.755358 0.653308 0.051231 0.000000 -15.606815 4.692735 -2.224495 1.000000
aniFrame
  m_time 0.405000
  m_vertexTransformMat 0.069031 0.003459 0.997609 0.000000 0.658098 0.751392 -0.048143 0.000000 -0.749762 0.659848 0.049593 0.000000 -15.181587 5.004042 -2.144101 1.000000
aniFrame
  m_time 0.421000
  m_vertexTransformMat 0.093431 0.037374 0.994924 0.000000 0.661038 0.744929 -0.090059 0.000000 -0.744514 0.666097 0.044894 0.000000 -14.765267 5.350351 -2.150428 1.000000
aniFrame
  m_time 0.437000
  m_vertexTransformMat 0.118644 0.071710 0.990344 0.000000 0.661648 0.737979 -0.132703 0.000000 -0.740369 0.671004 0.040110 0.000000 -14.330689 5.700599 -2.192326 1.000000
aniFrame
  m_time 0.453000
  m_vertexTransformMat 0.141920 0.106145 0.984171 0.000000 0.660641 0.730253 -0.174026 0.000000 -0.737165 0.674881 0.033514 0.000000 -13.924915 6.055953 -2.303968 1.000000
aniFrame
  m_time 0.469000
  m_vertexTransformMat 0.164698 0.141058 0.976206 0.000000 0.657283 0.722250 -0.215254 0.000000 -0.735427 0.677095 0.026239 0.000000 -13.521819 6.423050 -2.457279 1.000000
aniFrame
  m_time 0.485000
  m_vertexTransformMat 0.186230 0.175078 0.966782 0.000000 0.651839 0.714234 -0.254906 0.000000 -0.735136 0.677656 0.018889 0.000000 -13.141356 6.772371 -2.649389 1.000000
aniFrame
  m_time 0.501000
  m_vertexTransformMat 0.205587 0.209190 0.956020 0.000000 0.644368 0.706309 -0.293118 0.000000 -0.736563 0.676289 0.010412 0.000000 -12.800565 7.130181 -2.886519 1.000000
aniFrame
  m_time 0.517000
  m_vertexTransformMat 0.223388 0.240827 0.944511 0.000000 0.635420 0.698821 -0.328467 0.000000 -0.739147 0.673537 0.003081 0.000000 -12.486778 7.454864 -3.124467 1.000000
aniFrame
  m_time 0.533000
  m_vertexTransformMat 0.239917 0.274115 0.931290 0.000000 0.622563 0.692630 -0.364252 0.000000 -0.744886 0.667177 -0.004480 0.000000 -12.201288 7.791059 -3.408020 1.000000
aniFrame
  m_time 0.549000
  m_vertexTransformMat 0.255922 0.311740 0.915053 0.000000 0.603414 0.688010 -0.403154 0.000000 -0.755245 0.655332 -0.012032 0.000000 -11.931138 8.168328 -3.760576 1.000000
aniFrame
  m_time 0.565000
  m_vertexTransformMat 0.270578 0.353366 0.895500 0.000000 0.578415 0.683908 -0.444641 0.000000 -0.769561 0.638281 -0.019341 0.000000 -11.687900 8.581817 -4.186913 1.000000
aniFrame
  m_time 0.581000
  m_vertexTransformMat 0.284154 0.401702 0.870570 0.000000 0.545590 0.678906 -0.491343 0.000000 -0.788409 0.614592 -0.026251 0.000000 -11.470631 9.064868 -4.721500 1.000000
aniFrame
  m_time 0.597000
  m_vertexTransformMat 0.295244 0.453045 0.841178 0.000000 0.507419 0.671643 -0.539835 0.000000 -0.809541 0.586213 -0.031585 0.000000 -11.293392 9.579929 -5.331064 1.000000
aniFrame
  m_time 0.613000
  m_vertexTransformMat 0.303090 0.504493 0.808469 0.000000 0.466795 0.661029 -0.587488 0.000000 -0.830806 0.555451 -0.035143 0.000000 -11.175681 10.105499 -5.976012 1.000000
aniFrame
  m_time 0.629000
  m_vertexTransformMat 0.307710 0.554533 0.773181 0.000000 0.424491 0.647247 -0.633151 0.000000 -0.851541 0.523035 -0.036230 0.000000 -11.112837 10.623787 -6.637483 1.000000
aniFrame
  m_time 0.645000
  m_vertexTransformMat 0.308362 0.599930 0.738239 0.000000 0.385456 0.630692 -0.673537 0.000000 -0.869676 0.492252 -0.036765 0.000000 -11.121400 11.122367 -7.269703 1.000000
aniFrame
  m_time 0.661000
  m_vertexTransformMat 0.307250 0.640667 0.703664 0.000000 0.347630 0.612767 -0.709698 0.000000 -0.885862 0.462669 -0.034442 0.000000 -11.187521 11.584951 -7.836816 1.000000
aniFrame
  m_time 0.677000
  m_vertexTransformMat 0.302245 0.673407 0.674663 0.000000 0.318500 0.595746 -0.737323 0.000000 -0.898446 0.437732 -0.034419 0.000000 -11.291530 12.002560 -8.331238 1.000000
aniFrame
  m_time 0.693000
  m_vertexTransformMat 0.298043 0.698846 0.650219 0.000000 0.294907 0.580440 -0.759025 0.000000 -0.907855 0.417977 -0.033098 0.000000 -11.409645 12.387403 -8.701930 1.000000
aniFrame
  m_time 0.709000
  m_vertexTransformMat 0.292834 0.713927 0.636047 0.000000 0.280389 0.571847 -0.770956 0.000000 -0.914128 0.404103 -0.032721 0.000000 -11.528001 12.691329 -8.912735 1.000000
aniFrame
  m_time 0.725000
  m_vertexTransformMat 0.287647 0.719067 0.632615 0.000000 0.280600 0.568272 -0.773519 0.000000 -0.915709 0.400011 -0.038309 0.000000 -11.592542 12.978971 -9.021734 1.000000
aniFrame
  m_time 0.741000
  m_vertexTransformMat 0.285007 0.715615 0.637704 0.000000 0.288642 0.570340 -0.769024 0.000000 -0.914033 0.403245 -0.044006 0.000000 -11.619356 13.240111 -8.983751 1.000000
aniFrame
  m_time 0.757000
  m_vertexTransformMat 0.279784 0.704437 0.652295 0.000000 0.308546 0.577410 -0.755909 0.000000 -0.909132 0.412754 -0.055801 0.000000 -11.627361 13.463415 -8.864122 1.000000
aniFrame
  m_time 0.773000
  m_vertexTransformMat 0.274643 0.690400 0.669268 0.000000 0.332793 0.584766 -0.739796 0.000000 -0.902120 0.425907 -0.069158 0.000000 -11.616007 13.683280 -8.717647 1.000000
aniFrame
  m_time 0.789000
  m_vertexTransformMat 0.268163 0.671784 0.690504 0.000000 0.362265 0.593831 -0.718422 0.000000 -0.892666 0.442800 -0.084120 0.000000 -11.585325 13.903596 -8.524161 1.000000
aniFrame
  m_time 0.805000
  m_vertexTransformMat 0.260227 0.650443 0.713587 0.000000 0.395740 0.602273 -0.693295 0.000000 -0.880723 0.462809 -0.100679 0.000000 -11.541431 14.121875 -8.319544 1.000000
aniFrame
  m_time 0.821000
  m_vertexTransformMat 0.251023 0.625367 0.738853 0.000000 0.432677 0.610305 -0.663565 0.000000 -0.865897 0.486255 -0.117382 0.000000 -11.482801 14.344135 -8.084372 1.000000
aniFrame
  m_time 0.837000
  m_vertexTransformMat 0.239137 0.597452 0.765418 0.000000 0.472565 0.617020 -0.629261 0.000000 -0.848231 0.512189 -0.134783 0.000000 -11.413750 14.559759 -7.842865 1.000000
aniFrame
  m_time 0.853000
  m_vertexTransformMat 0.225614 0.567157 0.792106 0.000000 0.514095 0.621336 -0.591311 0.000000 -0.827530 0.540625 -0.151390 0.000000 -11.332467 14.775883 -7.593994 1.000000
aniFrame
  m_time 0.869000
  m_vertexTransformMat 0.209739 0.534690 0.818607 0.000000 0.556331 0.623232 -0.549617 0.000000 -0.804056 0.570692 -0.166748 0.000000 -11.242369 14.978247 -7.342484 1.000000
aniFrame
  m_time 0.885000
  m_vertexTransformMat 0.191354 0.500917 0.844077 0.000000 0.598858 0.621769 -0.504751 0.000000 -0.777658 0.602069 -0.181000 0.000000 -11.145133 15.179418 -7.105453 1.000000
aniFrame
  m_time 0.901000
  m_vertexTransformMat 0.170791 0.465712 0.868299 0.000000 0.640267 0.617373 -0.457066 0.000000 -0.748925 0.634006 -0.192738 0.000000 -11.047851 15.357913 -6.872485 1.000000
aniFrame
  m_time 0.917000
  m_vertexTransformMat 0.147815 0.430291 0.890506 0.000000 0.680181 0.609425 -0.407377 0.000000 -0.717987 0.665921 -0.202593 0.000000 -10.957750 15.529122 -6.670353 1.000000
aniFrame
  m_time 0.933000
  m_vertexTransformMat 0.122741 0.394631 0.910605 0.000000 0.717652 0.598475 -0.356095 0.000000 -0.685500 0.697205 -0.209751 0.000000 -10.884620 15.677757 -6.486216 1.000000
aniFrame
  m_time 0.949000
  m_vertexTransformMat 0.096211 0.359281 0.928257 0.000000 0.751908 0.584841 -0.304295 0.000000 -0.652210 0.727240 -0.213878 0.000000 -10.827867 15.801430 -6.318658 1.000000
aniFrame
  m_time 0.965000
  m_vertexTransformMat 0.067576 0.325249 0.943211 0.000000 0.782870 0.568771 -0.252219 0.000000 -0.618505 0.755455 -0.216193 0.000000 -10.810855 15.911335 -6.190589 1.000000
aniFrame
  m_time 0.981000
  m_vertexTransformMat 0.038176 0.291821 0.955711 0.000000 0.809669 0.551490 -0.200737 0.000000 -0.585644 0.781473 -0.215225 0.000000 -10.822112 15.979140 -6.068045 1.000000
aniFrame
  m_time 0.997000
  m_vertexTransformMat 0.008220 0.260613 0.965409 0.000000 0.832305 0.533338 -0.151062 0.000000 -0.554258 0.804756 -0.212525 0.000000 -10.870806 16.031422 -5.979569 1.000000
aniFrame
  m_time 1.013000
  m_vertexTransformMat -0.022585 0.230661 0.972772 0.000000 0.850604 0.515712 -0.102536 0.000000 -0.525322 0.825128 -0.207849 0.000000 -10.979859 16.037964 -5.911444 1.000000
aniFrame
  m_time 1.029000
  m_vertexTransformMat -0.051956 0.202729 0.977855 0.000000 0.864480 0.499356 -0.057595 0.000000 -0.499974 0.842345 -0.201200 0.000000 -11.119279 16.011326 -5.855963 1.000000
aniFrame
  m_time 1.045000
  m_vertexTransformMat -0.080462 0.177726 0.980785 0.000000 0.874364 0.485001 -0.016154 0.000000 -0.478553 0.856264 -0.194422 0.000000 -11.310097 15.963340 -5.831686 1.000000
aniFrame
  m_time 1.061000
  m_vertexTransformMat -0.107720 0.153356 0.982282 0.000000 0.880025 0.474397 0.022442 0.000000 -0.462550 0.866850 -0.186059 0.000000 -11.568803 15.843942 -5.812757 1.000000
aniFrame
  m_time 1.077000
  m_vertexTransformMat -0.135785 0.127631 0.982483 0.000000 0.879062 0.472909 0.060058 0.000000 -0.456960 0.871818 -0.176410 0.000000 -12.020491 15.570268 -5.835674 1.000000
aniFrame
  m_time 1.093000
  m_vertexTransformMat -0.163981 0.099041 0.981479 0.000000 0.871858 0.480011 0.097228 0.000000 -0.461491 0.871654 -0.165062 0.000000 -12.647794 15.121079 -5.889863 1.000000
aniFrame
  m_time 1.109000
  m_vertexTransformMat -0.192468 0.065733 0.979099 0.000000 0.857324 0.496711 0.135182 0.000000 -0.477443 0.865423 -0.151956 0.000000 -13.469060 14.449203 -5.992679 1.000000
aniFrame
  m_time 1.125000
  m_vertexTransformMat -0.220069 0.026927 0.975113 0.000000 0.834883 0.522201 0.174001 0.000000 -0.504520 0.852397 -0.137401 0.000000 -14.456762 13.529527 -6.148359 1.000000
aniFrame
  m_time 1.141000
  m_vertexTransformMat -0.243356 -0.014303 0.969832 0.000000 0.807348 0.551171 0.210713 0.000000 -0.537557 0.834270 -0.122583 0.000000 -15.449181 12.461603 -6.324478 1.000000
aniFrame
  m_time 1.157000
  m_vertexTransformMat -0.261597 -0.058616 0.963395 0.000000 0.774183 0.583325 0.245710 0.000000 -0.576375 0.810121 -0.107217 0.000000 -16.430431 11.217990 -6.515179 1.000000
aniFrame
  m_time 1.173000
  m_vertexTransformMat -0.273054 -0.102221 0.956552 0.000000 0.738808 0.614549 0.276571 0.000000 -0.616120 0.782227 -0.092284 0.000000 -17.277731 9.914432 -6.678051 1.000000
aniFrame
  m_time 1.189000
  m_vertexTransformMat -0.277483 -0.145211 0.949693 0.000000 0.701499 0.644790 0.303555 0.000000 -0.656432 0.750440 -0.077053 0.000000 -17.979347 8.545623 -6.794392 1.000000
aniFrame
  m_time 1.205000
  m_vertexTransformMat -0.275260 -0.183346 0.943725 0.000000 0.666200 0.671356 0.324744 0.000000 -0.693116 0.718098 -0.062653 0.000000 -18.494501 7.245581 -6.843078 1.000000
aniFrame
  m_time 1.221000
  m_vertexTransformMat -0.266956 -0.216419 0.939094 0.000000 0.633752 0.694686 0.340251 0.000000 -0.726012 0.685984 -0.048295 0.000000 -18.828909 6.027911 -6.800171 1.000000
aniFrame
  m_time 1.237000
  m_vertexTransformMat -0.254536 -0.240449 0.936694 0.000000 0.608146 0.713304 0.348362 0.000000 -0.751911 0.658317 -0.035334 0.000000 -19.003799 5.031150 -6.676575 1.000000
aniFrame
  m_time 1.253000
  m_vertexTransformMat -0.239393 -0.254003 0.937110 0.000000 0.591388 0.727328 0.348217 0.000000 -0.770034 0.637555 -0.023903 0.000000 -19.042559 4.319582 -6.461623 1.000000
aniFrame
  m_time 1.269000
  m_vertexTransformMat -0.222622 -0.259367 0.939771 0.000000 0.581789 0.738154 0.341542 0.000000 -0.782280 0.622783 -0.013433 0.000000 -18.992107 3.826481 -6.172952 1.000000
aniFrame
  m_time 1.285000
  m_vertexTransformMat -0.204898 -0.256119 0.944680 0.000000 0.580026 0.745659 0.327967 0.000000 -0.788408 0.615138 -0.004228 0.000000 -18.867994 3.576140 -5.813776 1.000000
aniFrame
  m_time 1.301000
  m_vertexTransformMat -0.186105 -0.248026 0.950709 0.000000 0.582177 0.751623 0.310051 0.000000 -0.791476 0.611184 0.004514 0.000000 -18.699453 3.438856 -5.414124 1.000000
aniFrame
  m_time 1.317000
  m_vertexTransformMat -0.165609 -0.237239 0.957231 0.000000 0.586236 0.756841 0.288998 0.000000 -0.793033 0.609024 0.013738 0.000000 -18.499935 3.340643 -4.979862 1.000000
aniFrame
  m_time 1.333000
  m_vertexTransformMat -0.144319 -0.223160 0.964040 0.000000 0.592082 0.761123 0.264823 0.000000 -0.792850 0.609010 0.022285 0.000000 -18.268789 3.303779 -4.539142 1.000000
aniFrame
  m_time 1.349000
  m_vertexTransformMat -0.121636 -0.205947 0.970974 0.000000 0.599629 0.764308 0.237229 0.000000 -0.790980 0.611081 0.030524 0.000000 -18.002150 3.328981 -4.094261 1.000000
aniFrame
  m_time 1.365000
  m_vertexTransformMat -0.098483 -0.185855 0.977629 0.000000 0.608048 0.766449 0.206961 0.000000 -0.787768 0.614828 0.037527 0.000000 -17.707804 3.408256 -3.674502 1.000000
aniFrame
  m_time 1.381000
  m_vertexTransformMat -0.074605 -0.163064 0.983791 0.000000 0.616534 0.767854 0.174027 0.000000 -0.783785 0.619524 0.043249 0.000000 -17.389427 3.531708 -3.295645 1.000000
aniFrame
  m_time 1.397000
  m_vertexTransformMat -0.049707 -0.137878 0.989201 0.000000 0.625948 0.767481 0.138428 0.000000 -0.778279 0.626069 0.048156 0.000000 -17.040802 3.715027 -2.952680 1.000000
aniFrame
  m_time 1.413000
  m_vertexTransformMat -0.025435 -0.110586 0.993541 0.000000 0.634325 0.766370 0.101540 0.000000 -0.772648 0.632810 0.050655 0.000000 -16.678736 3.929638 -2.685414 1.000000
aniFrame
  m_time 1.429000
  m_vertexTransformMat 0.000677 -0.081195 0.996698 0.000000 0.642361 0.763907 0.061794 0.000000 -0.766402 0.640199 0.052674 0.000000 -16.287188 4.187072 -2.455200 1.000000
aniFrame
  m_time 1.445000
  m_vertexTransformMat 0.025609 -0.050773 0.998382 0.000000 0.650374 0.759298 0.021932 0.000000 -0.759183 0.648760 0.052467 0.000000 -15.882107 4.487551 -2.297020 1.000000
aniFrame
  m_time 1.461000
  m_vertexTransformMat 0.051380 -0.018189 0.998514 0.000000 0.655361 0.755052 -0.019968 0.000000 -0.753567 0.655413 0.050714 0.000000 -15.465881 4.794997 -2.192383 1.000000
aniFrame
  m_time 1.477000
  m_vertexTransformMat 0.077321 0.014565 0.996900 0.000000 0.659292 0.749320 -0.062084 0.000000 -0.747901 0.662048 0.048336 0.000000 -15.042921 5.115829 -2.137612 1.000000
aniFrame
  m_time 1.493000
  m_vertexTransformMat 0.101599 0.048904 0.993623 0.000000 0.661524 0.742650 -0.104193 0.000000 -0.743010 0.667892 0.043101 0.000000 -14.622960 5.469349 -2.163421 1.000000
aniFrame
  m_time 1.509000
  m_vertexTransformMat 0.126734 0.083082 0.988451 0.000000 0.661475 0.735493 -0.146631 0.000000 -0.739182 0.672419 0.038255 0.000000 -14.191278 5.816209 -2.220009 1.000000
aniFrame
  m_time 1.525000
  m_vertexTransformMat 0.149349 0.117820 0.981740 0.000000 0.659866 0.727562 -0.187700 0.000000 -0.736391 0.675850 0.030915 0.000000 -13.793144 6.179333 -2.354597 1.000000
aniFrame
  m_time 1.541000
  m_vertexTransformMat 0.172228 0.152451 0.973189 0.000000 0.655629 0.719599 -0.228755 0.000000 -0.735179 0.677449 0.023984 0.000000 -13.388885 6.540080 -2.514061 1.000000
aniFrame
  m_time 1.557000
  m_vertexTransformMat 0.192801 0.186425 0.963366 0.000000 0.649637 0.711550 -0.267709 0.000000 -0.735391 0.677453 0.016079 0.000000 -13.025368 6.890310 -2.725934 1.000000
aniFrame
  m_time 1.573000
  m_vertexTransformMat 0.211755 0.220071 0.952223 0.000000 0.641515 0.703739 -0.305303 0.000000 -0.737305 0.675515 0.007841 0.000000 -12.691852 7.243731 -2.965288 1.000000
aniFrame
  m_time 1.589000
  m_vertexTransformMat 0.228966 0.251323 0.940431 0.000000 0.631817 0.696577 -0.339983 0.000000 -0.740528 0.672025 0.000702 0.000000 -12.389330 7.560188 -3.210160 1.000000
aniFrame
  m_time 1.605000
  m_vertexTransformMat 0.245345 0.286455 0.926147 0.000000 0.616776 0.690932 -0.377094 0.000000 -0.747925 0.663744 -0.007162 0.000000 -12.109374 7.916624 -3.520483 1.000000
aniFrame
  m_time 1.621000
  m_vertexTransformMat 0.261002 0.324974 0.908994 0.000000 0.595775 0.686680 -0.416561 0.000000 -0.759559 0.650279 -0.014386 0.000000 -11.846183 8.298939 -3.891850 1.000000
aniFrame
  m_time 1.637000
  m_vertexTransformMat 0.275125 0.368795 0.887861 0.000000 0.568492 0.682345 -0.459590 0.000000 -0.775322 0.631186 -0.021927 0.000000 -11.614155 8.737387 -4.354068 1.000000
aniFrame
  m_time 1.653000
  m_vertexTransformMat 0.288313 0.418754 0.861116 0.000000 0.533109 0.676834 -0.507632 0.000000 -0.795406 0.605425 -0.028102 0.000000 -11.404697 9.234416 -4.918701 1.000000
aniFrame
  m_time 1.669000
  m_vertexTransformMat 0.297925 0.470006 0.830864 0.000000 0.494576 0.668460 -0.555479 0.000000 -0.816477 0.576416 -0.033303 0.000000 -11.250082 9.754246 -5.542532 1.000000
aniFrame
  m_time 1.685000
  m_vertexTransformMat 0.305209 0.521620 0.796718 0.000000 0.452414 0.656769 -0.603306 0.000000 -0.837956 0.544580 -0.035536 0.000000 -11.146975 10.280327 -6.196490 1.000000
aniFrame
  m_time 1.701000
  m_vertexTransformMat 0.307957 0.569962 0.761778 0.000000 0.411606 0.642064 -0.646788 0.000000 -0.857755 0.512735 -0.036871 0.000000 -11.108912 10.791398 -6.854058 1.000000
aniFrame
  m_time 1.717000
  m_vertexTransformMat 0.308385 0.614271 0.726340 0.000000 0.372327 0.624695 -0.686389 0.000000 -0.875369 0.482108 -0.036063 0.000000 -11.137361 11.282653 -7.467091 1.000000
aniFrame
  m_time 1.733000
  m_vertexTransformMat 0.305872 0.652357 0.693450 0.000000 0.336843 0.607099 -0.719700 0.000000 -0.890494 0.453720 -0.034047 0.000000 -11.219671 11.725591 -8.007984 1.000000
aniFrame
  m_time 1.749000
  m_vertexTransformMat 0.300649 0.682853 0.665825 0.000000 0.310181 0.590163 -0.745316 0.000000 -0.901886 0.430605 -0.034376 0.000000 -11.329618 12.138076 -8.474369 1.000000
aniFrame
  m_time 1.765000
  m_vertexTransformMat 0.296687 0.705099 0.644059 0.000000 0.288392 0.576784 -0.764297 0.000000 -0.910388 0.412498 -0.032221 0.000000 -11.451189 12.496268 -8.784849 1.000000
aniFrame
  m_time 1.781000
  m_vertexTransformMat 0.290806 0.716589 0.633980 0.000000 0.279342 0.570158 -0.772585 0.000000 -0.915095 0.401770 -0.034368 0.000000 -11.556317 12.790137 -8.963393 1.000000
aniFrame
  m_time 1.797000
  m_vertexTransformMat 0.286742 0.718848 0.633274 0.000000 0.282522 0.568182 -0.772884 0.000000 -0.915402 0.400532 -0.040169 0.000000 -11.602665 13.073353 -9.026504 1.000000
aniFrame
  m_time 1.813000
  m_vertexTransformMat 0.283548 0.712772 0.641526 0.000000 0.293182 0.572517 -0.765682 0.000000 -0.913041 0.405192 -0.046636 0.000000 -11.627584 13.303176 -8.942124 1.000000
aniFrame
  m_time 1.829000
  m_vertexTransformMat 0.277890 0.700665 0.657149 0.000000 0.313396 0.580536 -0.751505 0.000000 -0.908053 0.414784 -0.058260 0.000000 -11.638162 13.490996 -8.796517 1.000000
aniFrame
  m_time 1.845000
  m_vertexTransformMat 0.272638 0.685926 0.674666 0.000000 0.335321 0.589520 -0.734865 0.000000 -0.901792 0.426581 -0.069280 0.000000 -11.636380 13.658631 -8.604156 1.000000
aniFrame
  m_time 1.861000
  m_vertexTransformMat 0.265644 0.667100 0.695997 0.000000 0.361468 0.600350 -0.713387 0.000000 -0.893742 0.441087 -0.081656 0.000000 -11.627318 13.803141 -8.366574 1.000000
aniFrame
  m_time 1.877000
  m_vertexTransformMat 0.257896 0.645640 0.718776 0.000000 0.390195 0.610975 -0.688809 0.000000 -0.883876 0.458104 -0.094357 0.000000 -11.613401 13.935483 -8.108894 1.000000
aniFrame
  m_time 1.893000
  m_vertexTransformMat 0.248216 0.620392 0.743978 0.000000 0.422122 0.621989 -0.659502 0.000000 -0.871896 0.477748 -0.107494 0.000000 -11.597366 14.055397 -7.823006 1.000000
aniFrame
  m_time 1.909000
  m_vertexTransformMat 0.236461 0.592607 0.770003 0.000000 0.456322 0.631913 -0.626464 0.000000 -0.857821 0.499503 -0.120997 0.000000 -11.580651 14.162444 -7.536467 1.000000
aniFrame
  m_time 1.925000
  m_vertexTransformMat 0.223092 0.562155 0.796374 0.000000 0.492127 0.640257 -0.589815 0.000000 -0.841452 0.523500 -0.133815 0.000000 -11.563124 14.261872 -7.244435 1.000000
aniFrame
  m_time 1.941000
  m_vertexTransformMat 0.207221 0.529580 0.822560 0.000000 0.529151 0.646524 -0.549550 0.000000 -0.822835 0.549137 -0.146254 0.000000 -11.545668 14.349883 -6.966269 1.000000
aniFrame
  m_time 1.957000
  m_vertexTransformMat 0.189237 0.495323 0.847847 0.000000 0.566876 0.649920 -0.506216 0.000000 -0.801774 0.576419 -0.157798 0.000000 -11.528906 14.438267 -6.707088 1.000000
aniFrame
  m_time 1.973000
  m_vertexTransformMat 0.168916 0.459554 0.871939 0.000000 0.604475 0.650449 -0.459920 0.000000 -0.778510 0.604753 -0.167918 0.000000 -11.519879 14.515060 -6.473148 1.000000
aniFrame
  m_time 1.989000
  m_vertexTransformMat 0.146249 0.423344 0.894087 0.000000 0.641760 0.647207 -0.411422 0.000000 -0.752832 0.633959 -0.177032 0.000000 -11.522069 14.602871 -6.284454 1.000000
aniFrame
  m_time 2.005000
  m_vertexTransformMat 0.121539 0.386470 0.914259 0.000000 0.677771 0.640610 -0.360896 0.000000 -0.725159 0.663521 -0.184078 0.000000 -11.535518 14.681970 -6.121065 1.000000
aniFrame
  m_time 2.021000
  m_vertexTransformMat 0.094975 0.350256 0.931827 0.000000 0.712273 0.630025 -0.309412 0.000000 -0.695447 0.693101 -0.189641 0.000000 -11.560205 14.777068 -6.002224 1.000000
aniFrame
  m_time 2.037000
  m_vertexTransformMat 0.066255 0.314715 0.946871 0.000000 0.744806 0.615880 -0.256818 0.000000 -0.663983 0.722251 -0.193597 0.000000 -11.600396 14.875973 -5.916975 1.000000
aniFrame
  m_time 2.053000
  m_vertexTransformMat 0.036923 0.280458 0.959156 0.000000 0.774724 0.598233 -0.204747 0.000000 -0.631221 0.750641 -0.195189 0.000000 -11.629416 14.985900 -5.851476 1.000000
aniFrame
  m_time 2.069000
  m_vertexTransformMat 0.005715 0.248423 0.968635 0.000000 0.802059 0.577367 -0.152808 0.000000 -0.597218 0.777775 -0.195950 0.000000 -11.673660 15.115932 -5.826674 1.000000
aniFrame
  m_time 2.085000
  m_vertexTransformMat -0.025508 0.218035 0.975607 0.000000 0.826320 0.553855 -0.102175 0.000000 -0.562623 0.803558 -0.194295 0.000000 -11.701927 15.249865 -5.806104 1.000000
aniFrame
  m_time 2.101000
