m_aniFrameList.size 84
aniFrame
  m_time -1.066000
  m_vertexTransformMat -0.116998 0.144999 0.982490 0.000000 0.880439 0.472862 0.035059 0.000000 -0.459499 0.869124 -0.182987 0.000000 -11.697306 15.771277 -5.815845 1.000000
aniFrame
  m_time -1.027000
  m_vertexTransformMat -0.171820 0.062959 0.983115 0.000000 0.829236 0.548000 0.109833 0.000000 -0.531832 0.834106 -0.146365 0.000000 -14.034702 13.560292 -5.916971 1.000000
aniFrame
  m_time -0.988000
  m_vertexTransformMat -0.222780 -0.039211 0.974080 0.000000 0.760317 0.618388 0.198783 0.000000 -0.610153 0.784894 -0.107952 0.000000 -16.298550 10.844283 -6.242003 1.000000
aniFrame
  m_time -0.949000
  m_vertexTransformMat -0.252921 -0.142175 0.956984 0.000000 0.684492 0.672751 0.280852 0.000000 -0.683741 0.726081 -0.072835 0.000000 -17.988970 8.002324 -6.614964 1.000000
aniFrame
  m_time -0.910000
  m_vertexTransformMat -0.255154 -0.222995 0.940835 0.000000 0.619525 0.709362 0.336147 0.000000 -0.742351 0.668640 -0.042845 0.000000 -18.868206 5.540215 -6.718542 1.000000
aniFrame
  m_time -0.871000
  m_vertexTransformMat -0.230152 -0.257894 0.938361 0.000000 0.584955 0.733945 0.345186 0.000000 -0.777727 0.628344 -0.018062 0.000000 -19.021053 4.020895 -6.312586 1.000000
aniFrame
  m_time -0.832000
  m_vertexTransformMat -0.186919 -0.248392 0.950454 0.000000 0.582076 0.751377 0.310838 0.000000 -0.791359 0.611338 0.004136 0.000000 -18.706947 3.444666 -5.431215 1.000000
aniFrame
  m_time -0.793000
  m_vertexTransformMat -0.135603 -0.216752 0.966763 0.000000 0.594794 0.762563 0.254398 0.000000 -0.792359 0.609522 0.025517 0.000000 -18.168228 3.304812 -4.365585 1.000000
aniFrame
  m_time -0.754000
  m_vertexTransformMat -0.078758 -0.167073 0.982794 0.000000 0.615041 0.767722 0.179799 0.000000 -0.784552 0.618619 0.042292 0.000000 -17.445143 3.506586 -3.358079 1.000000
aniFrame
  m_time -0.715000
  m_vertexTransformMat -0.018475 -0.102718 0.994539 0.000000 0.636401 0.765979 0.090935 0.000000 -0.771137 0.634606 0.051219 0.000000 -16.575754 3.994101 -2.619376 1.000000
aniFrame
  m_time -0.676000
  m_vertexTransformMat 0.043644 -0.027746 0.998662 0.000000 0.654116 0.756356 -0.007572 0.000000 -0.755134 0.653571 0.051160 0.000000 -15.589323 4.705505 -2.220345 1.000000
aniFrame
  m_time -0.637000
  m_vertexTransformMat 0.105255 0.053936 0.992982 0.000000 0.661646 0.741643 -0.110417 0.000000 -0.742393 0.668624 0.042375 0.000000 -14.559583 5.520951 -2.169372 1.000000
aniFrame
  m_time -0.598000
  m_vertexTransformMat 0.162760 0.138186 0.976941 0.000000 0.657675 0.722907 -0.211823 0.000000 -0.735509 0.676986 0.026779 0.000000 -13.555977 6.393348 -2.444264 1.000000
aniFrame
  m_time -0.559000
  m_vertexTransformMat 0.212131 0.220733 0.951986 0.000000 0.641336 0.703579 -0.306045 0.000000 -0.737352 0.675465 0.007687 0.000000 -12.685205 7.250569 -2.970178 1.000000
aniFrame
  m_time -0.520000
  m_vertexTransformMat 0.252668 0.303703 0.918653 0.000000 0.607857 0.688872 -0.394925 0.000000 -0.752774 0.658195 -0.010552 0.000000 -11.985800 8.088847 -3.682775 1.000000
aniFrame
  m_time -0.481000
  m_vertexTransformMat 0.287053 0.413402 0.864118 0.000000 0.537058 0.677515 -0.502536 0.000000 -0.793202 0.608336 -0.027538 0.000000 -11.424702 9.181119 -4.856268 1.000000
aniFrame
  m_time -0.442000
  m_vertexTransformMat 0.306785 0.538367 0.784885 0.000000 0.438193 0.652162 -0.618605 0.000000 -0.844908 0.533709 -0.035835 0.000000 -11.125705 10.453325 -6.417591 1.000000
aniFrame
  m_time -0.403000
  m_vertexTransformMat 0.306884 0.644443 0.700368 0.000000 0.344110 0.610965 -0.712959 0.000000 -0.887362 0.459799 -0.034264 0.000000 -11.197200 11.629654 -7.891304 1.000000
aniFrame
  m_time -0.364000
  m_vertexTransformMat 0.295655 0.708346 0.640963 0.000000 0.285004 0.574998 -0.766910 0.000000 -0.911790 0.409418 -0.031880 0.000000 -11.477026 12.558534 -8.827974 1.000000
aniFrame
  m_time -0.325000
  m_vertexTransformMat 0.285083 0.715785 0.637479 0.000000 0.288347 0.570225 -0.769220 0.000000 -0.914103 0.403107 -0.043833 0.000000 -11.618998 13.235157 -8.985810 1.000000
aniFrame
  m_time -0.286000
  m_vertexTransformMat 0.272267 0.683148 0.677628 0.000000 0.344332 0.588425 -0.731568 0.000000 -0.898502 0.432512 -0.075021 0.000000 -11.605028 13.775540 -8.640081 1.000000
aniFrame
  m_time -0.247000
  m_vertexTransformMat 0.252527 0.629257 0.735028 0.000000 0.427061 0.609169 -0.668231 0.000000 -0.868245 0.482648 -0.114900 0.000000 -11.492108 14.311867 -8.119963 1.000000
aniFrame
  m_time -0.208000
  m_vertexTransformMat 0.221306 0.557859 0.799886 0.000000 0.526372 0.622151 -0.579535 0.000000 -0.820948 0.549292 -0.155955 0.000000 -11.306785 14.837139 -7.519596 1.000000
aniFrame
  m_time -0.169000
  m_vertexTransformMat 0.176605 0.475370 0.861879 0.000000 0.629243 0.618810 -0.470242 0.000000 -0.756878 0.625378 -0.189838 0.000000 -11.073553 15.313694 -6.935001 1.000000
aniFrame
  m_time -0.130000
  m_vertexTransformMat 0.118416 0.388634 0.913752 0.000000 0.723559 0.596444 -0.347446 0.000000 -0.680030 0.702296 -0.210571 0.000000 -10.874152 15.697770 -6.455195 1.000000
aniFrame
  m_time -0.091000
  m_vertexTransformMat 0.049743 0.304874 0.951093 0.000000 0.799559 0.558508 -0.220848 0.000000 -0.598524 0.771441 -0.215983 0.000000 -10.817076 15.954521 -6.115158 1.000000
aniFrame
  m_time -0.052000
  m_vertexTransformMat -0.023833 0.229437 0.973032 0.000000 0.851272 0.514995 -0.100583 0.000000 -0.524184 0.825917 -0.207587 0.000000 -10.984788 16.037270 -5.908517 1.000000
aniFrame
  m_time -0.013000
  m_vertexTransformMat -0.093527 0.166106 0.981663 0.000000 0.877785 0.479049 0.002571 0.000000 -0.469837 0.861929 -0.190610 0.000000 -11.416467 15.921070 -5.819634 1.000000
aniFrame
  m_time 0.025000
  m_vertexTransformMat -0.161627 0.101572 0.981611 0.000000 0.872711 0.479078 0.094123 0.000000 -0.460708 0.871876 -0.166075 0.000000 -12.588719 15.166041 -5.883881 1.000000
aniFrame
  m_time 0.064000
  m_vertexTransformMat -0.228892 0.012577 0.973370 0.000000 0.825675 0.532152 0.187285 0.000000 -0.515625 0.846556 -0.132190 0.000000 -14.810864 13.167472 -6.209441 1.000000
aniFrame
  m_time 0.103000
  m_vertexTransformMat -0.271251 -0.093160 0.957990 0.000000 0.746360 0.608109 0.270464 0.000000 -0.607758 0.788369 -0.095419 0.000000 -17.113264 10.191972 -6.647889 1.000000
aniFrame
  m_time 0.142000
  m_vertexTransformMat -0.273854 -0.191430 0.942528 0.000000 0.658448 0.676999 0.328814 0.000000 -0.701035 0.710652 -0.059352 0.000000 -18.586372 6.957231 -6.841165 1.000000
aniFrame
  m_time 0.181000
  m_vertexTransformMat -0.244686 -0.250495 0.936687 0.000000 0.596098 0.723057 0.349080 0.000000 -0.764720 0.643772 -0.027602 0.000000 -19.042093 4.529451 -6.543081 1.000000
aniFrame
  m_time 0.220000
  m_vertexTransformMat -0.202996 -0.255399 0.945285 0.000000 0.580175 0.746306 0.326229 0.000000 -0.788790 0.614654 -0.003321 0.000000 -18.851772 3.560242 -5.773226 1.000000
aniFrame
  m_time 0.259000
  m_vertexTransformMat -0.154095 -0.229971 0.960921 0.000000 0.589294 0.759240 0.276204 0.000000 -0.793088 0.608826 0.018525 0.000000 -18.378044 3.314764 -4.738573 1.000000
aniFrame
  m_time 0.298000
  m_vertexTransformMat -0.098953 -0.186296 0.977498 0.000000 0.607880 0.766409 0.207602 0.000000 -0.787839 0.614744 0.037407 0.000000 -17.714056 3.406306 -3.682520 1.000000
aniFrame
  m_time 0.337000
  m_vertexTransformMat -0.039792 -0.126925 0.991114 0.000000 0.629729 0.766935 0.123499 0.000000 -0.775795 0.629047 0.049410 0.000000 -16.892435 3.801566 -2.834846 1.000000
aniFrame
  m_time 0.376000
  m_vertexTransformMat 0.022010 -0.055403 0.998222 0.000000 0.649411 0.759928 0.027858 0.000000 -0.760119 0.647643 0.052706 0.000000 -15.941415 4.442567 -2.315109 1.000000
aniFrame
  m_time 0.415000
  m_vertexTransformMat 0.084391 0.024469 0.996132 0.000000 0.660171 0.747432 -0.074289 0.000000 -0.746360 0.663887 0.046923 0.000000 -14.922090 5.217141 -2.139963 1.000000
aniFrame
  m_time 0.454000
  m_vertexTransformMat 0.143312 0.108330 0.983731 0.000000 0.660517 0.729750 -0.176586 0.000000 -0.737007 0.675078 0.033028 0.000000 -13.900271 6.078978 -2.313198 1.000000
aniFrame
  m_time 0.493000
  m_vertexTransformMat 0.196020 0.192116 0.961597 0.000000 0.648439 0.710218 -0.274076 0.000000 -0.735598 0.677261 0.014641 0.000000 -12.968660 6.949929 -2.765641 1.000000
aniFrame
  m_time 0.532000
  m_vertexTransformMat 0.238894 0.271826 0.932223 0.000000 0.623577 0.692970 -0.361862 0.000000 -0.744366 0.667760 -0.003958 0.000000 -12.218649 7.767579 -3.387487 1.000000
aniFrame
  m_time 0.571000
  m_vertexTransformMat 0.275698 0.370782 0.886855 0.000000 0.567170 0.682147 -0.461513 0.000000 -0.776086 0.630236 -0.022230 0.000000 -11.604956 8.757277 -4.375807 1.000000
aniFrame
  m_time 0.610000
  m_vertexTransformMat 0.301719 0.494775 0.814962 0.000000 0.474819 0.663266 -0.578468 0.000000 -0.826748 0.561494 -0.034809 0.000000 -11.194634 10.006700 -5.852844 1.000000
aniFrame
  m_time 0.649000
  m_vertexTransformMat 0.308406 0.610744 0.729299 0.000000 0.375585 0.626202 -0.683233 0.000000 -0.873969 0.484628 -0.036262 0.000000 -11.132766 11.243064 -7.418468 1.000000
aniFrame
  m_time 0.688000
  m_vertexTransformMat 0.299212 0.691880 0.657095 0.000000 0.301796 0.584671 -0.753046 0.000000 -0.905202 0.423630 -0.033866 0.000000 -11.371475 12.275093 -8.605621 1.000000
aniFrame
  m_time 0.727000
  m_vertexTransformMat 0.287253 0.719101 0.632756 0.000000 0.281230 0.568166 -0.773367 0.000000 -0.915640 0.400102 -0.039025 0.000000 -11.596796 13.014159 -9.025460 1.000000
aniFrame
  m_time 0.766000
  m_vertexTransformMat 0.276696 0.696922 0.661618 0.000000 0.321983 0.581463 -0.747147 0.000000 -0.905410 0.419762 -0.063509 0.000000 -11.623862 13.585864 -8.788153 1.000000
aniFrame
  m_time 0.805000
  m_vertexTransformMat 0.260227 0.650443 0.713587 0.000000 0.395740 0.602273 -0.693295 0.000000 -0.880723 0.462809 -0.100679 0.000000 -11.541431 14.121875 -8.319544 1.000000
aniFrame
  m_time 0.844000
  m_vertexTransformMat 0.233407 0.584526 0.777079 0.000000 0.490588 0.619197 -0.613121 0.000000 -0.839550 0.524332 -0.142237 0.000000 -11.379713 14.654558 -7.735795 1.000000
aniFrame
  m_time 0.883000
  m_vertexTransformMat 0.193763 0.505217 0.840959 0.000000 0.593570 0.622132 -0.510517 0.000000 -0.781108 0.598087 -0.179335 0.000000 -11.157529 15.154685 -7.134769 1.000000
aniFrame
  m_time 0.922000
  m_vertexTransformMat 0.140179 0.419219 0.896998 0.000000 0.692237 0.606241 -0.391511 0.000000 -0.707926 0.675817 -0.205216 0.000000 -10.932630 15.580650 -6.612867 1.000000
aniFrame
  m_time 0.961000
  m_vertexTransformMat 0.074946 0.333698 0.939696 0.000000 0.775497 0.572906 -0.265297 0.000000 -0.626887 0.748615 -0.215845 0.000000 -10.810004 15.888053 -6.220749 1.000000
aniFrame
  m_time 1.000000
  m_vertexTransformMat 0.002369 0.254985 0.966942 0.000000 0.836065 0.529987 -0.141807 0.000000 -0.548625 0.808763 -0.211929 0.000000 -10.889359 16.037201 -5.967807 1.000000
aniFrame
  m_time 1.039000
  m_vertexTransformMat -0.070020 0.186903 0.979880 0.000000 0.871011 0.490267 -0.031273 0.000000 -0.486247 0.851297 -0.197123 0.000000 -11.237416 15.984583 -5.841353 1.000000
aniFrame
  m_time 1.078000
  m_vertexTransformMat -0.137545 0.125946 0.982456 0.000000 0.878798 0.473099 0.062384 0.000000 -0.456942 0.871960 -0.175754 0.000000 -12.054591 15.547665 -5.838109 1.000000
aniFrame
  m_time 1.117000
  m_vertexTransformMat -0.206625 0.046806 0.977300 0.000000 0.846909 0.508740 0.154692 0.000000 -0.489951 0.859647 -0.144759 0.000000 -13.953530 14.013536 -6.065761 1.000000
aniFrame
  m_time 1.156000
  m_vertexTransformMat -0.260642 -0.055828 0.963820 0.000000 0.776359 0.581305 0.243619 0.000000 -0.573874 0.811768 -0.108170 0.000000 -16.371855 11.298720 -6.503535 1.000000
aniFrame
  m_time 1.195000
  m_vertexTransformMat -0.277383 -0.160292 0.947294 0.000000 0.687804 0.655291 0.312282 0.000000 -0.670809 0.738174 -0.071517 0.000000 -18.196039 8.042855 -6.822412 1.000000
aniFrame
  m_time 1.234000
  m_vertexTransformMat -0.257080 -0.236825 0.936923 0.000000 0.612219 0.710229 0.347509 0.000000 -0.747729 0.662939 -0.037597 0.000000 -18.982157 5.194035 -6.706053 1.000000
aniFrame
  m_time 1.273000
  m_vertexTransformMat -0.218278 -0.259342 0.940796 0.000000 0.580634 0.740326 0.338796 0.000000 -0.784359 0.620210 -0.011014 0.000000 -18.967730 3.741531 -6.089684 1.000000
aniFrame
  m_time 1.312000
  m_vertexTransformMat -0.172168 -0.240999 0.955132 0.000000 0.584686 0.755339 0.295981 0.000000 -0.792780 0.609411 0.010864 0.000000 -18.566175 3.363451 -5.118947 1.000000
aniFrame
  m_time 1.351000
  m_vertexTransformMat -0.118709 -0.203573 0.971837 0.000000 0.600685 0.764616 0.233539 0.000000 -0.790624 0.611491 0.031516 0.000000 -17.966360 3.336703 -4.038799 1.000000
aniFrame
  m_time 1.390000
  m_vertexTransformMat -0.060479 -0.149088 0.986973 0.000000 0.621772 0.767889 0.154095 0.000000 -0.780859 0.622992 0.046257 0.000000 -17.195557 3.628841 -3.094018 1.000000
aniFrame
  m_time 1.429000
  m_vertexTransformMat 0.000677 -0.081195 0.996698 0.000000 0.642361 0.763907 0.061794 0.000000 -0.766402 0.640199 0.052674 0.000000 -16.287188 4.187072 -2.455200 1.000000
aniFrame
  m_time 1.468000
  m_vertexTransformMat 0.063108 -0.004024 0.997999 0.000000 0.657182 0.752748 -0.038522 0.000000 -0.751086 0.658297 0.050149 0.000000 -15.278369 4.930292 -2.155821 1.000000
aniFrame
  m_time 1.507000
  m_vertexTransformMat 0.123753 0.078808 0.989179 0.000000 0.661554 0.736438 -0.141437 0.000000 -0.739616 0.671899 0.039001 0.000000 -14.242846 5.772574 -2.208283 1.000000
aniFrame
  m_time 1.546000
  m_vertexTransformMat 0.178958 0.163060 0.970250 0.000000 0.653940 0.717090 -0.241130 0.000000 -0.735076 0.677638 0.021697 0.000000 -13.269902 6.648707 -2.574081 1.000000
aniFrame
  m_time 1.585000
  m_vertexTransformMat 0.224793 0.243422 0.943511 0.000000 0.634567 0.698244 -0.331331 0.000000 -0.739454 0.673202 0.002493 0.000000 -12.462141 7.480928 -3.145319 1.000000
aniFrame
  m_time 1.624000
  m_vertexTransformMat 0.263781 0.332668 0.905401 0.000000 0.591180 0.685934 -0.424266 0.000000 -0.762185 0.647169 -0.015730 0.000000 -11.799966 8.375049 -3.970013 1.000000
aniFrame
  m_time 1.663000
  m_vertexTransformMat 0.294877 0.450917 0.842450 0.000000 0.509022 0.672013 -0.537862 0.000000 -0.808668 0.587429 -0.031365 0.000000 -11.299368 9.558193 -5.304821 1.000000
aniFrame
  m_time 1.702000
  m_vertexTransformMat 0.307981 0.572809 0.759630 0.000000 0.409211 0.641054 -0.649305 0.000000 -0.858891 0.510822 -0.036967 0.000000 -11.109014 10.822683 -6.894094 1.000000
aniFrame
  m_time 1.741000
  m_vertexTransformMat 0.303133 0.668387 0.679242 0.000000 0.322829 0.598605 -0.733112 0.000000 -0.896600 0.441509 -0.034317 0.000000 -11.272923 11.933449 -8.253830 1.000000
aniFrame
  m_time 1.780000
  m_vertexTransformMat 0.291174 0.716164 0.634292 0.000000 0.279435 0.570439 -0.772344 0.000000 -0.914950 0.402130 -0.034024 0.000000 -11.551560 12.771866 -8.954835 1.000000
aniFrame
  m_time 1.819000
  m_vertexTransformMat 0.281554 0.708593 0.647011 0.000000 0.300185 0.575398 -0.760793 0.000000 -0.911381 0.408428 -0.050704 0.000000 -11.632885 13.377009 -8.891150 1.000000
aniFrame
  m_time 1.858000
  m_vertexTransformMat 0.267056 0.670834 0.691855 0.000000 0.356320 0.598314 -0.717675 0.000000 -0.895387 0.438181 -0.079248 0.000000 -11.629375 13.777308 -8.412439 1.000000
aniFrame
  m_time 1.897000
  m_vertexTransformMat 0.245423 0.613651 0.750467 0.000000 0.430510 0.624626 -0.651541 0.000000 -0.868579 0.482986 -0.110885 0.000000 -11.593315 14.082970 -7.751201 1.000000
aniFrame
  m_time 1.936000
  m_vertexTransformMat 0.212435 0.539933 0.814460 0.000000 0.517461 0.644870 -0.562474 0.000000 -0.828918 0.540940 -0.142401 0.000000 -11.551283 14.322062 -7.050783 1.000000
aniFrame
  m_time 1.975000
  m_vertexTransformMat 0.166206 0.455052 0.874816 0.000000 0.609168 0.650248 -0.453974 0.000000 -0.775429 0.608363 -0.169128 0.000000 -11.519477 14.525593 -6.447346 1.000000
aniFrame
  m_time 2.014000
  m_vertexTransformMat 0.106871 0.365971 0.924470 0.000000 0.697372 0.635148 -0.332054 0.000000 -0.708697 0.680186 -0.187339 0.000000 -11.547179 14.733047 -6.048027 1.000000
aniFrame
  m_time 2.053000
  m_vertexTransformMat 0.036923 0.280458 0.959156 0.000000 0.774724 0.598233 -0.204747 0.000000 -0.631221 0.750641 -0.195189 0.000000 -11.629416 14.985900 -5.851476 1.000000
aniFrame
  m_time 2.092000
  m_vertexTransformMat -0.038965 0.205770 0.977824 0.000000 0.835935 0.542829 -0.080920 0.000000 -0.547443 0.814245 -0.193162 0.000000 -11.706723 15.317678 -5.802413 1.000000
aniFrame
  m_time 2.131000
  m_vertexTransformMat -0.113237 0.147210 0.982602 0.000000 0.878643 0.476544 0.029863 0.000000 -0.463857 0.866738 -0.183307 0.000000 -11.701354 15.738492 -5.808021 1.000000
aniFrame
  m_time 2.133000
  m_vertexTransformMat -0.116998 0.145000 0.982490 0.000000 0.880439 0.472862 0.035059 0.000000 -0.459499 0.869124 -0.182987 0.000000 -11.697307 15.771280 -5.815844 1.000000
