m_aniFrameList.size 84
aniFrame
  m_time -1.066000
  m_vertexTransformMat 1.000000 -0.000000 -0.000000 0.000000 0.000000 0.993439 0.114366 0.000000 0.000000 -0.114366 0.993439 0.000000 -0.232182 -0.987477 -1.613136 1.000000
aniFrame
  m_time -1.027000
  m_vertexTransformMat 0.999152 -0.005531 0.040788 0.000000 0.000348 0.992029 0.126013 0.000000 -0.041160 -0.125892 0.991190 0.000000 -0.378759 -0.832173 -1.931500 1.000000
aniFrame
  m_time -0.988000
  m_vertexTransformMat 0.996396 -0.012264 0.083936 0.000000 0.000455 0.990252 0.139284 0.000000 -0.084826 -0.138744 0.986689 0.000000 -0.523616 -0.656881 -2.279960 1.000000
aniFrame
  m_time -0.949000
  m_vertexTransformMat 0.992291 -0.019401 0.122403 0.000000 0.000581 0.988388 0.151953 0.000000 -0.123930 -0.150710 0.980779 0.000000 -0.575408 -0.482706 -2.493624 1.000000
aniFrame
  m_time -0.910000
  m_vertexTransformMat 0.987974 -0.026251 0.152374 0.000000 0.001273 0.986831 0.161754 0.000000 -0.154613 -0.159614 0.974997 0.000000 -0.487792 -0.327648 -2.448225 1.000000
aniFrame
  m_time -0.871000
  m_vertexTransformMat 0.984353 -0.032068 0.173263 0.000000 0.002845 0.986065 0.166339 0.000000 -0.176182 -0.163244 0.970727 0.000000 -0.346685 -0.208458 -2.189638 1.000000
aniFrame
  m_time -0.832000
  m_vertexTransformMat 0.982796 -0.034915 0.181361 0.000000 0.004539 0.986237 0.165273 0.000000 -0.184636 -0.161607 0.969429 0.000000 -0.227875 -0.154586 -1.819737 1.000000
aniFrame
  m_time -0.793000
  m_vertexTransformMat 0.984238 -0.033722 0.173606 0.000000 0.005508 0.987021 0.160498 0.000000 -0.176765 -0.157012 0.971649 0.000000 -0.162855 -0.193956 -1.439198 1.000000
aniFrame
  m_time -0.754000
  m_vertexTransformMat 0.988941 -0.030259 0.145187 0.000000 0.007836 0.988258 0.152593 0.000000 -0.148099 -0.149768 0.977566 0.000000 -0.188600 -0.306748 -1.152825 1.000000
aniFrame
  m_time -0.715000
  m_vertexTransformMat 0.994350 -0.024355 0.103320 0.000000 0.009387 0.989685 0.142955 0.000000 -0.105736 -0.141177 0.984322 0.000000 -0.268333 -0.461047 -1.031988 1.000000
aniFrame
  m_time -0.676000
  m_vertexTransformMat 0.998061 -0.012598 0.060948 0.000000 0.004314 0.990946 0.134191 0.000000 -0.062086 -0.133668 0.989079 0.000000 -0.301061 -0.623972 -1.049556 1.000000
aniFrame
  m_time -0.637000
  m_vertexTransformMat 0.999591 0.013381 0.025260 0.000000 -0.016556 0.991379 0.129979 0.000000 -0.023302 -0.130344 0.991195 0.000000 -0.206047 -0.756639 -1.167735 1.000000
aniFrame
  m_time -0.598000
  m_vertexTransformMat 0.998594 0.052348 -0.008324 0.000000 -0.050803 0.990021 0.131450 0.000000 0.015122 -0.130842 0.991288 0.000000 -0.010968 -0.831434 -1.360437 1.000000
aniFrame
  m_time -0.559000
  m_vertexTransformMat 0.995370 0.086898 -0.041070 0.000000 -0.080613 0.987477 0.135612 0.000000 0.052340 -0.131673 0.989910 0.000000 0.174668 -0.853632 -1.574643 1.000000
aniFrame
  m_time -0.520000
  m_vertexTransformMat 0.992099 0.099045 -0.077002 0.000000 -0.087669 0.986375 0.139209 0.000000 0.089740 -0.131358 0.987265 0.000000 0.279571 -0.844493 -1.779456 1.000000
aniFrame
  m_time -0.481000
  m_vertexTransformMat 0.988515 0.085638 -0.124517 0.000000 -0.067529 0.987415 0.143008 0.000000 0.135197 -0.132957 0.981858 0.000000 0.325393 -0.791797 -2.056737 1.000000
aniFrame
  m_time -0.442000
  m_vertexTransformMat 0.982785 0.062312 -0.173929 0.000000 -0.036561 0.988385 0.147511 0.000000 0.181100 -0.138613 0.973647 0.000000 0.329070 -0.682005 -2.335984 1.000000
aniFrame
  m_time -0.403000
  m_vertexTransformMat 0.977350 0.045287 -0.206730 0.000000 -0.013215 0.987990 0.153954 0.000000 0.211219 -0.147735 0.966210 0.000000 0.262657 -0.525973 -2.452228 1.000000
aniFrame
  m_time -0.364000
  m_vertexTransformMat 0.977154 0.039559 -0.208819 0.000000 -0.005275 0.986737 0.162245 0.000000 0.212468 -0.157437 0.964402 0.000000 0.217978 -0.349039 -2.376370 1.000000
aniFrame
  m_time -0.325000
  m_vertexTransformMat 0.982203 0.036151 -0.184310 0.000000 -0.005147 0.986114 0.165990 0.000000 0.187751 -0.162088 0.968750 0.000000 0.287811 -0.198897 -2.187020 1.000000
aniFrame
  m_time -0.286000
  m_vertexTransformMat 0.988159 0.032027 -0.150052 0.000000 -0.007054 0.986420 0.164089 0.000000 0.153270 -0.161088 0.974966 0.000000 0.402928 -0.149551 -1.903155 1.000000
aniFrame
  m_time -0.247000
  m_vertexTransformMat 0.992433 0.025657 -0.120073 0.000000 -0.006371 0.987367 0.158324 0.000000 0.122619 -0.156362 0.980059 0.000000 0.466473 -0.213856 -1.574973 1.000000
aniFrame
  m_time -0.208000
  m_vertexTransformMat 0.995711 0.017813 -0.090791 0.000000 -0.004004 0.988668 0.150068 0.000000 0.092435 -0.149061 0.984498 0.000000 0.491913 -0.341618 -1.276672 1.000000
aniFrame
  m_time -0.169000
  m_vertexTransformMat 0.998012 0.010538 -0.062127 0.000000 -0.001679 0.990014 0.140955 0.000000 0.062992 -0.140571 0.988065 0.000000 0.501031 -0.505009 -1.077302 1.000000
aniFrame
  m_time -0.130000
  m_vertexTransformMat 0.999248 0.005239 -0.038423 0.000000 -0.000114 0.991224 0.132194 0.000000 0.038778 -0.132090 0.990479 0.000000 0.451744 -0.680102 -1.036634 1.000000
aniFrame
  m_time -0.091000
  m_vertexTransformMat 0.999685 0.002817 -0.024942 0.000000 0.000305 0.992246 0.124287 0.000000 0.025099 -0.124255 0.991933 0.000000 0.287644 -0.834543 -1.139770 1.000000
aniFrame
  m_time -0.052000
  m_vertexTransformMat 0.999842 0.002014 -0.017679 0.000000 0.000089 0.992995 0.118159 0.000000 0.017793 -0.118142 0.992838 0.000000 0.049236 -0.945008 -1.329843 1.000000
aniFrame
  m_time -0.013000
  m_vertexTransformMat 0.999976 0.000844 -0.006859 0.000000 -0.000053 0.993427 0.114471 0.000000 0.006910 -0.114468 0.993403 0.000000 -0.166305 -0.989084 -1.536881 1.000000
aniFrame
  m_time 0.025000
  m_vertexTransformMat 0.999801 -0.002512 0.019801 0.000000 0.000183 0.993159 0.116774 0.000000 -0.019959 -0.116748 0.992961 0.000000 -0.352753 -0.952313 -1.785297 1.000000
aniFrame
  m_time 0.064000
  m_vertexTransformMat 0.998039 -0.008387 0.062040 0.000000 0.000441 0.991902 0.127005 0.000000 -0.062602 -0.126729 0.989960 0.000000 -0.534809 -0.827832 -2.130393 1.000000
aniFrame
  m_time 0.103000
  m_vertexTransformMat 0.994135 -0.015907 0.106971 0.000000 0.000623 0.989949 0.141425 0.000000 -0.108146 -0.140529 0.984153 0.000000 -0.637927 -0.650625 -2.421913 1.000000
aniFrame
  m_time 0.142000
  m_vertexTransformMat 0.989543 -0.023428 0.142324 0.000000 0.001001 0.987813 0.155644 0.000000 -0.144236 -0.153874 0.977507 0.000000 -0.580786 -0.459006 -2.486849 1.000000
aniFrame
  m_time 0.181000
  m_vertexTransformMat 0.985496 -0.030137 0.167001 0.000000 0.002220 0.986310 0.164887 0.000000 -0.169684 -0.162125 0.972072 0.000000 -0.416392 -0.283622 -2.296252 1.000000
aniFrame
  m_time 0.220000
  m_vertexTransformMat 0.983034 -0.034344 0.180180 0.000000 0.003986 0.986082 0.166209 0.000000 -0.183381 -0.162671 0.969489 0.000000 -0.267059 -0.168966 -1.955580 1.000000
aniFrame
  m_time 0.259000
  m_vertexTransformMat 0.983300 -0.034434 0.178704 0.000000 0.005019 0.986694 0.162510 0.000000 -0.181922 -0.158899 0.970389 0.000000 -0.175381 -0.169871 -1.565114 1.000000
aniFrame
  m_time 0.298000
  m_vertexTransformMat 0.987061 -0.031583 0.157202 0.000000 0.006820 0.987792 0.155629 0.000000 -0.160198 -0.152544 0.975227 0.000000 -0.169189 -0.260904 -1.234346 1.000000
aniFrame
  m_time 0.337000
  m_vertexTransformMat 0.992545 -0.026942 0.118866 0.000000 0.009297 0.989157 0.146571 0.000000 -0.121526 -0.144373 0.982033 0.000000 -0.240530 -0.407294 -1.053768 1.000000
aniFrame
  m_time 0.376000
  m_vertexTransformMat 0.997004 -0.017591 0.075319 0.000000 0.007100 0.990498 0.137348 0.000000 -0.077019 -0.136402 0.987655 0.000000 -0.301712 -0.573054 -1.031511 1.000000
aniFrame
  m_time 0.415000
  m_vertexTransformMat 0.999303 0.002349 0.037266 0.000000 -0.007221 0.991336 0.131152 0.000000 -0.036635 -0.131329 0.990662 0.000000 -0.257971 -0.721867 -1.115929 1.000000
aniFrame
  m_time 0.454000
  m_vertexTransformMat 0.999261 0.038295 0.003508 0.000000 -0.038424 0.990670 0.130758 0.000000 0.001532 -0.130796 0.991408 0.000000 -0.086259 -0.817502 -1.287963 1.000000
aniFrame
  m_time 0.493000
  m_vertexTransformMat 0.996602 0.076883 -0.029565 0.000000 -0.072247 0.988262 0.134607 0.000000 0.039567 -0.132014 0.990458 0.000000 0.118228 -0.857531 -1.503343 1.000000
aniFrame
  m_time 0.532000
  m_vertexTransformMat 0.993147 0.098452 -0.062976 0.000000 -0.089017 0.986390 0.138242 0.000000 0.075729 -0.131689 0.988395 0.000000 0.252343 -0.855717 -1.700523 1.000000
aniFrame
  m_time 0.571000
  m_vertexTransformMat 0.990012 0.092457 -0.106434 0.000000 -0.076964 0.986948 0.141455 0.000000 0.118123 -0.131851 0.984206 0.000000 0.312038 -0.816645 -1.947189 1.000000
aniFrame
  m_time 0.610000
  m_vertexTransformMat 0.985009 0.070800 -0.157307 0.000000 -0.047750 0.988168 0.145754 0.000000 0.165765 -0.136058 0.976735 0.000000 0.333550 -0.724798 -2.246026 1.000000
aniFrame
  m_time 0.649000
  m_vertexTransformMat 0.978934 0.050008 -0.197957 0.000000 -0.019890 0.988288 0.151301 0.000000 0.203205 -0.144176 0.968463 0.000000 0.291659 -0.583816 -2.433720 1.000000
aniFrame
  m_time 0.688000
  m_vertexTransformMat 0.976530 0.040905 -0.211461 0.000000 -0.006804 0.987168 0.159538 0.000000 0.215273 -0.154355 0.964278 0.000000 0.223451 -0.410287 -2.418724 1.000000
aniFrame
  m_time 0.727000
  m_vertexTransformMat 0.980151 0.037387 -0.194694 0.000000 -0.004775 0.986224 0.165346 0.000000 0.198194 -0.161135 0.966827 0.000000 0.254448 -0.241946 -2.264825 1.000000
aniFrame
  m_time 0.766000
  m_vertexTransformMat 0.986297 0.033690 -0.161502 0.000000 -0.006640 0.986240 0.165186 0.000000 0.164845 -0.161850 0.972949 0.000000 0.367125 -0.150355 -2.010751 1.000000
aniFrame
  m_time 0.805000
  m_vertexTransformMat 0.991115 0.028259 -0.129976 0.000000 -0.007051 0.986960 0.160815 0.000000 0.132825 -0.158469 0.978389 0.000000 0.453467 -0.182756 -1.691395 1.000000
aniFrame
  m_time 0.844000
  m_vertexTransformMat 0.994640 0.020633 -0.101324 0.000000 -0.004892 0.988182 0.153204 0.000000 0.103288 -0.151887 0.982986 0.000000 0.484420 -0.292278 -1.374245 1.000000
aniFrame
  m_time 0.883000
  m_vertexTransformMat 0.997331 0.012956 -0.071856 0.000000 -0.002468 0.989550 0.144169 0.000000 0.072973 -0.143607 0.986941 0.000000 0.501522 -0.444829 -1.132532 1.000000
aniFrame
  m_time 0.922000
  m_vertexTransformMat 0.998931 0.006770 -0.045729 0.000000 -0.000538 0.990854 0.134938 0.000000 0.046224 -0.134769 0.989798 0.000000 0.480382 -0.615689 -1.032999 1.000000
aniFrame
  m_time 0.961000
  m_vertexTransformMat 0.999575 0.003427 -0.028937 0.000000 0.000263 0.991957 0.126577 0.000000 0.029138 -0.126531 0.991534 0.000000 0.361127 -0.779718 -1.091197 1.000000
aniFrame
  m_time 1.000000
  m_vertexTransformMat 0.999786 0.002271 -0.020556 0.000000 0.000206 0.992809 0.119715 0.000000 0.020680 -0.119694 0.992596 0.000000 0.140993 -0.907427 -1.256804 1.000000
aniFrame
  m_time 1.039000
  m_vertexTransformMat 0.999929 0.001408 -0.011846 0.000000 -0.000035 0.993351 0.115128 0.000000 0.011929 -0.115119 0.993280 0.000000 -0.094849 -0.976023 -1.467568 1.000000
aniFrame
  m_time 1.078000
  m_vertexTransformMat 0.999966 -0.001018 0.008157 0.000000 0.000074 0.993381 0.114869 0.000000 -0.008219 -0.114865 0.993347 0.000000 -0.288421 -0.972410 -1.687894 1.000000
aniFrame
  m_time 1.117000
  m_vertexTransformMat 0.998919 -0.006070 0.046099 0.000000 0.000373 0.992459 0.122583 0.000000 -0.046496 -0.122433 0.991387 0.000000 -0.474083 -0.878640 -2.003909 1.000000
aniFrame
  m_time 1.156000
  m_vertexTransformMat 0.995677 -0.013216 0.091944 0.000000 0.000568 0.990674 0.136248 0.000000 -0.092887 -0.135607 0.986399 0.000000 -0.617912 -0.716089 -2.339833 1.000000
aniFrame
  m_time 1.195000
  m_vertexTransformMat 0.991134 -0.020859 0.131219 0.000000 0.000799 0.988518 0.151103 0.000000 -0.132864 -0.149659 0.979770 0.000000 -0.618178 -0.525799 -2.496980 1.000000
aniFrame
  m_time 1.234000
  m_vertexTransformMat 0.986821 -0.027954 0.159382 0.000000 0.001683 0.986685 0.162635 0.000000 -0.161806 -0.160223 0.973729 0.000000 -0.475298 -0.342196 -2.384221 1.000000
aniFrame
  m_time 1.273000
  m_vertexTransformMat 0.983626 -0.033293 0.177118 0.000000 0.003362 0.986007 0.166668 0.000000 -0.180188 -0.163344 0.969975 0.000000 -0.313712 -0.198590 -2.087890 1.000000
aniFrame
  m_time 1.312000
  m_vertexTransformMat 0.982867 -0.034908 0.180980 0.000000 0.004799 0.986416 0.164199 0.000000 -0.184254 -0.160517 0.969683 0.000000 -0.200020 -0.155673 -1.702358 1.000000
aniFrame
  m_time 1.351000
  m_vertexTransformMat 0.985412 -0.032823 0.166993 0.000000 0.006054 0.987365 0.158348 0.000000 -0.170080 -0.155026 0.973160 0.000000 -0.161210 -0.220884 -1.337914 1.000000
aniFrame
  m_time 1.390000
  m_vertexTransformMat 0.990652 -0.028935 0.133314 0.000000 0.008733 0.988695 0.149690 0.000000 -0.136138 -0.147126 0.979705 0.000000 -0.212111 -0.349557 -1.098150 1.000000
aniFrame
  m_time 1.429000
  m_vertexTransformMat 0.995709 -0.021585 0.089986 0.000000 0.008800 0.990095 0.140125 0.000000 -0.092119 -0.138732 0.986036 0.000000 -0.288088 -0.510834 -1.026676 1.000000
aniFrame
  m_time 1.468000
  m_vertexTransformMat 0.998758 -0.006765 0.049354 0.000000 0.000165 0.991180 0.132526 0.000000 -0.049815 -0.132353 0.989950 0.000000 -0.286800 -0.672590 -1.074807 1.000000
aniFrame
  m_time 1.507000
  m_vertexTransformMat 0.999602 0.024075 0.014725 0.000000 -0.025789 0.991167 0.130091 0.000000 -0.011463 -0.130419 0.991393 0.000000 -0.148897 -0.789417 -1.219331 1.000000
aniFrame
  m_time 1.546000
  m_vertexTransformMat 0.997775 0.064069 -0.018468 0.000000 -0.061062 0.989248 0.132895 0.000000 0.026783 -0.131471 0.990958 0.000000 0.055462 -0.847478 -1.425872 1.000000
aniFrame
  m_time 1.585000
  m_vertexTransformMat 0.994314 0.093602 -0.050775 0.000000 -0.085911 0.986858 0.136861 0.000000 0.062918 -0.131721 0.989288 0.000000 0.215359 -0.857140 -1.630720 1.000000
aniFrame
  m_time 1.624000
  m_vertexTransformMat 0.991217 0.096873 -0.090031 0.000000 -0.083682 0.986576 0.140229 0.000000 0.102407 -0.131464 0.986017 0.000000 0.296291 -0.836558 -1.852368 1.000000
aniFrame
  m_time 1.663000
  m_vertexTransformMat 0.987001 0.078901 -0.140009 0.000000 -0.058495 0.987803 0.144307 0.000000 0.149687 -0.134241 0.979578 0.000000 0.332179 -0.764800 -2.148654 1.000000
aniFrame
  m_time 1.702000
  m_vertexTransformMat 0.980946 0.056034 -0.186024 0.000000 -0.028205 0.988434 0.149005 0.000000 0.192222 -0.140919 0.971181 0.000000 0.317723 -0.638600 -2.392122 1.000000
aniFrame
  m_time 1.741000
  m_vertexTransformMat 0.976634 0.042561 -0.210652 0.000000 -0.009333 0.987669 0.156281 0.000000 0.214706 -0.150663 0.964988 0.000000 0.243277 -0.472892 -2.447390 1.000000
aniFrame
  m_time 1.780000
  m_vertexTransformMat 0.978306 0.038477 -0.203559 0.000000 -0.004696 0.986467 0.163893 0.000000 0.207111 -0.159382 0.965247 0.000000 0.229147 -0.296945 -2.330636 1.000000
aniFrame
  m_time 1.819000
  m_vertexTransformMat 0.984155 0.035103 -0.173799 0.000000 -0.005853 0.986104 0.166025 0.000000 0.177212 -0.162377 0.970685 0.000000 0.324677 -0.172175 -2.110368 1.000000
aniFrame
  m_time 1.858000
  m_vertexTransformMat 0.989645 0.030518 -0.140255 0.000000 -0.007173 0.986431 0.164022 0.000000 0.143358 -0.161317 0.976435 0.000000 0.433863 -0.160826 -1.810453 1.000000
aniFrame
  m_time 1.897000
  m_vertexTransformMat 0.993552 0.023500 -0.110919 0.000000 -0.005584 0.987239 0.159148 0.000000 0.113243 -0.157503 0.981004 0.000000 0.492582 -0.223767 -1.491025 1.000000
aniFrame
  m_time 1.936000
  m_vertexTransformMat 0.996601 0.015711 -0.080871 0.000000 -0.003189 0.988269 0.152692 0.000000 0.082322 -0.151915 0.984960 0.000000 0.535375 -0.328902 -1.223691 1.000000
aniFrame
  m_time 1.975000
  m_vertexTransformMat 0.998560 0.008772 -0.052929 0.000000 -0.000993 0.989397 0.145235 0.000000 0.053642 -0.144973 0.987980 0.000000 0.550430 -0.460862 -1.071619 1.000000
aniFrame
  m_time 2.014000
  m_vertexTransformMat 0.999501 0.004091 -0.031307 0.000000 0.000247 0.990530 0.137297 0.000000 0.031572 -0.137237 0.990035 0.000000 0.470145 -0.605847 -1.086201 1.000000
aniFrame
  m_time 2.053000
  m_vertexTransformMat 0.999842 0.001870 -0.017677 0.000000 0.000432 0.991603 0.129325 0.000000 0.017770 -0.129312 0.991445 0.000000 0.275722 -0.750280 -1.229077 1.000000
aniFrame
  m_time 2.092000
  m_vertexTransformMat 0.999964 0.000902 -0.008494 0.000000 0.000138 0.992567 0.121701 0.000000 0.008541 -0.121698 0.992530 0.000000 0.019611 -0.880789 -1.427390 1.000000
aniFrame
  m_time 2.131000
  m_vertexTransformMat 1.000000 0.000034 -0.000296 0.000000 0.000001 0.993341 0.115215 0.000000 0.000298 -0.115215 0.993341 0.000000 -0.221805 -0.990769 -1.605212 1.000000
aniFrame
  m_time 2.133000
  m_vertexTransformMat 1.000000 -0.000000 -0.000000 0.000000 0.000000 0.993439 0.114366 0.000000 0.000000 -0.114366 0.993439 0.000000 -0.232182 -0.987479 -1.613136 1.000000
