m_aniFrameList.size 202
aniFrame
  m_time -1.066000
  m_vertexTransformMat 0.669979 0.313572 -0.672905 0.000000 -0.508493 0.854240 -0.108208 0.000000 0.540891 0.414664 0.731772 0.000000 0.857152 -7.390625 -1.277202 1.000000
aniFrame
  m_time -1.050000
  m_vertexTransformMat 0.693661 0.266181 -0.669315 0.000000 -0.479672 0.863908 -0.153550 0.000000 0.537355 0.427563 0.726939 0.000000 0.171429 -6.440011 -1.390687 1.000000
aniFrame
  m_time -1.034000
  m_vertexTransformMat 0.716993 0.216553 -0.662591 0.000000 -0.448796 0.870721 -0.201068 0.000000 0.533389 0.441532 0.721488 0.000000 -0.512427 -5.437741 -1.564925 1.000000
aniFrame
  m_time -1.018000
  m_vertexTransformMat 0.741746 0.160699 -0.651144 0.000000 -0.412635 0.874716 -0.254175 0.000000 0.528720 0.457218 0.715127 0.000000 -1.245987 -4.331798 -1.831495 1.000000
aniFrame
  m_time -1.002000
  m_vertexTransformMat 0.765484 0.102326 -0.635267 0.000000 -0.373524 0.874565 -0.309219 0.000000 0.523941 0.473989 0.707687 0.000000 -1.966335 -3.172673 -2.184317 1.000000
aniFrame
  m_time -0.986000
  m_vertexTransformMat 0.786653 0.044549 -0.615785 0.000000 -0.333603 0.869924 -0.363238 0.000000 0.519504 0.491170 0.699190 0.000000 -2.623046 -2.012375 -2.599752 1.000000
aniFrame
  m_time -0.970000
  m_vertexTransformMat 0.804940 -0.011463 -0.593245 0.000000 -0.293626 0.861117 -0.415044 0.000000 0.515611 0.508277 0.689782 0.000000 -3.207379 -0.871955 -3.067507 1.000000
aniFrame
  m_time -0.954000
  m_vertexTransformMat 0.819306 -0.062304 -0.569961 0.000000 -0.256586 0.849138 -0.461658 0.000000 0.512739 0.524483 0.679718 0.000000 -3.673325 0.192518 -3.531654 1.000000
aniFrame
  m_time -0.938000
  m_vertexTransformMat 0.830467 -0.107778 -0.546543 0.000000 -0.222587 0.835183 -0.502917 0.000000 0.510667 0.539309 0.669602 0.000000 -4.037101 1.170538 -3.978362 1.000000
aniFrame
  m_time -0.922000
  m_vertexTransformMat 0.837399 -0.144235 -0.527218 0.000000 -0.195813 0.821374 -0.535727 0.000000 0.510313 0.551854 0.659575 0.000000 -4.279146 2.006214 -4.338104 1.000000
aniFrame
  m_time -0.906000
  m_vertexTransformMat 0.841866 -0.172608 -0.511340 0.000000 -0.174914 0.809066 -0.561087 0.000000 0.510555 0.561800 0.650934 0.000000 -4.425723 2.704507 -4.603300 1.000000
aniFrame
  m_time -0.890000
  m_vertexTransformMat 0.842668 -0.189186 -0.504103 0.000000 -0.163993 0.801579 -0.574960 0.000000 0.512853 0.567168 0.644440 0.000000 -4.473402 3.203478 -4.715662 1.000000
aniFrame
  m_time -0.874000
  m_vertexTransformMat 0.840610 -0.194119 -0.505662 0.000000 -0.163909 0.798632 -0.579069 0.000000 0.516246 0.569654 0.639520 0.000000 -4.435673 3.514706 -4.664670 1.000000
aniFrame
  m_time -0.858000
  m_vertexTransformMat 0.836607 -0.189527 -0.513973 0.000000 -0.171296 0.800684 -0.574076 0.000000 0.520333 0.568318 0.637393 0.000000 -4.330657 3.671932 -4.489514 1.000000
aniFrame
  m_time -0.842000
  m_vertexTransformMat 0.828631 -0.174540 -0.531889 0.000000 -0.189777 0.806297 -0.560241 0.000000 0.526645 0.565173 0.635000 0.000000 -4.141353 3.672929 -4.163899 1.000000
aniFrame
  m_time -0.826000
  m_vertexTransformMat 0.819361 -0.154940 -0.551942 0.000000 -0.212524 0.812087 -0.543459 0.000000 0.532429 0.562590 0.632465 0.000000 -3.913474 3.606410 -3.802893 1.000000
aniFrame
  m_time -0.810000
  m_vertexTransformMat 0.806701 -0.129464 -0.576604 0.000000 -0.240644 0.819184 -0.520604 0.000000 0.539744 0.558728 0.629682 0.000000 -3.628304 3.466015 -3.384255 1.000000
aniFrame
  m_time -0.794000
  m_vertexTransformMat 0.791135 -0.099840 -0.603438 0.000000 -0.272688 0.825538 -0.494094 0.000000 0.547491 0.555445 0.625887 0.000000 -3.292576 3.267555 -2.948780 1.000000
aniFrame
  m_time -0.778000
  m_vertexTransformMat 0.772440 -0.065231 -0.631729 0.000000 -0.308185 0.831243 -0.462663 0.000000 0.555300 0.552069 0.621983 0.000000 -2.901456 3.008214 -2.507185 1.000000
aniFrame
  m_time -0.762000
  m_vertexTransformMat 0.749733 -0.026881 -0.661194 0.000000 -0.346341 0.835457 -0.426684 0.000000 0.563869 0.548898 0.617060 0.000000 -2.455001 2.699468 -2.078765 1.000000
aniFrame
  m_time -0.746000
  m_vertexTransformMat 0.723633 0.014777 -0.690027 0.000000 -0.386213 0.837257 -0.387092 0.000000 0.572010 0.546610 0.611574 0.000000 -1.957181 2.354167 -1.690254 1.000000
aniFrame
  m_time -0.730000
  m_vertexTransformMat 0.693899 0.059035 -0.717648 0.000000 -0.426680 0.836531 -0.343745 0.000000 0.580042 0.544730 0.605657 0.000000 -1.411631 1.972950 -1.348513 1.000000
aniFrame
  m_time -0.714000
  m_vertexTransformMat 0.660315 0.104984 -0.743614 0.000000 -0.467337 0.832539 -0.297448 0.000000 0.587860 0.543928 0.598801 0.000000 -0.813828 1.579554 -1.067951 1.000000
aniFrame
  m_time -0.698000
  m_vertexTransformMat 0.623564 0.152182 -0.766818 0.000000 -0.506844 0.825495 -0.248330 0.000000 0.595212 0.543507 0.591881 0.000000 -0.176120 1.165205 -0.847658 1.000000
aniFrame
  m_time -0.682000
  m_vertexTransformMat 0.583668 0.199392 -0.787131 0.000000 -0.544720 0.815041 -0.197456 0.000000 0.602172 0.544014 0.584326 0.000000 0.502241 0.757403 -0.689864 1.000000
aniFrame
  m_time -0.666000
  m_vertexTransformMat 0.541248 0.246138 -0.804031 0.000000 -0.580061 0.801545 -0.145101 0.000000 0.608753 0.544923 0.576610 0.000000 1.214615 0.352456 -0.598515 1.000000
aniFrame
  m_time -0.650000
  m_vertexTransformMat 0.497402 0.291697 -0.817009 0.000000 -0.612134 0.785352 -0.092277 0.000000 0.614723 0.546018 0.569193 0.000000 1.937143 -0.044021 -0.571870 1.000000
aniFrame
  m_time -0.634000
  m_vertexTransformMat 0.451959 0.334901 -0.826786 0.000000 -0.640615 0.766842 -0.039570 0.000000 0.620763 0.547535 0.561123 0.000000 2.688404 -0.409072 -0.612141 1.000000
aniFrame
  m_time -0.618000
  m_vertexTransformMat 0.406648 0.376043 -0.832604 0.000000 -0.664808 0.746908 0.012643 0.000000 0.626633 0.548380 0.553724 0.000000 3.434566 -0.769242 -0.712033 1.000000
aniFrame
  m_time -0.602000
  m_vertexTransformMat 0.362356 0.413702 -0.835195 0.000000 -0.684617 0.726203 0.062688 0.000000 0.632454 0.549073 0.546371 0.000000 4.165362 -1.091179 -0.865993 1.000000
aniFrame
  m_time -0.586000
  m_vertexTransformMat 0.319408 0.448359 -0.834837 0.000000 -0.699640 0.705765 0.111358 0.000000 0.639127 0.548517 0.539116 0.000000 4.891508 -1.404222 -1.070752 1.000000
aniFrame
  m_time -0.570000
  m_vertexTransformMat 0.280093 0.479485 -0.831650 0.000000 -0.710142 0.686425 0.156586 0.000000 0.645946 0.546731 0.532765 0.000000 5.563682 -1.697846 -1.310004 1.000000
aniFrame
  m_time -0.554000
  m_vertexTransformMat 0.244477 0.506275 -0.826993 0.000000 -0.716344 0.669108 0.197853 0.000000 0.653515 0.544041 0.526248 0.000000 6.194012 -1.957655 -1.569928 1.000000
aniFrame
  m_time -0.538000
  m_vertexTransformMat 0.213679 0.530401 -0.820375 0.000000 -0.717807 0.654869 0.236432 0.000000 0.662642 0.538351 0.520658 0.000000 6.776261 -2.241655 -1.855552 1.000000
aniFrame
  m_time -0.522000
  m_vertexTransformMat 0.190053 0.551989 -0.811904 0.000000 -0.710800 0.647815 0.274043 0.000000 0.677232 0.525018 0.515473 0.000000 7.333377 -2.616566 -2.207328 1.000000
aniFrame
  m_time -0.506000
  m_vertexTransformMat 0.173819 0.572201 -0.801482 0.000000 -0.695903 0.647227 0.311152 0.000000 0.696783 0.503670 0.510697 0.000000 7.854938 -3.105494 -2.623598 1.000000
aniFrame
  m_time -0.490000
  m_vertexTransformMat 0.165843 0.591930 -0.788742 0.000000 -0.671794 0.653338 0.349059 0.000000 0.721934 0.471983 0.506007 0.000000 8.330490 -3.749047 -3.127888 1.000000
aniFrame
  m_time -0.474000
  m_vertexTransformMat 0.166747 0.611027 -0.773849 0.000000 -0.638292 0.665087 0.387613 0.000000 0.751518 0.429308 0.500915 0.000000 8.734846 -4.551916 -3.718600 1.000000
aniFrame
  m_time -0.458000
  m_vertexTransformMat 0.175172 0.628340 -0.757961 0.000000 -0.599919 0.678554 0.423866 0.000000 0.780649 0.380465 0.495816 0.000000 9.008901 -5.423518 -4.327784 1.000000
aniFrame
  m_time -0.442000
  m_vertexTransformMat 0.191476 0.643722 -0.740918 0.000000 -0.556390 0.693065 0.458357 0.000000 0.808558 0.324475 0.490866 0.000000 9.138274 -6.374761 -4.957241 1.000000
aniFrame
  m_time -0.426000
  m_vertexTransformMat 0.213316 0.655845 -0.724130 0.000000 -0.512327 0.706196 0.488680 0.000000 0.831876 0.266748 0.486650 0.000000 9.100069 -7.310440 -5.533387 1.000000
aniFrame
  m_time -0.410000
  m_vertexTransformMat 0.240569 0.664785 -0.707240 0.000000 -0.468114 0.717764 0.515447 0.000000 0.850292 0.207068 0.483866 0.000000 8.890059 -8.236038 -6.052795 1.000000
aniFrame
  m_time -0.394000
  m_vertexTransformMat 0.269809 0.669702 -0.691884 0.000000 -0.428200 0.727023 0.536733 0.000000 0.862466 0.151450 0.482924 0.000000 8.565347 -9.063093 -6.468574 1.000000
aniFrame
  m_time -0.378000
  m_vertexTransformMat 0.300507 0.671126 -0.677706 0.000000 -0.393269 0.734522 0.553007 0.000000 0.868927 0.100338 0.484663 0.000000 8.137671 -9.796970 -6.773411 1.000000
aniFrame
  m_time -0.362000
  m_vertexTransformMat 0.328784 0.669140 -0.666448 0.000000 -0.367208 0.740730 0.562564 0.000000 0.870092 0.059763 0.489253 0.000000 7.710599 -10.367772 -6.945732 1.000000
aniFrame
  m_time -0.346000
  m_vertexTransformMat 0.353059 0.664508 -0.658619 0.000000 -0.351721 0.746584 0.564716 0.000000 0.866973 0.032272 0.497310 0.000000 7.331734 -10.757303 -6.970157 1.000000
aniFrame
  m_time -0.330000
  m_vertexTransformMat 0.373964 0.658266 -0.653327 0.000000 -0.344561 0.752630 0.561094 0.000000 0.861063 0.015282 0.508269 0.000000 7.005397 -11.022640 -6.877155 1.000000
aniFrame
  m_time -0.314000
  m_vertexTransformMat 0.390834 0.650878 -0.650850 0.000000 -0.346232 0.759118 0.551239 0.000000 0.852861 0.009902 0.522044 0.000000 6.754521 -11.158905 -6.661076 1.000000
aniFrame
  m_time -0.298000
  m_vertexTransformMat 0.406105 0.642672 -0.649655 0.000000 -0.352495 0.766067 0.537484 0.000000 0.843105 0.010725 0.537642 0.000000 6.534339 -11.242124 -6.374951 1.000000
aniFrame
  m_time -0.282000
  m_vertexTransformMat 0.421409 0.633801 -0.648623 0.000000 -0.361270 0.773355 0.520966 0.000000 0.831804 0.014788 0.554872 0.000000 6.320514 -11.314753 -6.045695 1.000000
aniFrame
  m_time -0.266000
  m_vertexTransformMat 0.435947 0.624109 -0.648413 0.000000 -0.372288 0.781005 0.501431 0.000000 0.819361 0.022799 0.572825 0.000000 6.115770 -11.360124 -5.676961 1.000000
aniFrame
  m_time -0.250000
  m_vertexTransformMat 0.450204 0.613673 -0.648631 0.000000 -0.385622 0.788800 0.478634 0.000000 0.805365 0.034643 0.591767 0.000000 5.914233 -11.376365 -5.274776 1.000000
aniFrame
  m_time -0.234000
  m_vertexTransformMat 0.463767 0.602322 -0.649714 0.000000 -0.400103 0.796694 0.452986 0.000000 0.790467 0.049872 0.610471 0.000000 5.713454 -11.363176 -4.851605 1.000000
aniFrame
  m_time -0.218000
  m_vertexTransformMat 0.477313 0.589742 -0.651442 0.000000 -0.415013 0.804744 0.424442 0.000000 0.774556 0.067765 0.628865 0.000000 5.501852 -11.319343 -4.417204 1.000000
aniFrame
  m_time -0.202000
  m_vertexTransformMat 0.490435 0.576712 -0.653358 0.000000 -0.431343 0.812078 0.393029 0.000000 0.757243 0.089066 0.647032 0.000000 5.292197 -11.241321 -3.980066 1.000000
aniFrame
  m_time -0.186000
  m_vertexTransformMat 0.503029 0.562246 -0.656385 0.000000 -0.446433 0.819338 0.359699 0.000000 0.740040 0.112092 0.663156 0.000000 5.069442 -11.131089 -3.558010 1.000000
aniFrame
  m_time -0.170000
  m_vertexTransformMat 0.516593 0.546796 -0.658898 0.000000 -0.461971 0.825910 0.323196 0.000000 0.720912 0.137431 0.679263 0.000000 4.827524 -10.984081 -3.147875 1.000000
aniFrame
  m_time -0.154000
  m_vertexTransformMat 0.528464 0.531453 -0.662029 0.000000 -0.477495 0.830848 0.285815 0.000000 0.701943 0.165072 0.692840 0.000000 4.591413 -10.805588 -2.781920 1.000000
aniFrame
  m_time -0.138000
  m_vertexTransformMat 0.542378 0.513078 -0.665265 0.000000 -0.489791 0.836473 0.245802 0.000000 0.682591 0.192524 0.704985 0.000000 4.295049 -10.585815 -2.442618 1.000000
aniFrame
  m_time -0.122000
  m_vertexTransformMat 0.556461 0.494528 -0.667678 0.000000 -0.501189 0.840710 0.204982 0.000000 0.662692 0.220568 0.715674 0.000000 3.981969 -10.346539 -2.153021 1.000000
aniFrame
  m_time -0.106000
  m_vertexTransformMat 0.569885 0.474299 -0.671023 0.000000 -0.510457 0.844268 0.163233 0.000000 0.643945 0.249504 0.723245 0.000000 3.644708 -10.054237 -1.901980 1.000000
aniFrame
  m_time -0.090000
  m_vertexTransformMat 0.584726 0.453258 -0.672795 0.000000 -0.517544 0.847077 0.120874 0.000000 0.624696 0.277522 0.729889 0.000000 3.264501 -9.744161 -1.696303 1.000000
aniFrame
  m_time -0.074000
  m_vertexTransformMat 0.598665 0.430962 -0.675183 0.000000 -0.522340 0.849087 0.078819 0.000000 0.607257 0.305489 0.733428 0.000000 2.887383 -9.392182 -1.534222 1.000000
aniFrame
  m_time -0.058000
  m_vertexTransformMat 0.614136 0.407455 -0.675883 0.000000 -0.524397 0.850698 0.036352 0.000000 0.589784 0.332106 0.736112 0.000000 2.457991 -9.009722 -1.408909 1.000000
aniFrame
  m_time -0.042000
  m_vertexTransformMat 0.628945 0.383280 -0.676406 0.000000 -0.523937 0.851745 -0.004539 0.000000 0.574385 0.357249 0.736515 0.000000 2.039450 -8.608276 -1.330748 1.000000
aniFrame
  m_time -0.026000
  m_vertexTransformMat 0.644003 0.357910 -0.676137 0.000000 -0.520708 0.852566 -0.044659 0.000000 0.560467 0.380831 0.735422 0.000000 1.608471 -8.167226 -1.278777 1.000000
aniFrame
  m_time -0.010000
  m_vertexTransformMat 0.658792 0.333228 -0.674502 0.000000 -0.515298 0.853095 -0.081837 0.000000 0.548144 0.401483 0.733724 0.000000 1.179956 -7.741099 -1.265592 1.000000
aniFrame
  m_time 0.005000
  m_vertexTransformMat 0.676208 0.302371 -0.671799 0.000000 -0.503814 0.855119 -0.122239 0.000000 0.537507 0.421121 0.730578 0.000000 0.677420 -7.187052 -1.291459 1.000000
aniFrame
  m_time 0.021000
  m_vertexTransformMat 0.696371 0.265622 -0.666718 0.000000 -0.485697 0.858350 -0.165331 0.000000 0.528362 0.438954 0.726741 0.000000 0.091619 -6.518692 -1.379684 1.000000
aniFrame
  m_time 0.037000
  m_vertexTransformMat 0.718783 0.221072 -0.659150 0.000000 -0.460403 0.861771 -0.213027 0.000000 0.520942 0.456595 0.721208 0.000000 -0.563553 -5.685898 -1.537617 1.000000
aniFrame
  m_time 0.053000
  m_vertexTransformMat 0.743807 0.167473 -0.647073 0.000000 -0.426447 0.864365 -0.266488 0.000000 0.514678 0.474158 0.714340 0.000000 -1.304434 -4.663709 -1.803259 1.000000
aniFrame
  m_time 0.069000
  m_vertexTransformMat 0.767411 0.110505 -0.631561 0.000000 -0.388274 0.863970 -0.320624 0.000000 0.510219 0.491269 0.705926 0.000000 -2.021744 -3.547698 -2.148273 1.000000
aniFrame
  m_time 0.085000
  m_vertexTransformMat 0.789477 0.051151 -0.611646 0.000000 -0.346205 0.859978 -0.374942 0.000000 0.506823 0.507762 0.696641 0.000000 -2.704027 -2.358461 -2.577615 1.000000
aniFrame
  m_time 0.101000
  m_vertexTransformMat 0.807580 -0.006104 -0.589727 0.000000 -0.304268 0.852279 -0.425490 0.000000 0.505209 0.523052 0.686426 0.000000 -3.287865 -1.174249 -3.047462 1.000000
aniFrame
  m_time 0.117000
  m_vertexTransformMat 0.822460 -0.060186 -0.565630 0.000000 -0.263112 0.841361 -0.472106 0.000000 0.504313 0.537112 0.676150 0.000000 -3.760457 -0.020856 -3.530850 1.000000
aniFrame
  m_time 0.133000
  m_vertexTransformMat 0.832724 -0.107440 -0.543165 0.000000 -0.226667 0.828875 -0.511458 0.000000 0.505167 0.549020 0.665871 0.000000 -4.109003 1.034908 -3.980618 1.000000
aniFrame
  m_time 0.149000
  m_vertexTransformMat 0.838853 -0.145977 -0.524421 0.000000 -0.197493 0.816125 -0.543081 0.000000 0.507270 0.559134 0.655779 0.000000 -4.330380 1.957946 -4.342624 1.000000
aniFrame
  m_time 0.165000
  m_vertexTransformMat 0.842688 -0.175202 -0.509099 0.000000 -0.174436 0.805726 -0.566019 0.000000 0.509362 0.565783 0.648414 0.000000 -4.456305 2.716892 -4.605444 1.000000
aniFrame
  m_time 0.181000
  m_vertexTransformMat 0.842106 -0.190370 -0.504597 0.000000 -0.164731 0.800120 -0.576777 0.000000 0.513538 0.568830 0.642426 0.000000 -4.473367 3.234266 -4.685190 1.000000
aniFrame
  m_time 0.197000
  m_vertexTransformMat 0.839554 -0.193500 -0.507649 0.000000 -0.165679 0.798717 -0.578448 0.000000 0.517398 0.569745 0.638507 0.000000 -4.414114 3.552248 -4.612871 1.000000
aniFrame
  m_time 0.213000
  m_vertexTransformMat 0.834510 -0.185820 -0.518714 0.000000 -0.175803 0.802415 -0.570284 0.000000 0.522194 0.567099 0.636956 0.000000 -4.280393 3.680856 -4.395290 1.000000
aniFrame
  m_time 0.229000
  m_vertexTransformMat 0.825630 -0.168395 -0.538497 0.000000 -0.197105 0.808202 -0.554940 0.000000 0.528663 0.564315 0.634085 0.000000 -4.068780 3.654331 -4.044111 1.000000
aniFrame
  m_time 0.245000
  m_vertexTransformMat 0.815578 -0.147102 -0.559638 0.000000 -0.221262 0.814371 -0.536511 0.000000 0.534674 0.561392 0.631635 0.000000 -3.824992 3.569873 -3.669890 1.000000
aniFrame
  m_time 0.261000
  m_vertexTransformMat 0.801659 -0.119967 -0.585621 0.000000 -0.251087 0.821472 -0.511996 0.000000 0.542493 0.557488 0.628418 0.000000 -3.520234 3.405592 -3.237152 1.000000
aniFrame
  m_time 0.277000
  m_vertexTransformMat 0.785367 -0.088874 -0.612618 0.000000 -0.284107 0.827506 -0.484270 0.000000 0.549984 0.554379 0.624646 0.000000 -3.169211 3.187999 -2.802648 1.000000
aniFrame
  m_time 0.293000
  m_vertexTransformMat 0.765277 -0.052741 -0.641537 0.000000 -0.320707 0.832894 -0.451037 0.000000 0.558121 0.550913 0.620480 0.000000 -2.757944 2.909561 -2.360759 1.000000
aniFrame
  m_time 0.309000
  m_vertexTransformMat 0.741407 -0.013381 -0.670922 0.000000 -0.359479 0.836327 -0.413924 0.000000 0.566649 0.548068 0.615248 0.000000 -2.294777 2.588607 -1.944420 1.000000
aniFrame
  m_time 0.325000
  m_vertexTransformMat 0.714160 0.029326 -0.699368 0.000000 -0.399695 0.837309 -0.373038 0.000000 0.574648 0.545942 0.609694 0.000000 -1.780455 2.230632 -1.570932 1.000000
aniFrame
  m_time 0.341000
  m_vertexTransformMat 0.683099 0.074165 -0.726550 0.000000 -0.440243 0.835581 -0.328620 0.000000 0.582719 0.544339 0.603435 0.000000 -1.218078 1.842759 -1.247589 1.000000
aniFrame
  m_time 0.357000
  m_vertexTransformMat 0.648386 0.120624 -0.751695 0.000000 -0.480721 0.830501 -0.281384 0.000000 0.590342 0.543801 0.596472 0.000000 -0.604703 1.444621 -0.988442 1.000000
aniFrame
  m_time 0.373000
  m_vertexTransformMat 0.610625 0.167969 -0.773902 0.000000 -0.519639 0.822424 -0.231506 0.000000 0.597589 0.543513 0.589476 0.000000 0.044695 1.026301 -0.787337 1.000000
aniFrame
  m_time 0.389000
  m_vertexTransformMat 0.569735 0.215026 -0.793200 0.000000 -0.556870 0.810821 -0.180183 0.000000 0.604399 0.544365 0.581695 0.000000 0.737404 0.624208 -0.652356 1.000000
aniFrame
  m_time 0.405000
  m_vertexTransformMat 0.526803 0.261556 -0.808744 0.000000 -0.591079 0.796485 -0.127428 0.000000 0.610823 0.545160 0.574191 0.000000 1.453813 0.215450 -0.582077 1.000000
aniFrame
  m_time 0.421000
  m_vertexTransformMat 0.482410 0.306358 -0.820625 0.000000 -0.622090 0.779370 -0.074744 0.000000 0.616672 0.546560 0.566558 0.000000 2.183854 -0.167331 -0.578018 1.000000
aniFrame
  m_time 0.437000
  m_vertexTransformMat 0.436691 0.348872 -0.829210 0.000000 -0.649121 0.760369 -0.021942 0.000000 0.622850 0.547840 0.558507 0.000000 2.941943 -0.531443 -0.639374 1.000000
aniFrame
  m_time 0.453000
  m_vertexTransformMat 0.391808 0.389040 -0.833747 0.000000 -0.671941 0.740016 0.029534 0.000000 0.628476 0.548657 0.551356 0.000000 3.677410 -0.880985 -0.757350 1.000000
aniFrame
  m_time 0.469000
  m_vertexTransformMat 0.347730 0.425470 -0.835500 0.000000 -0.690102 0.719375 0.079118 0.000000 0.634700 0.549068 0.543766 0.000000 4.412587 -1.194185 -0.929414 1.000000
aniFrame
  m_time 0.485000
  m_vertexTransformMat 0.305860 0.459251 -0.833989 0.000000 -0.703674 0.699099 0.126903 0.000000 0.641321 0.548042 0.536989 0.000000 5.121066 -1.506428 -1.147267 1.000000
aniFrame
  m_time 0.501000
  m_vertexTransformMat 0.267843 0.488761 -0.830285 0.000000 -0.712526 0.680549 0.170761 0.000000 0.648511 0.545862 0.530536 0.000000 5.779747 -1.786879 -1.395925 1.000000
aniFrame
  m_time 0.517000
  m_vertexTransformMat 0.233537 0.514604 -0.825011 0.000000 -0.717582 0.663774 0.210904 0.000000 0.656153 0.542759 0.524286 0.000000 6.392187 -2.045553 -1.659949 1.000000
aniFrame
  m_time 0.533000
  m_vertexTransformMat 0.204975 0.537848 -0.817744 0.000000 -0.716413 0.651704 0.249066 0.000000 0.666887 0.534790 0.518905 0.000000 6.964738 -2.355438 -1.965438 1.000000
aniFrame
  m_time 0.549000
  m_vertexTransformMat 0.183796 0.558819 -0.808666 0.000000 -0.706735 0.646912 0.286411 0.000000 0.683188 0.518871 0.513837 0.000000 7.511820 -2.765122 -2.338187 1.000000
aniFrame
  m_time 0.565000
  m_vertexTransformMat 0.170159 0.578797 -0.797521 0.000000 -0.689045 0.648460 0.323601 0.000000 0.704460 0.494464 0.509158 0.000000 8.018479 -3.299512 -2.779776 1.000000
aniFrame
  m_time 0.581000
  m_vertexTransformMat 0.165224 0.598436 -0.783948 0.000000 -0.661436 0.656850 0.362011 0.000000 0.731576 0.458719 0.504354 0.000000 8.476612 -4.004002 -3.318812 1.000000
aniFrame
  m_time 0.597000
  m_vertexTransformMat 0.168730 0.617005 -0.768658 0.000000 -0.625963 0.669469 0.399978 0.000000 0.761381 0.413663 0.499182 0.000000 8.842093 -4.835744 -3.920694 1.000000
aniFrame
  m_time 0.613000
  m_vertexTransformMat 0.179821 0.633754 -0.752343 0.000000 -0.585803 0.683399 0.435662 0.000000 0.790253 0.362383 0.494144 0.000000 9.069420 -5.735862 -4.538326 1.000000
aniFrame
  m_time 0.629000
  m_vertexTransformMat 0.198226 0.648150 -0.735261 0.000000 -0.541583 0.697662 0.468995 0.000000 0.816942 0.305238 0.489322 0.000000 9.145041 -6.691312 -5.158071 1.000000
aniFrame
  m_time 0.645000
  m_vertexTransformMat 0.221916 0.659222 -0.718456 0.000000 -0.497459 0.710266 0.498053 0.000000 0.838623 0.246876 0.485555 0.000000 9.047091 -7.623215 -5.714115 1.000000
aniFrame
  m_time 0.661000
  m_vertexTransformMat 0.250264 0.666884 -0.701879 0.000000 -0.454107 0.721114 0.523242 0.000000 0.855076 0.187780 0.483306 0.000000 8.791702 -8.526567 -6.205560 1.000000
aniFrame
  m_time 0.677000
  m_vertexTransformMat 0.279984 0.670557 -0.686995 0.000000 -0.415907 0.729698 0.542736 0.000000 0.865235 0.133769 0.483193 0.000000 8.431223 -9.319550 -6.582669 1.000000
aniFrame
  m_time 0.693000
  m_vertexTransformMat 0.310450 0.670829 -0.673505 0.000000 -0.383341 0.736697 0.557070 0.000000 0.869868 0.085240 0.485864 0.000000 7.988657 -10.009957 -6.847403 1.000000
aniFrame
  m_time 0.709000
  m_vertexTransformMat 0.337260 0.667830 -0.663520 0.000000 -0.360984 0.742679 0.564020 0.000000 0.869452 0.049298 0.491552 0.000000 7.579602 -10.514640 -6.969094 1.000000
aniFrame
  m_time 0.725000
  m_vertexTransformMat 0.360396 0.662567 -0.656597 0.000000 -0.348508 0.748567 0.564083 0.000000 0.865250 0.025536 0.500691 0.000000 7.216242 -10.857264 -6.950630 1.000000
aniFrame
  m_time 0.741000
  m_vertexTransformMat 0.380001 0.655916 -0.652206 0.000000 -0.344186 0.754734 0.558492 0.000000 0.858566 0.012253 0.512557 0.000000 6.914016 -11.081573 -6.818343 1.000000
aniFrame
  m_time 0.757000
  m_vertexTransformMat 0.395915 0.648219 -0.650433 0.000000 -0.348139 0.761389 0.546888 0.000000 0.849736 0.009920 0.527115 0.000000 6.681201 -11.186544 -6.569205 1.000000
aniFrame
  m_time 0.773000
  m_vertexTransformMat 0.411272 0.639794 -0.649245 0.000000 -0.355026 0.768460 0.532378 0.000000 0.839531 0.011547 0.543189 0.000000 6.461064 -11.269964 -6.271556 1.000000
aniFrame
  m_time 0.789000
  m_vertexTransformMat 0.426349 0.630669 -0.648447 0.000000 -0.364800 0.775864 0.514739 0.000000 0.827737 0.017095 0.560857 0.000000 6.252044 -11.332430 -5.925620 1.000000
aniFrame
  m_time 0.805000
  m_vertexTransformMat 0.440695 0.620703 -0.648472 0.000000 -0.376376 0.783606 0.494270 0.000000 0.814941 0.026247 0.578949 0.000000 6.047853 -11.369534 -5.547706 1.000000
aniFrame
  m_time 0.821000
  m_vertexTransformMat 0.454850 0.610010 -0.648844 0.000000 -0.390483 0.791411 0.470310 0.000000 0.800397 0.039442 0.598172 0.000000 5.847740 -11.374675 -5.134160 1.000000
aniFrame
  m_time 0.837000
  m_vertexTransformMat 0.468139 0.598262 -0.650329 0.000000 -0.404828 0.799381 0.443965 0.000000 0.785468 0.055433 0.616415 0.000000 5.644428 -11.353238 -4.710134 1.000000
aniFrame
  m_time 0.853000
  m_vertexTransformMat 0.481874 0.585396 -0.652004 0.000000 -0.420390 0.807315 0.414145 0.000000 0.768811 0.074529 0.635118 0.000000 5.430626 -11.296391 -4.269397 1.000000
aniFrame
  m_time 0.869000
  m_vertexTransformMat 0.494391 0.572287 -0.654267 0.000000 -0.436640 0.814339 0.382358 0.000000 0.751613 0.096645 0.652486 0.000000 5.223841 -11.209878 -3.840627 1.000000
aniFrame
  m_time 0.885000
  m_vertexTransformMat 0.507628 0.556986 -0.657328 0.000000 -0.451391 0.821779 0.347742 0.000000 0.733866 0.120189 0.668577 0.000000 4.987647 -11.084966 -3.417370 1.000000
aniFrame
  m_time 0.901000
  m_vertexTransformMat 0.520570 0.542039 -0.659697 0.000000 -0.467526 0.827477 0.310968 0.000000 0.714441 0.146545 0.684177 0.000000 4.753069 -10.931039 -3.023184 1.000000
aniFrame
  m_time 0.917000
  m_vertexTransformMat 0.532815 0.525523 -0.663275 0.000000 -0.481830 0.832740 0.272734 0.000000 0.695664 0.174270 0.696909 0.000000 4.498927 -10.734793 -2.664721 1.000000
aniFrame
  m_time 0.933000
  m_vertexTransformMat 0.547309 0.506952 -0.665922 0.000000 -0.493718 0.838046 0.232209 0.000000 0.675792 0.201688 0.708962 0.000000 4.189497 -10.510804 -2.340618 1.000000
aniFrame
  m_time 0.949000
  m_vertexTransformMat 0.560837 0.487965 -0.668844 0.000000 -0.504532 0.841955 0.191202 0.000000 0.656437 0.230220 0.718394 0.000000 3.875178 -10.253810 -2.065240 1.000000
aniFrame
  m_time 0.965000
  m_vertexTransformMat 0.574810 0.467321 -0.671717 0.000000 -0.513055 0.845314 0.149056 0.000000 0.637469 0.258949 0.725657 0.000000 3.518643 -9.951800 -1.827351 1.000000
aniFrame
  m_time 0.981000
  m_vertexTransformMat 0.589357 0.446025 -0.673587 0.000000 -0.519417 0.847805 0.106920 0.000000 0.618760 0.286858 0.731334 0.000000 3.141614 -9.632997 -1.638670 1.000000
aniFrame
  m_time 0.997000
  m_vertexTransformMat 0.603638 0.423170 -0.675684 0.000000 -0.523338 0.849673 0.064601 0.000000 0.601447 0.314615 0.734356 0.000000 2.749640 -9.264914 -1.487133 1.000000
aniFrame
  m_time 1.013000
  m_vertexTransformMat 0.619164 0.399552 -0.676013 0.000000 -0.524536 0.851088 0.022604 0.000000 0.584378 0.340598 0.736543 0.000000 2.316675 -8.880791 -1.379015 1.000000
aniFrame
  m_time 1.029000
  m_vertexTransformMat 0.633884 0.374835 -0.676528 0.000000 -0.523143 0.852053 -0.018082 0.000000 0.569660 0.365383 0.736195 0.000000 1.898648 -8.462570 -1.310478 1.000000
aniFrame
  m_time 1.045000
  m_vertexTransformMat 0.648869 0.349873 -0.675691 0.000000 -0.519291 0.852684 -0.057158 0.000000 0.556153 0.387969 0.734966 0.000000 1.467615 -8.028733 -1.270172 1.000000
aniFrame
  m_time 1.061000
  m_vertexTransformMat 0.664153 0.323945 -0.673766 0.000000 -0.512345 0.853548 -0.094651 0.000000 0.544430 0.408063 0.732858 0.000000 1.025031 -7.577452 -1.269252 1.000000
aniFrame
  m_time 1.077000
  m_vertexTransformMat 0.682683 0.290740 -0.670384 0.000000 -0.498485 0.856109 -0.136343 0.000000 0.534282 0.427256 0.729381 0.000000 0.489836 -6.976181 -1.313427 1.000000
aniFrame
  m_time 1.093000
  m_vertexTransformMat 0.703579 0.251841 -0.664495 0.000000 -0.478146 0.859530 -0.180512 0.000000 0.525693 0.444730 0.725164 0.000000 -0.118699 -6.264499 -1.423893 1.000000
aniFrame
  m_time 1.109000
  m_vertexTransformMat 0.726977 0.203982 -0.655665 0.000000 -0.449925 0.862828 -0.230427 0.000000 0.518723 0.462515 0.719032 0.000000 -0.804435 -5.361879 -1.613719 1.000000
aniFrame
  m_time 1.125000
  m_vertexTransformMat 0.752045 0.148559 -0.642151 0.000000 -0.413905 0.864654 -0.284704 0.000000 0.512943 0.479900 0.711748 0.000000 -1.552456 -4.297410 -1.912564 1.000000
aniFrame
  m_time 1.141000
  m_vertexTransformMat 0.774925 0.090959 -0.625475 0.000000 -0.374711 0.863046 -0.338738 0.000000 0.509002 0.496869 0.702879 0.000000 -2.252398 -3.158616 -2.280891 1.000000
aniFrame
  m_time 1.157000
  m_vertexTransformMat 0.796142 0.031475 -0.604291 0.000000 -0.331834 0.857803 -0.392505 0.000000 0.506009 0.513014 0.693378 0.000000 -2.915248 -1.957101 -2.734973 1.000000
aniFrame
  m_time 1.173000
  m_vertexTransformMat 0.812776 -0.024378 -0.582066 0.000000 -0.290620 0.848961 -0.441367 0.000000 0.504911 0.527893 0.682931 0.000000 -3.454931 -0.787644 -3.205390 1.000000
aniFrame
  m_time 1.189000
  m_vertexTransformMat 0.826567 -0.077085 -0.557535 0.000000 -0.249975 0.837241 -0.486355 0.000000 0.504281 0.541375 0.672766 0.000000 -3.893220 0.348590 -3.690372 1.000000
aniFrame
  m_time 1.205000
  m_vertexTransformMat 0.834950 -0.120967 -0.536867 0.000000 -0.216518 0.824660 -0.522548 0.000000 0.505944 0.552542 0.662358 0.000000 -4.193383 1.353099 -4.108440 1.000000
aniFrame
  m_time 1.221000
  m_vertexTransformMat 0.840479 -0.157044 -0.518587 0.000000 -0.188850 0.812164 -0.552020 0.000000 0.507869 0.561896 0.652949 0.000000 -4.383331 2.235225 -4.445077 1.000000
aniFrame
  m_time 1.237000
  m_vertexTransformMat 0.842992 -0.181823 -0.506266 0.000000 -0.169486 0.803433 -0.570763 0.000000 0.510529 0.566953 0.646471 0.000000 -4.474195 2.914290 -4.654604 1.000000
aniFrame
  m_time 1.253000
  m_vertexTransformMat 0.841326 -0.192538 -0.505075 0.000000 -0.164263 0.799146 -0.578260 0.000000 0.514966 0.569470 0.640715 0.000000 -4.459908 3.360056 -4.673995 1.000000
aniFrame
  m_time 1.269000
  m_vertexTransformMat 0.838462 -0.192547 -0.509812 0.000000 -0.167305 0.799376 -0.577068 0.000000 0.518644 0.569143 0.638032 0.000000 -4.381415 3.620737 -4.564072 1.000000
aniFrame
  m_time 1.285000
  m_vertexTransformMat 0.831785 -0.180620 -0.524890 0.000000 -0.182215 0.804342 -0.565536 0.000000 0.524339 0.566047 0.636128 0.000000 -4.215294 3.681952 -4.284750 1.000000
aniFrame
  m_time 1.301000
  m_vertexTransformMat 0.822599 -0.161998 -0.545057 0.000000 -0.204604 0.810028 -0.549538 0.000000 0.530535 0.563570 0.633183 0.000000 -3.993213 3.635522 -3.926305 1.000000
aniFrame
  m_time 1.317000
  m_vertexTransformMat 0.811346 -0.138565 -0.567906 0.000000 -0.230670 0.816776 -0.528837 0.000000 0.537130 0.560069 0.630725 0.000000 -3.729821 3.522288 -3.529443 1.000000
aniFrame
  m_time 1.333000
  m_vertexTransformMat 0.796489 -0.110140 -0.594537 0.000000 -0.261744 0.823565 -0.503221 0.000000 0.545065 0.556426 0.627132 0.000000 -3.408754 3.339480 -3.092417 1.000000
aniFrame
  m_time 1.349000
  m_vertexTransformMat 0.779141 -0.077309 -0.622064 0.000000 -0.295960 0.829426 -0.473772 0.000000 0.552583 0.553241 0.623359 0.000000 -3.038729 3.101312 -2.655010 1.000000
aniFrame
  m_time 1.365000
  m_vertexTransformMat 0.757691 -0.039949 -0.651390 0.000000 -0.333437 0.834315 -0.439020 0.000000 0.561003 0.549839 0.618832 0.000000 -2.609031 2.806361 -2.217506 1.000000
aniFrame
  m_time 1.381000
  m_vertexTransformMat 0.732709 0.000522 -0.680542 0.000000 -0.372790 0.836928 -0.400725 0.000000 0.569355 0.547314 0.613419 0.000000 -2.128714 2.473525 -1.814816 1.000000
aniFrame
  m_time 1.397000
  m_vertexTransformMat 0.704260 0.044100 -0.708571 0.000000 -0.413190 0.837076 -0.358578 0.000000 0.577314 0.545306 0.607742 0.000000 -1.598683 2.103220 -1.456921 1.000000
aniFrame
  m_time 1.413000
  m_vertexTransformMat 0.671895 0.089488 -0.735221 0.000000 -0.453821 0.834240 -0.313192 0.000000 0.585323 0.544091 0.601133 0.000000 -1.018547 1.711981 -1.154190 1.000000
aniFrame
  m_time 1.429000
  m_vertexTransformMat 0.636131 0.136372 -0.759435 0.000000 -0.493907 0.828148 -0.265004 0.000000 0.592785 0.543667 0.594165 0.000000 -0.391919 1.306548 -0.915164 1.000000
aniFrame
  m_time 1.445000
  m_vertexTransformMat 0.597314 0.183705 -0.780685 0.000000 -0.532287 0.818924 -0.214557 0.000000 0.599906 0.543707 0.586938 0.000000 0.271044 0.890909 -0.734787 1.000000
aniFrame
  m_time 1.461000
  m_vertexTransformMat 0.555572 0.230608 -0.798849 0.000000 -0.568671 0.806308 -0.162730 0.000000 0.606591 0.544691 0.579102 0.000000 0.975367 0.489748 -0.622013 1.000000
aniFrame
  m_time 1.477000
  m_vertexTransformMat 0.512197 0.276758 -0.813056 0.000000 -0.601782 0.791074 -0.109827 0.000000 0.612791 0.545535 0.571733 0.000000 1.694127 0.083290 -0.573198 1.000000
aniFrame
  m_time 1.493000
  m_vertexTransformMat 0.467245 0.320748 -0.823895 0.000000 -0.631602 0.773181 -0.057187 0.000000 0.618678 0.547094 0.563850 0.000000 2.434486 -0.288252 -0.591528 1.000000
aniFrame
  m_time 1.509000
  m_vertexTransformMat 0.421598 0.362627 -0.831119 0.000000 -0.657192 0.753710 -0.004518 0.000000 0.624784 0.548109 0.556078 0.000000 3.190064 -0.652343 -0.672693 1.000000
aniFrame
  m_time 1.525000
  m_vertexTransformMat 0.377052 0.401588 -0.834601 0.000000 -0.678557 0.733095 0.046191 0.000000 0.630391 0.548908 0.548915 0.000000 3.920441 -0.987787 -0.808643 1.000000
aniFrame
  m_time 1.541000
  m_vertexTransformMat 0.333380 0.437059 -0.835367 0.000000 -0.695109 0.712547 0.095395 0.000000 0.636931 0.548869 0.541353 0.000000 4.655319 -1.299364 -0.997941 1.000000
aniFrame
  m_time 1.557000
  m_vertexTransformMat 0.292757 0.469645 -0.832903 0.000000 -0.707185 0.692627 0.141980 0.000000 0.643571 0.547450 0.534897 0.000000 5.344672 -1.604486 -1.227079 1.000000
aniFrame
  m_time 1.573000
  m_vertexTransformMat 0.255948 0.497662 -0.828748 0.000000 -0.714601 0.674764 0.184500 0.000000 0.651028 0.545002 0.528334 0.000000 5.990182 -1.872512 -1.482492 1.000000
aniFrame
  m_time 1.589000
  m_vertexTransformMat 0.223236 0.522648 -0.822803 0.000000 -0.718131 0.658960 0.223737 0.000000 0.659130 0.540934 0.522434 0.000000 6.585847 -2.139259 -1.754465 1.000000
aniFrame
  m_time 1.605000
  m_vertexTransformMat 0.197120 0.545017 -0.814924 0.000000 -0.714016 0.649415 0.261614 0.000000 0.671807 0.530299 0.517163 0.000000 7.150909 -2.480570 -2.083321 1.000000
aniFrame
  m_time 1.621000
  m_vertexTransformMat 0.178375 0.565546 -0.805195 0.000000 -0.701783 0.646714 0.298767 0.000000 0.689697 0.511780 0.512249 0.000000 7.685840 -2.927691 -2.476678 1.000000
aniFrame
  m_time 1.637000
  m_vertexTransformMat 0.167472 0.585364 -0.793286 0.000000 -0.681060 0.650479 0.336207 0.000000 0.712819 0.483969 0.507605 0.000000 8.176785 -3.512818 -2.947253 1.000000
aniFrame
  m_time 1.653000
  m_vertexTransformMat 0.165550 0.604821 -0.778965 0.000000 -0.650194 0.660826 0.374910 0.000000 0.741513 0.444412 0.502650 0.000000 8.612266 -4.273142 -3.516824 1.000000
aniFrame
  m_time 1.669000
  m_vertexTransformMat 0.171460 0.622738 -0.763413 0.000000 -0.613337 0.673881 0.411951 0.000000 0.770986 0.397596 0.497491 0.000000 8.932743 -5.122653 -4.121338 1.000000
aniFrame
  m_time 1.685000
  m_vertexTransformMat 0.185297 0.638904 -0.746637 0.000000 -0.571214 0.688276 0.447204 0.000000 0.799613 0.343624 0.492486 0.000000 9.112876 -6.054622 -4.749386 1.000000
aniFrame
  m_time 1.701000
  m_vertexTransformMat 0.205422 0.652152 -0.729725 0.000000 -0.527023 0.701995 0.479009 0.000000 0.824651 0.286183 0.487905 0.000000 9.132936 -7.000057 -5.348387 1.000000
aniFrame
  m_time 1.717000
  m_vertexTransformMat 0.231058 0.662219 -0.712796 0.000000 -0.482643 0.714138 0.507014 0.000000 0.844789 0.226877 0.484623 0.000000 8.976208 -7.933369 -5.888106 1.000000
aniFrame
  m_time 1.733000
  m_vertexTransformMat 0.259957 0.668497 -0.696803 0.000000 -0.440865 0.724179 0.530287 0.000000 0.859105 0.169344 0.482972 0.000000 8.684577 -8.800492 -6.343682 1.000000
aniFrame
  m_time 1.749000
  m_vertexTransformMat 0.290284 0.671036 -0.682236 0.000000 -0.404193 0.732195 0.548195 0.000000 0.867389 0.116623 0.483773 0.000000 8.286975 -9.565539 -6.684710 1.000000
aniFrame
  m_time 1.765000
  m_vertexTransformMat 0.319906 0.670157 -0.669738 0.000000 -0.374613 0.738752 0.560277 0.000000 0.870244 0.071657 0.487381 0.000000 7.845461 -10.200812 -6.905272 1.000000
aniFrame
  m_time 1.781000
  m_vertexTransformMat 0.345309 0.666354 -0.660858 0.000000 -0.355934 0.744550 0.564762 0.000000 0.868373 0.040205 0.494279 0.000000 7.454419 -10.645259 -6.977767 1.000000
aniFrame
  m_time 1.797000
  m_vertexTransformMat 0.367350 0.660531 -0.654792 0.000000 -0.346178 0.750535 0.562901 0.000000 0.863258 0.019893 0.504371 0.000000 7.107954 -10.946557 -6.920175 1.000000
aniFrame
  m_time 1.813000
  m_vertexTransformMat 0.385711 0.653043 -0.651737 0.000000 -0.344336 0.757250 0.554982 0.000000 0.855955 0.010353 0.516946 0.000000 6.824895 -11.119169 -6.740837 1.000000
aniFrame
  m_time 1.829000
  m_vertexTransformMat 0.401408 0.644210 -0.651049 0.000000 -0.348770 0.764789 0.541718 0.000000 0.846895 0.009616 0.531673 0.000000 6.588921 -11.191123 -6.459872 1.000000
aniFrame
  m_time 1.845000
  m_vertexTransformMat 0.417393 0.634023 -0.650998 0.000000 -0.354619 0.773230 0.525701 0.000000 0.836677 0.011432 0.547578 0.000000 6.347341 -11.240186 -6.135147 1.000000
aniFrame
  m_time 1.861000
  m_vertexTransformMat 0.432983 0.622491 -0.651944 0.000000 -0.362596 0.782438 0.506275 0.000000 0.825257 0.017184 0.564495 0.000000 6.110826 -11.246977 -5.760348 1.000000
aniFrame
  m_time 1.877000
  m_vertexTransformMat 0.448188 0.609859 -0.653605 0.000000 -0.372164 0.792071 0.483858 0.000000 0.812786 0.026389 0.581964 0.000000 5.874658 -11.214804 -5.356345 1.000000
aniFrame
  m_time 1.893000
  m_vertexTransformMat 0.463118 0.596028 -0.655952 0.000000 -0.383302 0.802004 0.458116 0.000000 0.799125 0.039266 0.599881 0.000000 5.638471 -11.138607 -4.922995 1.000000
aniFrame
  m_time 1.909000
  m_vertexTransformMat 0.477681 0.581191 -0.658816 0.000000 -0.395051 0.811910 0.429810 0.000000 0.784701 0.054954 0.617434 0.000000 5.398950 -11.029563 -4.483900 1.000000
aniFrame
  m_time 1.925000
  m_vertexTransformMat 0.492239 0.565315 -0.661907 0.000000 -0.407856 0.821561 0.398361 0.000000 0.768996 0.073874 0.634971 0.000000 5.155168 -10.879420 -4.036547 1.000000
aniFrame
  m_time 1.941000
  m_vertexTransformMat 0.506253 0.548493 -0.665480 0.000000 -0.420112 0.830772 0.365135 0.000000 0.753136 0.094725 0.651010 0.000000 4.906312 -10.704413 -3.608599 1.000000
aniFrame
  m_time 1.957000
  m_vertexTransformMat 0.520786 0.530560 -0.668796 0.000000 -0.432796 0.839368 0.328862 0.000000 0.735847 0.118185 0.666755 0.000000 4.645836 -10.490043 -3.191187 1.000000
aniFrame
  m_time 1.973000
  m_vertexTransformMat 0.534107 0.512915 -0.672048 0.000000 -0.445695 0.846322 0.291710 0.000000 0.718392 0.143724 0.680630 0.000000 4.387249 -10.260271 -2.819823 1.000000
aniFrame
  m_time 1.989000
  m_vertexTransformMat 0.548408 0.493295 -0.675211 0.000000 -0.456974 0.853023 0.252046 0.000000 0.700303 0.170329 0.693227 0.000000 4.091132 -9.994833 -2.480617 1.000000
aniFrame
  m_time 2.005000
  m_vertexTransformMat 0.562107 0.474522 -0.677396 0.000000 -0.468696 0.857587 0.211821 0.000000 0.681440 0.198427 0.704462 0.000000 3.789247 -9.725008 -2.193434 1.000000
aniFrame
  m_time 2.021000
  m_vertexTransformMat 0.575592 0.454331 -0.679909 0.000000 -0.478451 0.861391 0.170559 0.000000 0.663158 0.227131 0.713185 0.000000 3.461313 -9.427596 -1.949572 1.000000
aniFrame
  m_time 2.037000
  m_vertexTransformMat 0.590398 0.433844 -0.680595 0.000000 -0.486898 0.863974 0.128368 0.000000 0.643708 0.255592 0.721327 0.000000 3.093778 -9.129553 -1.748452 1.000000
aniFrame
  m_time 2.053000
  m_vertexTransformMat 0.603707 0.413404 -0.681642 0.000000 -0.494233 0.864979 0.086870 0.000000 0.625518 0.284445 0.726511 0.000000 2.740431 -8.823251 -1.592962 1.000000
aniFrame
  m_time 2.069000
  m_vertexTransformMat 0.617833 0.392699 -0.681227 0.000000 -0.500012 0.864846 0.045065 0.000000 0.606854 0.312778 0.730684 0.000000 2.351693 -8.512428 -1.470541 1.000000
aniFrame
  m_time 2.085000
  m_vertexTransformMat 0.631351 0.372470 -0.680193 0.000000 -0.504398 0.863459 0.004646 0.000000 0.589049 0.340154 0.733019 0.000000 1.971208 -8.217336 -1.388245 1.000000
aniFrame
  m_time 2.101000
  m_vertexTransformMat 0.644386 0.352170 -0.678781 0.000000 -0.507252 0.861095 -0.034789 0.000000 0.572243 0.366730 0.733517 0.000000 1.597361 -7.918088 -1.328963 1.000000
aniFrame
  m_time 2.117000
  m_vertexTransformMat 0.657766 0.333606 -0.675316 0.000000 -0.508384 0.858179 -0.071231 0.000000 0.555779 0.390173 0.734081 0.000000 1.213344 -7.678088 -1.302795 1.000000
aniFrame
  m_time 2.133000
