m_aniFrameList.size 84
aniFrame
  m_time -1.066000
  m_vertexTransformMat -0.512955 0.809881 0.284554 0.000000 0.843125 0.537620 -0.010272 0.000000 -0.161301 0.234645 -0.958605 0.000000 -18.336737 25.617538 -29.842978 1.000000
aniFrame
  m_time -1.027000
  m_vertexTransformMat -0.599201 0.736898 0.312954 0.000000 0.787894 0.612134 0.067189 0.000000 -0.142058 0.286835 -0.947389 0.000000 -20.554495 24.449238 -29.523281 1.000000
aniFrame
  m_time -0.988000
  m_vertexTransformMat -0.687958 0.642397 0.337697 0.000000 0.714406 0.681376 0.159217 0.000000 -0.127818 0.350788 -0.927691 0.000000 -22.841209 22.989187 -29.220890 1.000000
aniFrame
  m_time -0.949000
  m_vertexTransformMat -0.762594 0.539953 0.356234 0.000000 0.633785 0.733894 0.244369 0.000000 -0.129491 0.412130 -0.901877 0.000000 -24.910242 21.299067 -28.832687 1.000000
aniFrame
  m_time -0.910000
  m_vertexTransformMat -0.811819 0.449887 0.372225 0.000000 0.564345 0.768159 0.302401 0.000000 -0.149882 0.455558 -0.877498 0.000000 -26.547737 19.572929 -28.223017 1.000000
aniFrame
  m_time -0.871000
  m_vertexTransformMat -0.829760 0.396732 0.392560 0.000000 0.526247 0.790430 0.313506 0.000000 -0.185913 0.466718 -0.864645 0.000000 -27.731619 18.105619 -27.385826 1.000000
aniFrame
  m_time -0.832000
  m_vertexTransformMat -0.821932 0.384959 0.419804 0.000000 0.520934 0.806112 0.280732 0.000000 -0.230339 0.449433 -0.863107 0.000000 -28.555099 17.018429 -26.338181 1.000000
aniFrame
  m_time -0.793000
  m_vertexTransformMat -0.800114 0.397150 0.449545 0.000000 0.531942 0.816134 0.225753 0.000000 -0.277231 0.419760 -0.864260 0.000000 -29.156500 16.149605 -25.164722 1.000000
aniFrame
  m_time -0.754000
  m_vertexTransformMat -0.768394 0.427626 0.476138 0.000000 0.551000 0.820487 0.152316 0.000000 -0.325531 0.379390 -0.866079 0.000000 -29.566195 15.423277 -24.080210 1.000000
aniFrame
  m_time -0.715000
  m_vertexTransformMat -0.730191 0.471328 0.494643 0.000000 0.571519 0.818077 0.064159 0.000000 -0.374416 0.329546 -0.866725 0.000000 -29.815676 14.792899 -23.269434 1.000000
aniFrame
  m_time -0.676000
  m_vertexTransformMat -0.688638 0.522988 0.502256 0.000000 0.588562 0.807732 -0.034103 0.000000 -0.423525 0.272124 -0.864046 0.000000 -29.938585 14.222851 -22.759407 1.000000
aniFrame
  m_time -0.637000
  m_vertexTransformMat -0.649615 0.574542 0.497899 0.000000 0.595208 0.791791 -0.137099 0.000000 -0.473001 0.207292 -0.856330 0.000000 -30.038803 13.560962 -22.518488 1.000000
aniFrame
  m_time -0.598000
  m_vertexTransformMat -0.616991 0.621566 0.482678 0.000000 0.590044 0.771217 -0.238898 0.000000 -0.520740 0.137404 -0.842585 0.000000 -30.147667 12.802142 -22.493639 1.000000
aniFrame
  m_time -0.559000
  m_vertexTransformMat -0.595104 0.659076 0.459858 0.000000 0.572098 0.749298 -0.333552 0.000000 -0.564407 0.064586 -0.822966 0.000000 -30.329836 11.907630 -22.599562 1.000000
aniFrame
  m_time -0.520000
  m_vertexTransformMat -0.588300 0.682531 0.433653 0.000000 0.536238 0.730681 -0.422557 0.000000 -0.605269 -0.016049 -0.795859 0.000000 -30.676794 10.723664 -22.710081 1.000000
aniFrame
  m_time -0.481000
  m_vertexTransformMat -0.604312 0.689081 0.399969 0.000000 0.461347 0.711916 -0.529466 0.000000 -0.649589 -0.135438 -0.748125 0.000000 -31.354774 8.693253 -22.769615 1.000000
aniFrame
  m_time -0.442000
  m_vertexTransformMat -0.635382 0.681448 0.363206 0.000000 0.358027 0.676715 -0.643331 0.000000 -0.684183 -0.278723 -0.673949 0.000000 -32.104763 6.148088 -22.532131 1.000000
aniFrame
  m_time -0.403000
  m_vertexTransformMat -0.667494 0.666747 0.331513 0.000000 0.260831 0.626370 -0.734594 0.000000 -0.697438 -0.403868 -0.592006 0.000000 -32.666664 3.954975 -21.980152 1.000000
aniFrame
  m_time -0.364000
  m_vertexTransformMat -0.690837 0.653348 0.309645 0.000000 0.200300 0.584456 -0.786315 0.000000 -0.694712 -0.481194 -0.534629 0.000000 -32.977043 2.782917 -21.497652 1.000000
aniFrame
  m_time -0.325000
  m_vertexTransformMat -0.697918 0.651427 0.297580 0.000000 0.203767 0.578956 -0.789486 0.000000 -0.686579 -0.490359 -0.536803 0.000000 -32.936565 3.209038 -21.767544 1.000000
aniFrame
  m_time -0.286000
  m_vertexTransformMat -0.693215 0.661540 0.286040 0.000000 0.261208 0.600494 -0.755763 0.000000 -0.671733 -0.449190 -0.589070 0.000000 -32.512390 4.881558 -22.856750 1.000000
aniFrame
  m_time -0.247000
  m_vertexTransformMat -0.680238 0.680191 0.273162 0.000000 0.346701 0.626915 -0.697693 0.000000 -0.645814 -0.379891 -0.662274 0.000000 -31.660822 7.331545 -24.332079 1.000000
aniFrame
  m_time -0.208000
  m_vertexTransformMat -0.658358 0.705947 0.261160 0.000000 0.450458 0.647492 -0.614688 0.000000 -0.603036 -0.287043 -0.744281 0.000000 -30.252134 10.425121 -25.957115 1.000000
aniFrame
  m_time -0.169000
  m_vertexTransformMat -0.627960 0.735972 0.253006 0.000000 0.559548 0.652921 -0.510490 0.000000 -0.540899 -0.178998 -0.821820 0.000000 -28.245792 13.891657 -27.463675 1.000000
aniFrame
  m_time -0.130000
  m_vertexTransformMat -0.591885 0.765911 0.251106 0.000000 0.661575 0.639596 -0.391454 0.000000 -0.460425 -0.065570 -0.885274 0.000000 -25.762737 17.408577 -28.675411 1.000000
aniFrame
  m_time -0.091000
  m_vertexTransformMat -0.555391 0.791224 0.255939 0.000000 0.746060 0.610034 -0.266931 0.000000 -0.367334 0.042694 -0.929109 0.000000 -23.085842 20.641708 -29.478407 1.000000
aniFrame
  m_time -0.052000
  m_vertexTransformMat -0.526074 0.807651 0.266359 0.000000 0.805916 0.573461 -0.147115 0.000000 -0.271564 0.137269 -0.952581 0.000000 -20.594158 23.299273 -29.851316 1.000000
aniFrame
  m_time -0.013000
  m_vertexTransformMat -0.511248 0.812778 0.279317 0.000000 0.838914 0.542545 -0.043234 0.000000 -0.186682 0.212220 -0.959225 0.000000 -18.718302 25.187880 -29.885042 1.000000
aniFrame
  m_time 0.025000
  m_vertexTransformMat -0.533970 0.792111 0.295696 0.000000 0.836702 0.545374 0.049975 0.000000 -0.121679 0.274095 -0.953974 0.000000 -18.276676 25.973150 -29.741533 1.000000
aniFrame
  m_time 0.064000
  m_vertexTransformMat -0.610692 0.725852 0.316536 0.000000 0.787428 0.598915 0.145804 0.000000 -0.083745 0.338290 -0.937308 0.000000 -19.842575 25.366146 -29.537718 1.000000
aniFrame
  m_time 0.103000
  m_vertexTransformMat -0.707165 0.621428 0.337260 0.000000 0.702191 0.673081 0.232144 0.000000 -0.082742 0.400985 -0.912341 0.000000 -22.551857 23.567991 -29.227488 1.000000
aniFrame
  m_time 0.142000
  m_vertexTransformMat -0.785981 0.503500 0.358779 0.000000 0.607072 0.738382 0.293695 0.000000 -0.117041 0.448643 -0.886014 0.000000 -25.283514 21.052568 -28.631168 1.000000
aniFrame
  m_time 0.181000
  m_vertexTransformMat -0.825513 0.414445 0.383099 0.000000 0.538857 0.780616 0.316657 0.000000 -0.167816 0.467840 -0.867735 0.000000 -27.256067 18.724859 -27.741098 1.000000
aniFrame
  m_time 0.220000
  m_vertexTransformMat -0.826888 0.384997 0.409919 0.000000 0.519745 0.801547 0.295613 0.000000 -0.214760 0.457493 -0.862890 0.000000 -28.310867 17.347334 -26.720205 1.000000
aniFrame
  m_time 0.259000
  m_vertexTransformMat -0.808889 0.390687 0.439390 0.000000 0.526972 0.813173 0.247084 0.000000 -0.260768 0.431409 -0.863648 0.000000 -28.971029 16.438086 -25.568888 1.000000
aniFrame
  m_time 0.298000
  m_vertexTransformMat -0.780120 0.415479 0.467750 0.000000 0.544219 0.819455 0.179777 0.000000 -0.308606 0.394806 -0.865384 0.000000 -29.440943 15.675054 -24.425999 1.000000
aniFrame
  m_time 0.337000
  m_vertexTransformMat -0.743676 0.455276 0.489562 0.000000 0.565148 0.819320 0.096557 0.000000 -0.357148 0.348482 -0.866606 0.000000 -29.737123 15.027517 -23.506718 1.000000
aniFrame
  m_time 0.376000
  m_vertexTransformMat -0.702673 0.504878 0.501348 0.000000 0.584133 0.811657 0.001332 0.000000 -0.406250 0.293790 -0.865245 0.000000 -29.897903 14.449674 -22.892012 1.000000
aniFrame
  m_time 0.415000
  m_vertexTransformMat -0.662583 0.556531 0.501256 0.000000 0.594057 0.798079 -0.100833 0.000000 -0.456158 0.230964 -0.859404 0.000000 -30.015285 13.800221 -22.557133 1.000000
aniFrame
  m_time 0.454000
  m_vertexTransformMat -0.627375 0.605827 0.489259 0.000000 0.593352 0.778796 -0.203494 0.000000 -0.504315 0.162636 -0.848066 0.000000 -30.105480 13.082323 -22.479475 1.000000
aniFrame
  m_time 0.493000
  m_vertexTransformMat -0.601327 0.647202 0.468546 0.000000 0.579813 0.756939 -0.301433 0.000000 -0.549748 0.090409 -0.830424 0.000000 -30.254822 12.234706 -22.554379 1.000000
aniFrame
  m_time 0.532000
  m_vertexTransformMat -0.588056 0.676211 0.443767 0.000000 0.553009 0.736527 -0.389499 0.000000 -0.590229 0.016360 -0.807070 0.000000 -30.512234 11.229402 -22.666866 1.000000
aniFrame
  m_time 0.571000
  m_vertexTransformMat -0.596077 0.688767 0.412665 0.000000 0.493093 0.719632 -0.488866 0.000000 -0.633681 -0.087920 -0.768582 0.000000 -31.079264 9.522669 -22.774164 1.000000
aniFrame
  m_time 0.610000
  m_vertexTransformMat -0.623729 0.685533 0.375508 0.000000 0.396153 0.691389 -0.604189 0.000000 -0.673813 -0.228091 -0.702816 0.000000 -31.849026 7.056557 -22.676235 1.000000
aniFrame
  m_time 0.649000
  m_vertexTransformMat -0.656759 0.672488 0.341217 0.000000 0.293234 0.644615 -0.706036 0.000000 -0.694754 -0.363639 -0.620552 0.000000 -32.484417 4.656017 -22.218882 1.000000
aniFrame
  m_time 0.688000
  m_vertexTransformMat -0.684351 0.657868 0.314442 0.000000 0.217457 0.595760 -0.773163 0.000000 -0.695972 -0.460737 -0.550767 0.000000 -32.876305 3.059700 -21.680525 1.000000
aniFrame
  m_time 0.727000
  m_vertexTransformMat -0.697872 0.650396 0.299932 0.000000 0.196485 0.576558 -0.793080 0.000000 -0.688744 -0.494536 -0.530156 0.000000 -32.970943 2.873166 -21.620728 1.000000
aniFrame
  m_time 0.766000
  m_vertexTransformMat -0.696010 0.656929 0.289854 0.000000 0.238243 0.592093 -0.769848 0.000000 -0.677356 -0.466766 -0.568611 0.000000 -32.691147 4.207170 -22.446272 1.000000
aniFrame
  m_time 0.805000
  m_vertexTransformMat -0.685955 0.672670 0.277455 0.000000 0.314243 0.617772 -0.720840 0.000000 -0.656292 -0.407275 -0.635145 0.000000 -32.011005 6.384598 -23.794243 1.000000
aniFrame
  m_time 0.844000
  m_vertexTransformMat -0.667237 0.696155 0.264883 0.000000 0.412919 0.641689 -0.646323 0.000000 -0.619914 -0.321875 -0.715614 0.000000 -30.809048 9.278344 -25.397385 1.000000
aniFrame
  m_time 0.883000
  m_vertexTransformMat -0.639530 0.725196 0.255130 0.000000 0.521504 0.653081 -0.549109 0.000000 -0.564832 -0.218120 -0.795857 0.000000 -29.012314 12.650313 -26.965773 1.000000
aniFrame
  m_time 0.922000
  m_vertexTransformMat -0.604858 0.755813 0.250788 0.000000 0.627423 0.646250 -0.434398 0.000000 -0.490395 -0.105399 -0.865104 0.000000 -26.669813 16.193157 -28.299282 1.000000
aniFrame
  m_time 0.961000
  m_vertexTransformMat -0.567634 0.783294 0.253461 0.000000 0.718997 0.621625 -0.310848 0.000000 -0.401043 0.005790 -0.916041 0.000000 -24.023224 19.563757 -29.247570 1.000000
aniFrame
  m_time 1.000000
  m_vertexTransformMat -0.534899 0.803222 0.262142 0.000000 0.787963 0.586208 -0.188349 0.000000 -0.304956 0.105810 -0.946471 0.000000 -21.419788 22.447399 -29.766001 1.000000
aniFrame
  m_time 1.039000
  m_vertexTransformMat -0.514671 0.812188 0.274708 0.000000 0.830102 0.552211 -0.077426 0.000000 -0.214581 0.188187 -0.958405 0.000000 -19.291220 24.613342 -29.904072 1.000000
aniFrame
  m_time 1.078000
  m_vertexTransformMat -0.519979 0.803676 0.289355 0.000000 0.842332 0.538674 0.017540 0.000000 -0.141771 0.252853 -0.957062 0.000000 -18.210028 25.846622 -29.804256 1.000000
aniFrame
  m_time 1.117000
  m_vertexTransformMat -0.578975 0.754488 0.309089 0.000000 0.809993 0.575609 0.112187 0.000000 -0.093270 0.315314 -0.944393 0.000000 -19.094025 25.736736 -29.613079 1.000000
aniFrame
  m_time 1.156000
  m_vertexTransformMat -0.674005 0.660830 0.330183 0.000000 0.734518 0.647143 0.204180 0.000000 -0.078747 0.380144 -0.921569 0.000000 -21.556131 24.304739 -29.357439 1.000000
aniFrame
  m_time 1.195000
  m_vertexTransformMat -0.762490 0.543430 0.351131 0.000000 0.638894 0.718047 0.276085 0.000000 -0.102096 0.434847 -0.894698 0.000000 -24.393536 21.956371 -28.875517 1.000000
aniFrame
  m_time 1.234000
  m_vertexTransformMat -0.817043 0.438457 0.374428 0.000000 0.556687 0.768983 0.314269 0.000000 -0.150136 0.465210 -0.872376 0.000000 -26.691685 19.429726 -28.065899 1.000000
aniFrame
  m_time 1.273000
  m_vertexTransformMat -0.829967 0.388477 0.400303 0.000000 0.521035 0.796166 0.307642 0.000000 -0.199196 0.463904 -0.863200 0.000000 -28.029781 17.714090 -27.089245 1.000000
aniFrame
  m_time 1.312000
  m_vertexTransformMat -0.816605 0.386395 0.428785 0.000000 0.522964 0.809675 0.266337 0.000000 -0.244265 0.441731 -0.863255 0.000000 -28.758083 16.740101 -25.988173 1.000000
aniFrame
  m_time 1.351000
  m_vertexTransformMat -0.791198 0.404801 0.458413 0.000000 0.537432 0.817934 0.205307 0.000000 -0.291843 0.408805 -0.864701 0.000000 -29.300386 15.926790 -24.808102 1.000000
aniFrame
  m_time 1.390000
  m_vertexTransformMat -0.757158 0.439716 0.483076 0.000000 0.557445 0.820458 0.126905 0.000000 -0.340541 0.365375 -0.866333 0.000000 -29.662394 15.230254 -23.789900 1.000000
aniFrame
  m_time 1.429000
  m_vertexTransformMat -0.717585 0.486250 0.498632 0.000000 0.577254 0.815807 0.035182 0.000000 -0.389680 0.313083 -0.866100 0.000000 -29.873331 14.618941 -23.068972 1.000000
aniFrame
  m_time 1.468000
  m_vertexTransformMat -0.676330 0.538236 0.502872 0.000000 0.591347 0.803794 -0.064997 0.000000 -0.439189 0.253413 -0.861914 0.000000 -29.985638 14.022897 -22.633991 1.000000
aniFrame
  m_time 1.507000
  m_vertexTransformMat -0.638690 0.589121 0.494987 0.000000 0.594774 0.786109 -0.168159 0.000000 -0.488180 0.187005 -0.852473 0.000000 -30.073343 13.343268 -22.466974 1.000000
aniFrame
  m_time 1.546000
  m_vertexTransformMat -0.608984 0.633854 0.476830 0.000000 0.585861 0.764710 -0.268302 0.000000 -0.534701 0.115964 -0.837047 0.000000 -30.193737 12.547411 -22.502035 1.000000
aniFrame
  m_time 1.585000
  m_vertexTransformMat -0.590786 0.667751 0.452859 0.000000 0.564793 0.743099 -0.358905 0.000000 -0.576178 0.043736 -0.816153 0.000000 -30.397646 11.627031 -22.625084 1.000000
aniFrame
  m_time 1.624000
  m_vertexTransformMat -0.590595 0.686155 0.424723 0.000000 0.518514 0.725961 -0.451801 0.000000 -0.618337 -0.046607 -0.784530 0.000000 -30.845539 10.219452 -22.736963 1.000000
aniFrame
  m_time 1.663000
  m_vertexTransformMat -0.612817 0.687993 0.388743 0.000000 0.431914 0.703572 -0.564302 0.000000 -0.661744 -0.177910 -0.728315 0.000000 -31.587460 7.944007 -22.743898 1.000000
aniFrame
  m_time 1.702000
  m_vertexTransformMat -0.645545 0.677527 0.352461 0.000000 0.327976 0.662719 -0.673228 0.000000 -0.689713 -0.319000 -0.650027 0.000000 -32.278580 5.436580 -22.423866 1.000000
aniFrame
  m_time 1.741000
  m_vertexTransformMat -0.676158 0.662183 0.322993 0.000000 0.238991 0.611826 -0.754025 0.000000 -0.696917 -0.432647 -0.571947 0.000000 -32.766739 3.478694 -21.850424 1.000000
aniFrame
  m_time 1.780000
  m_vertexTransformMat -0.695363 0.650721 0.305013 0.000000 0.194632 0.579078 -0.791699 0.000000 -0.691801 -0.491153 -0.529321 0.000000 -32.994934 2.721563 -21.505022 1.000000
aniFrame
  m_time 1.819000
  m_vertexTransformMat -0.697810 0.652559 0.295344 0.000000 0.215891 0.584766 -0.781946 0.000000 -0.682973 -0.481888 -0.548937 0.000000 -32.855423 3.579454 -22.003963 1.000000
aniFrame
  m_time 1.858000
  m_vertexTransformMat -0.693535 0.660364 0.287974 0.000000 0.273564 0.611188 -0.742706 0.000000 -0.666462 -0.436313 -0.604532 0.000000 -32.399700 5.217489 -23.029474 1.000000
aniFrame
  m_time 1.897000
  m_vertexTransformMat -0.683983 0.672452 0.282801 0.000000 0.350327 0.642821 -0.681214 0.000000 -0.639874 -0.366866 -0.675257 0.000000 -31.622347 7.410626 -24.263386 1.000000
aniFrame
  m_time 1.936000
  m_vertexTransformMat -0.668962 0.689009 0.278849 0.000000 0.441203 0.669993 -0.597034 0.000000 -0.598188 -0.276364 -0.752193 0.000000 -30.416216 10.113868 -25.617947 1.000000
aniFrame
  m_time 1.975000
  m_vertexTransformMat -0.647999 0.709740 0.276345 0.000000 0.538354 0.683473 -0.492990 0.000000 -0.538769 -0.170686 -0.824982 0.000000 -28.725281 13.202187 -26.954498 1.000000
aniFrame
  m_time 2.014000
  m_vertexTransformMat -0.621067 0.733659 0.275720 0.000000 0.633502 0.677043 -0.374553 0.000000 -0.461468 -0.057953 -0.885262 0.000000 -26.594275 16.496376 -28.157076 1.000000
aniFrame
  m_time 2.053000
  m_vertexTransformMat -0.588812 0.759274 0.277134 0.000000 0.719043 0.648658 -0.249441 0.000000 -0.369159 0.052398 -0.927889 0.000000 -24.096674 19.782026 -29.087212 1.000000
aniFrame
  m_time 2.092000
  m_vertexTransformMat -0.552732 0.784842 0.280198 0.000000 0.789203 0.600964 -0.126496 0.000000 -0.267668 0.151214 -0.951571 0.000000 -21.333332 22.842819 -29.656851 1.000000
aniFrame
  m_time 2.131000
  m_vertexTransformMat -0.514998 0.808557 0.284626 0.000000 0.840864 0.541024 -0.015478 0.000000 -0.166505 0.231360 -0.958514 0.000000 -18.487385 25.491785 -29.832115 1.000000
aniFrame
  m_time 2.133000
  m_vertexTransformMat -0.512955 0.809881 0.284554 0.000000 0.843125 0.537620 -0.010272 0.000000 -0.161301 0.234645 -0.958605 0.000000 -18.336737 25.617544 -29.842978 1.000000
