m_aniFrameList.size 202
aniFrame
  m_time -1.066000
  m_vertexTransformMat 0.949505 -0.045112 0.310491 0.000000 0.047303 0.998881 0.000473 0.000000 -0.310165 0.014238 0.950577 0.000000 -1.102012 0.454985 -0.744917 1.000000
aniFrame
  m_time -1.050000
  m_vertexTransformMat 0.939734 -0.005994 0.341854 0.000000 0.007746 0.999963 -0.003762 0.000000 -0.341819 0.006183 0.939746 0.000000 -1.165529 0.464259 -0.885634 1.000000
aniFrame
  m_time -1.034000
  m_vertexTransformMat 0.927128 0.033336 0.373260 0.000000 -0.032408 0.999437 -0.008763 0.000000 -0.373342 -0.003972 0.927686 0.000000 -1.225476 0.478137 -1.033929 1.000000
aniFrame
  m_time -1.018000
  m_vertexTransformMat 0.910007 0.074496 0.407846 0.000000 -0.075109 0.997070 -0.014534 0.000000 -0.407734 -0.017407 0.912935 0.000000 -1.297327 0.479471 -1.205457 1.000000
aniFrame
  m_time -1.002000
  m_vertexTransformMat 0.889743 0.114551 0.441855 0.000000 -0.117507 0.992855 -0.020781 0.000000 -0.441078 -0.033431 0.896846 0.000000 -1.361171 0.477371 -1.381269 1.000000
aniFrame
  m_time -0.986000
  m_vertexTransformMat 0.868710 0.150688 0.471843 0.000000 -0.156569 0.987297 -0.027043 0.000000 -0.469924 -0.050384 0.881268 0.000000 -1.397078 0.476298 -1.537039 1.000000
aniFrame
  m_time -0.970000
  m_vertexTransformMat 0.848257 0.182371 0.497194 0.000000 -0.191530 0.980931 -0.033038 0.000000 -0.493737 -0.067203 0.867011 0.000000 -1.403361 0.479871 -1.666156 1.000000
aniFrame
  m_time -0.954000
  m_vertexTransformMat 0.832291 0.206729 0.514349 0.000000 -0.218728 0.975048 -0.037961 0.000000 -0.509362 -0.080908 0.856741 0.000000 -1.361188 0.501883 -1.737432 1.000000
aniFrame
  m_time -0.938000
  m_vertexTransformMat 0.821940 0.224609 0.523418 0.000000 -0.238519 0.970239 -0.041795 0.000000 -0.517227 -0.090492 0.851051 0.000000 -1.273037 0.541701 -1.750012 1.000000
aniFrame
  m_time -0.922000
  m_vertexTransformMat 0.822249 0.233895 0.518845 0.000000 -0.247510 0.967883 -0.044074 0.000000 -0.512490 -0.092179 0.853732 0.000000 -1.115938 0.619453 -1.675585 1.000000
aniFrame
  m_time -0.906000
  m_vertexTransformMat 0.832167 0.235346 0.502107 0.000000 -0.246775 0.968040 -0.044743 0.000000 -0.496589 -0.086674 0.863648 0.000000 -0.899054 0.725438 -1.522580 1.000000
aniFrame
  m_time -0.890000
  m_vertexTransformMat 0.848798 0.231444 0.475370 0.000000 -0.239590 0.969859 -0.044397 0.000000 -0.471317 -0.076210 0.878666 0.000000 -0.645602 0.848352 -1.320093 1.000000
aniFrame
  m_time -0.874000
  m_vertexTransformMat 0.871161 0.221143 0.438379 0.000000 -0.225617 0.973284 -0.042625 0.000000 -0.436093 -0.061772 0.897780 0.000000 -0.353782 0.981101 -1.071571 1.000000
aniFrame
  m_time -0.858000
  m_vertexTransformMat 0.892954 0.207970 0.399228 0.000000 -0.209710 0.976951 -0.039864 0.000000 -0.398316 -0.048126 0.915985 0.000000 -0.072345 1.094498 -0.819926 1.000000
aniFrame
  m_time -0.842000
  m_vertexTransformMat 0.914057 0.191735 0.357403 0.000000 -0.191603 0.980807 -0.036148 0.000000 -0.357474 -0.035438 0.933251 0.000000 0.202064 1.189015 -0.564476 1.000000
aniFrame
  m_time -0.826000
  m_vertexTransformMat 0.930063 0.176624 0.322159 0.000000 -0.175710 0.983917 -0.032166 0.000000 -0.322659 -0.026690 0.946139 0.000000 0.415800 1.244303 -0.340690 1.000000
aniFrame
  m_time -0.810000
  m_vertexTransformMat 0.941697 0.163672 0.293971 0.000000 -0.162563 0.986291 -0.028383 0.000000 -0.294587 -0.021061 0.955393 0.000000 0.568552 1.265742 -0.144263 1.000000
aniFrame
  m_time -0.794000
  m_vertexTransformMat 0.948453 0.151763 0.278218 0.000000 -0.150991 0.988236 -0.024333 0.000000 -0.278637 -0.018930 0.960210 0.000000 0.610775 1.251757 -0.000466 1.000000
aniFrame
  m_time -0.778000
  m_vertexTransformMat 0.950412 0.141397 0.276990 0.000000 -0.141376 0.989751 -0.020151 0.000000 -0.277001 -0.020008 0.960662 0.000000 0.527722 1.205559 0.088301 1.000000
aniFrame
  m_time -0.762000
  m_vertexTransformMat 0.949990 0.130363 0.283768 0.000000 -0.131460 0.991204 -0.015261 0.000000 -0.283261 -0.022806 0.958772 0.000000 0.360875 1.136944 0.127155 1.000000
aniFrame
  m_time -0.746000
  m_vertexTransformMat 0.947157 0.117669 0.298408 0.000000 -0.120305 0.992691 -0.009588 0.000000 -0.297356 -0.026819 0.954391 0.000000 0.106150 1.053493 0.110957 1.000000
aniFrame
  m_time -0.730000
  m_vertexTransformMat 0.943339 0.105736 0.314535 0.000000 -0.110248 0.993899 -0.003467 0.000000 -0.312982 -0.031406 0.949241 0.000000 -0.172696 0.958166 0.060418 1.000000
aniFrame
  m_time -0.714000
  m_vertexTransformMat 0.938930 0.095247 0.330665 0.000000 -0.101672 0.994816 0.002145 0.000000 -0.328747 -0.035633 0.943746 0.000000 -0.460907 0.866638 -0.023190 1.000000
aniFrame
  m_time -0.698000
  m_vertexTransformMat 0.935648 0.087735 0.341856 0.000000 -0.096118 0.995342 0.007624 0.000000 -0.339595 -0.039991 0.939722 0.000000 -0.708043 0.769610 -0.113016 1.000000
aniFrame
  m_time -0.682000
  m_vertexTransformMat 0.934816 0.084389 0.344962 0.000000 -0.094116 0.995495 0.011515 0.000000 -0.342436 -0.043231 0.938546 0.000000 -0.881629 0.685565 -0.193436 1.000000
aniFrame
  m_time -0.666000
  m_vertexTransformMat 0.936911 0.086430 0.338714 0.000000 -0.097088 0.995169 0.014617 0.000000 -0.335814 -0.046580 0.940776 0.000000 -0.965839 0.607158 -0.261123 1.000000
aniFrame
  m_time -0.650000
  m_vertexTransformMat 0.942491 0.096014 0.320143 0.000000 -0.107036 0.994111 0.016966 0.000000 -0.316629 -0.050257 0.947217 0.000000 -0.935894 0.539211 -0.308119 1.000000
aniFrame
  m_time -0.634000
  m_vertexTransformMat 0.949932 0.111625 0.291837 0.000000 -0.122297 0.992322 0.018523 0.000000 -0.287528 -0.053286 0.956289 0.000000 -0.809202 0.495042 -0.347538 1.000000
aniFrame
  m_time -0.618000
  m_vertexTransformMat 0.957269 0.132092 0.257270 0.000000 -0.142267 0.989601 0.021261 0.000000 -0.251786 -0.056954 0.966106 0.000000 -0.626847 0.453925 -0.389074 1.000000
aniFrame
  m_time -0.602000
  m_vertexTransformMat 0.963414 0.156305 0.217720 0.000000 -0.165350 0.985947 0.023849 0.000000 -0.210933 -0.058977 0.975720 0.000000 -0.403793 0.443327 -0.437181 1.000000
aniFrame
  m_time -0.586000
  m_vertexTransformMat 0.967614 0.181084 0.175874 0.000000 -0.188731 0.981641 0.027626 0.000000 -0.167643 -0.059924 0.984025 0.000000 -0.157273 0.439928 -0.495295 1.000000
aniFrame
  m_time -0.570000
  m_vertexTransformMat 0.969351 0.205749 0.134265 0.000000 -0.211725 0.976815 0.031707 0.000000 -0.124628 -0.059162 0.990438 0.000000 0.073043 0.454501 -0.563687 1.000000
aniFrame
  m_time -0.554000
  m_vertexTransformMat 0.969236 0.226552 0.096212 0.000000 -0.230822 0.972341 0.035706 0.000000 -0.085461 -0.056816 0.994721 0.000000 0.268841 0.480999 -0.635429 1.000000
aniFrame
  m_time -0.538000
  m_vertexTransformMat 0.967863 0.243725 0.061964 0.000000 -0.246440 0.968304 0.040674 0.000000 -0.050086 -0.054638 0.997250 0.000000 0.423265 0.497120 -0.712650 1.000000
aniFrame
  m_time -0.522000
  m_vertexTransformMat 0.966236 0.255470 0.033503 0.000000 -0.256835 0.965356 0.046084 0.000000 -0.020569 -0.053132 0.998376 0.000000 0.509276 0.514137 -0.809923 1.000000
aniFrame
  m_time -0.506000
  m_vertexTransformMat 0.964902 0.262418 0.010114 0.000000 -0.262581 0.963472 0.052671 0.000000 0.004077 -0.053478 0.998561 0.000000 0.537765 0.514317 -0.918318 1.000000
aniFrame
  m_time -0.490000
  m_vertexTransformMat 0.963559 0.267243 -0.011626 0.000000 -0.266095 0.962050 0.060441 0.000000 0.027337 -0.055145 0.998105 0.000000 0.539001 0.518934 -1.040294 1.000000
aniFrame
  m_time -0.474000
  m_vertexTransformMat 0.962412 0.269768 -0.031440 0.000000 -0.267132 0.961135 0.069726 0.000000 0.049028 -0.058707 0.997071 0.000000 0.513232 0.519161 -1.170612 1.000000
aniFrame
  m_time -0.458000
  m_vertexTransformMat 0.960923 0.271920 -0.051822 0.000000 -0.267481 0.960311 0.079103 0.000000 0.071275 -0.062151 0.995519 0.000000 0.493580 0.536061 -1.283911 1.000000
aniFrame
  m_time -0.442000
  m_vertexTransformMat 0.959082 0.273702 -0.072456 0.000000 -0.267097 0.959537 0.089156 0.000000 0.093926 -0.066155 0.993379 0.000000 0.479454 0.560183 -1.384001 1.000000
aniFrame
  m_time -0.426000
  m_vertexTransformMat 0.956098 0.276985 -0.095696 0.000000 -0.267816 0.958436 0.098370 0.000000 0.118965 -0.068423 0.990538 0.000000 0.500942 0.612174 -1.452870 1.000000
aniFrame
  m_time -0.410000
  m_vertexTransformMat 0.951783 0.281901 -0.121003 0.000000 -0.269780 0.956923 0.107319 0.000000 0.146044 -0.069500 0.986834 0.000000 0.553610 0.684683 -1.495485 1.000000
aniFrame
  m_time -0.394000
  m_vertexTransformMat 0.944642 0.290144 -0.153192 0.000000 -0.274680 0.954704 0.114419 0.000000 0.179451 -0.066006 0.981551 0.000000 0.701339 0.796234 -1.522034 1.000000
aniFrame
  m_time -0.378000
  m_vertexTransformMat 0.933445 0.302144 -0.193366 0.000000 -0.283075 0.951524 0.120298 0.000000 0.220340 -0.057555 0.973724 0.000000 0.955695 0.948079 -1.540281 1.000000
aniFrame
  m_time -0.362000
  m_vertexTransformMat 0.918787 0.315316 -0.237499 0.000000 -0.293271 0.947953 0.124006 0.000000 0.264239 -0.044284 0.963440 0.000000 1.291102 1.126788 -1.562300 1.000000
aniFrame
  m_time -0.346000
  m_vertexTransformMat 0.899803 0.329021 -0.286530 0.000000 -0.305210 0.943979 0.125500 0.000000 0.311771 -0.025473 0.949816 0.000000 1.718799 1.334584 -1.595728 1.000000
aniFrame
  m_time -0.330000
  m_vertexTransformMat 0.879488 0.340381 -0.332628 0.000000 -0.316508 0.940275 0.125325 0.000000 0.355420 -0.004942 0.934694 0.000000 2.160657 1.535647 -1.623935 1.000000
aniFrame
  m_time -0.314000
  m_vertexTransformMat 0.859064 0.348686 -0.374737 0.000000 -0.326782 0.937087 0.122813 0.000000 0.393984 0.016953 0.918961 0.000000 2.607189 1.723984 -1.636350 1.000000
aniFrame
  m_time -0.298000
  m_vertexTransformMat 0.842276 0.352831 -0.407531 0.000000 -0.334148 0.934993 0.118886 0.000000 0.422985 0.036041 0.905420 0.000000 2.996718 1.868686 -1.617995 1.000000
aniFrame
  m_time -0.282000
  m_vertexTransformMat 0.831865 0.352774 -0.428430 0.000000 -0.337833 0.934350 0.113399 0.000000 0.440308 0.050405 0.896431 0.000000 3.295498 1.953624 -1.552595 1.000000
aniFrame
  m_time -0.266000
  m_vertexTransformMat 0.829552 0.349092 -0.435865 0.000000 -0.337910 0.935202 0.105900 0.000000 0.444591 0.059433 0.893760 0.000000 3.501895 1.982628 -1.436565 1.000000
aniFrame
  m_time -0.250000
  m_vertexTransformMat 0.837943 0.341662 -0.425580 0.000000 -0.333645 0.937803 0.095955 0.000000 0.431895 0.061588 0.899819 0.000000 3.585328 1.951487 -1.259468 1.000000
aniFrame
  m_time -0.234000
  m_vertexTransformMat 0.853688 0.331432 -0.401709 0.000000 -0.326017 0.941620 0.084057 0.000000 0.406116 0.059205 0.911902 0.000000 3.582056 1.876818 -1.042709 1.000000
aniFrame
  m_time -0.218000
  m_vertexTransformMat 0.874123 0.318915 -0.366337 0.000000 -0.315601 0.946255 0.070702 0.000000 0.369196 0.053815 0.927793 0.000000 3.519261 1.773858 -0.806880 1.000000
aniFrame
  m_time -0.202000
  m_vertexTransformMat 0.896952 0.303983 -0.321046 0.000000 -0.302146 0.951565 0.056842 0.000000 0.322776 0.046018 0.945356 0.000000 3.394197 1.645170 -0.568294 1.000000
aniFrame
  m_time -0.186000
  m_vertexTransformMat 0.919077 0.286928 -0.270130 0.000000 -0.286062 0.957225 0.043465 0.000000 0.271047 0.037326 0.961842 0.000000 3.222780 1.503843 -0.352479 1.000000
aniFrame
  m_time -0.170000
  m_vertexTransformMat 0.939333 0.267615 -0.214558 0.000000 -0.267297 0.963114 0.031052 0.000000 0.214954 0.028183 0.976218 0.000000 3.004618 1.353611 -0.169215 1.000000
aniFrame
  m_time -0.154000
  m_vertexTransformMat 0.955370 0.247418 -0.161405 0.000000 -0.247360 0.968701 0.020781 0.000000 0.161495 0.020072 0.986670 0.000000 2.769567 1.202456 -0.041713 1.000000
aniFrame
  m_time -0.138000
  m_vertexTransformMat 0.968228 0.224964 -0.109211 0.000000 -0.225061 0.974276 0.011605 0.000000 0.109012 0.013343 0.993951 0.000000 2.498982 1.062417 0.036429 1.000000
aniFrame
  m_time -0.122000
  m_vertexTransformMat 0.978737 0.196490 -0.058877 0.000000 -0.196505 0.980487 0.005585 0.000000 0.058826 0.006104 0.998250 0.000000 2.175945 0.907775 0.065251 1.000000
aniFrame
  m_time -0.106000
  m_vertexTransformMat 0.986677 0.162400 -0.009721 0.000000 -0.162399 0.986725 0.000875 0.000000 0.009734 0.000715 0.999953 0.000000 1.793322 0.775406 0.046902 1.000000
aniFrame
  m_time -0.090000
  m_vertexTransformMat 0.991521 0.122905 0.042212 0.000000 -0.122960 0.992411 -0.001292 0.000000 -0.042051 -0.003909 0.999108 0.000000 1.340102 0.645469 -0.007236 1.000000
aniFrame
  m_time -0.074000
  m_vertexTransformMat 0.992393 0.078565 0.094785 0.000000 -0.078758 0.996893 -0.001712 0.000000 -0.094625 -0.005766 0.995497 0.000000 0.844576 0.546297 -0.101255 1.000000
aniFrame
  m_time -0.058000
  m_vertexTransformMat 0.988412 0.037436 0.147109 0.000000 -0.037662 0.999290 -0.001253 0.000000 -0.147052 -0.004302 0.989120 0.000000 0.334338 0.483142 -0.220122 1.000000
aniFrame
  m_time -0.042000
  m_vertexTransformMat 0.980426 -0.000492 0.196887 0.000000 0.000440 1.000000 0.000307 0.000000 -0.196887 -0.000214 0.980427 0.000000 -0.150123 0.444244 -0.361760 1.000000
aniFrame
  m_time -0.026000
  m_vertexTransformMat 0.969704 -0.027235 0.242761 0.000000 0.027889 0.999611 0.000745 0.000000 -0.242687 0.006048 0.970086 0.000000 -0.568344 0.446814 -0.506877 1.000000
aniFrame
  m_time -0.010000
  m_vertexTransformMat 0.957768 -0.043449 0.284240 0.000000 0.044946 0.998989 0.001255 0.000000 -0.284007 0.011573 0.958753 0.000000 -0.915131 0.447758 -0.647290 1.000000
aniFrame
  m_time 0.005000
  m_vertexTransformMat 0.945327 -0.042384 0.323358 0.000000 0.044931 0.998990 -0.000414 0.000000 -0.323013 0.014920 0.946277 0.000000 -1.181043 0.459945 -0.795646 1.000000
aniFrame
  m_time 0.021000
  m_vertexTransformMat 0.932572 -0.022789 0.360267 0.000000 0.025907 0.999658 -0.003828 0.000000 -0.360056 0.012903 0.932842 0.000000 -1.364214 0.456743 -0.950100 1.000000
aniFrame
  m_time 0.037000
  m_vertexTransformMat 0.918378 0.008629 0.395611 0.000000 -0.005466 0.999944 -0.009121 0.000000 -0.395668 0.006214 0.918373 0.000000 -1.493096 0.447356 -1.113006 1.000000
aniFrame
  m_time 0.053000
  m_vertexTransformMat 0.901305 0.051781 0.430079 0.000000 -0.049773 0.998634 -0.015926 0.000000 -0.430316 -0.007052 0.902651 0.000000 -1.575240 0.425780 -1.292296 1.000000
aniFrame
  m_time 0.069000
  m_vertexTransformMat 0.882429 0.097125 0.460310 0.000000 -0.097348 0.994978 -0.023321 0.000000 -0.460263 -0.024231 0.887452 0.000000 -1.605902 0.405630 -1.456402 1.000000
aniFrame
  m_time 0.085000
  m_vertexTransformMat 0.862175 0.143087 0.485985 0.000000 -0.146449 0.988724 -0.031294 0.000000 -0.484982 -0.044191 0.873408 0.000000 -1.585436 0.388993 -1.597994 1.000000
aniFrame
  m_time 0.101000
  m_vertexTransformMat 0.843543 0.182362 0.505153 0.000000 -0.189322 0.981178 -0.038065 0.000000 -0.502586 -0.063527 0.862191 0.000000 -1.521084 0.391049 -1.697780 1.000000
aniFrame
  m_time 0.117000
  m_vertexTransformMat 0.828749 0.211502 0.518115 0.000000 -0.221661 0.974171 -0.043113 0.000000 -0.513851 -0.079116 0.854224 0.000000 -1.422845 0.418801 -1.744317 1.000000
aniFrame
  m_time 0.133000
  m_vertexTransformMat 0.821176 0.230802 0.521920 0.000000 -0.242901 0.968945 -0.046310 0.000000 -0.516400 -0.088746 0.851737 0.000000 -1.281121 0.477789 -1.726481 1.000000
aniFrame
  m_time 0.149000
  m_vertexTransformMat 0.824904 0.237184 0.513106 0.000000 -0.248969 0.967375 -0.046911 0.000000 -0.507492 -0.089050 0.857043 0.000000 -1.085952 0.580500 -1.623666 1.000000
aniFrame
  m_time 0.165000
  m_vertexTransformMat 0.837045 0.235358 0.493927 0.000000 -0.245184 0.968388 -0.045935 0.000000 -0.489124 -0.082653 0.868290 0.000000 -0.849564 0.708705 -1.456975 1.000000
aniFrame
  m_time 0.181000
  m_vertexTransformMat 0.856021 0.228803 0.463549 0.000000 -0.235448 0.970872 -0.044417 0.000000 -0.460209 -0.071120 0.884958 0.000000 -0.569545 0.854800 -1.238087 1.000000
aniFrame
  m_time 0.197000
  m_vertexTransformMat 0.878588 0.217006 0.425431 0.000000 -0.220436 0.974504 -0.041843 0.000000 -0.423664 -0.057017 0.904024 0.000000 -0.268127 0.999910 -0.986737 1.000000
aniFrame
  m_time 0.213000
  m_vertexTransformMat 0.900275 0.202724 0.385239 0.000000 -0.203755 0.978260 -0.038629 0.000000 -0.384695 -0.043718 0.922009 0.000000 0.018135 1.119604 -0.733474 1.000000
aniFrame
  m_time 0.229000
  m_vertexTransformMat 0.920084 0.186341 0.344561 0.000000 -0.185844 0.981963 -0.034792 0.000000 -0.344830 -0.032023 0.938119 0.000000 0.281368 1.211022 -0.485323 1.000000
aniFrame
  m_time 0.245000
  m_vertexTransformMat 0.934411 0.172141 0.311840 0.000000 -0.171106 0.984768 -0.030901 0.000000 -0.312409 -0.024484 0.949633 0.000000 0.475679 1.256482 -0.271494 1.000000
aniFrame
  m_time 0.261000
  m_vertexTransformMat 0.944548 0.159604 0.286979 0.000000 -0.158547 0.986981 -0.027078 0.000000 -0.287564 -0.019923 0.957555 0.000000 0.598011 1.265418 -0.089087 1.000000
aniFrame
  m_time 0.277000
  m_vertexTransformMat 0.949525 0.148195 0.276480 0.000000 -0.147633 0.988776 -0.022970 0.000000 -0.276780 -0.019008 0.960746 0.000000 0.595006 1.239475 0.034675 1.000000
aniFrame
  m_time 0.293000
  m_vertexTransformMat 0.950431 0.137938 0.278664 0.000000 -0.138250 0.990222 -0.018631 0.000000 -0.278509 -0.020818 0.960208 0.000000 0.479716 1.184632 0.106872 1.000000
aniFrame
  m_time 0.309000
  m_vertexTransformMat 0.949314 0.126219 0.287875 0.000000 -0.127778 0.991712 -0.013447 0.000000 -0.287186 -0.024018 0.957574 0.000000 0.284413 1.110713 0.127356 1.000000
aniFrame
  m_time 0.325000
  m_vertexTransformMat 0.945865 0.113471 0.304080 0.000000 -0.116711 0.993138 -0.007562 0.000000 -0.302851 -0.028337 0.952617 0.000000 0.011496 1.022677 0.096559 1.000000
aniFrame
  m_time 0.341000
  m_vertexTransformMat 0.941945 0.102081 0.319876 0.000000 -0.107225 0.994234 -0.001539 0.000000 -0.318188 -0.032849 0.947459 0.000000 -0.267526 0.927121 0.036145 1.000000
aniFrame
  m_time 0.357000
  m_vertexTransformMat 0.937544 0.092271 0.335407 0.000000 -0.099350 0.995045 0.003969 0.000000 -0.333379 -0.037043 0.942066 0.000000 -0.552426 0.835615 -0.054749 1.000000
aniFrame
  m_time 0.373000
  m_vertexTransformMat 0.935134 0.086165 0.343658 0.000000 -0.095093 0.995427 0.009177 0.000000 -0.341295 -0.041261 0.939050 0.000000 -0.773002 0.738715 -0.140129 1.000000
aniFrame
  m_time 0.389000
  m_vertexTransformMat 0.935126 0.084354 0.344129 0.000000 -0.094398 0.995456 0.012504 0.000000 -0.341510 -0.044178 0.938840 0.000000 -0.921719 0.660539 -0.218241 1.000000
aniFrame
  m_time 0.405000
  m_vertexTransformMat 0.938428 0.088757 0.333878 0.000000 -0.099669 0.994898 0.015658 0.000000 -0.330785 -0.047971 0.942486 0.000000 -0.968292 0.580323 -0.278583 1.000000
aniFrame
  m_time 0.421000
  m_vertexTransformMat 0.944881 0.100718 0.311539 0.000000 -0.111651 0.993596 0.017409 0.000000 -0.307790 -0.051233 0.950075 0.000000 -0.902529 0.523638 -0.321363 1.000000
aniFrame
  m_time 0.437000
  m_vertexTransformMat 0.952436 0.117732 0.281080 0.000000 -0.128296 0.991547 0.019414 0.000000 -0.276418 -0.054552 0.959489 0.000000 -0.753594 0.479040 -0.361126 1.000000
aniFrame
  m_time 0.453000
  m_vertexTransformMat 0.959499 0.140013 0.244454 0.000000 -0.149874 0.988458 0.022119 0.000000 -0.238535 -0.057861 0.969409 0.000000 -0.556373 0.447179 -0.404073 1.000000
aniFrame
  m_time 0.469000
  m_vertexTransformMat 0.965068 0.164323 0.204067 0.000000 -0.172922 0.984621 0.024921 0.000000 -0.196833 -0.059338 0.978640 0.000000 -0.322897 0.442438 -0.455414 1.000000
aniFrame
  m_time 0.485000
  m_vertexTransformMat 0.968457 0.189566 0.161727 0.000000 -0.196684 0.980037 0.029048 0.000000 -0.152992 -0.059941 0.986408 0.000000 -0.076759 0.441587 -0.517032 1.000000
aniFrame
  m_time 0.501000
  m_vertexTransformMat 0.969489 0.213051 0.121247 0.000000 -0.218445 0.975294 0.032930 0.000000 -0.111236 -0.058411 0.992076 0.000000 0.141204 0.464916 -0.588107 1.000000
aniFrame
  m_time 0.517000
  m_vertexTransformMat 0.968877 0.232757 0.084273 0.000000 -0.236490 0.970918 0.037287 0.000000 -0.073143 -0.056056 0.995745 0.000000 0.326473 0.486580 -0.659518 1.000000
aniFrame
  m_time 0.533000
  m_vertexTransformMat 0.967291 0.248341 0.051722 0.000000 -0.250576 0.967169 0.042390 0.000000 -0.039496 -0.053964 0.997762 0.000000 0.460384 0.504315 -0.743173 1.000000
aniFrame
  m_time 0.549000
  m_vertexTransformMat 0.965772 0.258152 0.025350 0.000000 -0.259115 0.964646 0.048152 0.000000 -0.012023 -0.053072 0.998519 0.000000 0.523253 0.514995 -0.844956 1.000000
aniFrame
  m_time 0.565000
  m_vertexTransformMat 0.964448 0.264261 0.002686 0.000000 -0.264003 0.962948 0.055080 0.000000 0.011969 -0.053831 0.998479 0.000000 0.541333 0.515672 -0.956834 1.000000
aniFrame
  m_time 0.581000
  m_vertexTransformMat 0.963176 0.268247 -0.018321 0.000000 -0.266631 0.961708 0.063448 0.000000 0.034639 -0.056227 0.997817 0.000000 0.531736 0.518436 -1.084387 1.000000
aniFrame
  m_time 0.597000
  m_vertexTransformMat 0.961968 0.270488 -0.038137 0.000000 -0.267289 0.960860 0.072841 0.000000 0.056347 -0.059877 0.996615 0.000000 0.505428 0.522858 -1.210441 1.000000
aniFrame
  m_time 0.613000
  m_vertexTransformMat 0.960378 0.272478 -0.058567 0.000000 -0.267361 0.960064 0.082443 0.000000 0.078692 -0.063518 0.994874 0.000000 0.486885 0.542497 -1.319554 1.000000
aniFrame
  m_time 0.629000
  m_vertexTransformMat 0.958247 0.274563 -0.079865 0.000000 -0.267144 0.959221 0.092356 0.000000 0.101966 -0.067164 0.992518 0.000000 0.482058 0.573803 -1.411018 1.000000
aniFrame
  m_time 0.645000
  m_vertexTransformMat 0.954851 0.278386 -0.103737 0.000000 -0.268280 0.957986 0.101434 0.000000 0.127616 -0.069024 0.989419 0.000000 0.512734 0.633634 -1.469429 1.000000
aniFrame
  m_time 0.661000
  m_vertexTransformMat 0.949822 0.284180 -0.130691 0.000000 -0.270984 0.956283 0.109959 0.000000 0.156225 -0.069026 0.985307 0.000000 0.588873 0.716366 -1.505651 1.000000
aniFrame
  m_time 0.677000
  m_vertexTransformMat 0.941349 0.293835 -0.165904 0.000000 -0.277167 0.953732 0.116509 0.000000 0.192462 -0.063692 0.979236 0.000000 0.775950 0.843176 -1.528448 1.000000
aniFrame
  m_time 0.693000
  m_vertexTransformMat 0.928906 0.306532 -0.207780 0.000000 -0.286348 0.950344 0.121862 0.000000 0.234817 -0.053701 0.970555 0.000000 1.059060 1.005082 -1.546660 1.000000
aniFrame
  m_time 0.709000
  m_vertexTransformMat 0.912912 0.319907 -0.253479 0.000000 -0.297115 0.946666 0.124685 0.000000 0.279848 -0.038514 0.959272 0.000000 1.425475 1.193785 -1.572473 1.000000
aniFrame
  m_time 0.725000
  m_vertexTransformMat 0.892921 0.333233 -0.302735 0.000000 -0.309197 0.942661 0.125648 0.000000 0.327247 -0.018588 0.944757 0.000000 1.869424 1.404617 -1.607090 1.000000
aniFrame
  m_time 0.741000
  m_vertexTransformMat 0.872686 0.343486 -0.347040 0.000000 -0.320048 0.939155 0.124728 0.000000 0.368767 0.002221 0.929520 0.000000 2.308652 1.599839 -1.629862 1.000000
aniFrame
  m_time 0.757000
  m_vertexTransformMat 0.852724 0.350606 -0.387220 0.000000 -0.329714 0.936217 0.121607 0.000000 0.405157 0.023974 0.913933 0.000000 2.748962 1.779718 -1.635051 1.000000
aniFrame
  m_time 0.773000
  m_vertexTransformMat 0.838155 0.353218 -0.415613 0.000000 -0.335717 0.934633 0.117288 0.000000 0.429874 0.041222 0.901948 0.000000 3.104180 1.902519 -1.601377 1.000000
aniFrame
  m_time 0.789000
  m_vertexTransformMat 0.829998 0.351943 -0.432711 0.000000 -0.338305 0.934453 0.111118 0.000000 0.443456 0.054161 0.894659 0.000000 3.376481 1.970017 -1.519904 1.000000
aniFrame
  m_time 0.805000
  m_vertexTransformMat 0.831217 0.347032 -0.434336 0.000000 -0.336962 0.935879 0.102896 0.000000 0.442194 0.060826 0.894855 0.000000 3.543110 1.978396 -1.384478 1.000000
aniFrame
  m_time 0.821000
  m_vertexTransformMat 0.842627 0.338483 -0.418820 0.000000 -0.331397 0.938983 0.092128 0.000000 0.424448 0.061166 0.903384 0.000000 3.590849 1.930398 -1.189593 1.000000
aniFrame
  m_time 0.837000
  m_vertexTransformMat 0.859885 0.327597 -0.391507 0.000000 -0.322931 0.943050 0.079836 0.000000 0.395365 0.057780 0.916705 0.000000 3.569989 1.845568 -0.967121 1.000000
aniFrame
  m_time 0.853000
  m_vertexTransformMat 0.881735 0.314150 -0.351929 0.000000 -0.311409 0.947982 0.066004 0.000000 0.354357 0.051396 0.933697 0.000000 3.482794 1.733565 -0.725498 1.000000
aniFrame
  m_time 0.869000
  m_vertexTransformMat 0.904300 0.298628 -0.305062 0.000000 -0.297137 0.953392 0.052475 0.000000 0.306514 0.043192 0.950886 0.000000 3.344076 1.598096 -0.494732 1.000000
aniFrame
  m_time 0.885000
  m_vertexTransformMat 0.926220 0.280671 -0.251674 0.000000 -0.280049 0.959191 0.039058 0.000000 0.252366 0.034304 0.967024 0.000000 3.153449 1.455469 -0.286106 1.000000
aniFrame
  m_time 0.901000
  m_vertexTransformMat 0.945125 0.260916 -0.196628 0.000000 -0.260668 0.965034 0.027610 0.000000 0.196956 0.025160 0.980090 0.000000 2.928151 1.299923 -0.120689 1.000000
aniFrame
  m_time 0.917000
  m_vertexTransformMat 0.959949 0.240389 -0.143914 0.000000 -0.240417 0.970513 0.017456 0.000000 0.143867 0.017843 0.989437 0.000000 2.684762 1.156874 -0.010421 1.000000
aniFrame
  m_time 0.933000
  m_vertexTransformMat 0.971997 0.216213 -0.092053 0.000000 -0.216284 0.976287 0.009331 0.000000 0.091888 0.010840 0.995711 0.000000 2.396470 1.010186 0.052067 1.000000
aniFrame
  m_time 0.949000
  m_vertexTransformMat 0.981684 0.185684 -0.042636 0.000000 -0.185689 0.982602 0.003863 0.000000 0.042611 0.004124 0.999084 0.000000 2.056548 0.861565 0.063484 1.000000
aniFrame
  m_time 0.965000
  m_vertexTransformMat 0.988658 0.150008 0.007311 0.000000 -0.150011 0.988685 -0.000223 0.000000 -0.007262 -0.000876 0.999974 0.000000 1.648830 0.732613 0.033201 1.000000
aniFrame
  m_time 0.981000
  m_vertexTransformMat 0.992331 0.108227 0.059716 0.000000 -0.108331 0.994114 -0.001495 0.000000 -0.059527 -0.004985 0.998215 0.000000 1.178486 0.606725 -0.034839 1.000000
aniFrame
  m_time 0.997000
  m_vertexTransformMat 0.991585 0.064379 0.112319 0.000000 -0.064591 0.997911 -0.001751 0.000000 -0.112197 -0.005518 0.993671 0.000000 0.674627 0.523733 -0.138485 1.000000
aniFrame
  m_time 1.013000
  m_vertexTransformMat 0.986149 0.024082 0.164104 0.000000 -0.024297 0.999705 -0.000698 0.000000 -0.164073 -0.003299 0.986443 0.000000 0.167163 0.465295 -0.265528 1.000000
aniFrame
  m_time 1.029000
  m_vertexTransformMat 0.977071 -0.010892 0.212636 0.000000 0.011024 0.999939 0.000564 0.000000 -0.212629 0.001793 0.977132 0.000000 -0.297560 0.442249 -0.410836 1.000000
aniFrame
  m_time 1.045000
  m_vertexTransformMat 0.965810 -0.034002 0.257011 0.000000 0.034927 0.999390 0.000969 0.000000 -0.256887 0.008041 0.966408 0.000000 -0.692424 0.447280 -0.553648 1.000000
aniFrame
  m_time 1.061000
  m_vertexTransformMat 0.953662 -0.045429 0.297430 0.000000 0.047251 0.998883 0.001065 0.000000 -0.297146 0.013038 0.954743 0.000000 -1.013108 0.449955 -0.695299 1.000000
aniFrame
  m_time 1.077000
  m_vertexTransformMat 0.941144 -0.037566 0.335913 0.000000 0.040385 0.999184 -0.001408 0.000000 -0.335585 0.014891 0.941893 0.000000 -1.250228 0.461396 -0.846634 1.000000
aniFrame
  m_time 1.093000
  m_vertexTransformMat 0.928075 -0.013374 0.372155 0.000000 0.016545 0.999850 -0.005329 0.000000 -0.372027 0.011103 0.928156 0.000000 -1.411631 0.452865 -1.002992 1.000000
aniFrame
  m_time 1.109000
  m_vertexTransformMat 0.913023 0.021950 0.407319 0.000000 -0.018996 0.999756 -0.011297 0.000000 -0.407467 0.002577 0.913217 0.000000 -1.526219 0.441959 -1.171860 1.000000
aniFrame
  m_time 1.125000
  m_vertexTransformMat 0.895078 0.067248 0.440810 0.000000 -0.065927 0.997656 -0.018332 0.000000 -0.441009 -0.012652 0.897414 0.000000 -1.591110 0.417338 -1.350698 1.000000
aniFrame
  m_time 1.141000
  m_vertexTransformMat 0.875829 0.112368 0.469359 0.000000 -0.113505 0.993198 -0.025976 0.000000 -0.469085 -0.030524 0.882626 0.000000 -1.604624 0.400045 -1.505882 1.000000
aniFrame
  m_time 1.157000
  m_vertexTransformMat 0.855492 0.157542 0.493268 0.000000 -0.162134 0.986191 -0.033779 0.000000 -0.491778 -0.051078 0.869222 0.000000 -1.568280 0.385984 -1.637806 1.000000
aniFrame
  m_time 1.173000
  m_vertexTransformMat 0.838205 0.192938 0.510087 0.000000 -0.201009 0.978777 -0.039907 0.000000 -0.506960 -0.069081 0.859197 0.000000 -1.492194 0.398172 -1.718664 1.000000
aniFrame
  m_time 1.189000
  m_vertexTransformMat 0.825105 0.219207 0.520722 0.000000 -0.230233 0.972122 -0.044417 0.000000 -0.515942 -0.083239 0.852571 0.000000 -1.381202 0.433888 -1.746973 1.000000
aniFrame
  m_time 1.205000
  m_vertexTransformMat 0.821229 0.234337 0.520259 0.000000 -0.246563 0.967996 -0.046809 0.000000 -0.514578 -0.089836 0.852725 0.000000 -1.221732 0.507745 -1.701364 1.000000
aniFrame
  m_time 1.221000
  m_vertexTransformMat 0.828228 0.237093 0.507766 0.000000 -0.248368 0.967542 -0.046660 0.000000 -0.502347 -0.087468 0.860231 0.000000 -1.010885 0.621523 -1.573538 1.000000
aniFrame
  m_time 1.237000
  m_vertexTransformMat 0.842448 0.234006 0.485308 0.000000 -0.242908 0.968979 -0.045560 0.000000 -0.480914 -0.079503 0.873156 0.000000 -0.762766 0.754595 -1.391226 1.000000
aniFrame
  m_time 1.253000
  m_vertexTransformMat 0.863556 0.225220 0.451162 0.000000 -0.230706 0.972044 -0.043655 0.000000 -0.448381 -0.066387 0.891374 0.000000 -0.467999 0.905548 -1.155027 1.000000
aniFrame
  m_time 1.269000
  m_vertexTransformMat 0.885671 0.212714 0.412723 0.000000 -0.215299 0.975694 -0.040849 0.000000 -0.411380 -0.052680 0.909941 0.000000 -0.173810 1.041256 -0.904532 1.000000
aniFrame
  m_time 1.285000
  m_vertexTransformMat 0.907386 0.197255 0.371136 0.000000 -0.197647 0.979560 -0.037402 0.000000 -0.370927 -0.039416 0.927825 0.000000 0.111894 1.154668 -0.647742 1.000000
aniFrame
  m_time 1.301000
  m_vertexTransformMat 0.925323 0.181323 0.333017 0.000000 -0.180582 0.982991 -0.033458 0.000000 -0.333419 -0.029178 0.942327 0.000000 0.351799 1.230599 -0.411853 1.000000
aniFrame
  m_time 1.317000
  m_vertexTransformMat 0.938305 0.167837 0.302350 0.000000 -0.166736 0.985556 -0.029647 0.000000 -0.302959 -0.022594 0.952736 0.000000 0.527305 1.263443 -0.205548 1.000000
aniFrame
  m_time 1.333000
  m_vertexTransformMat 0.946815 0.155593 0.281661 0.000000 -0.154651 0.987635 -0.025714 0.000000 -0.282179 -0.019213 0.959170 0.000000 0.612335 1.260502 -0.041270 1.000000
aniFrame
  m_time 1.349000
  m_vertexTransformMat 0.950143 0.144778 0.276166 0.000000 -0.144466 0.989275 -0.021587 0.000000 -0.276329 -0.019386 0.960868 0.000000 0.566744 1.223964 0.064249 1.000000
aniFrame
  m_time 1.365000
  m_vertexTransformMat 0.950297 0.134289 0.280894 0.000000 -0.134973 0.990704 -0.017001 0.000000 -0.280566 -0.021757 0.959588 0.000000 0.424482 1.161616 0.120015 1.000000
aniFrame
  m_time 1.381000
  m_vertexTransformMat 0.948340 0.121954 0.292881 0.000000 -0.124027 0.992212 -0.011555 0.000000 -0.292009 -0.025367 0.956079 0.000000 0.198315 1.082885 0.121597 1.000000
aniFrame
  m_time 1.397000
  m_vertexTransformMat 0.944571 0.109471 0.309518 0.000000 -0.113343 0.993541 -0.005504 0.000000 -0.308121 -0.029883 0.950878 0.000000 -0.082055 0.990665 0.079559 1.000000
aniFrame
  m_time 1.413000
  m_vertexTransformMat 0.940437 0.098551 0.325371 0.000000 -0.104331 0.994543 0.000318 0.000000 -0.323564 -0.034245 0.945587 0.000000 -0.364775 0.896908 0.007695 1.000000
aniFrame
  m_time 1.429000
  m_vertexTransformMat 0.936409 0.089732 0.339243 0.000000 -0.097469 0.995222 0.005800 0.000000 -0.337101 -0.038497 0.940681 0.000000 -0.635843 0.803308 -0.085222 1.000000
aniFrame
  m_time 1.445000
  m_vertexTransformMat 0.934836 0.085021 0.344750 0.000000 -0.094387 0.995481 0.010439 0.000000 -0.342304 -0.042299 0.938637 0.000000 -0.831486 0.711178 -0.167172 1.000000
aniFrame
  m_time 1.461000
  m_vertexTransformMat 0.935813 0.085004 0.342094 0.000000 -0.095349 0.995353 0.013505 0.000000 -0.339356 -0.045257 0.939569 0.000000 -0.950216 0.634806 -0.240986 1.000000
aniFrame
  m_time 1.477000
  m_vertexTransformMat 0.940313 0.091987 0.327644 0.000000 -0.103013 0.994545 0.016417 0.000000 -0.324346 -0.049189 0.944659 0.000000 -0.958137 0.557794 -0.294050 1.000000
aniFrame
  m_time 1.493000
  m_vertexTransformMat 0.947393 0.105968 0.302024 0.000000 -0.116769 0.992999 0.017878 0.000000 -0.298015 -0.052204 0.953133 0.000000 -0.859571 0.509569 -0.334340 1.000000
aniFrame
  m_time 1.509000
  m_vertexTransformMat 0.954899 0.124602 0.269523 0.000000 -0.135010 0.990636 0.020353 0.000000 -0.264463 -0.055823 0.962780 0.000000 -0.692723 0.464760 -0.374856 1.000000
aniFrame
  m_time 1.525000
  m_vertexTransformMat 0.961555 0.148158 0.231218 0.000000 -0.157634 0.987231 0.022956 0.000000 -0.224864 -0.058522 0.972632 0.000000 -0.481815 0.444122 -0.420065 1.000000
aniFrame
  m_time 1.541000
  m_vertexTransformMat 0.966480 0.172608 0.190059 0.000000 -0.180746 0.983181 0.026217 0.000000 -0.182337 -0.059691 0.981423 0.000000 -0.239950 0.440695 -0.474756 1.000000
aniFrame
  m_time 1.557000
  m_vertexTransformMat 0.969024 0.197857 0.147803 0.000000 -0.204413 0.978412 0.030418 0.000000 -0.138594 -0.059689 0.988549 0.000000 0.000283 0.446438 -0.539889 1.000000
aniFrame
  m_time 1.573000
  m_vertexTransformMat 0.969448 0.219961 0.108568 0.000000 -0.224785 0.973807 0.034247 0.000000 -0.098191 -0.057605 0.993499 0.000000 0.206622 0.474015 -0.611922 1.000000
aniFrame
  m_time 1.589000
  m_vertexTransformMat 0.968406 0.238505 0.072834 0.000000 -0.241720 0.969564 0.038956 0.000000 -0.061326 -0.055331 0.996584 0.000000 0.378307 0.491610 -0.685004 1.000000
aniFrame
  m_time 1.605000
  m_vertexTransformMat 0.966741 0.252244 0.042238 0.000000 -0.254029 0.966188 0.044161 0.000000 -0.029671 -0.053422 0.998132 0.000000 0.488814 0.510888 -0.775970 1.000000
aniFrame
  m_time 1.621000
  m_vertexTransformMat 0.965334 0.260425 0.017611 0.000000 -0.260991 0.964027 0.050353 0.000000 -0.003864 -0.053204 0.998577 0.000000 0.532247 0.514604 -0.881069 1.000000
aniFrame
  m_time 1.637000
  m_vertexTransformMat 0.963978 0.265942 -0.004662 0.000000 -0.265244 0.962458 0.057628 0.000000 0.019812 -0.054315 0.998328 0.000000 0.542684 0.518355 -0.997311 1.000000
aniFrame
  m_time 1.653000
  m_vertexTransformMat 0.962803 0.269055 -0.024880 0.000000 -0.266945 0.961410 0.066569 0.000000 0.041831 -0.057452 0.997472 0.000000 0.522579 0.518099 -1.128232 1.000000
aniFrame
  m_time 1.669000
  m_vertexTransformMat 0.961449 0.271272 -0.045032 0.000000 -0.267470 0.960573 0.075891 0.000000 0.063844 -0.060920 0.996099 0.000000 0.500030 0.529648 -1.247350 1.000000
aniFrame
  m_time 1.685000
  m_vertexTransformMat 0.959777 0.273040 -0.065401 0.000000 -0.267202 0.959812 0.085823 0.000000 0.086205 -0.064895 0.994162 0.000000 0.481618 0.550143 -1.353232 1.000000
aniFrame
  m_time 1.701000
  m_vertexTransformMat 0.957230 0.275706 -0.087739 0.000000 -0.267432 0.958848 0.095354 0.000000 0.110418 -0.067811 0.991569 0.000000 0.490785 0.592046 -1.433630 1.000000
aniFrame
  m_time 1.717000
  m_vertexTransformMat 0.953434 0.279997 -0.112095 0.000000 -0.268907 0.957487 0.104448 0.000000 0.136575 -0.069441 0.988193 0.000000 0.529257 0.657459 -1.483537 1.000000
aniFrame
  m_time 1.733000
  m_vertexTransformMat 0.947467 0.286908 -0.141391 0.000000 -0.272601 0.955553 0.112283 0.000000 0.167322 -0.067841 0.983566 0.000000 0.638107 0.753585 -1.514490 1.000000
aniFrame
  m_time 1.749000
  m_vertexTransformMat 0.937606 0.297872 -0.179352 0.000000 -0.279990 0.952663 0.118490 0.000000 0.206157 -0.060880 0.976624 0.000000 0.861032 0.893947 -1.534355 1.000000
aniFrame
  m_time 1.765000
  m_vertexTransformMat 0.924042 0.310918 -0.222433 0.000000 -0.289735 0.949157 0.123106 0.000000 0.249400 -0.049308 0.967145 0.000000 1.170260 1.064435 -1.553836 1.000000
aniFrame
  m_time 1.781000
  m_vertexTransformMat 0.906529 0.324524 -0.269982 0.000000 -0.301141 0.945331 0.125156 0.000000 0.295838 -0.032154 0.954697 0.000000 1.569422 1.263886 -1.583815 1.000000
aniFrame
  m_time 1.797000
  m_vertexTransformMat 0.886101 0.337035 -0.318172 0.000000 -0.312980 0.941420 0.125591 0.000000 0.341862 -0.011705 0.939677 0.000000 2.017277 1.472047 -1.616768 1.000000
aniFrame
  m_time 1.813000
  m_vertexTransformMat 0.865814 0.346325 -0.361145 0.000000 -0.323516 0.938067 0.123971 0.000000 0.381713 0.009501 0.924232 0.000000 2.458807 1.661693 -1.634376 1.000000
aniFrame
  m_time 1.829000
  m_vertexTransformMat 0.847086 0.352126 -0.398063 0.000000 -0.332187 0.935471 0.120614 0.000000 0.414847 0.030061 0.909395 0.000000 2.880077 1.824877 -1.629597 1.000000
aniFrame
  m_time 1.845000
  m_vertexTransformMat 0.834728 0.353507 -0.422211 0.000000 -0.336928 0.934336 0.116175 0.000000 0.435555 0.045281 0.899023 0.000000 3.205931 1.927690 -1.580368 1.000000
aniFrame
  m_time 1.861000
  m_vertexTransformMat 0.829351 0.351268 -0.434497 0.000000 -0.338291 0.934607 0.109863 0.000000 0.444675 0.055872 0.893948 0.000000 3.450392 1.979210 -1.482526 1.000000
aniFrame
  m_time 1.877000
  m_vertexTransformMat 0.834321 0.345343 -0.429704 0.000000 -0.335432 0.936588 0.101434 0.000000 0.437485 0.059508 0.897255 0.000000 3.579813 1.974677 -1.326930 1.000000
aniFrame
  m_time 1.893000
  m_vertexTransformMat 0.848260 0.336111 -0.409250 0.000000 -0.328721 0.940061 0.090714 0.000000 0.415210 0.057580 0.907902 0.000000 3.605298 1.923784 -1.119752 1.000000
aniFrame
  m_time 1.909000
  m_vertexTransformMat 0.867147 0.324646 -0.377706 0.000000 -0.319296 0.944385 0.078672 0.000000 0.382240 0.052380 0.922578 0.000000 3.572524 1.842850 -0.891829 1.000000
aniFrame
  m_time 1.925000
  m_vertexTransformMat 0.889817 0.310479 -0.334408 0.000000 -0.306718 0.949547 0.065462 0.000000 0.337860 0.044320 0.940153 0.000000 3.472672 1.737100 -0.650249 1.000000
aniFrame
  m_time 1.941000
  m_vertexTransformMat 0.912139 0.294206 -0.285387 0.000000 -0.291537 0.955101 0.052820 0.000000 0.288113 0.035022 0.956956 0.000000 3.326918 1.612875 -0.427947 1.000000
aniFrame
  m_time 1.957000
  m_vertexTransformMat 0.933401 0.275350 -0.230099 0.000000 -0.273511 0.961016 0.040506 0.000000 0.232282 0.025126 0.972324 0.000000 3.129214 1.481264 -0.230580 1.000000
aniFrame
  m_time 1.973000
  m_vertexTransformMat 0.950866 0.254871 -0.175772 0.000000 -0.253546 0.966848 0.030344 0.000000 0.177679 0.015713 0.983964 0.000000 2.902275 1.339692 -0.085567 1.000000
aniFrame
  m_time 1.989000
  m_vertexTransformMat 0.964773 0.232589 -0.122950 0.000000 -0.231770 0.972542 0.021125 0.000000 0.124487 0.008116 0.992188 0.000000 2.643814 1.210190 0.006173 1.000000
aniFrame
  m_time 2.005000
  m_vertexTransformMat 0.975413 0.208128 -0.072479 0.000000 -0.207635 0.978101 0.014360 0.000000 0.073881 0.001042 0.997267 0.000000 2.347363 1.070815 0.048404 1.000000
aniFrame
  m_time 2.021000
  m_vertexTransformMat 0.983100 0.181271 -0.025589 0.000000 -0.181104 0.983425 0.008733 0.000000 0.026748 -0.003951 0.999635 0.000000 2.012727 0.946384 0.040209 1.000000
aniFrame
  m_time 2.037000
  m_vertexTransformMat 0.988139 0.151942 0.022241 0.000000 -0.152080 0.988357 0.004652 0.000000 -0.021275 -0.007979 0.999742 0.000000 1.623818 0.822872 -0.002447 1.000000
aniFrame
  m_time 2.053000
  m_vertexTransformMat 0.990285 0.119895 0.070444 0.000000 -0.120328 0.992733 0.001923 0.000000 -0.069702 -0.010381 0.997515 0.000000 1.199409 0.709914 -0.081273 1.000000
aniFrame
  m_time 2.069000
  m_vertexTransformMat 0.989018 0.086556 0.119798 0.000000 -0.087158 0.996195 -0.000218 0.000000 -0.119361 -0.010226 0.992799 0.000000 0.732950 0.619372 -0.184466 1.000000
aniFrame
  m_time 2.085000
  m_vertexTransformMat 0.984304 0.052356 0.168539 0.000000 -0.052970 0.998596 -0.000853 0.000000 -0.168347 -0.008088 0.985695 0.000000 0.259067 0.539085 -0.310561 1.000000
aniFrame
  m_time 2.101000
  m_vertexTransformMat 0.976091 0.018664 0.216562 0.000000 -0.018799 0.999823 -0.001434 0.000000 -0.216550 -0.002671 0.976268 0.000000 -0.208996 0.494091 -0.449280 1.000000
aniFrame
  m_time 2.117000
  m_vertexTransformMat 0.964327 -0.013984 0.264345 0.000000 0.014470 0.999895 0.000110 0.000000 -0.264319 0.003719 0.964429 0.000000 -0.668220 0.446836 -0.591468 1.000000
aniFrame
  m_time 2.133000
  m_vertexTransformMat 0.949505 -0.045112 0.310491 0.000000 0.047303 0.998881 0.000473 0.000000 -0.310165 0.014238 0.950577 0.000000 -1.102012 0.454982 -0.744918 1.000000
aniFrame
  m_time 2.133000
