m_aniFrameList.size 202
aniFrame
  m_time -1.066000
  m_vertexTransformMat -0.848949 -0.337278 0.406854 0.000000 -0.508693 0.730192 -0.456126 0.000000 -0.143240 -0.594191 -0.791467 0.000000 29.840567 -3.304361 -43.611996 1.000000
aniFrame
  m_time -1.050000
  m_vertexTransformMat -0.867472 -0.295261 0.400392 0.000000 -0.476135 0.726007 -0.496195 0.000000 -0.144181 -0.621076 -0.770375 0.000000 30.175673 -4.924737 -43.180878 1.000000
aniFrame
  m_time -1.034000
  m_vertexTransformMat -0.885330 -0.251729 0.390928 0.000000 -0.441600 0.718396 -0.537491 0.000000 -0.145539 -0.648490 -0.747181 0.000000 30.487577 -6.599017 -42.633427 1.000000
aniFrame
  m_time -1.018000
  m_vertexTransformMat -0.903797 -0.203091 0.376703 0.000000 -0.401647 0.706421 -0.582794 0.000000 -0.147751 -0.678030 -0.720032 0.000000 30.794041 -8.480433 -41.896397 1.000000
aniFrame
  m_time -1.002000
  m_vertexTransformMat -0.920974 -0.152803 0.358409 0.000000 -0.359111 0.689758 -0.628708 0.000000 -0.151147 -0.707733 -0.690123 0.000000 31.045589 -10.419744 -41.000072 1.000000
aniFrame
  m_time -0.986000
  m_vertexTransformMat -0.935739 -0.103651 0.337118 0.000000 -0.316425 0.668902 -0.672641 0.000000 -0.155779 -0.736089 -0.658716 0.000000 31.224396 -12.304189 -39.981556 1.000000
aniFrame
  m_time -0.970000
  m_vertexTransformMat -0.947928 -0.056566 0.313420 0.000000 -0.274415 0.644532 -0.713635 0.000000 -0.161642 -0.762482 -0.626493 0.000000 31.326023 -14.092903 -38.867233 1.000000
aniFrame
  m_time -0.954000
  m_vertexTransformMat -0.956999 -0.014429 0.289733 0.000000 -0.236221 0.618491 -0.749446 0.000000 -0.168384 -0.785660 -0.595303 0.000000 31.358831 -15.669813 -37.738438 1.000000
aniFrame
  m_time -0.938000
  m_vertexTransformMat -0.963574 0.022839 0.266466 0.000000 -0.201729 0.592078 -0.780225 0.000000 -0.175588 -0.805558 -0.565903 0.000000 31.345570 -17.037239 -36.620575 1.000000
aniFrame
  m_time -0.922000
  m_vertexTransformMat -0.967377 0.052257 0.247895 0.000000 -0.175321 0.568258 -0.803957 0.000000 -0.182880 -0.821190 -0.540557 0.000000 31.270870 -18.073421 -35.674587 1.000000
aniFrame
  m_time -0.906000
  m_vertexTransformMat -0.969606 0.074941 0.232917 0.000000 -0.155051 0.548210 -0.821844 0.000000 -0.189277 -0.832977 -0.519927 0.000000 31.201389 -18.824007 -34.872158 1.000000
aniFrame
  m_time -0.890000
  m_vertexTransformMat -0.969971 0.088299 0.226630 0.000000 -0.145421 0.536356 -0.831371 0.000000 -0.194964 -0.839361 -0.507408 0.000000 31.089064 -19.163609 -34.447735 1.000000
aniFrame
  m_time -0.874000
  m_vertexTransformMat -0.969033 0.091935 0.229182 0.000000 -0.146784 0.531886 -0.833998 0.000000 -0.198572 -0.841811 -0.501921 0.000000 30.978825 -19.109194 -34.379059 1.000000
aniFrame
  m_time -0.858000
  m_vertexTransformMat -0.967204 0.088187 0.238201 0.000000 -0.155699 0.535103 -0.830315 0.000000 -0.200686 -0.840172 -0.503823 0.000000 30.880613 -18.721621 -34.617035 1.000000
aniFrame
  m_time -0.842000
  m_vertexTransformMat -0.963382 0.075480 0.257290 0.000000 -0.176407 0.544220 -0.820186 0.000000 -0.201930 -0.835540 -0.510976 0.000000 30.714893 -17.978035 -35.232330 1.000000
aniFrame
  m_time -0.826000
  m_vertexTransformMat -0.958598 0.058248 0.278741 0.000000 -0.201181 0.554229 -0.807686 0.000000 -0.201533 -0.830323 -0.519565 0.000000 30.559746 -17.083942 -35.935051 1.000000
aniFrame
  m_time -0.810000
  m_vertexTransformMat -0.951596 0.035959 0.305241 0.000000 -0.232092 0.566994 -0.790349 0.000000 -0.201490 -0.822937 -0.531203 0.000000 30.310123 -15.966020 -36.843914 1.000000
aniFrame
  m_time -0.794000
  m_vertexTransformMat -0.942358 0.009489 0.334470 0.000000 -0.267359 0.579699 -0.769720 0.000000 -0.201195 -0.814775 -0.543748 0.000000 29.988388 -14.705054 -37.853394 1.000000
aniFrame
  m_time -0.778000
  m_vertexTransformMat -0.930517 -0.021746 0.365604 0.000000 -0.306472 0.592801 -0.744757 0.000000 -0.200535 -0.805056 -0.558275 0.000000 29.590328 -13.254178 -38.959740 1.000000
aniFrame
  m_time -0.762000
  m_vertexTransformMat -0.915363 -0.056739 0.398611 0.000000 -0.349078 0.605179 -0.715474 0.000000 -0.200636 -0.794065 -0.573765 0.000000 29.057640 -11.661544 -40.153488 1.000000
aniFrame
  m_time -0.746000
  m_vertexTransformMat -0.897034 -0.095375 0.431548 0.000000 -0.393814 0.615683 -0.682528 0.000000 -0.200601 -0.782201 -0.589849 0.000000 28.426676 -9.938690 -41.372456 1.000000
aniFrame
  m_time -0.730000
  m_vertexTransformMat -0.875285 -0.136852 0.463840 0.000000 -0.439780 0.624216 -0.645715 0.000000 -0.201169 -0.769172 -0.606552 0.000000 27.670168 -8.112573 -42.597771 1.000000
aniFrame
  m_time -0.714000
  m_vertexTransformMat -0.849841 -0.180581 0.495138 0.000000 -0.486610 0.629706 -0.605543 0.000000 -0.202442 -0.755554 -0.623022 0.000000 26.780735 -6.208366 -43.809719 1.000000
aniFrame
  m_time -0.698000
  m_vertexTransformMat -0.821137 -0.225914 0.524116 0.000000 -0.532842 0.632479 -0.562184 0.000000 -0.204487 -0.740900 -0.639728 0.000000 25.774069 -4.248464 -44.963989 1.000000
aniFrame
  m_time -0.682000
  m_vertexTransformMat -0.789170 -0.271877 0.550720 0.000000 -0.578048 0.631792 -0.516429 0.000000 -0.207536 -0.725893 -0.655750 0.000000 24.647844 -2.271400 -46.041649 1.000000
aniFrame
  m_time -0.666000
  m_vertexTransformMat -0.754444 -0.317825 0.574284 0.000000 -0.621267 0.628059 -0.468581 0.000000 -0.211758 -0.710302 -0.671289 0.000000 23.419744 -0.299434 -47.025612 1.000000
aniFrame
  m_time -0.650000
  m_vertexTransformMat -0.717855 -0.362971 0.594084 0.000000 -0.661533 0.621523 -0.419622 0.000000 -0.216927 -0.694234 -0.686281 0.000000 22.118187 1.638048 -47.888508 1.000000
aniFrame
  m_time -0.634000
  m_vertexTransformMat -0.679416 -0.406241 0.611034 0.000000 -0.698786 0.612240 -0.369947 0.000000 -0.223812 -0.678330 -0.699841 0.000000 20.741936 3.500772 -48.651234 1.000000
aniFrame
  m_time -0.618000
  m_vertexTransformMat -0.640624 -0.447495 0.623978 0.000000 -0.731965 0.601433 -0.320166 0.000000 -0.232008 -0.661836 -0.712843 0.000000 19.340769 5.285644 -49.284676 1.000000
aniFrame
  m_time -0.602000
  m_vertexTransformMat -0.602348 -0.485477 0.633632 0.000000 -0.760846 0.589275 -0.271789 0.000000 -0.241436 -0.645808 -0.724321 0.000000 17.945807 6.944618 -49.799580 1.000000
aniFrame
  m_time -0.586000
  m_vertexTransformMat -0.565125 -0.520210 0.640324 0.000000 -0.785265 0.577162 -0.224149 0.000000 -0.252966 -0.629496 -0.734672 0.000000 16.568830 8.480078 -50.212490 1.000000
aniFrame
  m_time -0.570000
  m_vertexTransformMat -0.530943 -0.551114 0.643717 0.000000 -0.804808 0.565760 -0.179440 0.000000 -0.265298 -0.613341 -0.743928 0.000000 15.284461 9.870676 -50.510036 1.000000
aniFrame
  m_time -0.554000
  m_vertexTransformMat -0.500066 -0.577433 0.645372 0.000000 -0.819853 0.555675 -0.138084 0.000000 -0.278883 -0.598161 -0.751284 0.000000 14.101263 11.080616 -50.727303 1.000000
aniFrame
  m_time -0.538000
  m_vertexTransformMat -0.473756 -0.600015 0.644622 0.000000 -0.830018 0.548856 -0.099134 0.000000 -0.294322 -0.582013 -0.758047 0.000000 13.054229 12.155697 -50.868553 1.000000
aniFrame
  m_time -0.522000
  m_vertexTransformMat -0.455050 -0.617172 0.641895 0.000000 -0.832565 0.550576 -0.060849 0.000000 -0.315857 -0.562108 -0.764375 0.000000 12.204008 13.071070 -50.983822 1.000000
aniFrame
  m_time -0.506000
  m_vertexTransformMat -0.444063 -0.629965 0.637144 0.000000 -0.827836 0.560507 -0.022776 0.000000 -0.342776 -0.537565 -0.770408 0.000000 11.561696 13.870719 -51.069839 1.000000
aniFrame
  m_time -0.490000
  m_vertexTransformMat -0.441678 -0.638519 0.630250 0.000000 -0.814628 0.579750 0.016466 0.000000 -0.375901 -0.506146 -0.776218 0.000000 11.141976 14.588066 -51.136387 1.000000
aniFrame
  m_time -0.474000
  m_vertexTransformMat -0.448115 -0.642600 0.621498 0.000000 -0.792292 0.607489 0.056854 0.000000 -0.414087 -0.466931 -0.781351 0.000000 10.964851 15.226913 -51.182236 1.000000
aniFrame
  m_time -0.458000
  m_vertexTransformMat -0.461062 -0.642959 0.611576 0.000000 -0.763811 0.638368 0.095294 0.000000 -0.451681 -0.423192 -0.785426 0.000000 11.001102 15.781750 -51.182236 1.000000
aniFrame
  m_time -0.442000
  m_vertexTransformMat -0.480601 -0.639231 0.600340 0.000000 -0.728616 0.672029 0.132273 0.000000 -0.487999 -0.373846 -0.788731 0.000000 11.262457 16.252270 -51.135979 1.000000
aniFrame
  m_time -0.426000
  m_vertexTransformMat -0.503951 -0.632026 0.588708 0.000000 -0.690436 0.704303 0.165093 0.000000 -0.518971 -0.323266 -0.791308 0.000000 11.687457 16.610933 -51.031120 1.000000
aniFrame
  m_time -0.410000
  m_vertexTransformMat -0.530943 -0.621369 0.576195 0.000000 -0.649560 0.735096 0.194181 0.000000 -0.544216 -0.271174 -0.793911 0.000000 12.272560 16.860060 -50.860340 1.000000
aniFrame
  m_time -0.394000
  m_vertexTransformMat -0.558368 -0.608351 0.564035 0.000000 -0.610392 0.761710 0.217299 0.000000 -0.561825 -0.222950 -0.796647 0.000000 12.954355 16.970005 -50.649857 1.000000
aniFrame
  m_time -0.378000
  m_vertexTransformMat -0.585949 -0.593555 0.551686 0.000000 -0.573834 0.784623 0.234697 0.000000 -0.572171 -0.179055 -0.800350 0.000000 13.715866 16.951738 -50.389477 1.000000
aniFrame
  m_time -0.362000
  m_vertexTransformMat -0.610521 -0.578827 0.540578 0.000000 -0.544390 0.802441 0.244393 0.000000 -0.575243 -0.145078 -0.805015 0.000000 14.490047 16.794004 -50.134247 1.000000
aniFrame
  m_time -0.346000
  m_vertexTransformMat -0.631059 -0.565568 0.530940 0.000000 -0.524269 0.815409 0.245459 0.000000 -0.571757 -0.123457 -0.811081 0.000000 15.244376 16.511683 -49.897572 1.000000
aniFrame
  m_time -0.330000
  m_vertexTransformMat -0.648391 -0.553927 0.522259 0.000000 -0.511710 0.825026 0.239761 0.000000 -0.563687 -0.111786 -0.818390 0.000000 15.979016 16.130259 -49.669262 1.000000
aniFrame
  m_time -0.314000
  m_vertexTransformMat -0.662084 -0.544654 0.514778 0.000000 -0.507465 0.831277 0.226844 0.000000 -0.551475 -0.111042 -0.826768 0.000000 16.680679 15.660568 -49.453102 1.000000
aniFrame
  m_time -0.298000
  m_vertexTransformMat -0.674249 -0.536429 0.507576 0.000000 -0.507335 0.835899 0.209486 0.000000 -0.536656 -0.116265 -0.835753 0.000000 17.386120 15.116180 -49.228764 1.000000
aniFrame
  m_time -0.282000
  m_vertexTransformMat -0.686230 -0.528515 0.499760 0.000000 -0.509066 0.839716 0.189022 0.000000 -0.519557 -0.124699 -0.845288 0.000000 18.137333 14.503344 -48.973072 1.000000
aniFrame
  m_time -0.266000
  m_vertexTransformMat -0.697364 -0.520976 0.492207 0.000000 -0.512687 0.842500 0.165364 0.000000 -0.500835 -0.137029 -0.854627 0.000000 18.890438 13.821245 -48.708084 1.000000
aniFrame
  m_time -0.250000
  m_vertexTransformMat -0.707995 -0.513873 0.484437 0.000000 -0.518045 0.844102 0.138280 0.000000 -0.479973 -0.153058 -0.863829 0.000000 19.669540 13.078560 -48.422421 1.000000
aniFrame
  m_time -0.234000
  m_vertexTransformMat -0.717809 -0.506911 0.477275 0.000000 -0.524331 0.844581 0.108445 0.000000 -0.458069 -0.172408 -0.872037 0.000000 20.435135 12.273560 -48.136089 1.000000
aniFrame
  m_time -0.218000
  m_vertexTransformMat -0.727344 -0.499572 0.470530 0.000000 -0.530711 0.844149 0.075879 0.000000 -0.435105 -0.194525 -0.879115 0.000000 21.205734 11.401448 -47.846729 1.000000
aniFrame
  m_time -0.202000
  m_vertexTransformMat -0.736197 -0.492903 0.463746 0.000000 -0.538067 0.841920 0.040674 0.000000 -0.410486 -0.219582 -0.885034 0.000000 21.985977 10.499804 -47.541645 1.000000
aniFrame
  m_time -0.186000
  m_vertexTransformMat -0.744459 -0.485401 0.458440 0.000000 -0.544404 0.838813 0.004090 0.000000 -0.386531 -0.246531 -0.888716 0.000000 22.717369 9.536788 -47.265671 1.000000
aniFrame
  m_time -0.170000
  m_vertexTransformMat -0.753104 -0.477731 0.452336 0.000000 -0.550380 0.834166 -0.035343 0.000000 -0.360439 -0.275574 -0.891147 0.000000 23.506456 8.535238 -46.954994 1.000000
aniFrame
  m_time -0.154000
  m_vertexTransformMat -0.760192 -0.471019 0.447494 0.000000 -0.556721 0.827312 -0.074941 0.000000 -0.334918 -0.306099 -0.891142 0.000000 24.215895 7.550005 -46.678642 1.000000
aniFrame
  m_time -0.138000
  m_vertexTransformMat -0.768779 -0.461305 0.442919 0.000000 -0.559540 0.820564 -0.116575 0.000000 -0.309667 -0.337452 -0.888951 0.000000 24.949245 6.454885 -46.397015 1.000000
aniFrame
  m_time -0.122000
  m_vertexTransformMat -0.777273 -0.451742 0.437923 0.000000 -0.561321 0.812308 -0.158353 0.000000 -0.284194 -0.368899 -0.884956 0.000000 25.675615 5.371876 -46.099438 1.000000
aniFrame
  m_time -0.106000
  m_vertexTransformMat -0.785277 -0.440923 0.434659 0.000000 -0.561599 0.802819 -0.200224 0.000000 -0.260669 -0.401336 -0.878056 0.000000 26.315540 4.251665 -45.837669 1.000000
aniFrame
  m_time -0.090000
  m_vertexTransformMat -0.794256 -0.429133 0.430120 0.000000 -0.559413 0.792753 -0.242074 0.000000 -0.237097 -0.432884 -0.869711 0.000000 26.974501 3.126834 -45.527157 1.000000
aniFrame
  m_time -0.074000
  m_vertexTransformMat -0.802697 -0.416216 0.427133 0.000000 -0.555825 0.781715 -0.282809 0.000000 -0.216186 -0.464421 -0.858823 0.000000 27.552277 1.988159 -45.250366 1.000000
aniFrame
  m_time -0.058000
  m_vertexTransformMat -0.812308 -0.401784 0.422760 0.000000 -0.549375 0.770481 -0.323337 0.000000 -0.195817 -0.494903 -0.846598 0.000000 28.135319 0.841437 -44.912930 1.000000
aniFrame
  m_time -0.042000
  m_vertexTransformMat -0.821666 -0.386331 0.419064 0.000000 -0.541343 0.759044 -0.361665 0.000000 -0.178366 -0.524025 -0.832817 0.000000 28.651688 -0.295323 -44.593372 1.000000
aniFrame
  m_time -0.026000
  m_vertexTransformMat -0.831430 -0.369296 0.415145 0.000000 -0.531136 0.747640 -0.398660 0.000000 -0.163156 -0.551956 -0.817756 0.000000 29.129234 -1.428540 -44.245842 1.000000
aniFrame
  m_time -0.010000
  m_vertexTransformMat -0.841203 -0.352060 0.410405 0.000000 -0.519437 0.736995 -0.432463 0.000000 -0.150214 -0.576969 -0.802835 0.000000 29.559774 -2.501030 -43.881294 1.000000
aniFrame
  m_time 0.005000
  m_vertexTransformMat -0.853371 -0.328514 0.404769 0.000000 -0.502082 0.726849 -0.468619 0.000000 -0.140258 -0.603132 -0.785213 0.000000 29.982088 -3.745456 -43.462090 1.000000
aniFrame
  m_time 0.021000
  m_vertexTransformMat -0.867932 -0.298716 0.396816 0.000000 -0.478468 0.717231 -0.506605 0.000000 -0.133278 -0.629562 -0.765434 0.000000 30.391701 -5.148896 -42.960918 1.000000
aniFrame
  m_time 0.037000
  m_vertexTransformMat -0.884432 -0.261444 0.386559 0.000000 -0.448255 0.706327 -0.547877 0.000000 -0.129798 -0.657837 -0.741892 0.000000 30.771280 -6.770222 -42.353340 1.000000
aniFrame
  m_time 0.053000
  m_vertexTransformMat -0.902896 -0.215649 0.371854 0.000000 -0.409816 0.692912 -0.593232 0.000000 -0.129732 -0.688019 -0.714003 0.000000 31.120146 -8.640717 -41.575115 1.000000
aniFrame
  m_time 0.069000
  m_vertexTransformMat -0.920136 -0.166821 0.354290 0.000000 -0.368278 0.676191 -0.638073 0.000000 -0.133124 -0.717591 -0.683624 0.000000 31.370020 -10.556989 -40.681770 1.000000
aniFrame
  m_time 0.085000
  m_vertexTransformMat -0.935850 -0.115902 0.332796 0.000000 -0.323734 0.655843 -0.681958 0.000000 -0.139221 -0.745947 -0.651292 0.000000 31.538849 -12.485005 -39.643124 1.000000
aniFrame
  m_time 0.101000
  m_vertexTransformMat -0.948357 -0.066980 0.310056 0.000000 -0.280632 0.632819 -0.721655 0.000000 -0.147873 -0.771398 -0.618935 0.000000 31.587864 -14.273743 -38.558868 1.000000
aniFrame
  m_time 0.117000
  m_vertexTransformMat -0.958101 -0.021016 0.285660 0.000000 -0.239106 0.607792 -0.757244 0.000000 -0.157707 -0.793819 -0.587350 0.000000 31.585005 -15.899018 -37.406395 1.000000
aniFrame
  m_time 0.133000
  m_vertexTransformMat -0.964463 0.018964 0.263536 0.000000 -0.203407 0.583293 -0.786382 0.000000 -0.168632 -0.812041 -0.558707 0.000000 31.486740 -17.246344 -36.348957 1.000000
aniFrame
  m_time 0.149000
  m_vertexTransformMat -0.968005 0.051192 0.245654 0.000000 -0.175671 0.560798 -0.809102 0.000000 -0.179182 -0.826369 -0.533862 0.000000 31.343725 -18.271444 -35.440857 1.000000
aniFrame
  m_time 0.165000
  m_vertexTransformMat -0.969978 0.075868 0.231060 0.000000 -0.154079 0.543372 -0.825232 0.000000 -0.188160 -0.836057 -0.515369 0.000000 31.224279 -18.971163 -34.696911 1.000000
aniFrame
  m_time 0.181000
  m_vertexTransformMat -0.969718 0.088775 0.227524 0.000000 -0.146429 0.534257 -0.832544 0.000000 -0.195465 -0.840649 -0.505079 0.000000 31.057058 -19.203924 -34.402000 1.000000
aniFrame
  m_time 0.197000
  m_vertexTransformMat -0.968555 0.091329 0.231433 0.000000 -0.148991 0.532059 -0.833496 0.000000 -0.199258 -0.841768 -0.501721 0.000000 30.944586 -19.043007 -34.415371 1.000000
aniFrame
  m_time 0.213000
  m_vertexTransformMat -0.966225 0.085211 0.243207 0.000000 -0.160877 0.537812 -0.827573 0.000000 -0.201318 -0.838748 -0.505939 0.000000 30.832432 -18.525305 -34.775352 1.000000
aniFrame
  m_time 0.229000
  m_vertexTransformMat -0.961873 0.070101 0.264359 0.000000 -0.184439 0.547457 -0.816256 0.000000 -0.201946 -0.833893 -0.513655 0.000000 30.661221 -17.695423 -35.460423 1.000000
aniFrame
  m_time 0.245000
  m_vertexTransformMat -0.956557 0.051404 0.286980 0.000000 -0.210749 0.558253 -0.802458 0.000000 -0.201457 -0.828077 -0.523167 0.000000 30.489813 -16.733883 -36.215572 1.000000
aniFrame
  m_time 0.261000
  m_vertexTransformMat -0.948682 0.027555 0.315029 0.000000 -0.243648 0.571358 -0.783700 0.000000 -0.201589 -0.820239 -0.535324 0.000000 30.202374 -15.557686 -37.180508 1.000000
aniFrame
  m_time 0.277000
  m_vertexTransformMat -0.938777 -0.000393 0.344527 0.000000 -0.279887 0.583998 -0.761977 0.000000 -0.200904 -0.811755 -0.548354 0.000000 29.870249 -14.243856 -38.207394 1.000000
aniFrame
  m_time 0.293000
  m_vertexTransformMat -0.925820 -0.033078 0.376515 0.000000 -0.320400 0.597129 -0.735378 0.000000 -0.200503 -0.801463 -0.563432 0.000000 29.426588 -12.733777 -39.352810 1.000000
aniFrame
  m_time 0.309000
  m_vertexTransformMat -0.909613 -0.069205 0.409653 0.000000 -0.363795 0.608877 -0.704927 0.000000 -0.200644 -0.790240 -0.579019 0.000000 28.858067 -11.102880 -40.558060 1.000000
aniFrame
  m_time 0.325000
  m_vertexTransformMat -0.890188 -0.108966 0.442372 0.000000 -0.409032 0.618775 -0.670679 0.000000 -0.200647 -0.777974 -0.595396 0.000000 28.191427 -9.337860 -41.780708 1.000000
aniFrame
  m_time 0.341000
  m_vertexTransformMat -0.867201 -0.151176 0.474457 0.000000 -0.455345 0.626402 -0.632678 0.000000 -0.201555 -0.764700 -0.612054 0.000000 27.386484 -7.486911 -43.005299 1.000000
aniFrame
  m_time 0.357000
  m_vertexTransformMat -0.840608 -0.195577 0.505102 0.000000 -0.502167 0.630897 -0.591438 0.000000 -0.202995 -0.750813 -0.628550 0.000000 26.458576 -5.558686 -44.203083 1.000000
aniFrame
  m_time 0.373000
  m_vertexTransformMat -0.810857 -0.241193 0.533234 0.000000 -0.548015 0.632696 -0.547153 0.000000 -0.205406 -0.735883 -0.645203 0.000000 25.411417 -3.590482 -45.331554 1.000000
aniFrame
  m_time 0.389000
  m_vertexTransformMat -0.777838 -0.287229 0.558988 0.000000 -0.592768 0.630803 -0.500713 0.000000 -0.208792 -0.720824 -0.660923 0.000000 24.248404 -1.612249 -46.382008 1.000000
aniFrame
  m_time 0.405000
  m_vertexTransformMat -0.742466 -0.333021 0.581241 0.000000 -0.634985 0.626279 -0.452292 0.000000 -0.213396 -0.704891 -0.676455 0.000000 22.993740 0.352425 -47.325871 1.000000
aniFrame
  m_time 0.421000
  m_vertexTransformMat -0.705217 -0.377632 0.600052 0.000000 -0.674332 0.618643 -0.403184 0.000000 -0.218963 -0.688967 -0.690928 0.000000 21.667379 2.268339 -48.153545 1.000000
aniFrame
  m_time 0.437000
  m_vertexTransformMat -0.666414 -0.420226 0.615876 0.000000 -0.710330 0.608840 -0.353193 0.000000 -0.226549 -0.672848 -0.704239 0.000000 20.272806 4.104626 -48.879601 1.000000
aniFrame
  m_time 0.453000
  m_vertexTransformMat -0.627817 -0.460591 0.627457 0.000000 -0.742071 0.597462 -0.303925 0.000000 -0.234897 -0.656427 -0.716888 0.000000 18.876181 5.855392 -49.466583 1.000000
aniFrame
  m_time 0.469000
  m_vertexTransformMat -0.589701 -0.497316 0.636342 0.000000 -0.769497 0.585210 -0.255742 0.000000 -0.245209 -0.640474 -0.727782 0.000000 17.479675 7.466057 -49.952087 1.000000
aniFrame
  m_time 0.485000
  m_vertexTransformMat -0.553341 -0.531060 0.641708 0.000000 -0.792339 0.573221 -0.208847 0.000000 -0.256931 -0.624014 -0.737966 0.000000 16.129040 8.964532 -50.321987 1.000000
aniFrame
  m_time 0.501000
  m_vertexTransformMat -0.520337 -0.560234 0.644506 0.000000 -0.810205 0.562361 -0.165283 0.000000 -0.269848 -0.608184 -0.746522 0.000000 14.878991 10.288881 -50.592972 1.000000
aniFrame
  m_time 0.517000
  m_vertexTransformMat -0.490610 -0.585476 0.645384 0.000000 -0.823947 0.552722 -0.124936 0.000000 -0.283571 -0.593057 -0.753573 0.000000 13.733723 11.455400 -50.780178 1.000000
aniFrame
  m_time 0.533000
  m_vertexTransformMat -0.466642 -0.606320 0.643912 0.000000 -0.831717 0.548450 -0.086312 0.000000 -0.300821 -0.575829 -0.760216 0.000000 12.747507 12.477761 -50.909355 1.000000
aniFrame
  m_time 0.549000
  m_vertexTransformMat -0.450507 -0.621886 0.640548 0.000000 -0.831821 0.552949 -0.048192 0.000000 -0.324220 -0.554532 -0.766405 0.000000 11.966565 13.348126 -51.015591 1.000000
aniFrame
  m_time 0.565000
  m_vertexTransformMat -0.442223 -0.633323 0.635091 0.000000 -0.824510 0.565761 -0.009932 0.000000 -0.353019 -0.528031 -0.772374 0.000000 11.395045 14.118201 -51.093254 1.000000
aniFrame
  m_time 0.581000
  m_vertexTransformMat -0.442965 -0.640342 0.627491 0.000000 -0.808049 0.588353 0.029975 0.000000 -0.388380 -0.493765 -0.778047 0.000000 11.057365 14.810213 -51.155361 1.000000
aniFrame
  m_time 0.597000
  m_vertexTransformMat -0.451740 -0.643118 0.618329 0.000000 -0.783437 0.617527 0.069919 0.000000 -0.426801 -0.452836 -0.782804 0.000000 10.953250 15.420794 -51.187885 1.000000
aniFrame
  m_time 0.613000
  m_vertexTransformMat -0.466960 -0.642163 0.607927 0.000000 -0.752691 0.649474 0.107893 0.000000 -0.464118 -0.407199 -0.786629 0.000000 11.065506 15.949477 -51.172359 1.000000
aniFrame
  m_time 0.629000
  m_vertexTransformMat -0.488054 -0.637176 0.596499 0.000000 -0.716068 0.683066 0.143761 0.000000 -0.499049 -0.356971 -0.789634 0.000000 11.388444 16.384670 -51.108440 1.000000
aniFrame
  m_time 0.645000
  m_vertexTransformMat -0.512660 -0.628836 0.584590 0.000000 -0.676970 0.714838 0.175269 0.000000 -0.528102 -0.305897 -0.792171 0.000000 11.866559 16.707560 -50.980373 1.000000
aniFrame
  m_time 0.661000
  m_vertexTransformMat -0.540185 -0.617214 0.572055 0.000000 -0.636082 0.744532 0.202662 0.000000 -0.550999 -0.254400 -0.794784 0.000000 12.492629 16.912939 -50.793736 1.000000
aniFrame
  m_time 0.677000
  m_vertexTransformMat -0.567627 -0.603569 0.559915 0.000000 -0.597800 0.769782 0.223764 0.000000 -0.566070 -0.207703 -0.797762 0.000000 13.201073 16.978388 -50.567184 1.000000
aniFrame
  m_time 0.693000
  m_vertexTransformMat -0.594673 -0.588507 0.547745 0.000000 -0.562931 0.791214 0.238934 0.000000 -0.573998 -0.166255 -0.801802 0.000000 13.976893 16.915077 -50.300289 1.000000
aniFrame
  m_time 0.709000
  m_vertexTransformMat -0.617747 -0.574238 0.537253 0.000000 -0.536741 0.807206 0.245617 0.000000 -0.574716 -0.136637 -0.806866 0.000000 14.743194 16.712122 -50.054546 1.000000
aniFrame
  m_time 0.725000
  m_vertexTransformMat -0.637178 -0.561500 0.527941 0.000000 -0.519316 0.818940 0.244228 0.000000 -0.569486 -0.118552 -0.813407 0.000000 15.491830 16.394699 -49.820377 1.000000
aniFrame
  m_time 0.741000
  m_vertexTransformMat -0.653325 -0.550577 0.519645 0.000000 -0.509418 0.827455 0.236242 0.000000 -0.560053 -0.110374 -0.821072 0.000000 16.216024 15.982937 -49.596317 1.000000
aniFrame
  m_time 0.757000
  m_vertexTransformMat -0.666150 -0.541912 0.512422 0.000000 -0.507294 0.832869 0.221319 0.000000 -0.546716 -0.112517 -0.829724 0.000000 16.912479 15.486755 -49.380722 1.000000
aniFrame
  m_time 0.773000
  m_vertexTransformMat -0.678324 -0.533709 0.505007 0.000000 -0.507591 0.837316 0.203110 0.000000 -0.531252 -0.118563 -0.838877 0.000000 17.632488 14.919667 -49.146633 1.000000
aniFrame
  m_time 0.789000
  m_vertexTransformMat -0.690041 -0.525990 0.497171 0.000000 -0.510146 0.840736 0.181421 0.000000 -0.513416 -0.128442 -0.848474 0.000000 18.390722 14.283479 -48.884304 1.000000
aniFrame
  m_time 0.805000
  m_vertexTransformMat -0.700942 -0.518527 0.489705 0.000000 -0.514217 0.843204 0.156804 0.000000 -0.494229 -0.141904 -0.857672 0.000000 19.143467 13.580054 -48.617348 1.000000
aniFrame
  m_time 0.821000
  m_vertexTransformMat -0.711387 -0.511585 0.481881 0.000000 -0.520147 0.844352 0.128521 0.000000 -0.472627 -0.159221 -0.866760 0.000000 19.931570 12.817356 -48.323986 1.000000
aniFrame
  m_time 0.837000
  m_vertexTransformMat -0.720919 -0.504470 0.475170 0.000000 -0.526351 0.844590 0.098099 0.000000 -0.450812 -0.179384 -0.874409 0.000000 20.680685 11.990221 -48.045612 1.000000
aniFrame
  m_time 0.853000
  m_vertexTransformMat -0.730474 -0.497233 0.468154 0.000000 -0.533072 0.843627 0.064261 0.000000 -0.426899 -0.202619 -0.881308 0.000000 21.472851 11.101480 -47.742996 1.000000
aniFrame
  m_time 0.869000
  m_vertexTransformMat -0.738780 -0.490766 0.461903 0.000000 -0.540508 0.840844 0.028883 0.000000 -0.402563 -0.228323 -0.886461 0.000000 22.224123 10.195396 -47.449986 1.000000
aniFrame
  m_time 0.885000
  m_vertexTransformMat -0.747453 -0.482610 0.456511 0.000000 -0.546237 0.837584 -0.008894 0.000000 -0.378074 -0.256011 -0.889673 0.000000 22.978823 9.197748 -47.165501 1.000000
aniFrame
  m_time 0.901000
  m_vertexTransformMat -0.755479 -0.475810 0.450396 0.000000 -0.552799 0.831908 -0.048398 0.000000 -0.351660 -0.285542 -0.891516 0.000000 23.752722 8.219829 -46.854992 1.000000
aniFrame
  m_time 0.917000
  m_vertexTransformMat -0.762857 -0.467977 0.446148 0.000000 -0.557990 0.825102 -0.088619 0.000000 -0.326646 -0.316550 -0.890561 0.000000 24.451738 7.191318 -46.590904 1.000000
aniFrame
  m_time 0.933000
  m_vertexTransformMat -0.771797 -0.458100 0.440992 0.000000 -0.560156 0.818030 -0.130586 0.000000 -0.300923 -0.347810 -0.887960 0.000000 25.204905 6.093395 -46.290852 1.000000
aniFrame
  m_time 0.949000
  m_vertexTransformMat -0.779871 -0.448302 0.436838 0.000000 -0.561667 0.809234 -0.172253 0.000000 -0.276283 -0.379693 -0.882894 0.000000 25.891479 5.002141 -46.014168 1.000000
aniFrame
  m_time 0.965000
  m_vertexTransformMat -0.788255 -0.437048 0.433178 0.000000 -0.561076 0.799540 -0.214308 0.000000 -0.252681 -0.411976 -0.875459 0.000000 26.537189 3.875395 -45.735477 1.000000
aniFrame
  m_time 0.981000
  m_vertexTransformMat -0.797045 -0.425014 0.429047 0.000000 -0.558438 0.789163 -0.255672 0.000000 -0.229924 -0.443379 -0.866343 0.000000 27.172676 2.750322 -45.435135 1.000000
aniFrame
  m_time 0.997000
  m_vertexTransformMat -0.805761 -0.411519 0.425913 0.000000 -0.554006 0.777947 -0.296439 0.000000 -0.209347 -0.474817 -0.854824 0.000000 27.744843 1.604056 -45.145767 1.000000
aniFrame
  m_time 1.013000
  m_vertexTransformMat -0.815461 -0.396810 0.421385 0.000000 -0.546868 0.766704 -0.336305 0.000000 -0.189628 -0.504686 -0.842220 0.000000 28.315830 0.463492 -44.803646 1.000000
aniFrame
  m_time 1.029000
  m_vertexTransformMat -0.824846 -0.380742 0.417929 0.000000 -0.538193 0.755193 -0.374209 0.000000 -0.173140 -0.533591 -0.827831 0.000000 28.812820 -0.677774 -44.484478 1.000000
aniFrame
  m_time 1.045000
  m_vertexTransformMat -0.834603 -0.363813 0.413616 0.000000 -0.527545 0.743997 -0.410080 0.000000 -0.158536 -0.560455 -0.812870 0.000000 29.276972 -1.783303 -44.125797 1.000000
aniFrame
  m_time 1.061000
  m_vertexTransformMat -0.844874 -0.345194 0.408693 0.000000 -0.514502 0.733592 -0.443994 0.000000 -0.146550 -0.585392 -0.797396 0.000000 29.699387 -2.886518 -43.751568 1.000000
aniFrame
  m_time 1.077000
  m_vertexTransformMat -0.858008 -0.319234 0.402383 0.000000 -0.494866 0.723625 -0.481118 0.000000 -0.137586 -0.611929 -0.778854 0.000000 30.121336 -4.196763 -43.304142 1.000000
aniFrame
  m_time 1.093000
  m_vertexTransformMat -0.873212 -0.287270 0.393672 0.000000 -0.469209 0.713874 -0.519834 0.000000 -0.131700 -0.638639 -0.758153 0.000000 30.521893 -5.659009 -42.773113 1.000000
aniFrame
  m_time 1.109000
  m_vertexTransformMat -0.890491 -0.246916 0.382177 0.000000 -0.436214 0.702166 -0.562744 0.000000 -0.129401 -0.667829 -0.732980 0.000000 30.893755 -7.374381 -42.112423 1.000000
aniFrame
  m_time 1.125000
  m_vertexTransformMat -0.908936 -0.199414 0.366154 0.000000 -0.395991 0.687733 -0.608453 0.000000 -0.130483 -0.698039 -0.704071 0.000000 31.217304 -9.284799 -41.285629 1.000000
aniFrame
  m_time 1.141000
  m_vertexTransformMat -0.925544 -0.150064 0.347633 0.000000 -0.353802 0.669803 -0.652831 0.000000 -0.134879 -0.727217 -0.673025 0.000000 31.435089 -11.199364 -40.352783 1.000000
aniFrame
  m_time 1.157000
  m_vertexTransformMat -0.940495 -0.099042 0.325056 0.000000 -0.308793 0.648371 -0.695889 0.000000 -0.141834 -0.754855 -0.640373 0.000000 31.570766 -13.108401 -39.277199 1.000000
aniFrame
  m_time 1.173000
  m_vertexTransformMat -0.951836 -0.051440 0.302263 0.000000 -0.266810 0.624681 -0.733885 0.000000 -0.151067 -0.779184 -0.608318 0.000000 31.589460 -14.829708 -38.186554 1.000000
aniFrame
  m_time 1.189000
  m_vertexTransformMat -0.960678 -0.006686 0.277585 0.000000 -0.226055 0.599350 -0.767906 0.000000 -0.161236 -0.800460 -0.577294 0.000000 31.567131 -16.391291 -37.026695 1.000000
aniFrame
  m_time 1.205000
  m_vertexTransformMat -0.965798 0.030311 0.257518 0.000000 -0.193754 0.575648 -0.794412 0.000000 -0.172319 -0.817136 -0.550087 0.000000 31.433628 -17.613338 -36.045269 1.000000
aniFrame
  m_time 1.221000
  m_vertexTransformMat -0.968868 0.060461 0.240085 0.000000 -0.167484 0.554103 -0.815426 0.000000 -0.182334 -0.830250 -0.526726 0.000000 31.304991 -18.549730 -35.158272 1.000000
aniFrame
  m_time 1.237000
  m_vertexTransformMat -0.970125 0.081566 0.228487 0.000000 -0.149765 0.539585 -0.828504 0.000000 -0.190866 -0.837971 -0.511249 0.000000 31.172461 -19.100073 -34.548668 1.000000
aniFrame
  m_time 1.253000
  m_vertexTransformMat -0.969361 0.090543 0.228346 0.000000 -0.146581 0.532730 -0.833495 0.000000 -0.197113 -0.841429 -0.503136 0.000000 31.009592 -19.187014 -34.381176 1.000000
aniFrame
  m_time 1.269000
  m_vertexTransformMat -0.968057 0.090672 0.233765 0.000000 -0.151101 0.533042 -0.832487 0.000000 -0.200090 -0.841216 -0.502315 0.000000 30.917448 -18.923861 -34.475670 1.000000
aniFrame
  m_time 1.285000
  m_vertexTransformMat -0.964925 0.080789 0.249785 0.000000 -0.168040 0.540945 -0.824101 0.000000 -0.201698 -0.837169 -0.508395 0.000000 30.777060 -18.266973 -34.988976 1.000000
aniFrame
  m_time 1.301000
  m_vertexTransformMat -0.960310 0.064441 0.271389 0.000000 -0.192590 0.550633 -0.812227 0.000000 -0.201777 -0.832256 -0.516368 0.000000 30.612247 -17.401606 -35.689030 1.000000
aniFrame
  m_time 1.317000
  m_vertexTransformMat -0.954221 0.043946 0.295859 0.000000 -0.221093 0.562564 -0.796643 0.000000 -0.201449 -0.825585 -0.527094 0.000000 30.406151 -16.359598 -36.520611 1.000000
aniFrame
  m_time 1.333000
  m_vertexTransformMat -0.945616 0.018764 0.324746 0.000000 -0.255374 0.575551 -0.776869 0.000000 -0.201485 -0.817551 -0.539458 0.000000 30.095621 -15.139956 -37.515354 1.000000
aniFrame
  m_time 1.349000
  m_vertexTransformMat -0.934835 -0.010827 0.354918 0.000000 -0.292942 0.588392 -0.753645 0.000000 -0.200671 -0.808504 -0.553221 0.000000 29.738119 -13.758994 -38.576859 1.000000
aniFrame
  m_time 1.365000
  m_vertexTransformMat -0.920762 -0.044743 0.387552 0.000000 -0.334625 0.601277 -0.725598 0.000000 -0.200561 -0.797787 -0.568605 0.000000 29.248016 -12.202644 -39.751873 1.000000
aniFrame
  m_time 1.381000
  m_vertexTransformMat -0.903506 -0.082102 0.420640 0.000000 -0.378723 0.612380 -0.693945 0.000000 -0.200618 -0.786289 -0.584382 0.000000 28.648245 -10.527888 -40.964691 1.000000
aniFrame
  m_time 1.397000
  m_vertexTransformMat -0.882947 -0.122808 0.453127 0.000000 -0.424354 0.621635 -0.658403 0.000000 -0.200822 -0.773620 -0.600984 0.000000 27.939959 -8.728357 -42.189163 1.000000
aniFrame
  m_time 1.413000
  m_vertexTransformMat -0.858712 -0.165766 0.484908 0.000000 -0.470980 0.628219 -0.619290 0.000000 -0.201971 -0.760173 -0.617531 0.000000 27.089998 -6.851666 -43.409885 1.000000
aniFrame
  m_time 1.429000
  m_vertexTransformMat -0.831035 -0.210705 0.514767 0.000000 -0.517593 0.631818 -0.576979 0.000000 -0.203667 -0.745929 -0.634122 0.000000 26.123184 -4.904673 -44.588291 1.000000
aniFrame
  m_time 1.445000
  m_vertexTransformMat -0.800191 -0.256523 0.542119 0.000000 -0.563107 0.632445 -0.531907 0.000000 -0.206414 -0.730897 -0.650526 0.000000 25.035810 -2.931157 -45.691097 1.000000
aniFrame
  m_time 1.461000
  m_vertexTransformMat -0.766242 -0.302553 0.566864 0.000000 -0.607199 0.629538 -0.484760 0.000000 -0.210197 -0.715642 -0.666089 0.000000 23.838549 -0.954615 -46.710609 1.000000
aniFrame
  m_time 1.477000
  m_vertexTransformMat -0.730274 -0.348088 0.587822 0.000000 -0.648410 0.624088 -0.435981 0.000000 -0.215093 -0.699535 -0.681459 0.000000 22.560198 0.998958 -47.612957 1.000000
aniFrame
  m_time 1.493000
  m_vertexTransformMat -0.692387 -0.392056 0.605717 0.000000 -0.686767 0.615521 -0.386633 0.000000 -0.221250 -0.683686 -0.695429 0.000000 21.208178 2.889220 -48.408089 1.000000
aniFrame
  m_time 1.509000
  m_vertexTransformMat -0.653486 -0.434014 0.620152 0.000000 -0.721386 0.605237 -0.336587 0.000000 -0.229255 -0.667324 -0.708606 0.000000 19.806005 4.701001 -49.089878 1.000000
aniFrame
  m_time 1.525000
  m_vertexTransformMat -0.615059 -0.473254 0.630661 0.000000 -0.751701 0.593384 -0.287824 0.000000 -0.238010 -0.651097 -0.720711 0.000000 18.411425 6.408497 -49.637707 1.000000
aniFrame
  m_time 1.541000
  m_vertexTransformMat -0.577263 -0.508925 0.638564 0.000000 -0.777646 0.581170 -0.239811 0.000000 -0.249068 -0.635010 -0.731251 0.000000 17.019567 7.979123 -50.089756 1.000000
aniFrame
  m_time 1.557000
  m_vertexTransformMat -0.541942 -0.541382 0.642810 0.000000 -0.798855 0.569400 -0.193946 0.000000 -0.261016 -0.618619 -0.741068 0.000000 15.700929 9.428888 -50.420395 1.000000
aniFrame
  m_time 1.573000
  m_vertexTransformMat -0.510021 -0.568992 0.645079 0.000000 -0.815229 0.558970 -0.151508 0.000000 -0.274374 -0.603159 -0.748945 0.000000 14.483892 10.691359 -50.665577 1.000000
aniFrame
  m_time 1.589000
  m_vertexTransformMat -0.481793 -0.593034 0.645125 0.000000 -0.827381 0.550365 -0.111981 0.000000 -0.288646 -0.587716 -0.755827 0.000000 13.383847 11.814293 -50.826420 1.000000
aniFrame
  m_time 1.605000
  m_vertexTransformMat -0.460437 -0.611992 0.643012 0.000000 -0.832522 0.549090 -0.073537 0.000000 -0.308067 -0.569180 -0.762318 0.000000 12.464404 12.781579 -50.948490 1.000000
aniFrame
  m_time 1.621000
  m_vertexTransformMat -0.446834 -0.626149 0.638965 0.000000 -0.830257 0.556248 -0.035516 0.000000 -0.333184 -0.546375 -0.768416 0.000000 11.752345 13.614276 -51.044121 1.000000
aniFrame
  m_time 1.637000
  m_vertexTransformMat -0.441399 -0.636188 0.632797 0.000000 -0.820153 0.572136 0.003115 0.000000 -0.364028 -0.517615 -0.774312 0.000000 11.254190 14.357273 -51.115288 1.000000
aniFrame
  m_time 1.653000
  m_vertexTransformMat -0.445150 -0.641689 0.624562 0.000000 -0.800553 0.597683 0.043488 0.000000 -0.401196 -0.480636 -0.779764 0.000000 10.998898 15.023280 -51.171032 1.000000
aniFrame
  m_time 1.669000
  m_vertexTransformMat -0.455967 -0.643274 0.615056 0.000000 -0.774080 0.627676 0.082615 0.000000 -0.439200 -0.438432 -0.784144 0.000000 10.963306 15.605102 -51.187344 1.000000
aniFrame
  m_time 1.685000
  m_vertexTransformMat -0.473521 -0.640909 0.604165 0.000000 -0.740894 0.660766 0.120268 0.000000 -0.476292 -0.390672 -0.787732 0.000000 11.153672 16.106798 -51.157112 1.000000
aniFrame
  m_time 1.701000
  m_vertexTransformMat -0.495752 -0.634798 0.592674 0.000000 -0.703457 0.693718 0.154606 0.000000 -0.509292 -0.340274 -0.790465 0.000000 11.528351 16.503206 -51.073971 1.000000
aniFrame
  m_time 1.717000
  m_vertexTransformMat -0.521713 -0.625266 0.580396 0.000000 -0.663269 0.725153 0.185007 0.000000 -0.536554 -0.288438 -0.793041 0.000000 12.062683 16.791162 -50.923012 1.000000
aniFrame
  m_time 1.733000
  m_vertexTransformMat -0.549272 -0.612884 0.568044 0.000000 -0.623086 0.753346 0.210319 0.000000 -0.556834 -0.238418 -0.795672 0.000000 12.719144 16.948793 -50.724625 1.000000
aniFrame
  m_time 1.749000
  m_vertexTransformMat -0.576878 -0.598608 0.555771 0.000000 -0.585536 0.777452 0.229602 0.000000 -0.569526 -0.192972 -0.799001 0.000000 13.456056 16.972630 -50.479431 1.000000
aniFrame
  m_time 1.765000
  m_vertexTransformMat -0.602885 -0.583572 0.544034 0.000000 -0.553069 0.797155 0.242193 0.000000 -0.575017 -0.154874 -0.803349 0.000000 14.235532 16.862322 -50.214890 1.000000
aniFrame
  m_time 1.781000
  m_vertexTransformMat -0.624552 -0.569912 0.533981 0.000000 -0.530136 0.811445 0.245992 0.000000 -0.573491 -0.129447 -0.808920 0.000000 14.994921 16.620188 -49.974342 1.000000
aniFrame
  m_time 1.797000
  m_vertexTransformMat -0.642941 -0.557673 0.525003 0.000000 -0.515179 0.822104 0.242353 0.000000 -0.566761 -0.114652 -0.815866 0.000000 15.737143 16.268970 -49.743324 1.000000
aniFrame
  m_time 1.813000
  m_vertexTransformMat -0.657969 -0.547030 0.517528 0.000000 -0.507645 0.829821 0.231720 0.000000 -0.556213 -0.110256 -0.823693 0.000000 16.444313 15.813105 -49.532063 1.000000
aniFrame
  m_time 1.829000
  m_vertexTransformMat -0.670566 -0.537680 0.511118 0.000000 -0.505941 0.835348 0.214986 0.000000 -0.542555 -0.114433 -0.832190 0.000000 17.133287 15.266445 -49.329254 1.000000
aniFrame
  m_time 1.845000
  m_vertexTransformMat -0.683228 -0.527727 0.504682 0.000000 -0.505144 0.840670 0.195203 0.000000 -0.527285 -0.121569 -0.840947 0.000000 17.855991 14.635343 -49.111633 1.000000
aniFrame
  m_time 1.861000
  m_vertexTransformMat -0.695365 -0.517608 0.498548 0.000000 -0.506040 0.845240 0.171739 0.000000 -0.510285 -0.132864 -0.849680 0.000000 18.594860 13.921687 -48.884098 1.000000
aniFrame
  m_time 1.877000
  m_vertexTransformMat -0.706979 -0.507443 0.492628 0.000000 -0.508170 0.848933 0.145178 0.000000 -0.491878 -0.147701 -0.858045 0.000000 19.340092 13.143017 -48.650105 1.000000
aniFrame
  m_time 1.893000
  m_vertexTransformMat -0.718130 -0.497218 0.486892 0.000000 -0.511454 0.851548 0.115250 0.000000 -0.471916 -0.166259 -0.865826 0.000000 20.098421 12.297482 -48.404385 1.000000
aniFrame
  m_time 1.909000
  m_vertexTransformMat -0.728763 -0.486889 0.481502 0.000000 -0.515145 0.853081 0.082942 0.000000 -0.451144 -0.187598 -0.872512 0.000000 20.849812 11.397191 -48.156357 1.000000
aniFrame
  m_time 1.925000
  m_vertexTransformMat -0.739111 -0.476574 0.476018 0.000000 -0.519428 0.853184 0.047666 0.000000 -0.428847 -0.212026 -0.878143 0.000000 21.621157 10.444646 -47.890011 1.000000
aniFrame
  m_time 1.941000
  m_vertexTransformMat -0.748842 -0.465988 0.471266 0.000000 -0.523259 0.852102 0.011100 0.000000 -0.406739 -0.238282 -0.881922 0.000000 22.359131 9.447104 -47.634575 1.000000
aniFrame
  m_time 1.957000
  m_vertexTransformMat -0.758677 -0.455195 0.466056 0.000000 -0.526949 0.849430 -0.028166 0.000000 -0.383061 -0.266957 -0.884308 0.000000 23.133322 8.402861 -47.352734 1.000000
aniFrame
  m_time 1.973000
  m_vertexTransformMat -0.767333 -0.445465 0.461261 0.000000 -0.531026 0.844650 -0.067666 0.000000 -0.359461 -0.296864 -0.884681 0.000000 23.853451 7.370818 -47.082474 1.000000
aniFrame
  m_time 1.989000
  m_vertexTransformMat -0.776567 -0.434209 0.456516 0.000000 -0.533207 0.838921 -0.109097 0.000000 -0.335610 -0.328139 -0.883002 0.000000 24.582092 6.264500 -46.805840 1.000000
aniFrame
  m_time 2.005000
  m_vertexTransformMat -0.785042 -0.424418 0.451198 0.000000 -0.535683 0.830909 -0.150444 0.000000 -0.311054 -0.359804 -0.879652 0.000000 25.288876 5.198154 -46.510883 1.000000
aniFrame
  m_time 2.021000
  m_vertexTransformMat -0.793292 -0.413542 0.446846 0.000000 -0.536545 0.821727 -0.192052 0.000000 -0.287764 -0.392106 -0.873753 0.000000 25.938021 4.086497 -46.234295 1.000000
aniFrame
  m_time 2.037000
  m_vertexTransformMat -0.802313 -0.402432 0.440843 0.000000 -0.535573 0.811424 -0.233992 0.000000 -0.263545 -0.423838 -0.866548 0.000000 26.619759 2.972295 -45.896423 1.000000
aniFrame
