m_aniFrameList.size 84
aniFrame
  m_time -1.066000
  m_vertexTransformMat -0.848949 -0.337278 0.406854 0.000000 -0.508693 0.730192 -0.456126 0.000000 -0.143240 -0.594191 -0.791467 0.000000 29.840567 -3.304361 -43.611996 1.000000
aniFrame
  m_time -1.027000
  m_vertexTransformMat -0.893381 -0.231002 0.385368 0.000000 -0.424775 0.713748 -0.556894 0.000000 -0.146412 -0.661213 -0.735772 0.000000 30.623459 -7.400524 -42.336048 1.000000
aniFrame
  m_time -0.988000
  m_vertexTransformMat -0.933994 -0.109787 0.340003 0.000000 -0.321847 0.671745 -0.667213 0.000000 -0.155144 -0.732602 -0.662741 0.000000 31.205069 -12.069479 -40.117336 1.000000
aniFrame
  m_time -0.949000
  m_vertexTransformMat -0.959376 -0.002055 0.282125 0.000000 -0.224739 0.610093 -0.759789 0.000000 -0.170561 -0.792328 -0.585770 0.000000 31.363129 -16.128605 -37.376381 1.000000
aniFrame
  m_time -0.910000
  m_vertexTransformMat -0.969204 0.070012 0.236098 0.000000 -0.159370 0.552572 -0.818088 0.000000 -0.187738 -0.830520 -0.524397 0.000000 31.220621 -18.670004 -35.046814 1.000000
aniFrame
  m_time -0.871000
  m_vertexTransformMat -0.968789 0.091795 0.230266 0.000000 -0.147793 0.531866 -0.833832 0.000000 -0.199013 -0.841839 -0.501699 0.000000 30.962841 -19.062826 -34.396023 1.000000
aniFrame
  m_time -0.832000
  m_vertexTransformMat -0.960510 0.065159 0.270510 0.000000 -0.191568 0.550228 -0.812743 0.000000 -0.201800 -0.832468 -0.516017 0.000000 30.618334 -17.439093 -35.660179 1.000000
aniFrame
  m_time -0.793000
  m_vertexTransformMat -0.941713 0.007681 0.336330 0.000000 -0.269666 0.580495 -0.768314 0.000000 -0.201139 -0.814227 -0.544588 0.000000 29.967175 -14.620533 -37.918533 1.000000
aniFrame
  m_time -0.754000
  m_vertexTransformMat -0.906604 -0.075603 0.415155 0.000000 -0.371236 0.610653 -0.699491 0.000000 -0.200632 -0.788281 -0.581687 0.000000 28.754520 -10.817297 -40.761169 1.000000
aniFrame
  m_time -0.715000
  m_vertexTransformMat -0.851532 -0.177788 0.493239 0.000000 -0.483683 0.629450 -0.608148 0.000000 -0.202348 -0.756429 -0.621990 0.000000 26.839701 -6.329526 -43.735191 1.000000
aniFrame
  m_time -0.676000
  m_vertexTransformMat -0.776402 -0.289147 0.559995 0.000000 -0.594589 0.630658 -0.498732 0.000000 -0.208959 -0.720183 -0.661568 0.000000 24.197708 -1.529937 -46.423744 1.000000
aniFrame
  m_time -0.637000
  m_vertexTransformMat -0.686725 -0.398290 0.608090 0.000000 -0.692080 0.614100 -0.379351 0.000000 -0.222336 -0.681357 -0.697367 0.000000 21.004946 3.157890 -48.515957 1.000000
aniFrame
  m_time -0.598000
  m_vertexTransformMat -0.592849 -0.494378 0.635705 0.000000 -0.767380 0.586223 -0.259751 0.000000 -0.244250 -0.641821 -0.726917 0.000000 17.595886 7.336505 -49.915211 1.000000
aniFrame
  m_time -0.559000
  m_vertexTransformMat -0.509387 -0.569529 0.645106 0.000000 -0.815531 0.558759 -0.150659 0.000000 -0.274654 -0.602847 -0.749093 0.000000 14.459587 10.716083 -50.669716 1.000000
aniFrame
  m_time -0.520000
  m_vertexTransformMat -0.453246 -0.618993 0.641417 0.000000 -0.832379 0.551360 -0.056102 0.000000 -0.318925 -0.559330 -0.765139 0.000000 12.112265 13.176326 -50.996140 1.000000
aniFrame
  m_time -0.481000
  m_vertexTransformMat -0.444378 -0.641317 0.625494 0.000000 -0.802985 0.594705 0.039274 0.000000 -0.397171 -0.484809 -0.779241 0.000000 11.014463 14.957687 -51.166565 1.000000
aniFrame
  m_time -0.442000
  m_vertexTransformMat -0.480601 -0.639231 0.600340 0.000000 -0.728616 0.672029 0.132273 0.000000 -0.487999 -0.373846 -0.788731 0.000000 11.262457 16.252270 -51.135979 1.000000
aniFrame
  m_time -0.403000
  m_vertexTransformMat -0.543049 -0.615876 0.570785 0.000000 -0.631957 0.747358 0.205149 0.000000 -0.552927 -0.249306 -0.795059 0.000000 12.562907 16.926014 -50.772343 1.000000
aniFrame
  m_time -0.364000
  m_vertexTransformMat -0.607709 -0.580588 0.541856 0.000000 -0.547519 0.800525 0.243687 0.000000 -0.575251 -0.148586 -0.804369 0.000000 14.394795 16.821291 -50.164322 1.000000
aniFrame
  m_time -0.325000
  m_vertexTransformMat -0.653030 -0.550777 0.519804 0.000000 -0.509531 0.827316 0.236488 0.000000 -0.560294 -0.110422 -0.820901 0.000000 16.201340 15.992420 -49.600838 1.000000
aniFrame
  m_time -0.286000
  m_vertexTransformMat -0.683308 -0.530434 0.501728 0.000000 -0.508389 0.838876 0.194493 0.000000 -0.524053 -0.122174 -0.842877 0.000000 17.947088 14.663135 -49.039124 1.000000
aniFrame
  m_time -0.247000
  m_vertexTransformMat -0.709917 -0.512587 0.482984 0.000000 -0.519221 0.844256 0.132822 0.000000 -0.475845 -0.156483 -0.865497 0.000000 19.817480 12.932519 -48.366863 1.000000
aniFrame
  m_time -0.208000
  m_vertexTransformMat -0.733082 -0.495284 0.466139 0.000000 -0.535226 0.842984 0.053959 0.000000 -0.419672 -0.209933 -0.883065 0.000000 21.702539 10.838234 -47.652897 1.000000
aniFrame
  m_time -0.169000
  m_vertexTransformMat -0.753579 -0.477345 0.451952 0.000000 -0.550817 0.833769 -0.037810 0.000000 -0.358776 -0.277436 -0.891241 0.000000 23.554155 8.475258 -46.935589 1.000000
aniFrame
  m_time -0.130000
  m_vertexTransformMat -0.773236 -0.456567 0.440060 0.000000 -0.560485 0.816664 -0.137538 0.000000 -0.296586 -0.352997 -0.887373 0.000000 25.329340 5.915367 -46.238785 1.000000
aniFrame
  m_time -0.091000
  m_vertexTransformMat -0.793723 -0.429889 0.430349 0.000000 -0.559581 0.793413 -0.239512 0.000000 -0.238481 -0.430921 -0.870307 0.000000 26.936100 3.197129 -45.545033 1.000000
aniFrame
  m_time -0.052000
  m_vertexTransformMat -0.815851 -0.396178 0.421226 0.000000 -0.546545 0.766229 -0.337909 0.000000 -0.188883 -0.505902 -0.841657 0.000000 28.337713 0.416242 -44.790310 1.000000
aniFrame
  m_time -0.013000
  m_vertexTransformMat -0.839272 -0.355570 0.411331 0.000000 -0.521910 0.738930 -0.426136 0.000000 -0.152424 -0.572322 -0.805739 0.000000 29.481180 -2.294331 -43.951420 1.000000
aniFrame
  m_time 0.025000
  m_vertexTransformMat -0.871873 -0.290215 0.394480 0.000000 -0.471593 0.714733 -0.516485 0.000000 -0.132057 -0.636343 -0.760019 0.000000 30.489700 -5.528962 -42.821232 1.000000
aniFrame
  m_time 0.064000
  m_vertexTransformMat -0.915044 -0.182086 0.359916 0.000000 -0.381246 0.681799 -0.624342 0.000000 -0.131707 -0.708517 -0.693295 0.000000 31.305162 -9.964409 -40.968719 1.000000
aniFrame
  m_time 0.103000
  m_vertexTransformMat -0.949674 -0.061157 0.307214 0.000000 -0.275497 0.629806 -0.726255 0.000000 -0.149070 -0.774342 -0.614959 0.000000 31.587931 -14.482709 -38.422203 1.000000
aniFrame
  m_time 0.142000
  m_vertexTransformMat -0.966626 0.037795 0.253391 0.000000 -0.187333 0.570412 -0.799711 0.000000 -0.174762 -0.820489 -0.544294 0.000000 31.400295 -17.852646 -35.835110 1.000000
aniFrame
  m_time 0.181000
  m_vertexTransformMat -0.969718 0.088775 0.227524 0.000000 -0.146429 0.534257 -0.832544 0.000000 -0.195465 -0.840649 -0.505079 0.000000 31.057058 -19.203924 -34.402000 1.000000
aniFrame
  m_time 0.220000
  m_vertexTransformMat -0.964479 0.079245 0.251995 0.000000 -0.170483 0.541961 -0.822931 0.000000 -0.201784 -0.836659 -0.509200 0.000000 30.758791 -18.181166 -35.060642 1.000000
aniFrame
  m_time 0.259000
  m_vertexTransformMat -0.949795 0.030758 0.311359 0.000000 -0.239287 0.569733 -0.786223 0.000000 -0.201574 -0.821255 -0.533769 0.000000 30.242851 -15.712084 -37.054184 1.000000
aniFrame
  m_time 0.298000
  m_vertexTransformMat -0.921088 -0.044006 0.386861 0.000000 -0.333729 0.601025 -0.726219 0.000000 -0.200555 -0.798018 -0.568283 0.000000 29.259565 -12.236068 -39.726837 1.000000
aniFrame
  m_time 0.337000
  m_vertexTransformMat -0.873303 -0.140406 0.466506 0.000000 -0.443661 0.624800 -0.642488 0.000000 -0.201264 -0.768057 -0.607932 0.000000 27.600454 -7.957129 -42.699825 1.000000
aniFrame
  m_time 0.376000
  m_vertexTransformMat -0.804903 -0.249811 0.538263 0.000000 -0.556519 0.632608 -0.538605 0.000000 -0.205960 -0.733078 -0.648212 0.000000 25.201694 -3.219718 -45.534843 1.000000
aniFrame
  m_time 0.415000
  m_vertexTransformMat -0.719420 -0.361122 0.593318 0.000000 -0.659910 0.621862 -0.421671 0.000000 -0.216687 -0.694895 -0.685688 0.000000 22.173925 1.558627 -47.854664 1.000000
aniFrame
  m_time 0.454000
  m_vertexTransformMat -0.625422 -0.462999 0.628077 0.000000 -0.743913 0.596703 -0.300897 0.000000 -0.235460 -0.655422 -0.717622 0.000000 18.789072 5.960406 -49.499432 1.000000
aniFrame
  m_time 0.493000
  m_vertexTransformMat -0.536393 -0.546325 0.643282 0.000000 -0.801902 0.567553 -0.186646 0.000000 -0.263127 -0.615965 -0.742530 0.000000 15.491267 9.652712 -50.466171 1.000000
aniFrame
  m_time 0.532000
  m_vertexTransformMat -0.467899 -0.605194 0.644059 0.000000 -0.831477 0.548431 -0.088719 0.000000 -0.299529 -0.577031 -0.759814 0.000000 12.803153 12.418933 -50.901676 1.000000
aniFrame
  m_time 0.571000
  m_vertexTransformMat -0.441375 -0.636508 0.632492 0.000000 -0.819525 0.573025 0.004770 0.000000 -0.365470 -0.516237 -0.774553 0.000000 11.238607 14.386592 -51.117996 1.000000
aniFrame
  m_time 0.610000
  m_vertexTransformMat -0.463552 -0.642669 0.609997 0.000000 -0.759041 0.643189 0.100825 0.000000 -0.457141 -0.416275 -0.785964 0.000000 11.026161 15.856318 -51.178539 1.000000
aniFrame
  m_time 0.649000
  m_vertexTransformMat -0.519426 -0.626191 0.581448 0.000000 -0.666704 0.722603 0.182621 0.000000 -0.534511 -0.292795 -0.792823 0.000000 12.012234 16.771574 -50.937897 1.000000
aniFrame
  m_time 0.688000
  m_vertexTransformMat -0.586506 -0.593238 0.551434 0.000000 -0.573126 0.785052 0.234988 0.000000 -0.572309 -0.178219 -0.800438 0.000000 13.732178 16.949909 -50.383842 1.000000
aniFrame
  m_time 0.727000
  m_vertexTransformMat -0.639385 -0.560021 0.526843 0.000000 -0.517659 0.820178 0.243589 0.000000 -0.568520 -0.116978 -0.814311 0.000000 15.584020 16.348131 -49.791687 1.000000
aniFrame
  m_time 0.766000
  m_vertexTransformMat -0.672963 -0.537301 0.508359 0.000000 -0.507337 0.835422 0.211374 0.000000 -0.538266 -0.115662 -0.834801 0.000000 17.310644 15.176006 -49.253456 1.000000
aniFrame
  m_time 0.805000
  m_vertexTransformMat -0.700942 -0.518527 0.489705 0.000000 -0.514217 0.843204 0.156804 0.000000 -0.494229 -0.141904 -0.857672 0.000000 19.143467 13.580054 -48.617348 1.000000
aniFrame
  m_time 0.844000
  m_vertexTransformMat -0.725138 -0.501235 0.472164 0.000000 -0.529158 0.844385 0.083705 0.000000 -0.440644 -0.189152 -0.877527 0.000000 21.022238 11.606166 -47.917068 1.000000
aniFrame
  m_time 0.883000
  m_vertexTransformMat -0.746330 -0.483643 0.457254 0.000000 -0.545540 0.838075 -0.003989 0.000000 -0.381284 -0.252428 -0.889327 0.000000 22.879885 9.324830 -47.203754 1.000000
aniFrame
  m_time 0.922000
  m_vertexTransformMat -0.765561 -0.464885 0.444746 0.000000 -0.558835 0.823025 -0.101656 0.000000 -0.318779 -0.326364 -0.889869 0.000000 24.680893 6.846867 -46.503559 1.000000
aniFrame
  m_time 0.961000
  m_vertexTransformMat -0.785998 -0.439963 0.434327 0.000000 -0.561503 0.802000 -0.203739 0.000000 -0.258693 -0.404015 -0.877411 0.000000 26.369844 4.157496 -45.813362 1.000000
aniFrame
  m_time 1.000000
  m_vertexTransformMat -0.807608 -0.408798 0.425035 0.000000 -0.552781 0.775849 -0.304127 0.000000 -0.205436 -0.480566 -0.852557 0.000000 27.857044 1.388087 -45.080105 1.000000
aniFrame
  m_time 1.039000
  m_vertexTransformMat -0.831030 -0.369985 0.415332 0.000000 -0.531578 0.748102 -0.397201 0.000000 -0.163753 -0.550867 -0.818371 0.000000 29.110285 -1.383527 -44.260868 1.000000
aniFrame
  m_time 1.078000
  m_vertexTransformMat -0.858902 -0.317428 0.401905 0.000000 -0.493443 0.723028 -0.483472 0.000000 -0.137121 -0.613572 -0.777643 0.000000 30.147177 -4.282901 -43.273571 1.000000
aniFrame
  m_time 1.117000
  m_vertexTransformMat -0.899808 -0.223663 0.374594 0.000000 -0.416622 0.695357 -0.585580 0.000000 -0.129504 -0.682974 -0.718871 0.000000 31.067003 -8.319741 -41.715347 1.000000
aniFrame
  m_time 1.156000
  m_vertexTransformMat -0.939657 -0.102173 0.326507 0.000000 -0.311567 0.649792 -0.693323 0.000000 -0.141322 -0.753214 -0.642415 0.000000 31.565943 -12.993162 -39.345840 1.000000
aniFrame
  m_time 1.195000
  m_vertexTransformMat -0.963040 0.008320 0.269230 0.000000 -0.212627 0.590125 -0.778809 0.000000 -0.165359 -0.807269 -0.566545 0.000000 31.529510 -16.896374 -36.628220 1.000000
aniFrame
  m_time 1.234000
  m_vertexTransformMat -0.970083 0.078544 0.229717 0.000000 -0.151931 0.541617 -0.826782 0.000000 -0.189358 -0.836949 -0.513480 0.000000 31.203205 -19.034338 -34.624401 1.000000
aniFrame
  m_time 1.273000
  m_vertexTransformMat -0.967503 0.089254 0.236584 0.000000 -0.153910 0.534481 -0.831049 0.000000 -0.200624 -0.840455 -0.503374 0.000000 30.890472 -18.797617 -34.562271 1.000000
aniFrame
  m_time 1.312000
  m_vertexTransformMat -0.956420 0.050954 0.287516 0.000000 -0.211372 0.558516 -0.802111 0.000000 -0.201453 -0.827927 -0.523406 0.000000 30.485023 -16.711164 -36.233932 1.000000
aniFrame
  m_time 1.351000
  m_vertexTransformMat -0.933261 -0.014869 0.358894 0.000000 -0.297964 0.590048 -0.750374 0.000000 -0.200608 -0.807231 -0.555099 0.000000 29.684584 -13.571808 -38.719017 1.000000
aniFrame
  m_time 1.390000
  m_vertexTransformMat -0.892368 -0.104689 0.438998 0.000000 -0.404265 0.617833 -0.674428 0.000000 -0.200622 -0.779310 -0.593656 0.000000 28.266550 -9.526706 -41.653103 1.000000
aniFrame
  m_time 1.429000
  m_vertexTransformMat -0.831035 -0.210705 0.514767 0.000000 -0.517593 0.631818 -0.576979 0.000000 -0.203667 -0.745929 -0.634122 0.000000 26.123184 -4.904673 -44.588291 1.000000
aniFrame
  m_time 1.468000
  m_vertexTransformMat -0.750723 -0.322583 0.576503 0.000000 -0.625586 0.627549 -0.463492 0.000000 -0.212269 -0.708606 -0.672919 0.000000 23.287355 -0.095313 -47.120998 1.000000
aniFrame
  m_time 1.507000
  m_vertexTransformMat -0.658326 -0.428874 0.618607 0.000000 -0.717296 0.606613 -0.342793 0.000000 -0.228240 -0.669394 -0.706979 0.000000 19.980818 4.478538 -49.012985 1.000000
aniFrame
  m_time 1.546000
  m_vertexTransformMat -0.565874 -0.519517 0.640226 0.000000 -0.784805 0.577411 -0.225118 0.000000 -0.252721 -0.629841 -0.734461 0.000000 16.596693 8.449210 -50.205238 1.000000
aniFrame
  m_time 1.585000
  m_vertexTransformMat -0.488341 -0.587414 0.645344 0.000000 -0.824873 0.552068 -0.121682 0.000000 -0.284795 -0.591749 -0.754139 0.000000 13.644496 11.546673 -50.792263 1.000000
aniFrame
  m_time 1.624000
  m_vertexTransformMat -0.445163 -0.628351 0.637970 0.000000 -0.829004 0.558523 -0.028361 0.000000 -0.338501 -0.541505 -0.769539 0.000000 11.642179 13.759655 -51.058910 1.000000
aniFrame
  m_time 1.663000
  m_vertexTransformMat -0.451255 -0.643073 0.618730 0.000000 -0.784570 0.616267 0.068308 0.000000 -0.425230 -0.454613 -0.782629 0.000000 10.953543 15.397101 -51.187523 1.000000
aniFrame
  m_time 1.702000
  m_vertexTransformMat -0.497243 -0.634312 0.591945 0.000000 -0.701059 0.695698 0.156590 0.000000 -0.511142 -0.337125 -0.790621 0.000000 11.556534 16.524153 -51.066593 1.000000
aniFrame
  m_time 1.741000
  m_vertexTransformMat -0.562988 -0.605987 0.561984 0.000000 -0.604070 0.765790 0.220603 0.000000 -0.564044 -0.215281 -0.797189 0.000000 13.076476 16.975882 -50.609341 1.000000
aniFrame
  m_time 1.780000
  m_vertexTransformMat -0.623301 -0.570719 0.534580 0.000000 -0.531312 0.810676 0.245991 0.000000 -0.573764 -0.130702 -0.808525 0.000000 14.947861 16.638586 -49.989193 1.000000
aniFrame
  m_time 1.819000
  m_vertexTransformMat -0.662797 -0.543505 0.515076 0.000000 -0.506687 0.832002 0.225923 0.000000 -0.551335 -0.111241 -0.826835 0.000000 16.701359 15.617903 -49.456497 1.000000
aniFrame
  m_time 1.858000
  m_vertexTransformMat -0.693137 -0.519512 0.499669 0.000000 -0.505777 0.844444 0.176368 0.000000 -0.513567 -0.130474 -0.848072 0.000000 18.456438 14.060728 -48.926949 1.000000
aniFrame
  m_time 1.897000
  m_vertexTransformMat -0.720812 -0.494641 0.485553 0.000000 -0.512326 0.852045 0.107436 0.000000 -0.466855 -0.171321 -0.867581 0.000000 20.284571 12.077390 -48.343708 1.000000
aniFrame
  m_time 1.936000
  m_vertexTransformMat -0.745758 -0.469413 0.472754 0.000000 -0.522155 0.852545 0.022833 0.000000 -0.413762 -0.229823 -0.880899 0.000000 22.124859 9.767079 -47.716022 1.000000
aniFrame
  m_time 1.975000
  m_vertexTransformMat -0.768444 -0.444105 0.460724 0.000000 -0.531378 0.844008 -0.072724 0.000000 -0.356558 -0.300703 -0.884559 0.000000 23.941952 7.235263 -47.050022 1.000000
aniFrame
  m_time 2.014000
  m_vertexTransformMat -0.789547 -0.418530 0.448832 0.000000 -0.536502 0.825830 -0.173694 0.000000 -0.297963 -0.377939 -0.876574 0.000000 25.651890 4.581100 -46.359634 1.000000
aniFrame
  m_time 2.053000
  m_vertexTransformMat -0.810183 -0.391643 0.436143 0.000000 -0.534242 0.799540 -0.274449 0.000000 -0.241227 -0.455360 -0.857005 0.000000 27.217443 1.873911 -45.586357 1.000000
aniFrame
  m_time 2.092000
  m_vertexTransformMat -0.829637 -0.364975 0.422487 0.000000 -0.525214 0.766853 -0.368899 0.000000 -0.189347 -0.527949 -0.827900 0.000000 28.594213 -0.742119 -44.693062 1.000000
aniFrame
  m_time 2.131000
  m_vertexTransformMat -0.848089 -0.338854 0.407337 0.000000 -0.509558 0.732335 -0.451703 0.000000 -0.145246 -0.590646 -0.793751 0.000000 29.786427 -3.170612 -43.666328 1.000000
aniFrame
  m_time 2.133000
  m_vertexTransformMat -0.848949 -0.337277 0.406854 0.000000 -0.508693 0.730192 -0.456126 0.000000 -0.143240 -0.594191 -0.791467 0.000000 29.840559 -3.304371 -43.611992 1.000000
