m_aniFrameList.size 84
aniFrame
  m_time -1.066000
  m_vertexTransformMat 0.969448 0.148515 -0.195226 0.000000 -0.043861 0.888007 0.457734 0.000000 0.241342 -0.435187 0.867391 0.000000 5.966371 -12.953148 -4.976557 1.000000
aniFrame
  m_time -1.027000
  m_vertexTransformMat 0.974267 0.136621 -0.179272 0.000000 -0.016138 0.835603 0.549097 0.000000 0.224818 -0.532074 0.816305 0.000000 5.025141 -15.526019 -7.040454 1.000000
aniFrame
  m_time -0.988000
  m_vertexTransformMat 0.979335 0.124476 -0.159400 0.000000 0.010747 0.755014 0.655621 0.000000 0.201958 -0.643785 0.738074 0.000000 3.853264 -19.663240 -10.577119 1.000000
aniFrame
  m_time -0.949000
  m_vertexTransformMat 0.985904 0.114881 -0.121633 0.000000 0.021301 0.634893 0.772307 0.000000 0.165947 -0.764011 0.623497 0.000000 2.440837 -25.979858 -15.966434 1.000000
aniFrame
  m_time -0.910000
  m_vertexTransformMat 0.991991 0.094092 -0.084269 0.000000 0.021782 0.529730 0.847887 0.000000 0.124419 -0.842931 0.523438 0.000000 1.047606 -31.283792 -20.149488 1.000000
aniFrame
  m_time -0.871000
  m_vertexTransformMat 0.998103 0.025246 -0.056144 0.000000 0.034529 0.525465 0.850114 0.000000 0.050964 -0.850441 0.523597 0.000000 -1.541691 -33.884281 -19.829893 1.000000
aniFrame
  m_time -0.832000
  m_vertexTransformMat 0.997322 -0.069916 -0.021468 0.000000 0.059097 0.597418 0.799750 0.000000 -0.043089 -0.798877 0.599950 0.000000 -5.065117 -34.290401 -16.083202 1.000000
aniFrame
  m_time -0.793000
  m_vertexTransformMat 0.993247 -0.115662 0.009120 0.000000 0.073273 0.686290 0.723628 0.000000 -0.089955 -0.718073 0.690130 0.000000 -6.897573 -33.417614 -11.440413 1.000000
aniFrame
  m_time -0.754000
  m_vertexTransformMat 0.996553 -0.082118 0.011735 0.000000 0.056503 0.775547 0.628756 0.000000 -0.060733 -0.625926 0.777514 0.000000 -5.700585 -32.116875 -6.609795 1.000000
aniFrame
  m_time -0.715000
  m_vertexTransformMat 0.999260 -0.036236 -0.012896 0.000000 0.037836 0.865850 0.498871 0.000000 -0.006912 -0.498990 0.866580 0.000000 -3.442699 -28.895435 -1.967097 1.000000
aniFrame
  m_time -0.676000
  m_vertexTransformMat 0.998458 -0.033007 -0.044639 0.000000 0.045580 0.946423 0.319697 0.000000 0.031695 -0.321239 0.946468 0.000000 -1.876960 -22.612648 1.351698 1.000000
aniFrame
  m_time -0.637000
  m_vertexTransformMat 0.995529 -0.055779 -0.076228 0.000000 0.062547 0.994022 0.089485 0.000000 0.070781 -0.093853 0.993067 0.000000 -0.382600 -13.790025 2.852756 1.000000
aniFrame
  m_time -0.598000
  m_vertexTransformMat 0.990536 -0.086340 -0.106695 0.000000 0.069675 0.986060 -0.151098 0.000000 0.118253 0.142235 0.982744 0.000000 1.399511 -4.218510 2.042275 1.000000
aniFrame
  m_time -0.559000
  m_vertexTransformMat 0.984343 -0.113759 -0.134639 0.000000 0.059446 0.933353 -0.354003 0.000000 0.165937 0.340456 0.925502 0.000000 3.200597 4.188654 -0.511220 1.000000
aniFrame
  m_time -0.520000
  m_vertexTransformMat 0.977642 -0.123845 -0.169934 0.000000 0.036578 0.895997 -0.442551 0.000000 0.207068 0.426440 0.880495 0.000000 4.728063 8.535921 -2.603343 1.000000
aniFrame
  m_time -0.481000
  m_vertexTransformMat 0.969703 -0.102299 -0.221837 0.000000 0.023376 0.942786 -0.332579 0.000000 0.243167 0.317317 0.916613 0.000000 6.054297 5.983734 -1.934267 1.000000
aniFrame
  m_time -0.442000
  m_vertexTransformMat 0.964941 -0.068111 -0.253476 0.000000 0.030370 0.988230 -0.149932 0.000000 0.260705 0.136977 0.955652 0.000000 6.805785 -1.220139 -0.481218 1.000000
aniFrame
  m_time -0.403000
  m_vertexTransformMat 0.961316 -0.043075 -0.272059 0.000000 0.035319 0.998820 -0.033345 0.000000 0.273174 0.022446 0.961703 0.000000 7.374266 -5.678161 -0.178065 1.000000
aniFrame
  m_time -0.364000
  m_vertexTransformMat 0.959576 -0.019675 -0.280760 0.000000 0.030035 0.999016 0.032644 0.000000 0.279841 -0.039757 0.959223 0.000000 7.696425 -7.361540 -0.347625 1.000000
aniFrame
  m_time -0.325000
  m_vertexTransformMat 0.958630 0.001992 -0.284647 0.000000 0.020087 0.997009 0.074626 0.000000 0.283944 -0.077256 0.955723 0.000000 7.924826 -7.748199 -0.552036 1.000000
aniFrame
  m_time -0.286000
  m_vertexTransformMat 0.958283 0.021270 -0.285029 0.000000 0.005507 0.995668 0.092818 0.000000 0.285768 -0.090515 0.954014 0.000000 8.061152 -6.855346 -0.649463 1.000000
aniFrame
  m_time -0.247000
  m_vertexTransformMat 0.958528 0.038603 -0.282370 0.000000 -0.011436 0.995196 0.097232 0.000000 0.284767 -0.089970 0.954365 0.000000 8.078730 -5.261559 -0.572849 1.000000
aniFrame
  m_time -0.208000
  m_vertexTransformMat 0.959470 0.056576 -0.276072 0.000000 -0.024749 0.992772 0.117437 0.000000 0.280721 -0.105845 0.953935 0.000000 7.962895 -4.588486 -0.473720 1.000000
aniFrame
  m_time -0.169000
  m_vertexTransformMat 0.960502 0.075197 -0.267919 0.000000 -0.034611 0.987603 0.153107 0.000000 0.276111 -0.137787 0.951198 0.000000 7.794827 -4.739753 -0.530380 1.000000
aniFrame
  m_time -0.130000
  m_vertexTransformMat 0.961648 0.094841 -0.257367 0.000000 -0.040102 0.976850 0.210136 0.000000 0.271339 -0.191756 0.943189 0.000000 7.562716 -5.959148 -0.971421 1.000000
aniFrame
  m_time -0.091000
  m_vertexTransformMat 0.963343 0.114869 -0.242435 0.000000 -0.044414 0.959512 0.278145 0.000000 0.264569 -0.257182 0.929441 0.000000 7.202788 -7.740666 -1.796517 1.000000
aniFrame
  m_time -0.052000
  m_vertexTransformMat 0.965635 0.133405 -0.223053 0.000000 -0.047338 0.934137 0.353761 0.000000 0.255556 -0.331045 0.908350 0.000000 6.728883 -9.922361 -2.987416 1.000000
aniFrame
  m_time -0.013000
  m_vertexTransformMat 0.968295 0.146790 -0.202133 0.000000 -0.046126 0.900293 0.432834 0.000000 0.245515 -0.409787 0.878520 0.000000 6.191048 -12.302335 -4.479059 1.000000
aniFrame
  m_time 0.025000
  m_vertexTransformMat 0.972285 0.144600 -0.183722 0.000000 -0.030401 0.857326 0.513876 0.000000 0.231816 -0.494048 0.837960 0.000000 5.439274 -14.503371 -6.197809 1.000000
aniFrame
  m_time 0.064000
  m_vertexTransformMat 0.976940 0.129843 -0.169497 0.000000 0.002695 0.786281 0.617864 0.000000 0.213497 -0.604072 0.767799 0.000000 4.384113 -17.950035 -9.157024 1.000000
aniFrame
  m_time 0.103000
  m_vertexTransformMat 0.983489 0.118459 -0.136807 0.000000 0.020097 0.679810 0.733113 0.000000 0.179847 -0.723758 0.666205 0.000000 2.945012 -23.758831 -14.043858 1.000000
aniFrame
  m_time 0.142000
  m_vertexTransformMat 0.989822 0.104351 -0.096761 0.000000 0.022145 0.558706 0.829071 0.000000 0.140575 -0.822775 0.550708 0.000000 1.568744 -29.706270 -19.078482 1.000000
aniFrame
  m_time 0.181000
  m_vertexTransformMat 0.996269 0.055495 -0.066093 0.000000 0.028208 0.514383 0.857097 0.000000 0.081562 -0.855763 0.510898 0.000000 -0.441210 -33.278072 -20.485111 1.000000
aniFrame
  m_time 0.220000
  m_vertexTransformMat 0.998637 -0.038693 -0.035028 0.000000 0.050819 0.567869 0.821549 0.000000 -0.011897 -0.822209 0.569061 0.000000 -3.883275 -34.351597 -17.605995 1.000000
aniFrame
  m_time 0.259000
  m_vertexTransformMat 0.993952 -0.109819 0.000082 0.000000 0.072316 0.655079 0.752092 0.000000 -0.082648 -0.747537 0.659059 0.000000 -6.613392 -33.760880 -13.083618 1.000000
aniFrame
  m_time 0.298000
  m_vertexTransformMat 0.994985 -0.099049 0.013928 0.000000 0.064685 0.743396 0.665717 0.000000 -0.076292 -0.661477 0.746075 0.000000 -6.349009 -32.714287 -8.348494 1.000000
aniFrame
  m_time 0.337000
  m_vertexTransformMat 0.998820 -0.048492 -0.002469 0.000000 0.041891 0.834917 0.548779 0.000000 -0.024550 -0.548235 0.835964 0.000000 -4.185306 -30.343315 -3.466567 1.000000
aniFrame
  m_time 0.376000
  m_vertexTransformMat 0.999029 -0.028463 -0.033619 0.000000 0.039327 0.920129 0.389636 0.000000 0.019844 -0.390580 0.920355 0.000000 -2.338655 -25.203224 0.374051 1.000000
aniFrame
  m_time 0.415000
  m_vertexTransformMat 0.996805 -0.046388 -0.065015 0.000000 0.057148 0.982931 0.174876 0.000000 0.055793 -0.178033 0.982442 0.000000 -0.949816 -17.100216 2.569645 1.000000
aniFrame
  m_time 0.454000
  m_vertexTransformMat 0.992503 -0.075454 -0.096146 0.000000 0.069004 0.995246 -0.068737 0.000000 0.100875 0.061587 0.992991 0.000000 0.749367 -7.530675 2.577527 1.000000
aniFrame
  m_time 0.493000
  m_vertexTransformMat 0.986526 -0.105286 -0.125224 0.000000 0.065217 0.955044 -0.289201 0.000000 0.150043 0.277138 0.949043 0.000000 2.595978 1.472741 0.493764 1.000000
aniFrame
  m_time 0.532000
  m_vertexTransformMat 0.980324 -0.124678 -0.153039 0.000000 0.044446 0.894792 -0.444265 0.000000 0.192328 0.428721 0.882728 0.000000 4.207927 8.161531 -2.330531 1.000000
aniFrame
  m_time 0.571000
  m_vertexTransformMat 0.972305 -0.111841 -0.205216 0.000000 0.025586 0.923726 -0.382200 0.000000 0.232309 0.366364 0.901005 0.000000 5.622168 7.221272 -2.246187 1.000000
aniFrame
  m_time 0.610000
  m_vertexTransformMat 0.966309 -0.079129 -0.244918 0.000000 0.024152 0.975246 -0.219799 0.000000 0.256248 0.206478 0.944301 0.000000 6.611322 1.962015 -1.060960 1.000000
aniFrame
  m_time 0.649000
  m_vertexTransformMat 0.962384 -0.051836 -0.266700 0.000000 0.036343 0.997370 -0.062708 0.000000 0.269249 0.050656 0.961738 0.000000 7.187211 -4.748549 -0.145982 1.000000
aniFrame
  m_time 0.688000
  m_vertexTransformMat 0.960039 -0.027749 -0.278489 0.000000 0.032612 0.999386 0.012844 0.000000 0.277961 -0.021413 0.960354 0.000000 7.602055 -6.952229 -0.275231 1.000000
aniFrame
  m_time 0.727000
  m_vertexTransformMat 0.958885 -0.005423 -0.283743 0.000000 0.024129 0.997755 0.062473 0.000000 0.282767 -0.066751 0.956863 0.000000 7.854615 -7.751427 -0.485456 1.000000
aniFrame
  m_time 0.766000
  m_vertexTransformMat 0.958354 0.014862 -0.285198 0.000000 0.011381 0.995864 0.090141 0.000000 0.285358 -0.089633 0.954220 0.000000 8.022900 -7.368374 -0.634002 1.000000
aniFrame
  m_time 0.805000
  m_vertexTransformMat 0.958326 0.032572 -0.283815 0.000000 -0.005641 0.995443 0.095196 0.000000 0.285622 -0.089628 0.954142 0.000000 8.091862 -5.780585 -0.616400 1.000000
aniFrame
  m_time 0.844000
  m_vertexTransformMat 0.959073 0.050195 -0.278676 0.000000 -0.020577 0.993915 0.108207 0.000000 0.282412 -0.098044 0.954270 0.000000 8.016173 -4.701095 -0.499244 1.000000
aniFrame
  m_time 0.883000
  m_vertexTransformMat 0.960138 0.068648 -0.270964 0.000000 -0.031500 0.989772 0.139136 0.000000 0.277744 -0.125054 0.952481 0.000000 7.858717 -4.612868 -0.485326 1.000000
aniFrame
  m_time 0.922000
  m_vertexTransformMat 0.961200 0.087798 -0.261509 0.000000 -0.038409 0.981360 0.188302 0.000000 0.273167 -0.170952 0.946655 0.000000 7.656425 -5.445703 -0.771632 1.000000
aniFrame
  m_time 0.961000
  m_vertexTransformMat 0.962597 0.107793 -0.248571 0.000000 -0.043064 0.966657 0.252426 0.000000 0.267493 -0.232280 0.935144 0.000000 7.349764 -7.024214 -1.457576 1.000000
aniFrame
  m_time 1.000000
  m_vertexTransformMat 0.964689 0.127133 -0.230677 0.000000 -0.046953 0.944775 0.324338 0.000000 0.259172 -0.302055 0.917384 0.000000 6.911152 -9.013172 -2.495318 1.000000
aniFrame
  m_time 1.039000
  m_vertexTransformMat 0.967274 0.142427 -0.209989 0.000000 -0.047496 0.914603 0.401555 0.000000 0.249249 -0.378440 0.891436 0.000000 6.385032 -11.278034 -3.855306 1.000000
aniFrame
  m_time 1.078000
  m_vertexTransformMat 0.970677 0.147623 -0.189721 0.000000 -0.038953 0.875388 0.481848 0.000000 0.237211 -0.460329 0.855470 0.000000 5.739318 -13.597710 -5.479926 1.000000
aniFrame
  m_time 1.117000
  m_vertexTransformMat 0.975180 0.135641 -0.175004 0.000000 -0.009771 0.815982 0.577995 0.000000 0.221200 -0.561939 0.797054 0.000000 4.803850 -16.472361 -7.881756 1.000000
aniFrame
  m_time 1.156000
  m_vertexTransformMat 0.981146 0.122224 -0.149713 0.000000 0.016117 0.720193 0.693587 0.000000 0.192595 -0.682923 0.704644 0.000000 3.455663 -21.612625 -12.219893 1.000000
aniFrame
  m_time 1.195000
  m_vertexTransformMat 0.987672 0.111800 -0.109565 0.000000 0.021752 0.595116 0.803346 0.000000 0.155018 -0.795825 0.585348 0.000000 2.055140 -27.890169 -17.629927 1.000000
aniFrame
  m_time 1.234000
  m_vertexTransformMat 0.993904 0.080387 -0.075457 0.000000 0.023370 0.515238 0.856729 0.000000 0.107748 -0.853269 0.510219 0.000000 0.481330 -32.379570 -20.617403 1.000000
aniFrame
  m_time 1.273000
  m_vertexTransformMat 0.998884 -0.002236 -0.047183 0.000000 0.040885 0.541195 0.839902 0.000000 0.023657 -0.840894 0.540683 0.000000 -2.547001 -34.220512 -18.982222 1.000000
aniFrame
  m_time 1.312000
  m_vertexTransformMat 0.995785 -0.091062 -0.010949 0.000000 0.065577 0.623419 0.779134 0.000000 -0.064124 -0.776567 0.626763 0.000000 -5.879625 -34.105343 -14.735124 1.000000
aniFrame
  m_time 1.351000
  m_vertexTransformMat 0.993761 -0.110770 0.012991 0.000000 0.070278 0.712378 0.698268 0.000000 -0.086602 -0.692999 0.715718 0.000000 -6.765195 -33.142673 -10.031527 1.000000
aniFrame
  m_time 1.390000
  m_vertexTransformMat 0.997892 -0.064594 0.006241 0.000000 0.048275 0.803153 0.593814 0.000000 -0.043369 -0.592260 0.804579 0.000000 -4.974583 -31.450575 -5.112507 1.000000
aniFrame
  m_time 1.429000
  m_vertexTransformMat 0.999310 -0.029524 -0.022543 0.000000 0.036526 0.891409 0.451726 0.000000 0.006758 -0.452237 0.891872 0.000000 -2.870863 -27.378073 -0.811256 1.000000
aniFrame
  m_time 1.468000
  m_vertexTransformMat 0.997790 -0.038515 -0.054146 0.000000 0.051150 0.965347 0.255910 0.000000 0.042414 -0.258114 0.965183 0.000000 -1.465307 -20.201839 2.008914 1.000000
aniFrame
  m_time 1.507000
  m_vertexTransformMat 0.994217 -0.064439 -0.085909 0.000000 0.066135 0.997665 0.017036 0.000000 0.084611 -0.022619 0.996158 0.000000 0.134434 -10.944098 2.851960 1.000000
aniFrame
  m_time 1.546000
  m_vertexTransformMat 0.988702 -0.095354 -0.115654 0.000000 0.068498 0.973715 -0.217225 0.000000 0.133327 0.206849 0.969246 0.000000 1.962512 -1.515417 1.402756 1.000000
aniFrame
  m_time 1.585000
  m_vertexTransformMat 0.982537 -0.120103 -0.142111 0.000000 0.052784 0.912309 -0.406086 0.000000 0.178422 0.391494 0.902717 0.000000 3.681881 6.389753 -1.452680 1.000000
aniFrame
  m_time 1.624000
  m_vertexTransformMat 0.975091 -0.119234 -0.187033 0.000000 0.030646 0.907561 -0.418801 0.000000 0.219679 0.402637 0.888608 0.000000 5.161436 8.073706 -2.485070 1.000000
aniFrame
  m_time 1.663000
  m_vertexTransformMat 0.967850 -0.091985 -0.234103 0.000000 0.022595 0.958762 -0.283310 0.000000 0.250509 0.268912 0.930017 0.000000 6.362302 4.500998 -1.596283 1.000000
aniFrame
  m_time 1.702000
  m_vertexTransformMat 0.963695 -0.060588 -0.260042 0.000000 0.035135 0.994221 -0.101440 0.000000 0.264685 0.088620 0.960254 0.000000 6.977982 -3.316791 -0.209552 1.000000
aniFrame
  m_time 1.741000
  m_vertexTransformMat 0.960602 -0.036067 -0.275577 0.000000 0.034617 0.999349 -0.010124 0.000000 0.275763 0.000185 0.961226 0.000000 7.496146 -6.373266 -0.215010 1.000000
aniFrame
  m_time 1.780000
  m_vertexTransformMat 0.959221 -0.013095 -0.282355 0.000000 0.027624 0.998487 0.047536 0.000000 0.281305 -0.053397 0.958131 0.000000 7.773254 -7.604783 -0.412192 1.000000
aniFrame
  m_time 1.819000
  m_vertexTransformMat 0.958474 0.007939 -0.285068 0.000000 0.016415 0.996419 0.082943 0.000000 0.284706 -0.084179 0.954912 0.000000 7.974225 -7.637295 -0.596128 1.000000
aniFrame
  m_time 1.858000
  m_vertexTransformMat 0.958265 0.026350 -0.284663 0.000000 0.000408 0.995616 0.093532 0.000000 0.285880 -0.089745 0.954054 0.000000 8.082372 -6.337688 -0.641319 1.000000
aniFrame
  m_time 1.897000
  m_vertexTransformMat 0.958693 0.043318 -0.281124 0.000000 -0.016845 0.995248 0.095909 0.000000 0.283943 -0.087212 0.954867 0.000000 8.061654 -4.654327 -0.514187 1.000000
aniFrame
  m_time 1.936000
  m_vertexTransformMat 0.959703 0.061511 -0.274203 0.000000 -0.029278 0.992326 0.120133 0.000000 0.279488 -0.107264 0.954139 0.000000 7.921832 -4.201187 -0.425538 1.000000
aniFrame
  m_time 1.975000
  m_vertexTransformMat 0.960752 0.080138 -0.265582 0.000000 -0.038393 0.986564 0.158801 0.000000 0.274740 -0.142372 0.950920 0.000000 7.734059 -4.504436 -0.522581 1.000000
aniFrame
  m_time 2.014000
  m_vertexTransformMat 0.962151 0.099444 -0.253723 0.000000 -0.042502 0.974408 0.220735 0.000000 0.269180 -0.201596 0.941754 0.000000 7.440904 -5.967041 -1.051638 1.000000
aniFrame
  m_time 2.053000
  m_vertexTransformMat 0.964196 0.117462 -0.237757 0.000000 -0.042507 0.953417 0.298645 0.000000 0.261761 -0.277846 0.924274 0.000000 7.017370 -8.191836 -2.055306 1.000000
aniFrame
  m_time 2.092000
  m_vertexTransformMat 0.966782 0.133797 -0.217786 0.000000 -0.041678 0.923167 0.382134 0.000000 0.252181 -0.360363 0.898077 0.000000 6.506516 -10.736504 -3.456022 1.000000
aniFrame
  m_time 2.131000
  m_vertexTransformMat 0.969347 0.148225 -0.195945 0.000000 -0.043219 0.887953 0.457899 0.000000 0.241863 -0.435395 0.867141 0.000000 5.993544 -13.034580 -4.988902 1.000000
aniFrame
  m_time 2.133000
  m_vertexTransformMat 0.969450 0.148819 -0.194983 0.000000 -0.043292 0.886251 0.461178 0.000000 0.241436 -0.438648 0.865619 0.000000 5.969818 -13.137074 -5.065586 1.000000
