m_aniFrameList.size 202
aniFrame
  m_time -1.066000
  m_vertexTransformMat 0.969448 0.148515 -0.195226 0.000000 -0.043861 0.888007 0.457734 0.000000 0.241342 -0.435187 0.867391 0.000000 5.966371 -12.953148 -4.976557 1.000000
aniFrame
  m_time -1.050000
  m_vertexTransformMat 0.971507 0.144001 -0.188251 0.000000 -0.032895 0.868502 0.494592 0.000000 0.234718 -0.474307 0.848493 0.000000 5.590381 -13.933217 -5.732409 1.000000
aniFrame
  m_time -1.034000
  m_vertexTransformMat 0.973460 0.138784 -0.181972 0.000000 -0.021319 0.846675 0.531684 0.000000 0.227860 -0.513694 0.827163 0.000000 5.201793 -14.984092 -6.589652 1.000000
aniFrame
  m_time -1.018000
  m_vertexTransformMat 0.975224 0.134025 -0.175997 0.000000 -0.009520 0.820271 0.571897 0.000000 0.221014 -0.556052 0.801224 0.000000 4.794421 -16.243538 -7.667403 1.000000
aniFrame
  m_time -1.002000
  m_vertexTransformMat 0.977131 0.128977 -0.169053 0.000000 0.002197 0.788868 0.614558 0.000000 0.212625 -0.600875 0.770545 0.000000 4.336697 -17.790068 -9.014601 1.000000
aniFrame
  m_time -0.986000
  m_vertexTransformMat 0.979672 0.123950 -0.157729 0.000000 0.011696 0.749642 0.661741 0.000000 0.200263 -0.650134 0.732954 0.000000 3.780075 -19.966835 -10.829419 1.000000
aniFrame
  m_time -0.970000
  m_vertexTransformMat 0.982393 0.120034 -0.143165 0.000000 0.017557 0.703590 0.710389 0.000000 0.186000 -0.700395 0.689094 0.000000 3.190191 -22.515966 -12.966037 1.000000
aniFrame
  m_time -0.954000
  m_vertexTransformMat 0.985088 0.115917 -0.127142 0.000000 0.021032 0.652300 0.757669 0.000000 0.170762 -0.749045 0.640135 0.000000 2.612655 -25.133169 -15.224556 1.000000
aniFrame
  m_time -0.938000
  m_vertexTransformMat 0.987632 0.111770 -0.109953 0.000000 0.021488 0.598175 0.801078 0.000000 0.155308 -0.793533 0.588375 0.000000 2.071317 -27.743671 -17.496906 1.000000
aniFrame
  m_time -0.922000
  m_vertexTransformMat 0.990112 0.103175 -0.095040 0.000000 0.021963 0.555143 0.831465 0.000000 0.138547 -0.825331 0.547388 0.000000 1.507417 -29.892431 -19.210497 1.000000
aniFrame
  m_time -0.906000
  m_vertexTransformMat 0.992634 0.090084 -0.081014 0.000000 0.022022 0.523387 0.851811 0.000000 0.119136 -0.847320 0.517548 0.000000 0.871948 -31.692444 -20.367851 1.000000
aniFrame
  m_time -0.890000
  m_vertexTransformMat 0.995359 0.066218 -0.069830 0.000000 0.026086 0.512802 0.858111 0.000000 0.092631 -0.855949 0.508695 0.000000 -0.049865 -32.975719 -20.618170 1.000000
aniFrame
  m_time -0.874000
  m_vertexTransformMat 0.997779 0.032060 -0.058391 0.000000 0.033084 0.522300 0.852120 0.000000 0.057816 -0.852159 0.520079 0.000000 -1.293285 -33.771748 -20.006861 1.000000
aniFrame
  m_time -0.858000
  m_vertexTransformMat 0.998919 -0.005644 -0.046132 0.000000 0.041794 0.543266 0.838520 0.000000 0.020329 -0.839542 0.542915 0.000000 -2.672457 -34.256210 -18.869350 1.000000
aniFrame
  m_time -0.842000
  m_vertexTransformMat 0.998352 -0.048020 -0.031431 0.000000 0.053378 0.575692 0.815922 0.000000 -0.021086 -0.816255 0.577307 0.000000 -4.231499 -34.353104 -17.201784 1.000000
aniFrame
  m_time -0.826000
  m_vertexTransformMat 0.996582 -0.081068 -0.015905 0.000000 0.062265 0.610538 0.789536 0.000000 -0.054295 -0.787827 0.613498 0.000000 -5.495943 -34.216030 -15.402801 1.000000
aniFrame
  m_time -0.810000
  m_vertexTransformMat 0.994343 -0.106188 -0.002492 0.000000 0.071030 0.647312 0.758909 0.000000 -0.078974 -0.754792 0.651193 0.000000 -6.467724 -33.852013 -13.488881 1.000000
aniFrame
  m_time -0.794000
  m_vertexTransformMat 0.993244 -0.115725 0.008613 0.000000 0.073406 0.684042 0.725740 0.000000 -0.089878 -0.720205 0.687916 0.000000 -6.894709 -33.440716 -11.560347 1.000000
aniFrame
  m_time -0.778000
  m_vertexTransformMat 0.994026 -0.108306 0.013496 0.000000 0.069056 0.719860 0.690676 0.000000 -0.084519 -0.685618 0.723039 0.000000 -6.682428 -33.053745 -9.624496 1.000000
aniFrame
  m_time -0.762000
  m_vertexTransformMat 0.995567 -0.093064 0.013607 0.000000 0.061832 0.756632 0.650911 0.000000 -0.070872 -0.647184 0.759032 0.000000 -6.123523 -32.479576 -7.636772 1.000000
aniFrame
  m_time -0.746000
  m_vertexTransformMat 0.997513 -0.069993 0.008262 0.000000 0.050736 0.794504 0.605136 0.000000 -0.048920 -0.603212 0.796080 0.000000 -5.206881 -31.683203 -5.578665 1.000000
aniFrame
  m_time -0.730000
  m_vertexTransformMat 0.998757 -0.049823 -0.001554 0.000000 0.042358 0.831854 0.553375 0.000000 -0.026278 -0.552753 0.832931 0.000000 -4.257990 -30.467428 -3.620163 1.000000
aniFrame
  m_time -0.714000
  m_vertexTransformMat 0.999276 -0.035491 -0.013711 0.000000 0.037624 0.868075 0.495006 0.000000 -0.005666 -0.495163 0.868782 0.000000 -3.390329 -28.776094 -1.863236 1.000000
aniFrame
  m_time -0.698000
  m_vertexTransformMat 0.999240 -0.028201 -0.026901 0.000000 0.037015 0.902762 0.428546 0.000000 0.012199 -0.429216 0.903120 0.000000 -2.646709 -26.587149 -0.326106 1.000000
aniFrame
  m_time -0.682000
  m_vertexTransformMat 0.998741 -0.030567 -0.039787 0.000000 0.042617 0.935331 0.351198 0.000000 0.026479 -0.352451 0.935456 0.000000 -2.078280 -23.790424 0.949804 1.000000
aniFrame
  m_time -0.666000
  m_vertexTransformMat 0.997893 -0.037708 -0.052792 0.000000 0.050416 0.962871 0.265215 0.000000 0.040831 -0.267318 0.962743 0.000000 -1.526292 -20.554728 1.924816 1.000000
aniFrame
  m_time -0.650000
  m_vertexTransformMat 0.996750 -0.046820 -0.065547 0.000000 0.057433 0.983637 0.170761 0.000000 0.056480 -0.173970 0.983130 0.000000 -0.923519 -16.941586 2.590352 1.000000
aniFrame
  m_time -0.634000
  m_vertexTransformMat 0.995207 -0.057941 -0.078779 0.000000 0.063562 0.995461 0.070833 0.000000 0.074318 -0.075501 0.994372 0.000000 -0.250601 -13.061270 2.873811 1.000000
aniFrame
  m_time -0.618000
  m_vertexTransformMat 0.993324 -0.070290 -0.091471 0.000000 0.067894 0.997270 -0.029054 0.000000 0.093264 0.022650 0.995384 0.000000 0.461420 -9.114477 2.739994 1.000000
aniFrame
  m_time -0.602000
  m_vertexTransformMat 0.991143 -0.083239 -0.103475 0.000000 0.069756 0.989356 -0.127711 0.000000 0.113004 0.119362 0.986399 0.000000 1.204712 -5.163129 2.222436 1.000000
aniFrame
  m_time -0.586000
  m_vertexTransformMat 0.988649 -0.095608 -0.115896 0.000000 0.068444 0.973307 -0.219064 0.000000 0.133747 0.208645 0.968803 0.000000 1.978322 -1.439629 1.382279 1.000000
aniFrame
  m_time -0.570000
  m_vertexTransformMat 0.986099 -0.107055 -0.127070 0.000000 0.064303 0.951059 -0.302243 0.000000 0.153208 0.289871 0.944723 0.000000 2.716260 2.018675 0.305047 1.000000
aniFrame
  m_time -0.554000
  m_vertexTransformMat 0.983566 -0.116635 -0.137816 0.000000 0.056720 0.924295 -0.377440 0.000000 0.171405 0.363420 0.915721 0.000000 3.411179 5.171187 -0.915096 1.000000
aniFrame
  m_time -0.538000
  m_vertexTransformMat 0.981056 -0.123715 -0.149077 0.000000 0.047052 0.898655 -0.436126 0.000000 0.187924 0.420849 0.887452 0.000000 4.044059 7.739848 -2.106747 1.000000
aniFrame
  m_time -0.522000
  m_vertexTransformMat 0.978067 -0.124317 -0.167122 0.000000 0.037695 0.894751 -0.444972 0.000000 0.204850 0.428913 0.879813 0.000000 4.651740 8.556439 -2.598272 1.000000
aniFrame
  m_time -0.506000
  m_vertexTransformMat 0.974580 -0.118083 -0.190393 0.000000 0.029600 0.910241 -0.413019 0.000000 0.222073 0.396884 0.890599 0.000000 5.245398 7.947163 -2.449229 1.000000
aniFrame
  m_time -0.490000
  m_vertexTransformMat 0.971391 -0.108920 -0.211034 0.000000 0.024589 0.929975 -0.366799 0.000000 0.236208 0.351116 0.906048 0.000000 5.773985 6.854198 -2.150336 1.000000
aniFrame
  m_time -0.474000
  m_vertexTransformMat 0.968533 -0.096283 -0.229508 0.000000 0.022819 0.952608 -0.303342 0.000000 0.247838 0.288560 0.924829 0.000000 6.248917 5.145530 -1.739333 1.000000
aniFrame
  m_time -0.458000
  m_vertexTransformMat 0.966540 -0.081285 -0.243298 0.000000 0.023485 0.972523 -0.231621 0.000000 0.255440 0.218157 0.941891 0.000000 6.575624 2.480042 -1.166186 1.000000
aniFrame
  m_time -0.442000
  m_vertexTransformMat 0.964941 -0.068111 -0.253476 0.000000 0.030370 0.988230 -0.149932 0.000000 0.260705 0.136977 0.955652 0.000000 6.805785 -1.220139 -0.481218 1.000000
aniFrame
  m_time -0.426000
  m_vertexTransformMat 0.963252 -0.057827 -0.262301 0.000000 0.035922 0.995512 -0.087552 0.000000 0.266186 0.074912 0.961006 0.000000 7.045236 -3.856672 -0.170879 1.000000
aniFrame
  m_time -0.410000
  m_vertexTransformMat 0.961835 -0.047522 -0.269472 0.000000 0.035917 0.998209 -0.047835 0.000000 0.271263 0.036331 0.961820 0.000000 7.282993 -5.231188 -0.157271 1.000000
aniFrame
  m_time -0.394000
  m_vertexTransformMat 0.960742 -0.037635 -0.274881 0.000000 0.034819 0.999279 -0.015120 0.000000 0.275252 0.004955 0.961360 0.000000 7.472026 -6.231228 -0.205404 1.000000
aniFrame
  m_time -0.378000
  m_vertexTransformMat 0.960049 -0.027952 -0.278432 0.000000 0.032663 0.999391 0.012296 0.000000 0.277918 -0.020899 0.960377 0.000000 7.599880 -6.938292 -0.273998 1.000000
aniFrame
  m_time -0.362000
  m_vertexTransformMat 0.959510 -0.018526 -0.281064 0.000000 0.029643 0.998935 0.035352 0.000000 0.280110 -0.042252 0.959038 0.000000 7.710240 -7.411625 -0.358751 1.000000
aniFrame
  m_time -0.346000
  m_vertexTransformMat 0.959053 -0.009498 -0.283066 0.000000 0.026050 0.998159 0.054770 0.000000 0.282025 -0.059901 0.957535 0.000000 7.812590 -7.688992 -0.446927 1.000000
aniFrame
  m_time -0.330000
  m_vertexTransformMat 0.958714 -0.000671 -0.284369 0.000000 0.021595 0.997281 0.070452 0.000000 0.283549 -0.073684 0.956123 0.000000 7.900678 -7.763474 -0.529447 1.000000
aniFrame
  m_time -0.314000
  m_vertexTransformMat 0.958480 0.007658 -0.285057 0.000000 0.016585 0.996450 0.082536 0.000000 0.284677 -0.083837 0.954951 0.000000 7.972098 -7.646608 -0.594055 1.000000
aniFrame
  m_time -0.298000
  m_vertexTransformMat 0.958342 0.015685 -0.285192 0.000000 0.010673 0.995827 0.090634 0.000000 0.285423 -0.089902 0.954176 0.000000 8.028357 -7.313791 -0.637631 1.000000
aniFrame
  m_time -0.282000
  m_vertexTransformMat 0.958271 0.023031 -0.284934 0.000000 0.003719 0.995661 0.092984 0.000000 0.285839 -0.090163 0.954027 0.000000 8.069940 -6.672955 -0.648374 1.000000
aniFrame
  m_time -0.266000
  m_vertexTransformMat 0.958283 0.030116 -0.284230 0.000000 -0.003394 0.995562 0.094043 0.000000 0.285801 -0.089155 0.954133 0.000000 8.091249 -5.968657 -0.627159 1.000000
aniFrame
  m_time -0.250000
  m_vertexTransformMat 0.958476 0.037285 -0.282727 0.000000 -0.010208 0.995267 0.096643 0.000000 0.284992 -0.089744 0.954319 0.000000 8.083214 -5.366812 -0.583217 1.000000
aniFrame
  m_time -0.234000
  m_vertexTransformMat 0.958780 0.044432 -0.280655 0.000000 -0.016454 0.994723 0.101271 0.000000 0.283673 -0.092479 0.954451 0.000000 8.052543 -4.885523 -0.529823 1.000000
aniFrame
  m_time -0.218000
  m_vertexTransformMat 0.959177 0.051875 -0.278008 0.000000 -0.021792 0.993667 0.110229 0.000000 0.281965 -0.099670 0.954233 0.000000 8.002698 -4.646550 -0.489398 1.000000
aniFrame
  m_time -0.202000
  m_vertexTransformMat 0.959633 0.059453 -0.274900 0.000000 -0.026444 0.992145 0.122262 0.000000 0.280010 -0.110057 0.953668 0.000000 7.938890 -4.576324 -0.470308 1.000000
aniFrame
  m_time -0.186000
  m_vertexTransformMat 0.960045 0.067065 -0.271690 0.000000 -0.030732 0.990254 0.135843 0.000000 0.278152 -0.122066 0.952749 0.000000 7.873558 -4.584439 -0.478140 1.000000
aniFrame
  m_time -0.170000
  m_vertexTransformMat 0.960478 0.074700 -0.268146 0.000000 -0.034410 0.987793 0.151925 0.000000 0.276221 -0.136694 0.951323 0.000000 7.799578 -4.723252 -0.525019 1.000000
aniFrame
  m_time -0.154000
  m_vertexTransformMat 0.960878 0.082678 -0.264344 0.000000 -0.037107 0.984231 0.172949 0.000000 0.274475 -0.156374 0.948794 0.000000 7.718653 -5.100383 -0.650274 1.000000
aniFrame
  m_time -0.138000
  m_vertexTransformMat 0.961389 0.090661 -0.259830 0.000000 -0.039123 0.979613 0.197051 0.000000 0.272398 -0.179277 0.945336 0.000000 7.618716 -5.647205 -0.848073 1.000000
aniFrame
  m_time -0.122000
  m_vertexTransformMat 0.961880 0.099017 -0.254918 0.000000 -0.041028 0.973850 0.223459 0.000000 0.270378 -0.204481 0.940789 0.000000 7.505199 -6.287421 -1.112161 1.000000
aniFrame
  m_time -0.106000
  m_vertexTransformMat 0.962525 0.107168 -0.249117 0.000000 -0.042795 0.967119 0.250699 0.000000 0.267793 -0.230643 0.935463 0.000000 7.364092 -6.994534 -1.436905 1.000000
aniFrame
  m_time -0.090000
  m_vertexTransformMat 0.963387 0.115391 -0.242013 0.000000 -0.044513 0.958958 0.280033 0.000000 0.264394 -0.259007 0.928984 0.000000 7.192648 -7.793095 -1.823098 1.000000
aniFrame
  m_time -0.074000
  m_vertexTransformMat 0.964119 0.123459 -0.235016 0.000000 -0.045937 0.949513 0.310348 0.000000 0.261466 -0.288417 0.921114 0.000000 7.022105 -8.653843 -2.278253 1.000000
aniFrame
  m_time -0.058000
  m_vertexTransformMat 0.965253 0.130742 -0.226258 0.000000 -0.047085 0.938686 0.341545 0.000000 0.257040 -0.319024 0.912225 0.000000 6.807434 -9.562729 -2.779168 1.000000
aniFrame
  m_time -0.042000
  m_vertexTransformMat 0.966216 0.137525 -0.217977 0.000000 -0.047423 0.926166 0.374123 0.000000 0.253334 -0.351147 0.901398 0.000000 6.601461 -10.526994 -3.351387 1.000000
aniFrame
  m_time -0.026000
  m_vertexTransformMat 0.967324 0.142921 -0.209423 0.000000 -0.046915 0.912618 0.406114 0.000000 0.249165 -0.383019 0.889502 0.000000 6.379158 -11.489816 -3.952984 1.000000
aniFrame
  m_time -0.010000
  m_vertexTransformMat 0.968529 0.147485 -0.200498 0.000000 -0.045744 0.897289 0.439068 0.000000 0.244661 -0.416078 0.875797 0.000000 6.145704 -12.489613 -4.605470 1.000000
aniFrame
  m_time 0.005000
  m_vertexTransformMat 0.969986 0.148675 -0.192412 0.000000 -0.041337 0.880604 0.472046 0.000000 0.239620 -0.449924 0.860320 0.000000 5.869857 -13.433384 -5.294521 1.000000
aniFrame
  m_time 0.021000
  m_vertexTransformMat 0.971808 0.145735 -0.185338 0.000000 -0.033009 0.862445 0.505073 0.000000 0.233451 -0.484716 0.842942 0.000000 5.530622 -14.268212 -5.998102 1.000000
aniFrame
  m_time 0.037000
  m_vertexTransformMat 0.973689 0.140829 -0.179159 0.000000 -0.021585 0.839649 0.542701 0.000000 0.226858 -0.524555 0.820596 0.000000 5.153361 -15.367575 -6.915132 1.000000
aniFrame
  m_time 0.053000
  m_vertexTransformMat 0.975496 0.134590 -0.174047 0.000000 -0.007158 0.810064 0.586299 0.000000 0.219899 -0.570686 0.791177 0.000000 4.726814 -16.768955 -8.132562 1.000000
aniFrame
  m_time 0.069000
  m_vertexTransformMat 0.977704 0.127816 -0.166607 0.000000 0.006477 0.774682 0.632319 0.000000 0.209888 -0.619299 0.756581 0.000000 4.212734 -18.570238 -9.680358 1.000000
aniFrame
  m_time 0.085000
  m_vertexTransformMat 0.980396 0.123194 -0.153774 0.000000 0.014629 0.732770 0.680319 0.000000 0.196492 -0.669232 0.716603 0.000000 3.619692 -20.913052 -11.635154 1.000000
aniFrame
  m_time 0.101000
  m_vertexTransformMat 0.983145 0.119043 -0.138766 0.000000 0.019589 0.686028 0.727312 0.000000 0.181778 -0.717771 0.672132 0.000000 3.019548 -23.439663 -13.769416 1.000000
aniFrame
  m_time 0.117000
  m_vertexTransformMat 0.985861 0.115212 -0.121677 0.000000 0.021626 0.632585 0.774189 0.000000 0.166167 -0.765873 0.621149 0.000000 2.442881 -26.092056 -16.075293 1.000000
aniFrame
  m_time 0.133000
  m_vertexTransformMat 0.988405 0.109536 -0.105151 0.000000 0.021991 0.581946 0.812930 0.000000 0.150237 -0.805817 0.572789 0.000000 1.890767 -28.537573 -18.163902 1.000000
aniFrame
  m_time 0.149000
  m_vertexTransformMat 0.990922 0.099671 -0.090220 0.000000 0.021892 0.542494 0.839774 0.000000 0.132646 -0.834126 0.535388 0.000000 1.312667 -30.553543 -19.690355 1.000000
aniFrame
  m_time 0.165000
  m_vertexTransformMat 0.993510 0.083666 -0.077057 0.000000 0.022819 0.517079 0.855634 0.000000 0.111432 -0.851839 0.511814 0.000000 0.609280 -32.186142 -20.568056 1.000000
aniFrame
  m_time 0.181000
  m_vertexTransformMat 0.996269 0.055495 -0.066093 0.000000 0.028208 0.514383 0.857097 0.000000 0.081562 -0.855763 0.510898 0.000000 -0.441210 -33.278072 -20.485111 1.000000
aniFrame
  m_time 0.197000
  m_vertexTransformMat 0.998324 0.019902 -0.054347 0.000000 0.035648 0.528314 0.848301 0.000000 0.045595 -0.848816 0.526719 0.000000 -1.736200 -33.956333 -19.676914 1.000000
aniFrame
  m_time 0.213000
  m_vertexTransformMat 0.998937 -0.019940 -0.041552 0.000000 0.045641 0.553379 0.831678 0.000000 0.006410 -0.832691 0.553701 0.000000 -3.193276 -34.318924 -18.349850 1.000000
aniFrame
  m_time 0.229000
  m_vertexTransformMat 0.997825 -0.060555 -0.026054 0.000000 0.056731 0.587487 0.807243 0.000000 -0.033577 -0.806965 0.589644 0.000000 -4.703533 -34.318714 -16.599003 1.000000
aniFrame
  m_time 0.245000
  m_vertexTransformMat 0.995833 -0.090499 -0.011233 0.000000 0.065382 0.622656 0.779759 0.000000 -0.063573 -0.777244 0.625979 0.000000 -5.857977 -34.112438 -14.774787 1.000000
aniFrame
  m_time 0.261000
  m_vertexTransformMat 0.993750 -0.111619 0.001584 0.000000 0.072908 0.659713 0.747973 0.000000 -0.084533 -0.743182 0.663727 0.000000 -6.687973 -33.707031 -12.841199 1.000000
aniFrame
  m_time 0.277000
  m_vertexTransformMat 0.993344 -0.114664 0.010981 0.000000 0.072442 0.695990 0.714388 0.000000 -0.089557 -0.708838 0.699663 0.000000 -6.881676 -33.318695 -10.919607 1.000000
aniFrame
  m_time 0.293000
  m_vertexTransformMat 0.994507 -0.103747 0.013888 0.000000 0.066885 0.731921 0.678099 0.000000 -0.080515 -0.673445 0.734839 0.000000 -6.521601 -32.893215 -8.968651 1.000000
aniFrame
  m_time 0.309000
  m_vertexTransformMat 0.996216 -0.086000 0.012549 0.000000 0.058390 0.769226 0.636303 0.000000 -0.064375 -0.633163 0.771337 0.000000 -5.852579 -32.243698 -6.953913 1.000000
aniFrame
  m_time 0.325000
  m_vertexTransformMat 0.998047 -0.062246 0.005256 0.000000 0.047236 0.807071 0.588562 0.000000 -0.040877 -0.587165 0.808435 0.000000 -4.870243 -31.336531 -4.903141 1.000000
aniFrame
  m_time 0.341000
  m_vertexTransformMat 0.998991 -0.044597 -0.005342 0.000000 0.040540 0.844062 0.534710 0.000000 -0.019337 -0.534387 0.845019 0.000000 -3.965901 -29.953415 -3.013121 1.000000
aniFrame
  m_time 0.357000
  m_vertexTransformMat 0.999323 -0.032017 -0.018116 0.000000 0.036779 0.879839 0.473848 0.000000 0.000768 -0.474193 0.880421 0.000000 -3.120465 -28.106342 -1.324139 1.000000
aniFrame
  m_time 0.373000
  m_vertexTransformMat 0.999118 -0.028082 -0.031206 0.000000 0.038307 0.913948 0.404020 0.000000 0.017175 -0.404859 0.914218 0.000000 -2.445200 -25.721628 0.130522 1.000000
aniFrame
  m_time 0.389000
  m_vertexTransformMat 0.998491 -0.032713 -0.044098 0.000000 0.045244 0.945232 0.323249 0.000000 0.031109 -0.324757 0.945286 0.000000 -1.899507 -22.746088 1.309196 1.000000
aniFrame
  m_time 0.405000
  m_vertexTransformMat 0.997551 -0.040420 -0.057085 0.000000 0.052772 0.970578 0.234935 0.000000 0.045909 -0.237372 0.970334 0.000000 -1.330360 -19.403481 2.182936 1.000000
aniFrame
  m_time 0.421000
  m_vertexTransformMat 0.996284 -0.050385 -0.069855 0.000000 0.059645 0.988699 0.137540 0.000000 0.062135 -0.141195 0.988030 0.000000 -0.708134 -15.657796 2.731162 1.000000
aniFrame
  m_time 0.437000
  m_vertexTransformMat 0.994605 -0.061873 -0.083256 0.000000 0.065200 0.997154 0.037850 0.000000 0.080678 -0.043074 0.995809 0.000000 -0.013349 -11.765983 2.874765 1.000000
aniFrame
  m_time 0.453000
  m_vertexTransformMat 0.992636 -0.074637 -0.095408 0.000000 0.068857 0.995667 -0.062502 0.000000 0.099660 0.055473 0.993474 0.000000 0.703431 -7.779970 2.607074 1.000000
aniFrame
  m_time 0.469000
  m_vertexTransformMat 0.990330 -0.087371 -0.107765 0.000000 0.069608 0.984854 -0.158800 0.000000 0.120008 0.149763 0.981412 0.000000 1.464611 -3.906180 1.977665 1.000000
aniFrame
  m_time 0.485000
  m_vertexTransformMat 0.987801 -0.099612 -0.119695 0.000000 0.067407 0.966418 -0.247978 0.000000 0.140377 0.236885 0.961343 0.000000 2.228830 -0.243881 1.041415 1.000000
aniFrame
  m_time 0.501000
  m_vertexTransformMat 0.985241 -0.110366 -0.130842 0.000000 0.062174 0.942912 -0.327186 0.000000 0.159483 0.314222 0.935858 0.000000 2.954126 3.066287 -0.077018 1.000000
aniFrame
  m_time 0.517000
  m_vertexTransformMat 0.982744 -0.119452 -0.141228 0.000000 0.053589 0.914638 -0.400706 0.000000 0.177037 0.386223 0.905257 0.000000 3.628550 6.158153 -1.347064 1.000000
aniFrame
  m_time 0.533000
  m_vertexTransformMat 0.980149 -0.124820 -0.154041 0.000000 0.043860 0.894206 -0.445503 0.000000 0.193352 0.429902 0.881929 0.000000 4.245546 8.236188 -2.372247 1.000000
aniFrame
  m_time 0.549000
  m_vertexTransformMat 0.976920 -0.122830 -0.174761 0.000000 0.034769 0.898662 -0.437262 0.000000 0.210759 0.421093 0.882191 0.000000 4.854540 8.457904 -2.592163 1.000000
aniFrame
  m_time 0.565000
  m_vertexTransformMat 0.973476 -0.115215 -0.197659 0.000000 0.027465 0.916545 -0.398988 0.000000 0.227133 0.382977 0.895399 0.000000 5.427106 7.617850 -2.354102 1.000000
aniFrame
  m_time 0.581000
  m_vertexTransformMat 0.970372 -0.105159 -0.217531 0.000000 0.023786 0.937522 -0.347113 0.000000 0.240442 0.331655 0.912246 0.000000 5.943138 6.365227 -2.027128 1.000000
aniFrame
  m_time 0.597000
  m_vertexTransformMat 0.967759 -0.091365 -0.234721 0.000000 0.022572 0.959601 -0.280459 0.000000 0.250862 0.266119 0.930725 0.000000 6.377366 4.403953 -1.575192 1.000000
aniFrame
  m_time 0.613000
  m_vertexTransformMat 0.966017 -0.076456 -0.246914 0.000000 0.025229 0.978582 -0.204306 0.000000 0.257245 0.191134 0.947255 0.000000 6.655326 1.267863 -0.924217 1.000000
aniFrame
  m_time 0.629000
  m_vertexTransformMat 0.964372 -0.064564 -0.256551 0.000000 0.032977 0.991536 -0.125571 0.000000 0.262487 0.112636 0.958339 0.000000 6.882379 -2.310619 -0.320243 1.000000
aniFrame
  m_time 0.645000
  m_vertexTransformMat 0.962742 -0.054418 -0.264889 0.000000 0.036352 0.996696 -0.072634 0.000000 0.267967 0.060299 0.961539 0.000000 7.127086 -4.405021 -0.148858 1.000000
aniFrame
  m_time 0.661000
  m_vertexTransformMat 0.961435 -0.044117 -0.271469 0.000000 0.035452 0.998696 -0.036741 0.000000 0.272736 0.025700 0.961746 0.000000 7.353477 -5.574892 -0.172631 1.000000
aniFrame
  m_time 0.677000
  m_vertexTransformMat 0.960473 -0.034412 -0.276237 0.000000 0.034289 0.999398 -0.005276 0.000000 0.276252 -0.004404 0.961075 0.000000 7.519426 -6.506170 -0.225391 1.000000
aniFrame
  m_time 0.693000
  m_vertexTransformMat 0.959869 -0.024750 -0.279353 0.000000 0.031691 0.999290 0.020359 0.000000 0.278651 -0.028395 0.959973 0.000000 7.636273 -7.116076 -0.300419 1.000000
aniFrame
  m_time 0.709000
  m_vertexTransformMat 0.959345 -0.015487 -0.281813 0.000000 0.028552 0.998696 0.042313 0.000000 0.280790 -0.048639 0.958536 0.000000 7.745794 -7.531417 -0.388014 1.000000
aniFrame
  m_time 0.725000
  m_vertexTransformMat 0.958929 -0.006530 -0.283572 0.000000 0.024676 0.997865 0.060465 0.000000 0.282572 -0.064979 0.957043 0.000000 7.843402 -7.739583 -0.474987 1.000000
aniFrame
  m_time 0.741000
  m_vertexTransformMat 0.958625 0.002171 -0.284661 0.000000 0.020008 0.996984 0.074982 0.000000 0.283966 -0.077575 0.955691 0.000000 7.926192 -7.752105 -0.553162 1.000000
aniFrame
  m_time 0.757000
  m_vertexTransformMat 0.958425 0.010352 -0.285157 0.000000 0.014775 0.996201 0.085822 0.000000 0.284962 -0.086467 0.954631 0.000000 7.992174 -7.568523 -0.610650 1.000000
aniFrame
  m_time 0.773000
  m_vertexTransformMat 0.958313 0.018250 -0.285136 0.000000 0.008468 0.995706 0.092189 0.000000 0.285594 -0.090761 0.954043 0.000000 8.043812 -7.141968 -0.645841 1.000000
aniFrame
  m_time 0.789000
  m_vertexTransformMat 0.958261 0.025368 -0.284766 0.000000 0.001371 0.995636 0.093307 0.000000 0.285890 -0.089803 0.954045 0.000000 8.079527 -6.436286 -0.644049 1.000000
aniFrame
  m_time 0.805000
  m_vertexTransformMat 0.958326 0.032572 -0.283815 0.000000 -0.005641 0.995443 0.095196 0.000000 0.285622 -0.089628 0.954142 0.000000 8.091862 -5.780585 -0.616400 1.000000
aniFrame
  m_time 0.821000
  m_vertexTransformMat 0.958572 0.039651 -0.282077 0.000000 -0.012309 0.995105 0.098053 0.000000 0.284584 -0.090519 0.954368 0.000000 8.074627 -5.199709 -0.565803 1.000000
aniFrame
  m_time 0.837000
  m_vertexTransformMat 0.958892 0.046944 -0.279862 0.000000 -0.018271 0.994389 0.104195 0.000000 0.283183 -0.094799 0.954369 0.000000 8.038875 -4.799388 -0.516879 1.000000
aniFrame
  m_time 0.853000
  m_vertexTransformMat 0.959335 0.054396 -0.276980 0.000000 -0.023325 0.993177 0.114263 0.000000 0.281305 -0.103156 0.954058 0.000000 7.981729 -4.626480 -0.481524 1.000000
aniFrame
  m_time 0.869000
  m_vertexTransformMat 0.959762 0.062063 -0.273872 0.000000 -0.027852 0.991501 0.127082 0.000000 0.279431 -0.114340 0.953333 0.000000 7.918325 -4.590927 -0.473320 1.000000
aniFrame
  m_time 0.885000
  m_vertexTransformMat 0.960194 0.069587 -0.270526 0.000000 -0.031984 0.989493 0.141001 0.000000 0.277495 -0.126736 0.952331 0.000000 7.849615 -4.623693 -0.489283 1.000000
aniFrame
  m_time 0.901000
  m_vertexTransformMat 0.960602 0.077402 -0.266931 0.000000 -0.035390 0.986684 0.158752 0.000000 0.275664 -0.143051 0.950550 0.000000 7.774238 -4.836381 -0.559927 1.000000
aniFrame
  m_time 0.917000
  m_vertexTransformMat 0.961039 0.085315 -0.262919 0.000000 -0.037780 0.982792 0.180811 0.000000 0.273821 -0.163834 0.947724 0.000000 7.687662 -5.276078 -0.710215 1.000000
aniFrame
  m_time 0.933000
  m_vertexTransformMat 0.961566 0.093435 -0.258188 0.000000 -0.039776 0.977803 0.205719 0.000000 0.271678 -0.187542 0.943938 0.000000 7.581501 -5.853253 -0.928462 1.000000
aniFrame
  m_time 0.949000
  m_vertexTransformMat 0.962053 0.101735 -0.253187 0.000000 -0.041682 0.971798 0.232103 0.000000 0.269659 -0.212742 0.939162 0.000000 7.462989 -6.498435 -1.210457 1.000000
aniFrame
  m_time 0.965000
  m_vertexTransformMat 0.962830 0.109810 -0.246780 0.000000 -0.043530 0.964772 0.259460 0.000000 0.266578 -0.239074 0.933692 0.000000 7.306083 -7.210420 -1.546292 1.000000
aniFrame
  m_time 0.981000
  m_vertexTransformMat 0.963610 0.118055 -0.239831 0.000000 -0.045265 0.956300 0.288861 0.000000 0.263452 -0.267493 0.926844 0.000000 7.137524 -8.008807 -1.948931 1.000000
aniFrame
  m_time 0.997000
  m_vertexTransformMat 0.964460 0.125795 -0.232362 0.000000 -0.046707 0.946717 0.318661 0.000000 0.260067 -0.296482 0.918947 0.000000 6.952859 -8.850414 -2.405974 1.000000
aniFrame
  m_time 1.013000
  m_vertexTransformMat 0.965594 0.132911 -0.223523 0.000000 -0.047764 0.935548 0.349956 0.000000 0.255630 -0.327239 0.909708 0.000000 6.734787 -9.752754 -2.916499 1.000000
aniFrame
  m_time 1.029000
  m_vertexTransformMat 0.966545 0.139217 -0.215430 0.000000 -0.047832 0.922982 0.381859 0.000000 0.251999 -0.358780 0.898762 0.000000 6.527783 -10.689537 -3.486758 1.000000
aniFrame
  m_time 1.045000
  m_vertexTransformMat 0.967718 0.144329 -0.206618 0.000000 -0.047286 0.909210 0.413644 0.000000 0.247560 -0.390521 0.886683 0.000000 6.298957 -11.643211 -4.086932 1.000000
aniFrame
  m_time 1.061000
  m_vertexTransformMat 0.968966 0.148103 -0.197912 0.000000 -0.045351 0.893564 0.446640 0.000000 0.242996 -0.423804 0.872550 0.000000 6.057476 -12.630706 -4.745625 1.000000
aniFrame
  m_time 1.077000
  m_vertexTransformMat 0.970564 0.147781 -0.190174 0.000000 -0.039453 0.876509 0.479766 0.000000 0.237589 -0.458141 0.856538 0.000000 5.760057 -13.544404 -5.436349 1.000000
aniFrame
  m_time 1.093000
  m_vertexTransformMat 0.972439 0.144000 -0.183372 0.000000 -0.029829 0.856855 0.514694 0.000000 0.231239 -0.495039 0.837535 0.000000 5.407858 -14.469857 -6.202391 1.000000
aniFrame
  m_time 1.109000
  m_vertexTransformMat 0.974279 0.138788 -0.177533 0.000000 -0.017215 0.831369 0.555454 0.000000 0.224686 -0.538111 0.812375 0.000000 5.019289 -15.735751 -7.246243 1.000000
aniFrame
  m_time 1.125000
  m_vertexTransformMat 0.976158 0.132255 -0.172116 0.000000 -0.002255 0.799076 0.601225 0.000000 0.217048 -0.586503 0.780323 0.000000 4.566981 -17.296520 -8.597129 1.000000
aniFrame
  m_time 1.141000
  m_vertexTransformMat 0.978576 0.126018 -0.162816 0.000000 0.009821 0.761332 0.648288 0.000000 0.205653 -0.635998 0.743783 0.000000 4.019637 -19.310413 -10.297900 1.000000
aniFrame
  m_time 1.157000
  m_vertexTransformMat 0.981318 0.121993 -0.148771 0.000000 0.016430 0.717301 0.696570 0.000000 0.191690 -0.686001 0.701896 0.000000 3.418077 -21.771763 -12.353542 1.000000
aniFrame
  m_time 1.173000
  m_vertexTransformMat 0.984066 0.117617 -0.133341 0.000000 0.020769 0.668771 0.743179 0.000000 0.176585 -0.734106 0.655672 0.000000 2.821453 -24.318041 -14.526557 1.000000
aniFrame
  m_time 1.189000
  m_vertexTransformMat 0.986724 0.113872 -0.115798 0.000000 0.021684 0.614251 0.788813 0.000000 0.160953 -0.780852 0.603627 0.000000 2.260097 -26.971285 -16.842133 1.000000
aniFrame
  m_time 1.205000
  m_vertexTransformMat 0.989247 0.106535 -0.100203 0.000000 0.022198 0.567825 0.822850 0.000000 0.144560 -0.816226 0.559354 0.000000 1.699401 -29.244158 -18.724537 1.000000
aniFrame
  m_time 1.221000
  m_vertexTransformMat 0.991768 0.095363 -0.085459 0.000000 0.021807 0.531849 0.846559 0.000000 0.126182 -0.841453 0.525391 0.000000 1.103415 -31.152315 -20.076715 1.000000
aniFrame
  m_time 1.237000
  m_vertexTransformMat 0.994424 0.075694 -0.073429 0.000000 0.024229 0.513673 0.857644 0.000000 0.102637 -0.854640 0.508975 0.000000 0.302685 -32.609421 -20.647091 1.000000
aniFrame
  m_time 1.253000
  m_vertexTransformMat 0.997089 0.043984 -0.062276 0.000000 0.030564 0.517719 0.855005 0.000000 0.069848 -0.854419 0.514867 0.000000 -0.859239 -33.538933 -20.275089 1.000000
aniFrame
  m_time 1.269000
  m_vertexTransformMat 0.998703 0.007726 -0.050318 0.000000 0.038383 0.535022 0.843966 0.000000 0.033441 -0.844803 0.534032 0.000000 -2.183222 -34.125019 -19.309603 1.000000
aniFrame
  m_time 1.285000
  m_vertexTransformMat 0.998740 -0.034295 -0.036633 0.000000 0.049604 0.564313 0.824069 0.000000 -0.007589 -0.824848 0.565304 0.000000 -3.720654 -34.349495 -17.788218 1.000000
aniFrame
  m_time 1.301000
  m_vertexTransformMat 0.997245 -0.071196 -0.020819 0.000000 0.059431 0.598935 0.798589 0.000000 -0.044387 -0.797626 0.601516 0.000000 -5.113915 -34.279358 -16.006962 1.000000
aniFrame
  m_time 1.317000
  m_vertexTransformMat 0.995063 -0.099010 -0.006771 0.000000 0.068413 0.634941 0.769526 0.000000 -0.071892 -0.766190 0.638580 0.000000 -6.186401 -33.989067 -14.135020 1.000000
aniFrame
  m_time 1.333000
  m_vertexTransformMat 0.993368 -0.114847 0.005397 0.000000 0.073685 0.671968 0.736906 0.000000 -0.088258 -0.731621 0.675974 0.000000 -6.833235 -33.568375 -12.198924 1.000000
aniFrame
  m_time 1.349000
  m_vertexTransformMat 0.993621 -0.112064 0.012573 0.000000 0.070947 0.707904 0.702736 0.000000 -0.087652 -0.697362 0.711340 0.000000 -6.806702 -33.192707 -10.274673 1.000000
aniFrame
  m_time 1.365000
  m_vertexTransformMat 0.995017 -0.098728 0.013923 0.000000 0.064535 0.744168 0.664868 0.000000 -0.076002 -0.660657 0.746831 0.000000 -6.337013 -32.701195 -8.306964 1.000000
aniFrame
  m_time 1.381000
  m_vertexTransformMat 0.996887 -0.078106 0.010741 0.000000 0.054568 0.781872 0.621047 0.000000 -0.056906 -0.618527 0.783700 0.000000 -5.540721 -31.982121 -6.265180 1.000000
aniFrame
  m_time 1.397000
  m_vertexTransformMat 0.998461 -0.055417 0.001922 0.000000 0.044387 0.819530 0.571315 0.000000 -0.033236 -0.570350 0.820729 0.000000 -4.550004 -30.932932 -4.247900 1.000000
aniFrame
  m_time 1.413000
  m_vertexTransformMat 0.999165 -0.039751 -0.009423 0.000000 0.038920 0.856143 0.515272 0.000000 -0.012415 -0.515209 0.856975 0.000000 -3.674345 -29.390703 -2.426833 1.000000
aniFrame
  m_time 1.429000
  m_vertexTransformMat 0.999310 -0.029524 -0.022543 0.000000 0.036526 0.891409 0.451726 0.000000 0.006758 -0.452237 0.891872 0.000000 -2.870863 -27.378073 -0.811256 1.000000
aniFrame
  m_time 1.445000
  m_vertexTransformMat 0.998950 -0.028948 -0.035495 0.000000 0.040238 0.924857 0.378181 0.000000 0.021880 -0.379212 0.925051 0.000000 -2.258100 -24.785849 0.556496 1.000000
aniFrame
  m_time 1.461000
  m_vertexTransformMat 0.998207 -0.035165 -0.048436 0.000000 0.047915 0.954442 0.294523 0.000000 0.035873 -0.296316 0.954416 0.000000 -1.716707 -21.663794 1.634142 1.000000
aniFrame
  m_time 1.477000
  m_vertexTransformMat 0.997171 -0.043478 -0.061310 0.000000 0.055125 0.977554 0.203346 0.000000 0.051093 -0.206150 0.977186 0.000000 -1.130342 -18.194860 2.406330 1.000000
aniFrame
  m_time 1.493000
  m_vertexTransformMat 0.995769 -0.054113 -0.074265 0.000000 0.061706 0.992653 0.104084 0.000000 0.068087 -0.108227 0.991792 0.000000 -0.483584 -14.358891 2.826053 1.000000
aniFrame
  m_time 1.509000
  m_vertexTransformMat 0.993979 -0.066011 -0.087456 0.000000 0.066658 0.997766 0.004492 0.000000 0.086964 -0.010294 0.996158 0.000000 0.223201 -10.447316 2.829769 1.000000
aniFrame
  m_time 1.525000
  m_vertexTransformMat 0.991911 -0.078979 -0.099373 0.000000 0.069497 0.992999 -0.095516 0.000000 0.106221 0.087838 0.990455 0.000000 0.950834 -6.457766 2.433396 1.000000
aniFrame
  m_time 1.541000
  m_vertexTransformMat 0.989494 -0.091505 -0.111928 0.000000 0.069170 0.979486 -0.189270 0.000000 0.126951 0.179540 0.975525 0.000000 1.723316 -2.663780 1.696290 1.000000
aniFrame
  m_time 1.557000
  m_vertexTransformMat 0.986951 -0.103450 -0.123388 0.000000 0.066036 0.958948 -0.275787 0.000000 0.146853 0.264041 0.953266 0.000000 2.474689 0.912678 0.680017 1.000000
aniFrame
  m_time 1.573000
  m_vertexTransformMat 0.984395 -0.113563 -0.134424 0.000000 0.059618 0.933941 -0.352419 0.000000 0.165566 0.338906 0.926138 0.000000 3.186344 4.122477 -0.484869 1.000000
aniFrame
  m_time 1.589000
  m_vertexTransformMat 0.981913 -0.121870 -0.144896 0.000000 0.050332 0.905779 -0.420752 0.000000 0.182520 0.405848 0.895530 0.000000 3.839165 7.031762 -1.754760 1.000000
aniFrame
  m_time 1.605000
  m_vertexTransformMat 0.979154 -0.125009 -0.160093 0.000000 0.040752 0.893055 -0.448098 0.000000 0.198988 0.432233 0.879533 0.000000 4.447655 8.494925 -2.531026 1.000000
aniFrame
  m_time 1.621000
  m_vertexTransformMat 0.975749 -0.120660 -0.182634 0.000000 0.032058 0.904129 -0.426055 0.000000 0.216533 0.409868 0.886071 0.000000 5.052505 8.233342 -2.531638 1.000000
aniFrame
  m_time 1.637000
  m_vertexTransformMat 0.972442 -0.112199 -0.204370 0.000000 0.025778 0.922954 -0.384046 0.000000 0.231713 0.368194 0.900412 0.000000 5.599319 7.258954 -2.254755 1.000000
aniFrame
  m_time 1.653000
  m_vertexTransformMat 0.969413 -0.100914 -0.223731 0.000000 0.023230 0.945196 -0.325677 0.000000 0.244334 0.310518 0.918629 0.000000 6.102488 5.792815 -1.888329 1.000000
aniFrame
  m_time 1.669000
  m_vertexTransformMat 0.967101 -0.086346 -0.239291 0.000000 0.022601 0.966078 -0.257260 0.000000 0.253387 0.243388 0.936247 0.000000 6.485700 3.547566 -1.390621 1.000000
aniFrame
  m_time 1.685000
  m_vertexTransformMat 0.965490 -0.072058 -0.250274 0.000000 0.027641 0.983887 -0.176646 0.000000 0.258969 0.163632 0.951924 0.000000 6.730809 0.004138 -0.688948 1.000000
aniFrame
  m_time 1.701000
  m_vertexTransformMat 0.963800 -0.061218 -0.259504 0.000000 0.034882 0.993871 -0.104905 0.000000 0.264335 0.092055 0.960027 0.000000 6.962572 -3.178108 -0.221846 1.000000
aniFrame
  m_time 1.717000
  m_vertexTransformMat 0.962271 -0.051003 -0.267271 0.000000 0.036317 0.997561 -0.059609 0.000000 0.269659 0.047654 0.961776 0.000000 7.206598 -4.852069 -0.146969 1.000000
aniFrame
  m_time 1.733000
  m_vertexTransformMat 0.961066 -0.040874 -0.273277 0.000000 0.035156 0.999049 -0.025791 0.000000 0.274072 0.015180 0.961590 0.000000 7.416631 -5.911289 -0.188581 1.000000
aniFrame
  m_time 1.749000
  m_vertexTransformMat 0.960248 -0.031222 -0.277398 0.000000 0.033589 0.999429 0.003785 0.000000 0.277121 -0.012952 0.960748 0.000000 7.561056 -6.737705 -0.248651 1.000000
aniFrame
  m_time 1.765000
  m_vertexTransformMat 0.959692 -0.021653 -0.280219 0.000000 0.030713 0.999137 0.027981 0.000000 0.279371 -0.035460 0.959528 0.000000 7.672487 -7.270682 -0.328975 1.000000
aniFrame
  m_time 1.781000
  m_vertexTransformMat 0.959193 -0.012533 -0.282474 0.000000 0.027392 0.998437 0.048716 0.000000 0.281422 -0.054466 0.958037 0.000000 7.779528 -7.620255 -0.417694 1.000000
aniFrame
  m_time 1.797000
  m_vertexTransformMat 0.958817 -0.003641 -0.284002 0.000000 0.023221 0.997575 0.065607 0.000000 0.283074 -0.069500 0.956576 0.000000 7.872460 -7.759793 -0.502815 1.000000
aniFrame
  m_time 1.813000
  m_vertexTransformMat 0.958549 0.004882 -0.284887 0.000000 0.018377 0.996712 0.078912 0.000000 0.284336 -0.080876 0.955307 0.000000 7.949631 -7.707929 -0.574804 1.000000
aniFrame
  m_time 1.829000
  m_vertexTransformMat 0.958380 0.012964 -0.285201 0.000000 0.012836 0.996002 0.088405 0.000000 0.285207 -0.088387 0.954382 0.000000 8.010667 -7.451200 -0.625265 1.000000
aniFrame
  m_time 1.845000
  m_vertexTransformMat 0.958291 0.020638 -0.285049 0.000000 0.006199 0.995654 0.092926 0.000000 0.285728 -0.090817 0.953998 0.000000 8.057321 -6.925848 -0.649466 1.000000
aniFrame
  m_time 1.861000
  m_vertexTransformMat 0.958268 0.027669 -0.284529 0.000000 -0.000943 0.995606 0.093641 0.000000 0.285869 -0.089465 0.954083 0.000000 8.086218 -6.200838 -0.636747 1.000000
aniFrame
  m_time 1.877000
  m_vertexTransformMat 0.958378 0.034770 -0.283379 0.000000 -0.008211 0.995503 0.094376 0.000000 0.285385 -0.088121 0.954353 0.000000 8.090801 -5.488597 -0.596532 1.000000
aniFrame
  m_time 1.893000
  m_vertexTransformMat 0.958623 0.041560 -0.281630 0.000000 -0.015236 0.995359 0.095023 0.000000 0.284272 -0.086801 0.954807 0.000000 8.069749 -4.789913 -0.530189 1.000000
aniFrame
  m_time 1.909000
  m_vertexTransformMat 0.958953 0.048803 -0.279334 0.000000 -0.021174 0.994652 0.101089 0.000000 0.282774 -0.091025 0.954858 0.000000 8.028852 -4.387903 -0.473928 1.000000
aniFrame
  m_time 1.925000
  m_vertexTransformMat 0.959417 0.056259 -0.276321 0.000000 -0.026108 0.993409 0.111610 0.000000 0.280779 -0.099867 0.954563 0.000000 7.966079 -4.241729 -0.436338 1.000000
aniFrame
  m_time 1.941000
  m_vertexTransformMat 0.959830 0.063858 -0.273218 0.000000 -0.030685 0.991807 0.124011 0.000000 0.278899 -0.110646 0.953925 0.000000 7.901427 -4.185297 -0.422607 1.000000
aniFrame
  m_time 1.957000
  m_vertexTransformMat 0.960265 0.071309 -0.269827 0.000000 -0.034819 0.989864 0.137684 0.000000 0.276911 -0.122818 0.953014 0.000000 7.829494 -4.205915 -0.432156 1.000000
aniFrame
  m_time 1.973000
  m_vertexTransformMat 0.960693 0.079150 -0.266091 0.000000 -0.038054 0.986993 0.156196 0.000000 0.274993 -0.139931 0.951209 0.000000 7.745768 -4.456653 -0.507686 1.000000
aniFrame
  m_time 1.989000
  m_vertexTransformMat 0.961218 0.087068 -0.261683 0.000000 -0.040432 0.983095 0.178579 0.000000 0.272808 -0.161073 0.948489 0.000000 7.642414 -4.921101 -0.659067 1.000000
aniFrame
  m_time 2.005000
  m_vertexTransformMat 0.961805 0.095079 -0.256694 0.000000 -0.042007 0.977898 0.204819 0.000000 0.270495 -0.186213 0.944541 0.000000 7.519128 -5.552586 -0.886826 1.000000
aniFrame
  m_time 2.021000
  m_vertexTransformMat 0.962474 0.102752 -0.251168 0.000000 -0.042749 0.971397 0.233582 0.000000 0.267985 -0.214080 0.939337 0.000000 7.372544 -6.315592 -1.196455 1.000000
aniFrame
  m_time 2.037000
  m_vertexTransformMat 0.963393 0.110224 -0.244387 0.000000 -0.043005 0.963305 0.264942 0.000000 0.264622 -0.244734 0.932781 0.000000 7.194183 -7.197813 -1.579874 1.000000
aniFrame
  m_time 2.053000
  m_vertexTransformMat 0.964196 0.117462 -0.237757 0.000000 -0.042507 0.953417 0.298645 0.000000 0.261761 -0.277846 0.924274 0.000000 7.017370 -8.191836 -2.055306 1.000000
aniFrame
  m_time 2.069000
  m_vertexTransformMat 0.965329 0.124278 -0.229554 0.000000 -0.042195 0.942119 0.332614 0.000000 0.257603 -0.311396 0.914698 0.000000 6.804489 -9.218730 -2.584304 1.000000
aniFrame
  m_time 2.085000
  m_vertexTransformMat 0.966374 0.130994 -0.221273 0.000000 -0.041831 0.929138 0.367360 0.000000 0.253715 -0.345751 0.903374 0.000000 6.594533 -10.281327 -3.182083 1.000000
aniFrame
  m_time 2.101000
  m_vertexTransformMat 0.967388 0.137237 -0.212901 0.000000 -0.041766 0.915426 0.400313 0.000000 0.249833 -0.378366 0.891304 0.000000 6.386219 -11.294923 -3.804031 1.000000
aniFrame
  m_time 2.117000
