m_aniFrameList.size 202
aniFrame
  m_time -1.066000
  m_vertexTransformMat 0.979995 0.125517 0.154452 0.000000 -0.044095 0.893699 -0.446494 0.000000 -0.194076 0.430752 0.881356 0.000000 -4.261855 8.265187 -2.422130 1.000000
aniFrame
  m_time -1.050000
  m_vertexTransformMat 0.976534 0.117463 0.180510 0.000000 -0.039868 0.922276 -0.384471 0.000000 -0.211641 0.368253 0.905317 0.000000 -4.850928 6.419857 -1.792590 1.000000
aniFrame
  m_time -1.034000
  m_vertexTransformMat 0.972979 0.107724 0.204223 0.000000 -0.036644 0.945327 -0.324058 0.000000 -0.227966 0.307818 0.923731 0.000000 -5.417906 4.639778 -1.346148 1.000000
aniFrame
  m_time -1.018000
  m_vertexTransformMat 0.969795 0.098738 0.223042 0.000000 -0.034677 0.960928 -0.274617 0.000000 -0.241443 0.258588 0.935327 0.000000 -5.940406 3.332397 -1.177543 1.000000
aniFrame
  m_time -1.002000
  m_vertexTransformMat 0.967172 0.088610 0.238173 0.000000 -0.033128 0.973203 -0.227548 0.000000 -0.251953 0.212188 0.944191 0.000000 -6.384774 1.993038 -1.049726 1.000000
aniFrame
  m_time -0.986000
  m_vertexTransformMat 0.965329 0.076109 0.249693 0.000000 -0.034839 0.985558 -0.165716 0.000000 -0.258699 0.151271 0.954040 0.000000 -6.682045 -0.463082 -0.672459 1.000000
aniFrame
  m_time -0.970000
  m_vertexTransformMat 0.963754 0.065045 0.258743 0.000000 -0.040110 0.994127 -0.100513 0.000000 -0.263761 0.086491 0.960702 0.000000 -6.911757 -3.288667 -0.299347 1.000000
aniFrame
  m_time -0.954000
  m_vertexTransformMat 0.962239 0.055080 0.266575 0.000000 -0.042299 0.997674 -0.053458 0.000000 -0.268899 0.040163 0.962330 0.000000 -7.148427 -5.072964 -0.214280 1.000000
aniFrame
  m_time -0.938000
  m_vertexTransformMat 0.961017 0.044972 0.272808 0.000000 -0.041493 0.998968 -0.018511 0.000000 -0.273359 0.006470 0.961891 0.000000 -7.363810 -6.195771 -0.260840 1.000000
aniFrame
  m_time -0.922000
  m_vertexTransformMat 0.960120 0.035411 0.277337 0.000000 -0.040042 0.999137 0.011050 0.000000 -0.276706 -0.021714 0.960710 0.000000 -7.528741 -7.029471 -0.333169 1.000000
aniFrame
  m_time -0.906000
  m_vertexTransformMat 0.959558 0.025914 0.280315 0.000000 -0.037083 0.998713 0.034614 0.000000 -0.279057 -0.043609 0.959284 0.000000 -7.651277 -7.533265 -0.417247 1.000000
aniFrame
  m_time -0.890000
  m_vertexTransformMat 0.959140 0.016835 0.282429 0.000000 -0.033318 0.998003 0.053659 0.000000 -0.280962 -0.060877 0.957787 0.000000 -7.757333 -7.796537 -0.501073 1.000000
aniFrame
  m_time -0.874000
  m_vertexTransformMat 0.958876 0.008112 0.283709 0.000000 -0.028594 0.997267 0.068125 0.000000 -0.282381 -0.073436 0.956488 0.000000 -7.844368 -7.810519 -0.569488 1.000000
aniFrame
  m_time -0.858000
  m_vertexTransformMat 0.958751 -0.000269 0.284248 0.000000 -0.022785 0.996709 0.077793 0.000000 -0.283333 -0.081061 0.955590 0.000000 -7.912628 -7.567398 -0.617896 1.000000
aniFrame
  m_time -0.842000
  m_vertexTransformMat 0.958737 -0.008002 0.284182 0.000000 -0.016156 0.996455 0.082565 0.000000 -0.283835 -0.083749 0.955209 0.000000 -7.960431 -7.062243 -0.632153 1.000000
aniFrame
  m_time -0.826000
  m_vertexTransformMat 0.958853 -0.015672 0.283471 0.000000 -0.008948 0.996311 0.085350 0.000000 -0.283763 -0.084375 0.955175 0.000000 -7.985181 -6.457459 -0.616432 1.000000
aniFrame
  m_time -0.810000
  m_vertexTransformMat 0.959106 -0.022856 0.282123 0.000000 -0.001512 0.996307 0.085853 0.000000 -0.283043 -0.082769 0.955529 0.000000 -7.983011 -5.744193 -0.565559 1.000000
aniFrame
  m_time -0.794000
  m_vertexTransformMat 0.959429 -0.030139 0.280336 0.000000 0.005648 0.996125 0.087766 0.000000 -0.281895 -0.082622 0.955881 0.000000 -7.959912 -5.112787 -0.502219 1.000000
aniFrame
  m_time -0.778000
  m_vertexTransformMat 0.959873 -0.037401 0.277930 0.000000 0.012265 0.995718 0.091633 0.000000 -0.280167 -0.084547 0.956221 0.000000 -7.911191 -4.603048 -0.431826 1.000000
aniFrame
  m_time -0.762000
  m_vertexTransformMat 0.960284 -0.044694 0.275422 0.000000 0.018767 0.995199 0.096061 0.000000 -0.278393 -0.087077 0.956512 0.000000 -7.854652 -4.117844 -0.369132 1.000000
aniFrame
  m_time -0.746000
  m_vertexTransformMat 0.960667 -0.051649 0.272860 0.000000 0.025387 0.994772 0.098915 0.000000 -0.276542 -0.088097 0.956956 0.000000 -7.790891 -3.554161 -0.305371 1.000000
aniFrame
  m_time -0.730000
  m_vertexTransformMat 0.961005 -0.059040 0.270154 0.000000 0.030774 0.993708 0.107696 0.000000 -0.274813 -0.095182 0.956775 0.000000 -7.721235 -3.289627 -0.283688 1.000000
aniFrame
  m_time -0.714000
  m_vertexTransformMat 0.961382 -0.067122 0.266906 0.000000 0.034448 0.991525 0.125271 0.000000 -0.273052 -0.111239 0.955546 0.000000 -7.642373 -3.494179 -0.345388 1.000000
aniFrame
  m_time -0.698000
  m_vertexTransformMat 0.961733 -0.075650 0.263339 0.000000 0.037281 0.988320 0.147766 0.000000 -0.271442 -0.132294 0.953319 0.000000 -7.559445 -3.942192 -0.473848 1.000000
aniFrame
  m_time -0.682000
  m_vertexTransformMat 0.962121 -0.084082 0.259332 0.000000 0.039337 0.984113 0.173133 0.000000 -0.269769 -0.156373 0.950143 0.000000 -7.466812 -4.552009 -0.666056 1.000000
aniFrame
  m_time -0.666000
  m_vertexTransformMat 0.962495 -0.092679 0.254978 0.000000 0.041250 0.978907 0.200098 0.000000 -0.268145 -0.182076 0.946016 0.000000 -7.368411 -5.245226 -0.912939 1.000000
aniFrame
  m_time -0.650000
  m_vertexTransformMat 0.962578 -0.101457 0.251295 0.000000 0.043535 0.973125 0.226125 0.000000 -0.267484 -0.206723 0.941126 0.000000 -7.286990 -5.888312 -1.190664 1.000000
aniFrame
  m_time -0.634000
  m_vertexTransformMat 0.962766 -0.110092 0.246902 0.000000 0.045806 0.966548 0.252363 0.000000 -0.266425 -0.231657 0.935603 0.000000 -7.188915 -6.568747 -1.506994 1.000000
aniFrame
  m_time -0.618000
  m_vertexTransformMat 0.962798 -0.119195 0.242512 0.000000 0.047723 0.958355 0.281566 0.000000 -0.265974 -0.259518 0.928391 0.000000 -7.099160 -7.397801 -1.900822 1.000000
aniFrame
  m_time -0.602000
  m_vertexTransformMat 0.962747 -0.128029 0.238174 0.000000 0.049114 0.948952 0.311576 0.000000 -0.265907 -0.288271 0.919888 0.000000 -7.012479 -8.295138 -2.355652 1.000000
aniFrame
  m_time -0.586000
  m_vertexTransformMat 0.963035 -0.136218 0.232398 0.000000 0.049861 0.937954 0.343156 0.000000 -0.264723 -0.318884 0.910074 0.000000 -6.892244 -9.260671 -2.864996 1.000000
aniFrame
  m_time -0.570000
  m_vertexTransformMat 0.963239 -0.143611 0.227039 0.000000 0.049459 0.925476 0.375564 0.000000 -0.264054 -0.350528 0.898557 0.000000 -6.777057 -10.269006 -3.437067 1.000000
aniFrame
  m_time -0.554000
  m_vertexTransformMat 0.963855 -0.149610 0.220455 0.000000 0.048276 0.911824 0.407734 0.000000 -0.262017 -0.382354 0.886088 0.000000 -6.624691 -11.279910 -4.037333 1.000000
aniFrame
  m_time -0.538000
  m_vertexTransformMat 0.964824 -0.154027 0.213050 0.000000 0.045663 0.896261 0.441170 0.000000 -0.258901 -0.415923 0.871767 0.000000 -6.434325 -12.319070 -4.695331 1.000000
aniFrame
  m_time -0.522000
  m_vertexTransformMat 0.966665 -0.153936 0.204604 0.000000 0.039290 0.878808 0.475556 0.000000 -0.253013 -0.451664 0.855560 0.000000 -6.134919 -13.300526 -5.400180 1.000000
aniFrame
  m_time -0.506000
  m_vertexTransformMat 0.969236 -0.149729 0.195352 0.000000 0.029394 0.858419 0.512106 0.000000 -0.244371 -0.490609 0.836412 0.000000 -5.730862 -14.296541 -6.190933 1.000000
aniFrame
  m_time -0.490000
  m_vertexTransformMat 0.972221 -0.143031 0.185277 0.000000 0.016694 0.831928 0.554633 0.000000 -0.233467 -0.536133 0.811206 0.000000 -5.234460 -15.619804 -7.263720 1.000000
aniFrame
  m_time -0.474000
  m_vertexTransformMat 0.975570 -0.133943 0.174131 0.000000 0.002146 0.798406 0.602116 0.000000 -0.219677 -0.587032 0.779189 0.000000 -4.625862 -17.216684 -8.646544 1.000000
aniFrame
  m_time -0.458000
  m_vertexTransformMat 0.978698 -0.126126 0.161992 0.000000 -0.009285 0.761040 0.648639 0.000000 -0.205093 -0.636326 0.743658 0.000000 -3.994896 -19.172171 -10.327020 1.000000
aniFrame
  m_time -0.442000
  m_vertexTransformMat 0.981491 -0.121718 0.147853 0.000000 -0.015399 0.719379 0.694448 0.000000 -0.190889 -0.683871 0.704189 0.000000 -3.381238 -21.495018 -12.298036 1.000000
aniFrame
  m_time -0.426000
  m_vertexTransformMat 0.984195 -0.117124 0.132821 0.000000 -0.019420 0.674126 0.738361 0.000000 -0.176017 -0.729271 0.661197 0.000000 -2.787538 -23.892984 -14.357203 1.000000
aniFrame
  m_time -0.410000
  m_vertexTransformMat 0.986759 -0.113252 0.116105 0.000000 -0.020342 0.623781 0.781335 0.000000 -0.160912 -0.773351 0.613218 0.000000 -2.238531 -26.394367 -16.529894 1.000000
aniFrame
  m_time -0.394000
  m_vertexTransformMat 0.989204 -0.105819 0.101379 0.000000 -0.021163 0.581388 0.813351 0.000000 -0.145008 -0.806716 0.572872 0.000000 -1.690076 -28.553169 -18.285572 1.000000
aniFrame
  m_time -0.378000
  m_vertexTransformMat 0.991669 -0.094583 0.087439 0.000000 -0.021323 0.548926 0.835599 0.000000 -0.127031 -0.830503 0.542336 0.000000 -1.106155 -30.381472 -19.538221 1.000000
aniFrame
  m_time -0.362000
  m_vertexTransformMat 0.994268 -0.074935 0.076255 0.000000 -0.024698 0.532972 0.845773 0.000000 -0.104020 -0.842809 0.528066 0.000000 -0.320658 -31.802698 -20.062498 1.000000
aniFrame
  m_time -0.346000
  m_vertexTransformMat 0.996885 -0.043319 0.065905 0.000000 -0.032361 0.537381 0.842719 0.000000 -0.071922 -0.842226 0.534305 0.000000 0.822581 -32.743561 -19.712755 1.000000
aniFrame
  m_time -0.330000
  m_vertexTransformMat 0.998477 -0.007225 0.054687 0.000000 -0.041529 0.554073 0.831432 0.000000 -0.036308 -0.832437 0.552929 0.000000 2.126325 -33.362110 -18.796551 1.000000
aniFrame
  m_time -0.314000
  m_vertexTransformMat 0.998528 0.034589 0.041773 0.000000 -0.054104 0.581907 0.811454 0.000000 0.003759 -0.812519 0.582922 0.000000 3.641717 -33.640209 -17.341944 1.000000
aniFrame
  m_time -0.298000
  m_vertexTransformMat 0.997106 0.071377 0.026151 0.000000 -0.064640 0.615096 0.785798 0.000000 0.040002 -0.785214 0.617931 0.000000 5.024442 -33.618675 -15.615318 1.000000
aniFrame
  m_time -0.282000
  m_vertexTransformMat 0.995009 0.099092 0.011762 0.000000 -0.073681 0.650073 0.756291 0.000000 0.067296 -0.753383 0.654130 0.000000 6.094230 -33.358784 -13.778448 1.000000
aniFrame
  m_time -0.266000
  m_vertexTransformMat 0.993364 0.114998 -0.001696 0.000000 -0.078282 0.686859 0.722563 0.000000 0.084258 -0.717635 0.691303 0.000000 6.757164 -32.932377 -11.848313 1.000000
aniFrame
  m_time -0.250000
  m_vertexTransformMat 0.993593 0.112409 -0.011699 0.000000 -0.073826 0.723941 0.685901 0.000000 0.085571 -0.680642 0.727601 0.000000 6.775213 -32.483746 -9.887324 1.000000
aniFrame
  m_time -0.234000
  m_vertexTransformMat 0.994931 0.099159 -0.016726 0.000000 -0.065090 0.761808 0.644524 0.000000 0.076653 -0.640168 0.764401 0.000000 6.369557 -31.875784 -7.862650 1.000000
aniFrame
  m_time -0.218000
  m_vertexTransformMat 0.996750 0.078530 -0.017924 0.000000 -0.052384 0.801002 0.596365 0.000000 0.061190 -0.593488 0.802513 0.000000 5.663294 -31.007183 -5.752829 1.000000
aniFrame
  m_time -0.202000
  m_vertexTransformMat 0.998360 0.055627 -0.013529 0.000000 -0.039429 0.839460 0.541989 0.000000 0.041507 -0.540567 0.840277 0.000000 4.776827 -29.797787 -3.675896 1.000000
aniFrame
  m_time -0.186000
  m_vertexTransformMat 0.999195 0.039768 -0.005308 0.000000 -0.032272 0.875263 0.482570 0.000000 0.023836 -0.482010 0.875841 0.000000 3.994041 -28.141356 -1.834987 1.000000
aniFrame
  m_time -0.170000
  m_vertexTransformMat 0.999546 0.029574 0.005702 0.000000 -0.029258 0.908500 0.416860 0.000000 0.007148 -0.416837 0.908953 0.000000 3.272954 -26.055651 -0.236493 1.000000
aniFrame
  m_time -0.154000
  m_vertexTransformMat 0.999408 0.029270 0.018091 0.000000 -0.033701 0.938798 0.342815 0.000000 -0.006950 -0.343222 0.939229 0.000000 2.704405 -23.447868 1.060322 1.000000
aniFrame
  m_time -0.138000
  m_vertexTransformMat 0.998851 0.035923 0.031719 0.000000 -0.042955 0.964585 0.260252 0.000000 -0.021247 -0.261316 0.965019 0.000000 2.169353 -20.365900 2.031730 1.000000
aniFrame
  m_time -0.122000
  m_vertexTransformMat 0.997957 0.044753 0.045605 0.000000 -0.051927 0.983947 0.170740 0.000000 -0.037232 -0.172760 0.984260 0.000000 1.568887 -16.956694 2.685647 1.000000
aniFrame
  m_time -0.106000
  m_vertexTransformMat 0.996624 0.055824 0.060206 0.000000 -0.060219 0.995450 0.073845 0.000000 -0.055809 -0.077221 0.995451 0.000000 0.877566 -13.206735 2.980225 1.000000
aniFrame
  m_time -0.090000
  m_vertexTransformMat 0.994841 0.068077 0.075216 0.000000 -0.066556 0.997528 -0.022558 0.000000 -0.076566 0.017435 0.996912 0.000000 0.113767 -9.412175 2.871045 1.000000
aniFrame
  m_time -0.074000
  m_vertexTransformMat 0.992679 0.081222 0.089393 0.000000 -0.070339 0.990423 -0.118805 0.000000 -0.098186 0.111648 0.988885 0.000000 -0.688586 -5.563317 2.379235 1.000000
aniFrame
  m_time -0.058000
  m_vertexTransformMat 0.990107 0.093704 0.104442 0.000000 -0.070357 0.975540 -0.208260 0.000000 -0.121403 0.198851 0.972481 0.000000 -1.539832 -1.932458 1.577581 1.000000
aniFrame
  m_time -0.042000
  m_vertexTransformMat 0.987363 0.105445 0.118303 0.000000 -0.067193 0.954639 -0.290085 0.000000 -0.143524 0.278470 0.949661 0.000000 -2.362814 1.465062 0.529725 1.000000
aniFrame
  m_time -0.026000
  m_vertexTransformMat 0.984583 0.115171 0.131653 0.000000 -0.060397 0.930197 -0.362058 0.000000 -0.164162 0.348525 0.922812 0.000000 -3.136052 4.494859 -0.632178 1.000000
aniFrame
  m_time -0.010000
  m_vertexTransformMat 0.981867 0.123057 0.144199 0.000000 -0.050655 0.903321 -0.425964 0.000000 -0.182676 0.410936 0.893175 0.000000 -3.839401 7.235909 -1.873908 1.000000
aniFrame
  m_time 0.005000
  m_vertexTransformMat 0.978966 0.125380 0.160953 0.000000 -0.041157 0.894032 -0.446109 0.000000 -0.199830 0.430101 0.880387 0.000000 -4.465108 8.394444 -2.522448 1.000000
aniFrame
  m_time 0.021000
  m_vertexTransformMat 0.975490 0.120058 0.184404 0.000000 -0.034125 0.910440 -0.412231 0.000000 -0.217381 0.395835 0.892222 0.000000 -5.058119 7.609114 -2.304394 1.000000
aniFrame
  m_time 0.037000
  m_vertexTransformMat 0.972140 0.110865 0.206524 0.000000 -0.030258 0.933059 -0.358448 0.000000 -0.232439 0.342213 0.910419 0.000000 -5.589153 6.109875 -1.870136 1.000000
aniFrame
  m_time 0.053000
  m_vertexTransformMat 0.969180 0.098829 0.225663 0.000000 -0.030612 0.957219 -0.287741 0.000000 -0.244446 0.271965 0.930743 0.000000 -6.059618 4.086630 -1.419706 1.000000
aniFrame
  m_time 0.069000
  m_vertexTransformMat 0.966847 0.084645 0.240919 0.000000 -0.032014 0.976199 -0.214503 0.000000 -0.253341 0.199679 0.946545 0.000000 -6.433606 1.653429 -1.002026 1.000000
aniFrame
  m_time 0.085000
  m_vertexTransformMat 0.965116 0.071818 0.251779 0.000000 -0.035877 0.988848 -0.144539 0.000000 -0.259352 0.130464 0.956930 0.000000 -6.705293 -1.322550 -0.536560 1.000000
aniFrame
  m_time 0.101000
  m_vertexTransformMat 0.963415 0.061660 0.260823 0.000000 -0.040956 0.995616 -0.084087 0.000000 -0.264865 0.070328 0.961717 0.000000 -6.956978 -3.925499 -0.241580 1.000000
aniFrame
  m_time 0.117000
  m_vertexTransformMat 0.961892 0.051593 0.268518 0.000000 -0.041993 0.998261 -0.041375 0.000000 -0.270185 0.028522 0.962386 0.000000 -7.208322 -5.468987 -0.218370 1.000000
aniFrame
  m_time 0.133000
  m_vertexTransformMat 0.960696 0.041618 0.274467 0.000000 -0.040921 0.999128 -0.008271 0.000000 -0.274572 -0.003286 0.961561 0.000000 -7.423286 -6.494098 -0.282698 1.000000
aniFrame
  m_time 0.149000
  m_vertexTransformMat 0.959903 0.032078 0.278493 0.000000 -0.039042 0.999047 0.019496 0.000000 -0.277602 -0.029588 0.960241 0.000000 -7.574747 -7.228074 -0.360546 1.000000
aniFrame
  m_time 0.165000
  m_vertexTransformMat 0.959407 0.022650 0.281114 0.000000 -0.035719 0.998502 0.041453 0.000000 -0.279754 -0.049811 0.958779 0.000000 -7.689592 -7.645904 -0.446178 1.000000
aniFrame
  m_time 0.181000
  m_vertexTransformMat 0.959033 0.013708 0.282962 0.000000 -0.031685 0.997752 0.059053 0.000000 -0.281517 -0.065600 0.957312 0.000000 -7.790342 -7.830574 -0.526268 1.000000
aniFrame
  m_time 0.197000
  m_vertexTransformMat 0.958820 0.005059 0.283969 0.000000 -0.026577 0.997053 0.071971 0.000000 -0.282768 -0.076554 0.956129 0.000000 -7.870790 -7.761371 -0.588546 1.000000
aniFrame
  m_time 0.213000
  m_vertexTransformMat 0.958734 -0.003098 0.284288 0.000000 -0.020470 0.996593 0.079893 0.000000 -0.283567 -0.082416 0.955404 0.000000 -7.932141 -7.424751 -0.626642 1.000000
aniFrame
  m_time 0.229000
  m_vertexTransformMat 0.958757 -0.010759 0.284023 0.000000 -0.013630 0.996394 0.083751 0.000000 -0.283899 -0.084168 0.955153 0.000000 -7.972670 -6.871573 -0.630263 1.000000
aniFrame
  m_time 0.245000
  m_vertexTransformMat 0.958917 -0.018259 0.283098 0.000000 -0.006175 0.996347 0.085179 0.000000 -0.283619 -0.083428 0.955301 0.000000 -7.989176 -6.197742 -0.602396 1.000000
aniFrame
  m_time 0.261000
  m_vertexTransformMat 0.959182 -0.025286 0.281658 0.000000 0.001361 0.996396 0.084818 0.000000 -0.282787 -0.080972 0.955759 0.000000 -7.981059 -5.439315 -0.542029 1.000000
aniFrame
  m_time 0.277000
  m_vertexTransformMat 0.959539 -0.032586 0.279682 0.000000 0.008358 0.996140 0.087386 0.000000 -0.281450 -0.081513 0.956107 0.000000 -7.949438 -4.848147 -0.474647 1.000000
aniFrame
  m_time 0.293000
  m_vertexTransformMat 0.960002 -0.039837 0.277143 0.000000 0.014813 0.995667 0.091809 0.000000 -0.279599 -0.084032 0.956432 0.000000 -7.894495 -4.370789 -0.404304 1.000000
aniFrame
  m_time 0.309000
  m_vertexTransformMat 0.960396 -0.047055 0.274636 0.000000 0.021360 0.995171 0.095811 0.000000 -0.277817 -0.086150 0.956763 0.000000 -7.836032 -3.863306 -0.341677 1.000000
aniFrame
  m_time 0.325000
  m_vertexTransformMat 0.960775 -0.054007 0.272021 0.000000 0.027687 0.994634 0.099682 0.000000 -0.275945 -0.088240 0.957115 0.000000 -7.768869 -3.353041 -0.283875 1.000000
aniFrame
  m_time 0.341000
  m_vertexTransformMat 0.961114 -0.061681 0.269175 0.000000 0.032389 0.993187 0.111938 0.000000 -0.274246 -0.098867 0.956564 0.000000 -7.696676 -3.269955 -0.289398 1.000000
aniFrame
  m_time 0.357000
  m_vertexTransformMat 0.961503 -0.069914 0.265753 0.000000 0.035639 0.990652 0.131677 0.000000 -0.272475 -0.117136 0.955006 0.000000 -7.614928 -3.588732 -0.376330 1.000000
aniFrame
  m_time 0.373000
  m_vertexTransformMat 0.961842 -0.078479 0.262108 0.000000 0.038182 0.987107 0.155439 0.000000 -0.270927 -0.139500 0.952438 0.000000 -7.530619 -4.099417 -0.525321 1.000000
aniFrame
  m_time 0.389000
  m_vertexTransformMat 0.962261 -0.086891 0.257882 0.000000 0.039981 0.982510 0.181866 0.000000 -0.269174 -0.164692 0.948906 0.000000 -7.433463 -4.772614 -0.741988 1.000000
aniFrame
  m_time 0.405000
  m_vertexTransformMat 0.962549 -0.095637 0.253679 0.000000 0.041971 0.976999 0.209075 0.000000 -0.267840 -0.190597 0.944423 0.000000 -7.339950 -5.470672 -1.003348 1.000000
aniFrame
  m_time 0.421000
  m_vertexTransformMat 0.962612 -0.104337 0.249985 0.000000 0.044233 0.971003 0.234941 0.000000 -0.267249 -0.215099 0.939314 0.000000 -7.257908 -6.118841 -1.294679 1.000000
aniFrame
  m_time 0.437000
  m_vertexTransformMat 0.962857 -0.113070 0.245197 0.000000 0.046392 0.963869 0.262306 0.000000 -0.265996 -0.241188 0.933314 0.000000 -7.152910 -6.855373 -1.634792 1.000000
aniFrame
  m_time 0.453000
  m_vertexTransformMat 0.962741 -0.122240 0.241221 0.000000 0.048149 0.955236 0.291901 0.000000 -0.266105 -0.269410 0.925531 0.000000 -7.074724 -7.712488 -2.054265 1.000000
aniFrame
  m_time 0.469000
  m_vertexTransformMat 0.962875 -0.130756 0.236166 0.000000 0.049377 0.945410 0.322122 0.000000 -0.265393 -0.298502 0.916768 0.000000 -6.970285 -8.622340 -2.521280 1.000000
aniFrame
  m_time 0.485000
  m_vertexTransformMat 0.963083 -0.138849 0.230633 0.000000 0.049812 0.933843 0.354199 0.000000 -0.264555 -0.329635 0.906284 0.000000 -6.856123 -9.607424 -3.055388 1.000000
aniFrame
  m_time 0.501000
  m_vertexTransformMat 0.963421 -0.145649 0.224958 0.000000 0.049044 0.921067 0.386304 0.000000 -0.263466 -0.361141 0.894518 0.000000 -6.728106 -10.607103 -3.634710 1.000000
aniFrame
  m_time 0.517000
  m_vertexTransformMat 0.964114 -0.151410 0.218082 0.000000 0.047692 0.906842 0.418764 0.000000 -0.261171 -0.393336 0.881520 0.000000 -6.568902 -11.627632 -4.250455 1.000000
aniFrame
  m_time 0.533000
  m_vertexTransformMat 0.965327 -0.154572 0.210362 0.000000 0.043982 0.890630 0.452596 0.000000 -0.257313 -0.427651 0.866548 0.000000 -6.348785 -12.662041 -4.928996 1.000000
aniFrame
  m_time 0.549000
  m_vertexTransformMat 0.967464 -0.152898 0.201583 0.000000 0.036354 0.872482 0.487292 0.000000 -0.250383 -0.464109 0.849653 0.000000 -6.010015 -13.611835 -5.644365 1.000000
aniFrame
  m_time 0.565000
  m_vertexTransformMat 0.970179 -0.147771 0.192137 0.000000 0.025473 0.850447 0.525444 0.000000 -0.241047 -0.504881 0.828850 0.000000 -5.578326 -14.698668 -6.510910 1.000000
aniFrame
  m_time 0.581000
  m_vertexTransformMat 0.973327 -0.140153 0.181637 0.000000 0.011859 0.821388 0.570247 0.000000 -0.229116 -0.552882 0.801141 0.000000 -5.040381 -16.120726 -7.691430 1.000000
aniFrame
  m_time 0.597000
  m_vertexTransformMat 0.976660 -0.130931 0.170268 0.000000 -0.002304 0.786290 0.617853 0.000000 -0.214777 -0.603825 0.767637 0.000000 -4.413712 -17.819803 -9.171538 1.000000
aniFrame
  m_time 0.613000
  m_vertexTransformMat 0.979659 -0.124422 0.157440 0.000000 -0.011771 0.747592 0.664054 0.000000 -0.200324 -0.652399 0.730921 0.000000 -3.787081 -19.920876 -10.962502 1.000000
aniFrame
  m_time 0.629000
  m_vertexTransformMat 0.982385 -0.120334 0.142962 0.000000 -0.016880 0.704784 0.709221 0.000000 -0.186101 -0.699142 0.690338 0.000000 -3.182475 -22.291878 -12.977006 1.000000
aniFrame
  m_time 0.645000
  m_vertexTransformMat 0.985077 -0.115860 0.127275 0.000000 -0.019998 0.657433 0.753248 0.000000 -0.170946 -0.744552 0.645306 0.000000 -2.598597 -24.733234 -15.088275 1.000000
aniFrame
  m_time 0.661000
  m_vertexTransformMat 0.987571 -0.111417 0.110854 0.000000 -0.020475 0.608102 0.793595 0.000000 -0.155831 -0.786002 0.598263 0.000000 -2.060966 -27.171291 -17.188232 1.000000
aniFrame
  m_time 0.677000
  m_vertexTransformMat 0.990022 -0.102577 0.096613 0.000000 -0.021205 0.569371 0.821807 0.000000 -0.139307 -0.815656 0.561515 0.000000 -1.503301 -29.196409 -18.761488 1.000000
aniFrame
  m_time 0.693000
  m_vertexTransformMat 0.992512 -0.089333 0.083300 0.000000 -0.021829 0.541271 0.840565 0.000000 -0.120179 -0.836089 0.535268 0.000000 -0.879611 -30.909592 -19.811871 1.000000
aniFrame
  m_time 0.709000
  m_vertexTransformMat 0.995189 -0.065448 0.072907 0.000000 -0.026956 0.532508 0.845995 0.000000 -0.094192 -0.843891 0.528182 0.000000 0.026620 -32.163425 -20.030821 1.000000
aniFrame
  m_time 0.725000
  m_vertexTransformMat 0.997568 -0.031390 0.062225 0.000000 -0.035319 0.542003 0.839634 0.000000 -0.060082 -0.839790 0.539576 0.000000 1.251074 -32.976749 -19.454109 1.000000
aniFrame
  m_time 0.741000
  m_vertexTransformMat 0.998693 0.006126 0.050746 0.000000 -0.045410 0.562118 0.825809 0.000000 -0.023466 -0.827034 0.561662 0.000000 2.608640 -33.498665 -18.371117 1.000000
aniFrame
  m_time 0.757000
  m_vertexTransformMat 0.998158 0.048303 0.036710 0.000000 -0.058230 0.592865 0.803194 0.000000 0.017032 -0.803852 0.594585 0.000000 4.147701 -33.655788 -16.773685 1.000000
aniFrame
  m_time 0.773000
  m_vertexTransformMat 0.996470 0.081237 0.021162 0.000000 -0.067560 0.626403 0.776566 0.000000 0.049830 -0.775254 0.629681 0.000000 5.405036 -33.562656 -15.022502 1.000000
aniFrame
  m_time 0.789000
  m_vertexTransformMat 0.994311 0.106271 0.007206 0.000000 -0.076183 0.662249 0.745401 0.000000 0.074442 -0.741709 0.666578 0.000000 6.377721 -33.224693 -13.138410 1.000000
aniFrame
  m_time 0.805000
  m_vertexTransformMat 0.993240 0.115944 -0.005700 0.000000 -0.077538 0.699176 0.710733 0.000000 0.086391 -0.705486 0.703439 0.000000 6.830916 -32.787888 -11.201591 1.000000
aniFrame
  m_time 0.821000
  m_vertexTransformMat 0.993980 0.108693 -0.013797 0.000000 -0.071193 0.736443 0.672743 0.000000 0.083284 -0.667711 0.739747 0.000000 6.670417 -32.309063 -9.219046 1.000000
aniFrame
  m_time 0.837000
  m_vertexTransformMat 0.995461 0.093505 -0.017735 0.000000 -0.061562 0.774742 0.629274 0.000000 0.072581 -0.625326 0.776981 0.000000 6.181986 -31.610270 -7.172259 1.000000
aniFrame
  m_time 0.853000
  m_vertexTransformMat 0.997376 0.070368 -0.017022 0.000000 -0.047555 0.814056 0.578835 0.000000 0.054588 -0.576507 0.815267 0.000000 5.364727 -30.652056 -5.042773 1.000000
aniFrame
  m_time 0.869000
  m_vertexTransformMat 0.998689 0.049949 -0.011193 0.000000 -0.036736 0.851660 0.522805 0.000000 0.035646 -0.521708 0.852379 0.000000 4.515770 -29.290129 -3.038638 1.000000
aniFrame
  m_time 0.885000
  m_vertexTransformMat 0.999368 0.035491 -0.001856 0.000000 -0.030631 0.886648 0.461430 0.000000 0.018022 -0.461082 0.887175 0.000000 3.739903 -27.497227 -1.271843 1.000000
aniFrame
  m_time 0.901000
  m_vertexTransformMat 0.999552 0.028320 0.009663 0.000000 -0.029838 0.918930 0.393289 0.000000 0.002258 -0.393402 0.919364 0.000000 3.069069 -25.251675 0.230942 1.000000
aniFrame
  m_time 0.917000
  m_vertexTransformMat 0.999265 0.031020 0.022538 0.000000 -0.036559 0.948031 0.316071 0.000000 -0.011563 -0.316663 0.948468 0.000000 2.529628 -22.461462 1.420564 1.000000
aniFrame
  m_time 0.933000
  m_vertexTransformMat 0.998592 0.038638 0.036352 0.000000 -0.046026 0.971756 0.231457 0.000000 -0.026382 -0.232804 0.972166 0.000000 1.977460 -19.275148 2.284314 1.000000
aniFrame
  m_time 0.949000
  m_vertexTransformMat 0.997566 0.048252 0.050343 0.000000 -0.054835 0.988794 0.138848 0.000000 -0.043079 -0.141271 0.989033 0.000000 1.349755 -15.728501 2.827753 1.000000
aniFrame
  m_time 0.965000
  m_vertexTransformMat 0.996073 0.059778 0.065311 0.000000 -0.062570 0.997174 0.041573 0.000000 -0.062642 -0.045496 0.996998 0.000000 0.626714 -11.944898 2.988600 1.000000
aniFrame
  m_time 0.981000
  m_vertexTransformMat 0.994164 0.072443 0.079930 0.000000 -0.068174 0.996161 -0.054908 0.000000 -0.083600 0.049138 0.995287 0.000000 -0.147576 -8.123672 2.746803 1.000000
aniFrame
  m_time 0.997000
  m_vertexTransformMat 0.991864 0.085486 0.094328 0.000000 -0.070768 0.986205 -0.149635 0.000000 -0.105819 0.141742 0.984231 0.000000 -0.969337 -4.320437 2.142960 1.000000
aniFrame
  m_time 1.013000
  m_vertexTransformMat 0.989198 0.097762 0.109225 0.000000 -0.069663 0.969128 -0.236513 0.000000 -0.128974 0.226349 0.965470 0.000000 -1.819783 -0.766691 1.248992 1.000000
aniFrame
  m_time 1.029000
  m_vertexTransformMat 0.986440 0.108933 0.122762 0.000000 -0.065365 0.946853 -0.314955 0.000000 -0.150546 0.302660 0.941134 0.000000 -2.625839 2.509649 0.152713 1.000000
aniFrame
  m_time 1.045000
  m_vertexTransformMat 0.983671 0.118125 0.135782 0.000000 -0.057340 0.920842 -0.385697 0.000000 -0.170594 0.371614 0.912579 0.000000 -3.380184 5.492150 -1.059011 1.000000
aniFrame
  m_time 1.061000
  m_vertexTransformMat 0.980949 0.124690 0.148966 0.000000 -0.047286 0.897018 -0.439458 0.000000 -0.188421 0.424042 0.885825 0.000000 -4.054648 7.867861 -2.198664 1.000000
aniFrame
  m_time 1.077000
  m_vertexTransformMat 0.977854 0.124332 0.168354 0.000000 -0.038479 0.897505 -0.439323 0.000000 -0.205720 0.423115 0.882413 0.000000 -4.666475 8.294406 -2.517334 1.000000
aniFrame
  m_time 1.093000
  m_vertexTransformMat 0.974309 0.117178 0.192331 0.000000 -0.032485 0.918175 -0.394841 0.000000 -0.222860 0.378449 0.898393 0.000000 -5.244594 7.127376 -2.153644 1.000000
aniFrame
  m_time 1.109000
  m_vertexTransformMat 0.971109 0.107264 0.213170 0.000000 -0.030002 0.941077 -0.336858 0.000000 -0.236743 0.320730 0.917107 0.000000 -5.753164 5.507220 -1.722222 1.000000
aniFrame
  m_time 1.125000
  m_vertexTransformMat 0.968317 0.094143 0.231298 0.000000 -0.031122 0.964491 -0.262276 0.000000 -0.247776 0.246768 0.936863 0.000000 -6.197287 3.301832 -1.275662 1.000000
aniFrame
  m_time 1.141000
  m_vertexTransformMat 0.966240 0.080061 0.244890 0.000000 -0.032851 0.981020 -0.191104 0.000000 -0.255542 0.176607 0.950530 0.000000 -6.531181 0.711928 -0.848755 1.000000
aniFrame
  m_time 1.157000
  m_vertexTransformMat 0.964555 0.068241 0.254904 0.000000 -0.037780 0.991744 -0.122545 0.000000 -0.261162 0.108571 0.959170 0.000000 -6.788477 -2.305221 -0.402700 1.000000
aniFrame
  m_time 1.173000
  m_vertexTransformMat 0.962874 0.058346 0.263568 0.000000 -0.041736 0.996799 -0.068190 0.000000 -0.266703 0.054658 0.962228 0.000000 -7.042232 -4.530134 -0.215004 1.000000
aniFrame
  m_time 1.189000
  m_vertexTransformMat 0.961458 0.048199 0.270695 0.000000 -0.041689 0.998688 -0.029751 0.000000 -0.271774 0.017320 0.962205 0.000000 -7.285925 -5.842495 -0.236335 1.000000
aniFrame
  m_time 1.205000
  m_vertexTransformMat 0.960380 0.038452 0.276029 0.000000 -0.040520 0.999177 0.001790 0.000000 -0.275733 -0.012903 0.961148 0.000000 -7.480381 -6.783008 -0.306939 1.000000
aniFrame
  m_time 1.221000
  m_vertexTransformMat 0.959718 0.028897 0.279474 0.000000 -0.038038 0.998902 0.027337 0.000000 -0.278377 -0.036866 0.959764 0.000000 -7.615154 -7.395031 -0.388806 1.000000
aniFrame
  m_time 1.237000
  m_vertexTransformMat 0.959262 0.019624 0.281835 0.000000 -0.034483 0.998259 0.047858 0.000000 -0.280405 -0.055627 0.958269 0.000000 -7.725721 -7.736542 -0.474910 1.000000
aniFrame
  m_time 1.253000
  m_vertexTransformMat 0.958944 0.010800 0.283388 0.000000 -0.030108 0.997504 0.063868 0.000000 -0.281991 -0.069778 0.956876 0.000000 -7.819329 -7.834490 -0.549138 1.000000
aniFrame
  m_time 1.269000
  m_vertexTransformMat 0.958778 0.002240 0.284147 0.000000 -0.024631 0.996860 0.075253 0.000000 -0.283086 -0.079149 0.955823 0.000000 -7.893643 -7.683260 -0.605346 1.000000
aniFrame
  m_time 1.285000
  m_vertexTransformMat 0.958728 -0.005666 0.284267 0.000000 -0.018266 0.996509 0.081468 0.000000 -0.283736 -0.083298 0.955277 0.000000 -7.948034 -7.255294 -0.631342 1.000000
aniFrame
  m_time 1.301000
  m_vertexTransformMat 0.958794 -0.013339 0.283790 0.000000 -0.011203 0.996345 0.084681 0.000000 -0.283883 -0.084371 0.955140 0.000000 -7.981252 -6.669563 -0.625630 1.000000
aniFrame
  m_time 1.317000
  m_vertexTransformMat 0.958997 -0.020609 0.282664 0.000000 -0.003634 0.996377 0.084975 0.000000 -0.283391 -0.082518 0.955448 0.000000 -7.988894 -5.939664 -0.584494 1.000000
aniFrame
  m_time 1.333000
  m_vertexTransformMat 0.959282 -0.027703 0.281088 0.000000 0.003780 0.996349 0.085296 0.000000 -0.282425 -0.080761 0.955884 0.000000 -7.973973 -5.219347 -0.520403 1.000000
aniFrame
  m_time 1.349000
  m_vertexTransformMat 0.959692 -0.035000 0.278867 0.000000 0.010544 0.996001 0.088718 0.000000 -0.280857 -0.082201 0.956223 0.000000 -7.932610 -4.681077 -0.450465 1.000000
aniFrame
  m_time 1.365000
  m_vertexTransformMat 0.960140 -0.042276 0.276303 0.000000 0.016954 0.995485 0.093401 0.000000 -0.279004 -0.084993 0.956522 0.000000 -7.875413 -4.214916 -0.383474 1.000000
aniFrame
  m_time 1.381000
  m_vertexTransformMat 0.960526 -0.049353 0.273779 0.000000 0.023576 0.995039 0.096659 0.000000 -0.277191 -0.086388 0.956923 0.000000 -7.814531 -3.670526 -0.319464 1.000000
aniFrame
  m_time 1.397000
  m_vertexTransformMat 0.960888 -0.056456 0.271122 0.000000 0.029481 0.994290 0.102558 0.000000 -0.275364 -0.090554 0.957066 0.000000 -7.745494 -3.262342 -0.275601 1.000000
aniFrame
  m_time 1.413000
  m_vertexTransformMat 0.961242 -0.064370 0.268085 0.000000 0.033586 0.992461 0.117872 0.000000 -0.273651 -0.104299 0.956157 0.000000 -7.670158 -3.342995 -0.310119 1.000000
aniFrame
  m_time 1.429000
  m_vertexTransformMat 0.961622 -0.072760 0.264556 0.000000 0.036560 0.989580 0.139269 0.000000 -0.271932 -0.124252 0.954261 0.000000 -7.587116 -3.743409 -0.419673 1.000000
aniFrame
  m_time 1.445000
  m_vertexTransformMat 0.961975 -0.081279 0.260762 0.000000 0.038826 0.985695 0.164005 0.000000 -0.270362 -0.147645 0.951370 0.000000 -7.499505 -4.309533 -0.590373 1.000000
aniFrame
  m_time 1.461000
  m_vertexTransformMat 0.962392 -0.089751 0.256410 0.000000 0.040584 0.980757 0.190968 0.000000 -0.268615 -0.173379 0.947516 0.000000 -7.400213 -5.010589 -0.825670 1.000000
aniFrame
  m_time 1.477000
  m_vertexTransformMat 0.962567 -0.098564 0.252487 0.000000 0.042722 0.975065 0.217768 0.000000 -0.267655 -0.198830 0.942777 0.000000 -7.313684 -5.686066 -1.096643 1.000000
aniFrame
  m_time 1.493000
  m_vertexTransformMat 0.962673 -0.107203 0.248532 0.000000 0.044991 0.968825 0.243627 0.000000 -0.266901 -0.223352 0.937485 0.000000 -7.225343 -6.343355 -1.399709 1.000000
aniFrame
  m_time 1.509000
  m_vertexTransformMat 0.962855 -0.116123 0.243776 0.000000 0.047040 0.961135 0.272042 0.000000 -0.265892 -0.250469 0.930896 0.000000 -7.124126 -7.130737 -1.766280 1.000000
aniFrame
  m_time 1.525000
  m_vertexTransformMat 0.962710 -0.125192 0.239824 0.000000 0.048620 0.952115 0.301850 0.000000 -0.266129 -0.278934 0.922698 0.000000 -7.046956 -8.009382 -2.205711 1.000000
aniFrame
  m_time 1.541000
  m_vertexTransformMat 0.962974 -0.133498 0.234219 0.000000 0.049645 0.941741 0.332655 0.000000 -0.264982 -0.308710 0.913500 0.000000 -6.929845 -8.943599 -2.690847 1.000000
aniFrame
  m_time 1.557000
  m_vertexTransformMat 0.963140 -0.141331 0.228884 0.000000 0.049686 0.929688 0.364983 0.000000 -0.264374 -0.340157 0.902441 0.000000 -6.818724 -9.942274 -3.246093 1.000000
aniFrame
  m_time 1.573000
  m_vertexTransformMat 0.963631 -0.147649 0.222742 0.000000 0.048673 0.916539 0.396973 0.000000 -0.262765 -0.371694 0.890392 0.000000 -6.676908 -10.942102 -3.833555 1.000000
aniFrame
  m_time 1.589000
  m_vertexTransformMat 0.964428 -0.152927 0.215619 0.000000 0.046861 0.901661 0.429897 0.000000 -0.260158 -0.404500 0.876754 0.000000 -6.506530 -11.973962 -4.469376 1.000000
aniFrame
  m_time 1.605000
  m_vertexTransformMat 0.965946 -0.154514 0.207541 0.000000 0.041835 0.884825 0.464041 0.000000 -0.255338 -0.439557 0.861158 0.000000 -6.248336 -12.988839 -5.164029 1.000000
aniFrame
  m_time 1.621000
  m_vertexTransformMat 0.968326 -0.151470 0.198498 0.000000 0.033042 0.865726 0.499427 0.000000 -0.247493 -0.477049 0.843310 0.000000 -5.875027 -13.938619 -5.904952 1.000000
aniFrame
  m_time 1.637000
  m_vertexTransformMat 0.971162 -0.145595 0.188799 0.000000 0.021277 0.841651 0.539602 0.000000 -0.237467 -0.520024 0.820478 0.000000 -5.414864 -15.145963 -6.869897 1.000000
aniFrame
  m_time 1.653000
  m_vertexTransformMat 0.974451 -0.137076 0.177919 0.000000 0.006943 0.810166 0.586160 0.000000 -0.224492 -0.569949 0.790419 0.000000 -4.836267 -16.651480 -8.152472 1.000000
aniFrame
  m_time 1.669000
  m_vertexTransformMat 0.977701 -0.128265 0.166280 0.000000 -0.006161 0.773939 0.633230 0.000000 -0.209912 -0.620134 0.755891 0.000000 -4.204176 -18.468029 -9.727594 1.000000
aniFrame
  m_time 1.685000
  m_vertexTransformMat 0.980587 -0.123011 0.152700 0.000000 -0.013755 0.733677 0.679359 0.000000 -0.195602 -0.668271 0.717742 0.000000 -3.582373 -20.699944 -11.623121 1.000000
aniFrame
  m_time 1.701000
  m_vertexTransformMat 0.983291 -0.118647 0.138061 0.000000 -0.018352 0.689946 0.723628 0.000000 -0.181111 -0.714071 0.676241 0.000000 -2.983311 -23.078501 -13.652370 1.000000
aniFrame
  m_time 1.717000
  m_vertexTransformMat 0.985931 -0.114648 0.121638 0.000000 -0.020245 0.640445 0.767738 0.000000 -0.165921 -0.759399 0.629113 0.000000 -2.416323 -25.574636 -15.821054 1.000000
aniFrame
  m_time 1.733000
  m_vertexTransformMat 0.988385 -0.108863 0.106041 0.000000 -0.020837 0.594097 0.804124 0.000000 -0.150538 -0.796993 0.584928 0.000000 -1.877378 -27.885735 -17.768913 1.000000
aniFrame
  m_time 1.749000
  m_vertexTransformMat 0.990842 -0.098912 0.091917 0.000000 -0.021185 0.558422 0.829287 0.000000 -0.133355 -0.823639 0.551213 0.000000 -1.311131 -29.808144 -19.183527 1.000000
aniFrame
  m_time 1.765000
  m_vertexTransformMat 0.993375 -0.082889 0.079597 0.000000 -0.022917 0.535845 0.844005 0.000000 -0.112611 -0.840237 0.530396 0.000000 -0.621657 -31.385529 -19.990736 1.000000
aniFrame
  m_time 1.781000
  m_vertexTransformMat 0.996078 -0.054789 0.069467 0.000000 -0.029546 0.534098 0.844906 0.000000 -0.083394 -0.843645 0.530384 0.000000 0.411026 -32.474773 -19.909575 1.000000
aniFrame
  m_time 1.797000
  m_vertexTransformMat 0.998102 -0.019341 0.058467 0.000000 -0.038351 0.547617 0.835850 0.000000 -0.048183 -0.836506 0.545836 0.000000 1.686213 -33.181702 -19.147003 1.000000
aniFrame
  m_time 1.813000
  m_vertexTransformMat 0.998714 0.020301 0.046467 0.000000 -0.049726 0.571530 0.819073 0.000000 -0.009929 -0.820330 0.571804 0.000000 3.121171 -33.589954 -17.880304 1.000000
aniFrame
  m_time 1.829000
  m_vertexTransformMat 0.997657 0.060761 0.031422 0.000000 -0.061813 0.604036 0.794557 0.000000 0.029298 -0.794638 0.606377 0.000000 4.615757 -33.645336 -16.192989 1.000000
aniFrame
  m_time 1.845000
  m_vertexTransformMat 0.995751 0.090609 0.016396 0.000000 -0.070689 0.638094 0.766706 0.000000 0.059008 -0.764608 0.641789 0.000000 5.765748 -33.473873 -14.408313 1.000000
aniFrame
  m_time 1.861000
  m_vertexTransformMat 0.993736 0.111720 0.002714 0.000000 -0.077839 0.674539 0.734125 0.000000 0.080186 -0.729737 0.679010 0.000000 6.603201 -33.079670 -12.493399 1.000000
aniFrame
  m_time 1.877000
  m_vertexTransformMat 0.993330 0.114948 -0.009026 0.000000 -0.075990 0.711527 0.698538 0.000000 0.086718 -0.693193 0.715516 0.000000 6.832780 -32.640835 -10.548205 1.000000
aniFrame
  m_time 1.893000
  m_vertexTransformMat 0.994441 0.104163 -0.015426 0.000000 -0.068238 0.749058 0.658981 0.000000 0.080196 -0.654265 0.752002 0.000000 6.530968 -32.108982 -8.543810 1.000000
aniFrame
  m_time 1.909000
  m_vertexTransformMat 0.996091 0.086443 -0.018165 0.000000 -0.057189 0.787847 0.613211 0.000000 0.067319 -0.609776 0.789710 0.000000 5.941572 -31.324095 -6.466362 1.000000
aniFrame
  m_time 1.925000
  m_vertexTransformMat 0.997921 0.062545 -0.015525 0.000000 -0.043103 0.826894 0.560703 0.000000 0.047906 -0.558869 0.827871 0.000000 5.063571 -30.251768 -4.347164 1.000000
aniFrame
  m_time 1.941000
  m_vertexTransformMat 0.998966 0.044675 -0.008438 0.000000 -0.034381 0.863737 0.502769 0.000000 0.029749 -0.501959 0.864379 0.000000 4.254645 -28.728493 -2.419852 1.000000
aniFrame
  m_time 1.957000
  m_vertexTransformMat 0.999483 0.032090 0.001829 0.000000 -0.029639 0.898128 0.438734 0.000000 0.012436 -0.438561 0.898615 0.000000 3.498459 -26.770037 -0.725315 1.000000
aniFrame
  m_time 1.973000
  m_vertexTransformMat 0.999508 0.028181 0.013809 0.000000 -0.031291 0.928488 0.370043 0.000000 -0.002393 -0.370293 0.928912 0.000000 2.881552 -24.425095 0.634883 1.000000
aniFrame
  m_time 1.989000
  m_vertexTransformMat 0.999095 0.032738 0.027150 0.000000 -0.039312 0.954443 0.295792 0.000000 -0.016229 -0.296592 0.954867 0.000000 2.353553 -21.677423 1.640221 1.000000
aniFrame
  m_time 2.005000
  m_vertexTransformMat 0.998345 0.040160 0.041168 0.000000 -0.048207 0.974717 0.218180 0.000000 -0.031365 -0.219803 0.975040 0.000000 1.784766 -18.712963 2.332265 1.000000
aniFrame
  m_time 2.021000
  m_vertexTransformMat 0.997216 0.049319 0.055925 0.000000 -0.056562 0.989042 0.136370 0.000000 -0.048586 -0.139154 0.989078 0.000000 1.137089 -15.522577 2.724444 1.000000
aniFrame
  m_time 2.037000
  m_vertexTransformMat 0.995642 0.059860 0.071503 0.000000 -0.063685 0.996589 0.052481 0.000000 -0.068118 -0.056806 0.996059 0.000000 0.413707 -12.195556 2.809592 1.000000
aniFrame
  m_time 2.053000
  m_vertexTransformMat 0.993677 0.071573 0.086509 0.000000 -0.068930 0.997070 -0.033162 0.000000 -0.088629 0.026989 0.995699 0.000000 -0.350150 -8.743031 2.586956 1.000000
aniFrame
  m_time 2.069000
  m_vertexTransformMat 0.991255 0.083415 0.102253 0.000000 -0.071009 0.990294 -0.119481 0.000000 -0.111227 0.111175 0.987557 0.000000 -1.180824 -5.237042 2.081205 1.000000
aniFrame
  m_time 2.085000
  m_vertexTransformMat 0.988545 0.095285 0.117047 0.000000 -0.069868 0.976325 -0.204715 0.000000 -0.133782 0.194193 0.971798 0.000000 -2.014878 -1.731700 1.295670 1.000000
aniFrame
  m_time 2.101000
  m_vertexTransformMat 0.985694 0.106443 0.130677 0.000000 -0.064872 0.955208 -0.288736 0.000000 -0.155558 0.276129 0.948449 0.000000 -2.824499 1.730746 0.267594 1.000000
aniFrame
  m_time 2.117000
