m_aniFrameList.size 202
aniFrame
  m_time -1.066000
  m_vertexTransformMat 0.988149 0.033564 0.149784 0.000000 0.010068 0.959529 -0.281431 0.000000 -0.153168 0.279604 0.947819 0.000000 -2.030327 0.217488 -0.317416 1.000000
aniFrame
  m_time -1.050000
  m_vertexTransformMat 0.994425 0.023324 0.102829 0.000000 -0.000190 0.975621 -0.219464 0.000000 -0.105441 0.218221 0.970187 0.000000 0.669585 -1.604677 0.010111 1.000000
aniFrame
  m_time -1.034000
  m_vertexTransformMat 0.998079 0.017540 0.059418 0.000000 -0.007945 0.987402 -0.158030 0.000000 -0.061441 0.157254 0.985645 0.000000 3.129366 -3.430691 0.122035 1.000000
aniFrame
  m_time -1.018000
  m_vertexTransformMat 0.999489 0.019988 0.024942 0.000000 -0.017529 0.995306 -0.095181 0.000000 -0.026727 0.094695 0.995147 0.000000 4.999316 -5.442057 0.082360 1.000000
aniFrame
  m_time -1.002000
  m_vertexTransformMat 0.999702 0.024395 0.001185 0.000000 -0.024321 0.998774 -0.043114 0.000000 -0.002235 0.043072 0.999070 0.000000 6.274235 -7.045772 -0.085102 1.000000
aniFrame
  m_time -0.986000
  m_vertexTransformMat 0.999701 0.023819 -0.005467 0.000000 -0.023969 0.999283 -0.029316 0.000000 0.004765 0.029438 0.999555 0.000000 6.632902 -6.974494 -0.173581 1.000000
aniFrame
  m_time -0.970000
  m_vertexTransformMat 0.999748 0.022367 -0.001899 0.000000 -0.022422 0.999079 -0.036572 0.000000 0.001080 0.036606 0.999329 0.000000 6.444495 -5.969152 -0.102482 1.000000
aniFrame
  m_time -0.954000
  m_vertexTransformMat 0.999794 0.020209 -0.001685 0.000000 -0.020257 0.999121 -0.036692 0.000000 0.000942 0.036719 0.999325 0.000000 6.447411 -5.288003 -0.065563 1.000000
aniFrame
  m_time -0.938000
  m_vertexTransformMat 0.999868 0.016095 -0.002144 0.000000 -0.016161 0.999230 -0.035751 0.000000 0.001567 0.035781 0.999359 0.000000 6.489509 -4.676330 -0.058753 1.000000
aniFrame
  m_time -0.922000
  m_vertexTransformMat 0.999931 0.011422 -0.002637 0.000000 -0.011507 0.999333 -0.034660 0.000000 0.002239 0.034688 0.999396 0.000000 6.539772 -4.078078 -0.040592 1.000000
aniFrame
  m_time -0.906000
  m_vertexTransformMat 0.999979 0.005660 -0.003237 0.000000 -0.005765 0.999430 -0.033272 0.000000 0.003047 0.033289 0.999441 0.000000 6.600677 -3.500738 -0.023901 1.000000
aniFrame
  m_time -0.890000
  m_vertexTransformMat 0.999992 -0.000728 -0.003933 0.000000 0.000602 0.999495 -0.031782 0.000000 0.003954 0.031779 0.999487 0.000000 6.669219 -2.936560 -0.006307 1.000000
aniFrame
  m_time -0.874000
  m_vertexTransformMat 0.999959 -0.007765 -0.004677 0.000000 0.007621 0.999518 -0.030097 0.000000 0.004909 0.030061 0.999536 0.000000 6.743601 -2.385445 0.013238 1.000000
aniFrame
  m_time -0.858000
  m_vertexTransformMat 0.999868 -0.015295 -0.005535 0.000000 0.015132 0.999484 -0.028333 0.000000 0.005965 0.028246 0.999584 0.000000 6.823041 -1.844280 0.028346 1.000000
aniFrame
  m_time -0.842000
  m_vertexTransformMat 0.999715 -0.023016 -0.006380 0.000000 0.022839 0.999388 -0.026511 0.000000 0.006986 0.026357 0.999628 0.000000 6.903277 -1.307381 0.047363 1.000000
aniFrame
  m_time -0.826000
  m_vertexTransformMat 0.999494 -0.030939 -0.007303 0.000000 0.030750 0.999223 -0.024656 0.000000 0.008060 0.024419 0.999669 0.000000 6.985305 -0.772872 0.063491 1.000000
aniFrame
  m_time -0.810000
  m_vertexTransformMat 0.999216 -0.038718 -0.008209 0.000000 0.038522 0.998996 -0.022863 0.000000 0.009086 0.022529 0.999705 0.000000 7.064664 -0.235644 0.079207 1.000000
aniFrame
  m_time -0.794000
  m_vertexTransformMat 0.998891 -0.046198 -0.009062 0.000000 0.045999 0.998719 -0.021073 0.000000 0.010024 0.020633 0.999737 0.000000 7.139122 0.307669 0.097292 1.000000
aniFrame
  m_time -0.778000
  m_vertexTransformMat 0.998530 -0.053289 -0.009942 0.000000 0.053088 0.998400 -0.019490 0.000000 0.010965 0.018933 0.999761 0.000000 7.210675 0.861732 0.111536 1.000000
aniFrame
  m_time -0.762000
  m_vertexTransformMat 0.998151 -0.059833 -0.010688 0.000000 0.059636 0.998060 -0.017900 0.000000 0.011738 0.017229 0.999783 0.000000 7.272431 1.426476 0.123669 1.000000
aniFrame
  m_time -0.746000
  m_vertexTransformMat 0.997777 -0.065650 -0.011473 0.000000 0.065454 0.997716 -0.016724 0.000000 0.012545 0.015936 0.999795 0.000000 7.331342 2.013418 0.130672 1.000000
aniFrame
  m_time -0.730000
  m_vertexTransformMat 0.997439 -0.070509 -0.011981 0.000000 0.070322 0.997406 -0.015395 0.000000 0.013036 0.014513 0.999810 0.000000 7.373596 2.612458 0.147889 1.000000
aniFrame
  m_time -0.714000
  m_vertexTransformMat 0.997148 -0.074440 -0.012503 0.000000 0.074254 0.997131 -0.014727 0.000000 0.013563 0.013756 0.999814 0.000000 7.408936 3.241271 0.167892 1.000000
aniFrame
  m_time -0.698000
  m_vertexTransformMat 0.996921 -0.077356 -0.012850 0.000000 0.077178 0.996922 -0.013819 0.000000 0.013879 0.012785 0.999822 0.000000 7.433769 3.884412 0.182378 1.000000
aniFrame
  m_time -0.682000
  m_vertexTransformMat 0.996718 -0.079897 -0.013046 0.000000 0.079719 0.996724 -0.013678 0.000000 0.014096 0.012594 0.999821 0.000000 7.455757 4.571746 0.180843 1.000000
aniFrame
  m_time -0.666000
  m_vertexTransformMat 0.996733 -0.079692 -0.013163 0.000000 0.079517 0.996745 -0.013345 0.000000 0.014184 0.012255 0.999824 0.000000 7.457300 5.274311 0.174509 1.000000
aniFrame
  m_time -0.650000
  m_vertexTransformMat 0.997115 -0.074884 -0.012436 0.000000 0.074732 0.997128 -0.012324 0.000000 0.013323 0.011359 0.999847 0.000000 7.407805 5.974801 0.177567 1.000000
aniFrame
  m_time -0.634000
  m_vertexTransformMat 0.997780 -0.065504 -0.012045 0.000000 0.065366 0.997795 -0.011485 0.000000 0.012771 0.010672 0.999862 0.000000 7.338247 6.699344 0.169272 1.000000
aniFrame
  m_time -0.618000
  m_vertexTransformMat 0.998700 -0.049769 -0.010987 0.000000 0.049671 0.998725 -0.009068 0.000000 0.011424 0.008511 0.999899 0.000000 7.211834 7.407751 0.163937 1.000000
aniFrame
  m_time -0.602000
  m_vertexTransformMat 0.999485 -0.030712 -0.009334 0.000000 0.030648 0.999507 -0.006883 0.000000 0.009541 0.006594 0.999933 0.000000 7.053611 8.140347 0.153937 1.000000
aniFrame
  m_time -0.586000
  m_vertexTransformMat 0.999894 -0.011915 -0.008410 0.000000 0.011878 0.999920 -0.004375 0.000000 0.008462 0.004275 0.999955 0.000000 6.914401 8.893957 0.143857 1.000000
aniFrame
  m_time -0.570000
  m_vertexTransformMat 0.999962 0.005694 -0.006564 0.000000 -0.005708 0.999981 -0.002152 0.000000 0.006552 0.002189 0.999976 0.000000 6.765378 9.679975 0.143288 1.000000
aniFrame
  m_time -0.554000
  m_vertexTransformMat 0.999842 0.016787 -0.005781 0.000000 -0.016818 0.999844 -0.005442 0.000000 0.005689 0.005538 0.999969 0.000000 6.681504 10.753209 0.121616 1.000000
aniFrame
  m_time -0.538000
  m_vertexTransformMat 0.999722 0.022958 -0.005301 0.000000 -0.022989 0.999718 -0.005933 0.000000 0.005163 0.006053 0.999968 0.000000 6.638204 11.727017 0.128925 1.000000
aniFrame
  m_time -0.522000
  m_vertexTransformMat 0.999666 0.025500 -0.004096 0.000000 -0.025388 0.999352 0.025504 0.000000 0.004744 -0.025391 0.999666 0.000000 6.616375 11.082657 0.277560 1.000000
aniFrame
  m_time -0.506000
  m_vertexTransformMat 0.999685 0.024967 -0.002656 0.000000 -0.024668 0.996385 0.081294 0.000000 0.004676 -0.081202 0.996687 0.000000 6.620956 9.235264 0.419242 1.000000
aniFrame
  m_time -0.490000
  m_vertexTransformMat 0.999672 0.025468 -0.002624 0.000000 -0.024922 0.991443 0.128140 0.000000 0.005865 -0.128032 0.991753 0.000000 6.705327 8.003836 0.405002 1.000000
aniFrame
  m_time -0.474000
  m_vertexTransformMat 0.999672 0.025400 -0.003194 0.000000 -0.024475 0.984864 0.171593 0.000000 0.007504 -0.171458 0.985163 0.000000 6.806403 7.068095 0.323271 1.000000
aniFrame
  m_time -0.458000
  m_vertexTransformMat 0.999614 0.025990 0.009800 0.000000 -0.027623 0.967192 0.252540 0.000000 -0.002915 -0.252714 0.967537 0.000000 6.220997 3.535660 -0.189498 1.000000
aniFrame
  m_time -0.442000
  m_vertexTransformMat 0.999147 0.022909 0.034368 0.000000 -0.033967 0.929148 0.368144 0.000000 -0.023499 -0.368997 0.929133 0.000000 5.075900 -2.506894 -1.671491 1.000000
aniFrame
  m_time -0.426000
  m_vertexTransformMat 0.998354 0.011967 0.056087 0.000000 -0.038202 0.868195 0.494751 0.000000 -0.042774 -0.496080 0.867223 0.000000 3.971943 -9.456218 -4.290064 1.000000
aniFrame
  m_time -0.410000
  m_vertexTransformMat 0.997438 -0.006796 0.071219 0.000000 -0.039706 0.775507 0.630090 0.000000 -0.059513 -0.631303 0.773250 0.000000 2.983725 -17.172159 -8.491704 1.000000
aniFrame
  m_time -0.394000
  m_vertexTransformMat 0.996603 -0.020904 0.079658 0.000000 -0.044063 0.681822 0.730190 0.000000 -0.069576 -0.731219 0.678585 0.000000 2.270712 -23.193308 -12.858597 1.000000
aniFrame
  m_time -0.378000
  m_vertexTransformMat 0.996080 -0.028117 0.083874 0.000000 -0.050026 0.602930 0.796224 0.000000 -0.072957 -0.797299 0.599160 0.000000 1.796883 -27.486589 -16.525347 1.000000
aniFrame
  m_time -0.362000
  m_vertexTransformMat 0.996467 -0.029744 0.078545 0.000000 -0.049820 0.543577 0.837880 0.000000 -0.067617 -0.838833 0.540174 0.000000 1.675670 -30.624186 -19.346992 1.000000
aniFrame
  m_time -0.346000
  m_vertexTransformMat 0.997994 -0.022463 0.059192 0.000000 -0.039307 0.513083 0.857439 0.000000 -0.049631 -0.858045 0.511170 0.000000 2.041863 -32.707062 -20.897783 1.000000
aniFrame
  m_time -0.330000
  m_vertexTransformMat 0.999431 -0.012126 0.031461 0.000000 -0.021386 0.493386 0.869547 0.000000 -0.026067 -0.869726 0.492847 0.000000 2.658927 -34.555470 -22.025593 1.000000
aniFrame
  m_time -0.314000
  m_vertexTransformMat 0.999982 0.000352 -0.005953 0.000000 0.005065 0.476886 0.878951 0.000000 0.003148 -0.878965 0.476876 0.000000 3.538627 -36.520947 -23.152517 1.000000
aniFrame
  m_time -0.298000
  m_vertexTransformMat 0.999037 0.011160 -0.042429 0.000000 0.032200 0.470336 0.881900 0.000000 0.029798 -0.882417 0.469524 0.000000 4.355581 -38.250858 -23.804234 1.000000
aniFrame
  m_time -0.282000
  m_vertexTransformMat 0.997473 0.019494 -0.068318 0.000000 0.050852 0.475623 0.878178 0.000000 0.049612 -0.879433 0.473430 0.000000 4.988557 -39.584255 -23.763952 1.000000
aniFrame
  m_time -0.266000
  m_vertexTransformMat 0.996400 0.023673 -0.081413 0.000000 0.059611 0.487226 0.871239 0.000000 0.060291 -0.872955 0.484060 0.000000 5.303293 -40.738117 -23.268305 1.000000
aniFrame
  m_time -0.250000
  m_vertexTransformMat 0.997088 0.022261 -0.072943 0.000000 0.052010 0.501049 0.863855 0.000000 0.055778 -0.865133 0.498432 0.000000 5.042245 -41.816093 -22.405203 1.000000
aniFrame
  m_time -0.234000
  m_vertexTransformMat 0.998582 0.018379 -0.049967 0.000000 0.033264 0.517414 0.855088 0.000000 0.041570 -0.855538 0.516069 0.000000 4.411217 -42.805893 -21.287077 1.000000
aniFrame
  m_time -0.218000
  m_vertexTransformMat 0.999745 0.012234 -0.019008 0.000000 0.009560 0.533152 0.845965 0.000000 0.020484 -0.845931 0.532899 0.000000 3.473469 -43.883793 -20.179937 1.000000
aniFrame
  m_time -0.202000
  m_vertexTransformMat 0.999828 0.007112 0.017146 0.000000 -0.018212 0.554563 0.831942 0.000000 -0.003591 -0.832111 0.554597 0.000000 2.421006 -44.732193 -18.830824 1.000000
aniFrame
  m_time -0.186000
  m_vertexTransformMat 0.998876 0.003560 0.047257 0.000000 -0.040287 0.588922 0.807185 0.000000 -0.024957 -0.808182 0.588404 0.000000 1.485883 -44.909187 -17.009892 1.000000
aniFrame
  m_time -0.170000
  m_vertexTransformMat 0.997349 0.001644 0.072751 0.000000 -0.057269 0.634547 0.770760 0.000000 -0.044897 -0.772883 0.632959 0.000000 0.617978 -44.412575 -14.770200 1.000000
aniFrame
  m_time -0.154000
  m_vertexTransformMat 0.995882 0.002412 0.090623 0.000000 -0.066889 0.694288 0.716582 0.000000 -0.061190 -0.719693 0.691591 0.000000 -0.064770 -42.896435 -11.991479 1.000000
aniFrame
  m_time -0.138000
  m_vertexTransformMat 0.994552 0.003617 0.104182 0.000000 -0.070149 0.762482 0.643195 0.000000 -0.077110 -0.646999 0.758582 0.000000 -0.698807 -40.320343 -8.902120 1.000000
aniFrame
  m_time -0.122000
  m_vertexTransformMat 0.993081 0.006921 0.117229 0.000000 -0.070964 0.830745 0.552112 0.000000 -0.093566 -0.556611 0.825488 0.000000 -1.337502 -36.814159 -5.811767 1.000000
aniFrame
  m_time -0.106000
  m_vertexTransformMat 0.991441 0.011107 0.130083 0.000000 -0.067902 0.894882 0.441107 0.000000 -0.111510 -0.446164 0.887977 0.000000 -2.007871 -32.273033 -2.922295 1.000000
aniFrame
  m_time -0.090000
  m_vertexTransformMat 0.989885 0.016661 0.140888 0.000000 -0.061519 0.945267 0.320445 0.000000 -0.127838 -0.325871 0.936731 0.000000 -2.546605 -27.129004 -0.683895 1.000000
aniFrame
  m_time -0.074000
  m_vertexTransformMat 0.988638 0.022170 0.148674 0.000000 -0.050603 0.980421 0.190299 0.000000 -0.141544 -0.195660 0.970403 0.000000 -2.934989 -21.404751 0.840362 1.000000
aniFrame
  m_time -0.058000
  m_vertexTransformMat 0.987537 0.027628 0.154945 0.000000 -0.038018 0.997194 0.064497 0.000000 -0.152728 -0.069584 0.985815 0.000000 -3.148040 -15.775883 1.520301 1.000000
aniFrame
  m_time -0.042000
  m_vertexTransformMat 0.987071 0.031969 0.157064 0.000000 -0.023617 0.998221 -0.054760 0.000000 -0.158535 0.050342 0.986069 0.000000 -3.102840 -10.334904 1.482905 1.000000
aniFrame
  m_time -0.026000
  m_vertexTransformMat 0.986876 0.034406 0.157775 0.000000 -0.008974 0.987214 -0.159153 0.000000 -0.161234 0.155648 0.974566 0.000000 -2.915709 -5.555119 0.948362 1.000000
aniFrame
  m_time -0.010000
  m_vertexTransformMat 0.986818 0.034925 0.158021 0.000000 0.005772 0.968220 -0.250033 0.000000 -0.161731 0.247649 0.955256 0.000000 -2.643595 -1.379037 0.100829 1.000000
aniFrame
  m_time 0.005000
  m_vertexTransformMat 0.989473 0.032369 0.141053 0.000000 0.008973 0.959069 -0.283029 0.000000 -0.144441 0.281316 0.948682 0.000000 -1.498402 0.444300 -0.376932 1.000000
aniFrame
  m_time 0.021000
  m_vertexTransformMat 0.994400 0.028943 0.101641 0.000000 -0.003328 0.969866 -0.243615 0.000000 -0.105629 0.241912 0.964532 0.000000 0.737786 -0.653518 -0.121040 1.000000
aniFrame
  m_time 0.037000
  m_vertexTransformMat 0.997782 0.025684 0.061406 0.000000 -0.014207 0.983473 -0.180496 0.000000 -0.065027 0.179224 0.981657 0.000000 2.985312 -2.642364 0.114344 1.000000
aniFrame
  m_time 0.053000
  m_vertexTransformMat 0.999469 0.024257 0.021774 0.000000 -0.022113 0.995346 -0.093793 0.000000 -0.023947 0.093262 0.995354 0.000000 5.152497 -5.480435 0.099056 1.000000
aniFrame
  m_time 0.069000
  m_vertexTransformMat 0.999694 0.024452 -0.003693 0.000000 -0.024559 0.999173 -0.032396 0.000000 0.002898 0.032477 0.999469 0.000000 6.539661 -7.273231 -0.146349 1.000000
aniFrame
  m_time 0.085000
  m_vertexTransformMat 0.999721 0.022997 -0.005393 0.000000 -0.023144 0.999313 -0.028951 0.000000 0.004724 0.029067 0.999566 0.000000 6.628170 -6.738728 -0.173387 1.000000
aniFrame
  m_time 0.101000
  m_vertexTransformMat 0.999759 0.021920 -0.001544 0.000000 -0.021963 0.999068 -0.037151 0.000000 0.000729 0.037176 0.999308 0.000000 6.429989 -5.714883 -0.082437 1.000000
aniFrame
  m_time 0.117000
  m_vertexTransformMat 0.999818 0.019010 -0.001806 0.000000 -0.019063 0.999155 -0.036424 0.000000 0.001113 0.036452 0.999335 0.000000 6.459450 -5.080145 -0.060809 1.000000
aniFrame
  m_time 0.133000
  m_vertexTransformMat 0.999891 0.014619 -0.002308 0.000000 -0.014692 0.999265 -0.035420 0.000000 0.001788 0.035450 0.999370 0.000000 6.505386 -4.475224 -0.053860 1.000000
aniFrame
  m_time 0.149000
  m_vertexTransformMat 0.999950 0.009614 -0.002816 0.000000 -0.009705 0.999368 -0.034205 0.000000 0.002485 0.034231 0.999411 0.000000 6.558714 -3.884085 -0.034685 1.000000
aniFrame
  m_time 0.165000
  m_vertexTransformMat 0.999988 0.003586 -0.003464 0.000000 -0.003697 0.999456 -0.032790 0.000000 0.003345 0.032802 0.999456 0.000000 6.622852 -3.311531 -0.018622 1.000000
aniFrame
  m_time 0.181000
  m_vertexTransformMat 0.999987 -0.002998 -0.004170 0.000000 0.002867 0.999508 -0.031227 0.000000 0.004262 0.031215 0.999504 0.000000 6.693308 -2.751991 0.000169 1.000000
aniFrame
  m_time 0.197000
  m_vertexTransformMat 0.999936 -0.010239 -0.004953 0.000000 0.010088 0.999514 -0.029511 0.000000 0.005252 0.029459 0.999552 0.000000 6.769626 -2.204597 0.018409 1.000000
aniFrame
  m_time 0.213000
  m_vertexTransformMat 0.999824 -0.017846 -0.005817 0.000000 0.017679 0.999459 -0.027733 0.000000 0.006308 0.027625 0.999599 0.000000 6.849682 -1.665204 0.034309 1.000000
aniFrame
  m_time 0.229000
  m_vertexTransformMat 0.999649 -0.025635 -0.006671 0.000000 0.025454 0.999341 -0.025891 0.000000 0.007331 0.025712 0.999643 0.000000 6.930274 -1.129137 0.053709 1.000000
aniFrame
  m_time 0.245000
  m_vertexTransformMat 0.999407 -0.033573 -0.007622 0.000000 0.033381 0.999153 -0.024055 0.000000 0.008423 0.023786 0.999682 0.000000 7.012555 -0.594558 0.067644 1.000000
aniFrame
  m_time 0.261000
  m_vertexTransformMat 0.999113 -0.041246 -0.008493 0.000000 0.041048 0.998909 -0.022263 0.000000 0.009402 0.021894 0.999716 0.000000 7.089808 -0.055428 0.084996 1.000000
aniFrame
  m_time 0.277000
  m_vertexTransformMat 0.998774 -0.048608 -0.009360 0.000000 0.048408 0.998617 -0.020528 0.000000 0.010345 0.020050 0.999746 0.000000 7.163711 0.491207 0.102748 1.000000
aniFrame
  m_time 0.293000
  m_vertexTransformMat 0.998404 -0.055539 -0.010208 0.000000 0.055338 0.998288 -0.018966 0.000000 0.011244 0.018370 0.999768 0.000000 7.232480 1.048622 0.115498 1.000000
aniFrame
  m_time 0.309000
  m_vertexTransformMat 0.998024 -0.061867 -0.010951 0.000000 0.061671 0.997944 -0.017470 0.000000 0.012009 0.016760 0.999788 0.000000 7.292509 1.619308 0.126419 1.000000
aniFrame
  m_time 0.325000
  m_vertexTransformMat 0.997659 -0.067382 -0.011688 0.000000 0.067187 0.997607 -0.016329 0.000000 0.012760 0.015505 0.999799 0.000000 7.347363 2.211075 0.136389 1.000000
aniFrame
  m_time 0.341000
  m_vertexTransformMat 0.997337 -0.071920 -0.012136 0.000000 0.071734 0.997310 -0.015079 0.000000 0.013188 0.014168 0.999813 0.000000 7.384969 2.817347 0.156614 1.000000
aniFrame
  m_time 0.357000
  m_vertexTransformMat 0.997063 -0.075535 -0.012672 0.000000 0.075350 0.997051 -0.014535 0.000000 0.013733 0.013538 0.999815 0.000000 7.419536 3.455858 0.173054 1.000000
aniFrame
  m_time 0.373000
  m_vertexTransformMat 0.996850 -0.078251 -0.012895 0.000000 0.078075 0.996855 -0.013585 0.000000 0.013918 0.012535 0.999825 0.000000 7.440683 4.107400 0.183395 1.000000
aniFrame
  m_time 0.389000
  m_vertexTransformMat 0.996681 -0.080342 -0.013125 0.000000 0.080162 0.996687 -0.013754 0.000000 0.014187 0.012657 0.999820 0.000000 7.461201 4.808873 0.177378 1.000000
aniFrame
  m_time 0.405000
  m_vertexTransformMat 0.996828 -0.078512 -0.013003 0.000000 0.078345 0.996843 -0.012890 0.000000 0.013974 0.011830 0.999833 0.000000 7.445001 5.503515 0.175929 1.000000
aniFrame
  m_time 0.421000
  m_vertexTransformMat 0.997306 -0.072330 -0.012202 0.000000 0.072183 0.997318 -0.012134 0.000000 0.013047 0.011221 0.999852 0.000000 7.385928 6.215458 0.176295 1.000000
aniFrame
  m_time 0.437000
  m_vertexTransformMat 0.998063 -0.061047 -0.011972 0.000000 0.060919 0.998085 -0.010799 0.000000 0.012608 0.010049 0.999870 0.000000 7.307303 6.936486 0.165911 1.000000
aniFrame
  m_time 0.453000
  m_vertexTransformMat 0.999002 -0.043447 -0.010326 0.000000 0.043363 0.999025 -0.008253 0.000000 0.010674 0.007796 0.999913 0.000000 7.156418 7.647001 0.162248 1.000000
aniFrame
  m_time 0.469000
  m_vertexTransformMat 0.999653 -0.024675 -0.009183 0.000000 0.024618 0.999678 -0.006209 0.000000 0.009333 0.005981 0.999939 0.000000 7.012306 8.392824 0.147801 1.000000
aniFrame
  m_time 0.485000
  m_vertexTransformMat 0.999954 -0.005582 -0.007794 0.000000 0.005555 0.999979 -0.003463 0.000000 0.007814 0.003419 0.999964 0.000000 6.861109 9.148597 0.144187 1.000000
aniFrame
  m_time 0.501000
  m_vertexTransformMat 0.999930 0.010134 -0.006202 0.000000 -0.010146 0.999947 -0.001916 0.000000 0.006182 0.001979 0.999979 0.000000 6.731818 9.964520 0.139877 1.000000
aniFrame
  m_time 0.517000
  m_vertexTransformMat 0.999799 0.019260 -0.005642 0.000000 -0.019302 0.999786 -0.007460 0.000000 0.005497 0.007567 0.999956 0.000000 6.663389 11.169122 0.114210 1.000000
aniFrame
  m_time 0.533000
  m_vertexTransformMat 0.999691 0.024355 -0.004987 0.000000 -0.024355 0.999704 0.000000 0.000000 0.004985 0.000121 0.999988 0.000000 6.628257 11.743293 0.160239 1.000000
aniFrame
  m_time 0.549000
  m_vertexTransformMat 0.999672 0.025383 -0.003608 0.000000 -0.025204 0.998754 0.043069 0.000000 0.004697 -0.042964 0.999066 0.000000 6.615414 10.512576 0.340700 1.000000
aniFrame
  m_time 0.565000
  m_vertexTransformMat 0.999683 0.025085 -0.002141 0.000000 -0.024748 0.994749 0.099311 0.000000 0.004621 -0.099227 0.995054 0.000000 6.623161 8.666106 0.426119 1.000000
aniFrame
  m_time 0.581000
  m_vertexTransformMat 0.999671 0.025425 -0.003504 0.000000 -0.024678 0.989718 0.140888 0.000000 0.007050 -0.140755 0.990019 0.000000 6.776664 7.804931 0.389989 1.000000
aniFrame
  m_time 0.597000
  m_vertexTransformMat 0.999673 0.025553 -0.000872 0.000000 -0.024905 0.980894 0.192944 0.000000 0.005785 -0.192859 0.981210 0.000000 6.709278 6.286648 0.235750 1.000000
aniFrame
  m_time 0.613000
  m_vertexTransformMat 0.999519 0.025701 0.017384 0.000000 -0.029628 0.956970 0.288670 0.000000 -0.009217 -0.289046 0.957271 0.000000 5.870668 1.706630 -0.562015 1.000000
aniFrame
  m_time 0.629000
  m_vertexTransformMat 0.998889 0.020230 0.042556 0.000000 -0.035906 0.911632 0.409437 0.000000 -0.030512 -0.410511 0.911345 0.000000 4.680728 -4.753079 -2.406891 1.000000
aniFrame
  m_time 0.645000
  m_vertexTransformMat 0.998062 0.006066 0.061927 0.000000 -0.038669 0.840181 0.540926 0.000000 -0.048749 -0.542273 0.838787 0.000000 3.624768 -12.051817 -5.539265 1.000000
aniFrame
  m_time 0.661000
  m_vertexTransformMat 0.997131 -0.012614 0.074635 0.000000 -0.040690 0.742115 0.669037 0.000000 -0.063827 -0.670154 0.739473 0.000000 2.708803 -19.466913 -10.041610 1.000000
aniFrame
  m_time 0.677000
  m_vertexTransformMat 0.996375 -0.023858 0.081653 0.000000 -0.046226 0.653927 0.755144 0.000000 -0.071411 -0.756181 0.650454 0.000000 2.086586 -24.768612 -14.155772 1.000000
aniFrame
  m_time 0.693000
  m_vertexTransformMat 0.996068 -0.029407 0.083570 0.000000 -0.051046 0.580481 0.812673 0.000000 -0.072409 -0.813743 0.576697 0.000000 1.705237 -28.650997 -17.576715 1.000000
aniFrame
  m_time 0.709000
  m_vertexTransformMat 0.996899 -0.028177 0.073480 0.000000 -0.047381 0.530621 0.846284 0.000000 -0.062836 -0.847141 0.527640 0.000000 1.751098 -31.405870 -19.987930 1.000000
aniFrame
  m_time 0.725000
  m_vertexTransformMat 0.998543 -0.018964 0.050521 0.000000 -0.033967 0.506587 0.861520 0.000000 -0.041931 -0.861980 0.505204 0.000000 2.234482 -33.303188 -21.259226 1.000000
aniFrame
  m_time 0.741000
  m_vertexTransformMat 0.999764 -0.008257 0.020092 0.000000 -0.013529 0.486966 0.873316 0.000000 -0.016995 -0.873382 0.486739 0.000000 2.923302 -35.216564 -22.429382 1.000000
aniFrame
  m_time 0.757000
  m_vertexTransformMat 0.999804 0.004494 -0.019270 0.000000 0.014845 0.473491 0.880674 0.000000 0.013082 -0.880787 0.473332 0.000000 3.846139 -37.139500 -23.441639 1.000000
aniFrame
  m_time 0.773000
  m_vertexTransformMat 0.998548 0.014035 -0.052014 0.000000 0.039290 0.470856 0.881335 0.000000 0.036861 -0.882099 0.469621 0.000000 4.574897 -38.731895 -23.860878 1.000000
aniFrame
  m_time 0.789000
  m_vertexTransformMat 0.996986 0.021639 -0.074506 0.000000 0.055060 0.479234 0.875959 0.000000 0.054660 -0.877421 0.476598 0.000000 5.151707 -39.975376 -23.633682 1.000000
aniFrame
  m_time 0.805000
  m_vertexTransformMat 0.996424 0.023531 -0.081155 0.000000 0.059166 0.491405 0.868919 0.000000 0.060326 -0.870614 0.488255 0.000000 5.270877 -41.113503 -23.030687 1.000000
aniFrame
  m_time 0.821000
  m_vertexTransformMat 0.997587 0.021227 -0.066106 0.000000 0.046287 0.506335 0.861094 0.000000 0.051750 -0.862076 0.504130 0.000000 4.862359 -42.150387 -22.043591 1.000000
aniFrame
  m_time 0.837000
  m_vertexTransformMat 0.999015 0.016484 -0.041193 0.000000 0.026504 0.522852 0.852011 0.000000 0.035582 -0.852264 0.521900 0.000000 4.141878 -43.147003 -20.917288 1.000000
aniFrame
  m_time 0.853000
  m_vertexTransformMat 0.999925 0.010248 -0.006696 0.000000 0.000116 0.539018 0.842294 0.000000 0.012241 -0.842231 0.538977 0.000000 3.112098 -44.227127 -19.778360 1.000000
aniFrame
  m_time 0.869000
  m_vertexTransformMat 0.999603 0.005945 0.027540 0.000000 -0.026082 0.564927 0.824728 0.000000 -0.010655 -0.825119 0.564858 0.000000 2.112425 -44.850861 -18.262981 1.000000
aniFrame
  m_time 0.885000
  m_vertexTransformMat 0.998402 0.002578 0.056455 0.000000 -0.046600 0.602709 0.796600 0.000000 -0.031972 -0.797957 0.601866 0.000000 1.178938 -44.834354 -16.317350 1.000000
aniFrame
  m_time 0.901000
  m_vertexTransformMat 0.996828 0.001859 0.079567 0.000000 -0.061482 0.652829 0.755006 0.000000 -0.050541 -0.757503 0.650873 0.000000 0.377589 -44.036434 -13.905162 1.000000
aniFrame
  m_time 0.917000
  m_vertexTransformMat 0.995441 0.002674 0.095341 0.000000 -0.068401 0.716655 0.694065 0.000000 -0.066471 -0.697422 0.713571 0.000000 -0.278513 -42.143787 -10.974470 1.000000
aniFrame
  m_time 0.933000
  m_vertexTransformMat 0.994080 0.004564 0.108557 0.000000 -0.070790 0.785163 0.615230 0.000000 -0.082427 -0.619273 0.780837 0.000000 -0.904847 -39.273006 -7.875552 1.000000
aniFrame
  m_time 0.949000
  m_vertexTransformMat 0.992552 0.008178 0.121547 0.000000 -0.070317 0.853207 0.516810 0.000000 -0.099478 -0.521508 0.847427 0.000000 -1.564532 -35.393505 -4.797312 1.000000
aniFrame
  m_time 0.965000
  m_vertexTransformMat 0.990882 0.012865 0.134119 0.000000 -0.066256 0.913281 0.401906 0.000000 -0.117318 -0.407127 0.905806 0.000000 -2.207953 -30.625193 -2.099646 1.000000
aniFrame
  m_time 0.981000
  m_vertexTransformMat 0.989451 0.018514 0.143679 0.000000 -0.058245 0.958947 0.277541 0.000000 -0.132642 -0.282981 0.949909 0.000000 -2.692213 -25.255125 -0.085545 1.000000
aniFrame
  m_time 0.997000
  m_vertexTransformMat 0.988239 0.024005 0.151024 0.000000 -0.046527 0.987979 0.147418 0.000000 -0.145670 -0.152711 0.977476 0.000000 -3.030324 -19.498190 1.158105 1.000000
aniFrame
  m_time 1.013000
  m_vertexTransformMat 0.987310 0.029263 0.156084 0.000000 -0.033348 0.999165 0.023623 0.000000 -0.155263 -0.028528 0.987462 0.000000 -3.160039 -13.918986 1.579199 1.000000
aniFrame
  m_time 1.029000
  m_vertexTransformMat 0.987023 0.033006 0.157149 0.000000 -0.018778 0.995658 -0.091179 0.000000 -0.159476 0.087045 0.983357 0.000000 -3.042043 -8.664263 1.347377 1.000000
aniFrame
  m_time 1.045000
  m_vertexTransformMat 0.986732 0.034795 0.158585 0.000000 -0.003635 0.981255 -0.192681 0.000000 -0.162317 0.189548 0.968362 0.000000 -2.867267 -4.029199 0.681836 1.000000
aniFrame
  m_time 1.061000
  m_vertexTransformMat 0.987279 0.034480 0.155215 0.000000 0.008811 0.962840 -0.269929 0.000000 -0.158754 0.267862 0.950288 0.000000 -2.401631 -0.411142 -0.147652 1.000000
aniFrame
  m_time 1.077000
  m_vertexTransformMat 0.991095 0.031142 0.129459 0.000000 0.005833 0.961176 -0.275874 0.000000 -0.133024 0.274173 0.952436 0.000000 -0.827593 0.316248 -0.339307 1.000000
aniFrame
  m_time 1.093000
  m_vertexTransformMat 0.995785 0.027989 0.087345 0.000000 -0.007854 0.974826 -0.222829 0.000000 -0.091383 0.221204 0.970937 0.000000 1.536788 -1.315528 -0.010335 1.000000
aniFrame
  m_time 1.109000
  m_vertexTransformMat 0.998542 0.024753 0.047965 0.000000 -0.017114 0.987988 -0.153578 0.000000 -0.051191 0.152533 0.986972 0.000000 3.724370 -3.518775 0.147291 1.000000
aniFrame
  m_time 1.125000
  m_vertexTransformMat 0.999643 0.024475 0.010688 0.000000 -0.023709 0.997490 -0.066715 0.000000 -0.012294 0.066438 0.997715 0.000000 5.755830 -6.340508 0.018671 1.000000
aniFrame
  m_time 1.141000
  m_vertexTransformMat 0.999692 0.024003 -0.006282 0.000000 -0.024163 0.999351 -0.026704 0.000000 0.005637 0.026848 0.999624 0.000000 6.678897 -7.281506 -0.186382 1.000000
aniFrame
  m_time 1.157000
  m_vertexTransformMat 0.999738 0.022625 -0.003575 0.000000 -0.022730 0.999198 -0.032966 0.000000 0.002827 0.033038 0.999450 0.000000 6.531293 -6.345611 -0.139657 1.000000
aniFrame
  m_time 1.173000
  m_vertexTransformMat 0.999773 0.021237 -0.001581 0.000000 -0.021281 0.999090 -0.036952 0.000000 0.000795 0.036977 0.999316 0.000000 6.437029 -5.498381 -0.070549 1.000000
aniFrame
  m_time 1.189000
  m_vertexTransformMat 0.999843 0.017597 -0.001971 0.000000 -0.017657 0.999192 -0.036109 0.000000 0.001334 0.036138 0.999346 0.000000 6.473882 -4.877049 -0.060002 1.000000
aniFrame
  m_time 1.205000
  m_vertexTransformMat 0.999911 0.013104 -0.002461 0.000000 -0.013182 0.999299 -0.035046 0.000000 0.002000 0.035075 0.999383 0.000000 6.521730 -4.275599 -0.046889 1.000000
aniFrame
  m_time 1.221000
  m_vertexTransformMat 0.999966 0.007682 -0.003018 0.000000 -0.007779 0.999400 -0.033748 0.000000 0.002757 0.033771 0.999426 0.000000 6.579156 -3.691425 -0.029099 1.000000
aniFrame
  m_time 1.237000
  m_vertexTransformMat 0.999992 0.001468 -0.003698 0.000000 -0.001587 0.999477 -0.032291 0.000000 0.003649 0.032297 0.999472 0.000000 6.645702 -3.123425 -0.012772 1.000000
aniFrame
  m_time 1.253000
  m_vertexTransformMat 0.999976 -0.005346 -0.004417 0.000000 0.005208 0.999516 -0.030667 0.000000 0.004578 0.030643 0.999520 0.000000 6.718118 -2.568046 0.006955 1.000000
aniFrame
  m_time 1.269000
  m_vertexTransformMat 0.999905 -0.012760 -0.005247 0.000000 0.012603 0.999502 -0.028925 0.000000 0.005613 0.028856 0.999568 0.000000 6.796322 -2.024120 0.023096 1.000000
aniFrame
  m_time 1.285000
  m_vertexTransformMat 0.999773 -0.020418 -0.006095 0.000000 0.020245 0.999427 -0.027125 0.000000 0.006646 0.026995 0.999613 0.000000 6.876385 -1.486119 0.040952 1.000000
aniFrame
  m_time 1.301000
  m_vertexTransformMat 0.999575 -0.028290 -0.006985 0.000000 0.028105 0.999286 -0.025268 0.000000 0.007695 0.025061 0.999656 0.000000 6.957807 -0.951173 0.058712 1.000000
aniFrame
  m_time 1.317000
  m_vertexTransformMat 0.999314 -0.036169 -0.007925 0.000000 0.035974 0.999078 -0.023459 0.000000 0.008766 0.023157 0.999694 0.000000 7.039047 -0.415512 0.072807 1.000000
aniFrame
  m_time 1.333000
  m_vertexTransformMat 0.999005 -0.043737 -0.008771 0.000000 0.043539 0.998817 -0.021656 0.000000 0.009708 0.021253 0.999727 0.000000 7.114458 0.125657 0.091540 1.000000
aniFrame
  m_time 1.349000
  m_vertexTransformMat 0.998653 -0.050974 -0.009656 0.000000 0.050773 0.998510 -0.020006 0.000000 0.010662 0.019489 0.999754 0.000000 7.187688 0.676029 0.107605 1.000000
aniFrame
  m_time 1.365000
  m_vertexTransformMat 0.998278 -0.057723 -0.010450 0.000000 0.057524 0.998175 -0.018424 0.000000 0.011495 0.017791 0.999776 0.000000 7.252765 1.236699 0.119935 1.000000
aniFrame
  m_time 1.381000
  m_vertexTransformMat 0.997899 -0.063809 -0.011221 0.000000 0.063612 0.997829 -0.017092 0.000000 0.012287 0.016343 0.999792 0.000000 7.312673 1.815717 0.128110 1.000000
aniFrame
  m_time 1.397000
  m_vertexTransformMat 0.997546 -0.069000 -0.011857 0.000000 0.068808 0.997504 -0.015879 0.000000 0.012923 0.015024 0.999804 0.000000 7.362001 2.411783 0.140530 1.000000
aniFrame
  m_time 1.413000
  m_vertexTransformMat 0.997239 -0.073233 -0.012316 0.000000 0.073048 0.997218 -0.014884 0.000000 0.013371 0.013943 0.999814 0.000000 7.397391 3.028584 0.161798 1.000000
aniFrame
  m_time 1.429000
  m_vertexTransformMat 0.996987 -0.076509 -0.012796 0.000000 0.076326 0.996981 -0.014244 0.000000 0.013847 0.013225 0.999817 0.000000 7.428047 3.670374 0.177813 1.000000
aniFrame
  m_time 1.445000
  m_vertexTransformMat 0.996779 -0.079148 -0.012964 0.000000 0.078972 0.996785 -0.013580 0.000000 0.013997 0.012513 0.999824 0.000000 7.448363 4.337066 0.183191 1.000000
aniFrame
  m_time 1.461000
  m_vertexTransformMat 0.996682 -0.080327 -0.013178 0.000000 0.080147 0.996690 -0.013685 0.000000 0.014233 0.012583 0.999820 0.000000 7.462396 5.043829 0.175080 1.000000
aniFrame
  m_time 1.477000
  m_vertexTransformMat 0.996956 -0.076927 -0.012728 0.000000 0.076768 0.996970 -0.012557 0.000000 0.013655 0.011542 0.999840 0.000000 7.427882 5.737066 0.177307 1.000000
aniFrame
  m_time 1.493000
  m_vertexTransformMat 0.997529 -0.069219 -0.012069 0.000000 0.069076 0.997541 -0.011895 0.000000 0.012862 0.011032 0.999857 0.000000 7.362867 6.457936 0.173455 1.000000
aniFrame
  m_time 1.509000
  m_vertexTransformMat 0.998380 -0.055722 -0.011580 0.000000 0.055608 0.998404 -0.009946 0.000000 0.012116 0.009286 0.999884 0.000000 7.263691 7.171649 0.164812 1.000000
aniFrame
  m_time 1.525000
  m_vertexTransformMat 0.999267 -0.037009 -0.009732 0.000000 0.036937 0.999289 -0.007531 0.000000 0.010004 0.007166 0.999924 0.000000 7.102209 7.891191 0.159062 1.000000
aniFrame
  m_time 1.541000
  m_vertexTransformMat 0.999792 -0.018366 -0.008893 0.000000 0.018319 0.999818 -0.005334 0.000000 0.008989 0.005170 0.999946 0.000000 6.965919 8.643138 0.144635 1.000000
aniFrame
  m_time 1.557000
  m_vertexTransformMat 0.999975 0.000373 -0.007139 0.000000 -0.000393 0.999996 -0.002700 0.000000 0.007138 0.002702 0.999971 0.000000 6.809934 9.409770 0.144418 1.000000
aniFrame
  m_time 1.573000
  m_vertexTransformMat 0.999887 0.013776 -0.005962 0.000000 -0.013795 0.999900 -0.003183 0.000000 0.005918 0.003265 0.999978 0.000000 6.704463 10.330338 0.131793 1.000000
aniFrame
  m_time 1.589000
  m_vertexTransformMat 0.999758 0.021288 -0.005501 0.000000 -0.021332 0.999740 -0.008023 0.000000 0.005328 0.008139 0.999953 0.000000 6.649415 11.514677 0.114872 1.000000
aniFrame
  m_time 1.605000
  m_vertexTransformMat 0.999671 0.025242 -0.004567 0.000000 -0.025192 0.999625 0.010715 0.000000 0.004836 -0.010596 0.999933 0.000000 6.620596 11.515541 0.212439 1.000000
aniFrame
  m_time 1.621000
  m_vertexTransformMat 0.999679 0.025130 -0.003130 0.000000 -0.024887 0.997759 0.062105 0.000000 0.004684 -0.062007 0.998065 0.000000 6.617430 9.873900 0.390413 1.000000
aniFrame
  m_time 1.637000
  m_vertexTransformMat 0.999676 0.025395 -0.001934 0.000000 -0.025005 0.993069 0.114842 0.000000 0.004837 -0.114757 0.993382 0.000000 6.641648 8.251949 0.417746 1.000000
aniFrame
  m_time 1.653000
  m_vertexTransformMat 0.999671 0.025376 -0.003893 0.000000 -0.024468 0.987643 0.154802 0.000000 0.007773 -0.154656 0.987938 0.000000 6.820358 7.533754 0.367276 1.000000
aniFrame
  m_time 1.669000
  m_vertexTransformMat 0.999660 0.025834 0.003537 0.000000 -0.025978 0.975102 0.220231 0.000000 0.002241 -0.220248 0.975442 0.000000 6.509079 5.088203 0.071950 1.000000
aniFrame
  m_time 1.685000
  m_vertexTransformMat 0.999362 0.024722 0.025764 0.000000 -0.031805 0.944297 0.327554 0.000000 -0.016231 -0.328165 0.944481 0.000000 5.481102 -0.330646 -1.055038 1.000000
aniFrame
  m_time 1.701000
  m_vertexTransformMat 0.998626 0.016750 0.049662 0.000000 -0.037372 0.891901 0.450684 0.000000 -0.036744 -0.451920 0.891301 0.000000 4.321660 -7.013170 -3.253092 1.000000
aniFrame
  m_time 1.717000
  m_vertexTransformMat 0.997754 -0.000383 0.066995 0.000000 -0.039089 0.808812 0.586767 0.000000 -0.054411 -0.588067 0.806980 0.000000 3.291936 -14.664795 -6.961421 1.000000
aniFrame
  m_time 1.733000
  m_vertexTransformMat 0.996854 -0.017307 0.077351 0.000000 -0.042138 0.710832 0.702099 0.000000 -0.067135 -0.703150 0.707866 0.000000 2.474334 -21.459669 -11.503667 1.000000
aniFrame
  m_time 1.749000
  m_vertexTransformMat 0.996192 -0.026255 0.083138 0.000000 -0.048316 0.627517 0.777103 0.000000 -0.072574 -0.778161 0.623858 0.000000 1.926597 -26.196083 -15.381836 1.000000
aniFrame
  m_time 1.765000
  m_vertexTransformMat 0.996187 -0.030045 0.081905 0.000000 -0.051059 0.560458 0.826608 0.000000 -0.070740 -0.827638 0.556787 0.000000 1.660999 -29.699945 -18.528013 1.000000
aniFrame
  m_time 1.781000
  m_vertexTransformMat 0.997427 -0.025642 0.066942 0.000000 -0.043832 0.520769 0.852572 0.000000 -0.056723 -0.853313 0.518305 0.000000 1.876823 -32.086899 -20.489740 1.000000
aniFrame
  m_time 1.797000
  m_vertexTransformMat 0.999030 -0.015469 0.041246 0.000000 -0.027983 0.500275 0.865414 0.000000 -0.034022 -0.865729 0.499356 0.000000 2.441830 -33.910259 -21.622404 1.000000
aniFrame
  m_time 1.813000
  m_vertexTransformMat 0.999965 -0.003995 0.007413 0.000000 -0.004574 0.481415 0.876481 0.000000 -0.007070 -0.876484 0.481380 0.000000 3.223793 -35.875927 -22.810114 1.000000
aniFrame
  m_time 1.829000
  m_vertexTransformMat 0.999464 0.008164 -0.031710 0.000000 0.024122 0.471296 0.881646 0.000000 0.022142 -0.881938 0.470846 0.000000 4.124664 -37.719906 -23.663286 1.000000
aniFrame
  m_time 1.845000
  m_vertexTransformMat 0.998011 0.016886 -0.060727 0.000000 0.045550 0.472721 0.880034 0.000000 0.043567 -0.881050 0.471012 0.000000 4.790839 -39.173092 -23.843592 1.000000
aniFrame
  m_time 1.861000
  m_vertexTransformMat 0.996608 0.023104 -0.078981 0.000000 0.058029 0.483215 0.873577 0.000000 0.058348 -0.875197 0.480236 0.000000 5.262822 -40.356586 -23.464523 1.000000
aniFrame
  m_time 1.877000
  m_vertexTransformMat 0.996675 0.023038 -0.078153 0.000000 0.056477 0.496043 0.866460 0.000000 0.058728 -0.867993 0.493092 0.000000 5.181005 -41.471722 -22.738653 1.000000
aniFrame
  m_time 1.893000
  m_vertexTransformMat 0.998104 0.019943 -0.058240 0.000000 0.039848 0.511819 0.858169 0.000000 0.046923 -0.858862 0.510053 0.000000 4.649417 -42.478764 -21.666662 1.000000
aniFrame
  m_time 1.909000
  m_vertexTransformMat 0.999425 0.014367 -0.030716 0.000000 0.018506 0.527921 0.849092 0.000000 0.028414 -0.849172 0.527351 0.000000 3.823061 -43.515102 -20.554466 1.000000
aniFrame
  m_time 1.925000
  m_vertexTransformMat 0.999948 0.008524 0.005570 0.000000 -0.009321 0.545988 0.837741 0.000000 0.004100 -0.837750 0.546039 0.000000 2.756283 -44.519135 -19.334295 1.000000
aniFrame
  m_time 1.941000
  m_vertexTransformMat 0.999279 0.004712 0.037677 0.000000 -0.033499 0.576573 0.816359 0.000000 -0.017877 -0.817032 0.576315 0.000000 1.795725 -44.907101 -17.648361 1.000000
aniFrame
  m_time 1.957000
  m_vertexTransformMat 0.997861 0.001886 0.065347 0.000000 -0.052514 0.618465 0.784056 0.000000 -0.038936 -0.785810 0.617241 0.000000 0.873459 -44.659496 -15.549078 1.000000
aniFrame
  m_time 1.973000
  m_vertexTransformMat 0.996391 0.002116 0.084854 0.000000 -0.064262 0.671907 0.737843 0.000000 -0.055452 -0.740633 0.669618 0.000000 0.176083 -43.543083 -13.023550 1.000000
aniFrame
  m_time 1.989000
  m_vertexTransformMat 0.995294 0.002528 0.096866 0.000000 -0.067505 0.735259 0.674417 0.000000 -0.069516 -0.677782 0.731969 0.000000 -0.376602 -41.388134 -10.152882 1.000000
aniFrame
  m_time 2.005000
  m_vertexTransformMat 0.994301 0.004313 0.106522 0.000000 -0.067403 0.799569 0.596780 0.000000 -0.082598 -0.600559 0.795303 0.000000 -0.853724 -38.405350 -7.268129 1.000000
aniFrame
  m_time 2.021000
  m_vertexTransformMat 0.993378 0.006338 0.114713 0.000000 -0.063505 0.862370 0.502280 0.000000 -0.095741 -0.506239 0.857062 0.000000 -1.303242 -34.485878 -4.477831 1.000000
aniFrame
  m_time 2.037000
  m_vertexTransformMat 0.992473 0.009205 0.122112 0.000000 -0.057239 0.916404 0.396140 0.000000 -0.108258 -0.400148 0.910034 0.000000 -1.670061 -29.902664 -2.117756 1.000000
aniFrame
  m_time 2.053000
  m_vertexTransformMat 0.991816 0.012290 0.127080 0.000000 -0.047598 0.959193 0.278719 0.000000 -0.118469 -0.282487 0.951928 0.000000 -1.899831 -24.672964 -0.299186 1.000000
aniFrame
  m_time 2.069000
  m_vertexTransformMat 0.991036 0.015620 0.132678 0.000000 -0.036587 0.986904 0.157103 0.000000 -0.128487 -0.160549 0.978630 0.000000 -2.068292 -19.213409 0.832485 1.000000
aniFrame
  m_time 2.085000
  m_vertexTransformMat 0.990421 0.019448 0.136707 0.000000 -0.024524 0.999067 0.035548 0.000000 -0.135888 -0.038561 0.989973 0.000000 -2.097869 -13.720202 1.270405 1.000000
aniFrame
  m_time 2.101000
  m_vertexTransformMat 0.989757 0.023410 0.140828 0.000000 -0.012059 0.996648 -0.080921 0.000000 -0.142250 0.078394 0.986722 0.000000 -2.083189 -8.512297 1.119481 1.000000
aniFrame
  m_time 2.117000
  m_vertexTransformMat 0.988872 0.029042 0.145909 0.000000 -0.001873 0.983114 -0.182986 0.000000 -0.148759 0.180676 0.972228 0.000000 -2.085383 -4.044215 0.572560 1.000000
aniFrame
  m_time 2.133000
