m_aniFrameList.size 202
aniFrame
  m_time -1.066000
  m_vertexTransformMat -0.223878 0.047680 -0.973451 0.000000 0.771225 0.619348 -0.147034 0.000000 0.595894 -0.783667 -0.175430 0.000000 -3.362377 -3.769462 -53.678612 1.000000
aniFrame
  m_time -1.050000
  m_vertexTransformMat -0.208077 0.066619 -0.975842 0.000000 0.749938 0.651357 -0.115441 0.000000 0.627931 -0.755841 -0.185492 0.000000 -2.744101 -2.959146 -54.043041 1.000000
aniFrame
  m_time -1.034000
  m_vertexTransformMat -0.192922 0.086401 -0.977403 0.000000 0.726018 0.682654 -0.082957 0.000000 0.660060 -0.725616 -0.194428 0.000000 -2.141441 -2.095734 -54.376343 1.000000
aniFrame
  m_time -1.018000
  m_vertexTransformMat -0.176670 0.110420 -0.978057 0.000000 0.698362 0.714298 -0.045505 0.000000 0.693599 -0.691077 -0.203309 0.000000 -1.482272 -1.044390 -54.701252 1.000000
aniFrame
  m_time -1.002000
  m_vertexTransformMat -0.161254 0.136612 -0.977412 0.000000 0.667444 0.744635 -0.006039 0.000000 0.726991 -0.653342 -0.211256 0.000000 -0.840843 0.112899 -54.980560 1.000000
aniFrame
  m_time -0.986000
  m_vertexTransformMat -0.148187 0.163713 -0.975315 0.000000 0.634396 0.772293 0.033246 0.000000 0.758671 -0.613810 -0.218302 0.000000 -0.272307 1.316944 -55.190861 1.000000
aniFrame
  m_time -0.970000
  m_vertexTransformMat -0.137767 0.191229 -0.971829 0.000000 0.599641 0.797039 0.071829 0.000000 0.788322 -0.572853 -0.224475 0.000000 0.210866 2.547285 -55.330101 1.000000
aniFrame
  m_time -0.954000
  m_vertexTransformMat -0.131170 0.217097 -0.967297 0.000000 0.565001 0.818123 0.107000 0.000000 0.814597 -0.532489 -0.229973 0.000000 0.569762 3.712302 -55.386112 1.000000
aniFrame
  m_time -0.938000
  m_vertexTransformMat -0.128201 0.241209 -0.961969 0.000000 0.531155 0.835830 0.138794 0.000000 0.837520 -0.493160 -0.235274 0.000000 0.805120 4.803331 -55.373814 1.000000
aniFrame
  m_time -0.922000
  m_vertexTransformMat -0.129570 0.261055 -0.956589 0.000000 0.500283 0.850143 0.164242 0.000000 0.856113 -0.457284 -0.240754 0.000000 0.874804 5.709280 -55.307434 1.000000
aniFrame
  m_time -0.906000
  m_vertexTransformMat -0.134763 0.276835 -0.951421 0.000000 0.473052 0.861668 0.183715 0.000000 0.870667 -0.425314 -0.247078 0.000000 0.796432 6.431520 -55.205025 1.000000
aniFrame
  m_time -0.890000
  m_vertexTransformMat -0.144318 0.285553 -0.947435 0.000000 0.451916 0.870795 0.193617 0.000000 0.880310 -0.400218 -0.254717 0.000000 0.515180 6.836298 -55.115551 1.000000
aniFrame
  m_time -0.874000
  m_vertexTransformMat -0.157560 0.287728 -0.944663 0.000000 0.437061 0.878135 0.194568 0.000000 0.885524 -0.382219 -0.264114 0.000000 0.060418 6.938290 -55.042316 1.000000
aniFrame
  m_time -0.858000
  m_vertexTransformMat -0.173494 0.284610 -0.942814 0.000000 0.427687 0.884120 0.188190 0.000000 0.887121 -0.370579 -0.275114 0.000000 -0.533291 6.778388 -54.986343 1.000000
aniFrame
  m_time -0.842000
  m_vertexTransformMat -0.192016 0.276135 -0.941743 0.000000 0.423931 0.888790 0.174171 0.000000 0.885106 -0.365790 -0.287723 0.000000 -1.264071 6.350584 -54.940502 1.000000
aniFrame
  m_time -0.826000
  m_vertexTransformMat -0.211462 0.265546 -0.940622 0.000000 0.422783 0.892541 0.156926 0.000000 0.881214 -0.364495 -0.301007 0.000000 -2.051594 5.790852 -54.885880 1.000000
aniFrame
  m_time -0.810000
  m_vertexTransformMat -0.232075 0.253063 -0.939202 0.000000 0.424272 0.895207 0.136372 0.000000 0.875291 -0.366829 -0.315123 0.000000 -2.910849 5.106217 -54.813744 1.000000
aniFrame
  m_time -0.794000
  m_vertexTransformMat -0.253053 0.238495 -0.937595 0.000000 0.427345 0.897020 0.112836 0.000000 0.867952 -0.372123 -0.328913 0.000000 -3.794336 4.299899 -54.733147 1.000000
aniFrame
  m_time -0.778000
  m_vertexTransformMat -0.275350 0.221952 -0.935371 0.000000 0.432362 0.897617 0.085717 0.000000 0.858630 -0.380817 -0.343123 0.000000 -4.752648 3.374381 -54.634491 1.000000
aniFrame
  m_time -0.762000
  m_vertexTransformMat -0.297194 0.203537 -0.932871 0.000000 0.437768 0.897322 0.056317 0.000000 0.848548 -0.391645 -0.355781 0.000000 -5.691272 2.347870 -54.528458 1.000000
aniFrame
  m_time -0.746000
  m_vertexTransformMat -0.320343 0.183108 -0.929437 0.000000 0.443704 0.895863 0.023565 0.000000 0.836963 -0.404846 -0.368229 0.000000 -6.698498 1.217618 -54.405560 1.000000
aniFrame
  m_time -0.730000
  m_vertexTransformMat -0.342996 0.161833 -0.925292 0.000000 0.450492 0.892715 -0.010857 0.000000 0.824264 -0.420560 -0.379102 0.000000 -7.692283 0.027951 -54.266071 1.000000
aniFrame
  m_time -0.714000
  m_vertexTransformMat -0.365887 0.138079 -0.920359 0.000000 0.455644 0.888879 -0.047784 0.000000 0.811490 -0.436840 -0.388144 0.000000 -8.683466 -1.258987 -54.106754 1.000000
aniFrame
  m_time -0.698000
  m_vertexTransformMat -0.389442 0.114204 -0.913943 0.000000 0.461494 0.882934 -0.086319 0.000000 0.797094 -0.455396 -0.396556 0.000000 -9.720529 -2.570339 -53.907162 1.000000
aniFrame
  m_time -0.682000
  m_vertexTransformMat -0.411638 0.088727 -0.907018 0.000000 0.466051 0.875763 -0.125842 0.000000 0.783167 -0.474518 -0.401848 0.000000 -10.678947 -3.937904 -53.676582 1.000000
aniFrame
  m_time -0.666000
  m_vertexTransformMat -0.435143 0.061631 -0.898250 0.000000 0.467680 0.867977 -0.167006 0.000000 0.769367 -0.492765 -0.406518 0.000000 -11.679370 -5.351014 -53.386894 1.000000
aniFrame
  m_time -0.650000
  m_vertexTransformMat -0.457229 0.034311 -0.888687 0.000000 0.468640 0.858560 -0.207968 0.000000 0.755856 -0.511563 -0.408638 0.000000 -12.614546 -6.765312 -53.062080 1.000000
aniFrame
  m_time -0.634000
  m_vertexTransformMat -0.478844 0.005636 -0.877882 0.000000 0.467400 0.848108 -0.249501 0.000000 0.743133 -0.529794 -0.408746 0.000000 -13.499982 -8.203588 -52.684505 1.000000
aniFrame
  m_time -0.618000
  m_vertexTransformMat -0.500101 -0.023019 -0.865661 0.000000 0.464075 0.836857 -0.290354 0.000000 0.731119 -0.546938 -0.407830 0.000000 -14.359749 -9.617244 -52.260132 1.000000
aniFrame
  m_time -0.602000
  m_vertexTransformMat -0.519608 -0.052683 -0.852779 0.000000 0.458986 0.824639 -0.330610 0.000000 0.720652 -0.563201 -0.404308 0.000000 -15.123399 -11.031303 -51.798218 1.000000
aniFrame
  m_time -0.586000
  m_vertexTransformMat -0.539101 -0.082322 -0.838208 0.000000 0.451109 0.812202 -0.369903 0.000000 0.711245 -0.577539 -0.400723 0.000000 -15.860655 -12.404174 -51.282654 1.000000
aniFrame
  m_time -0.570000
  m_vertexTransformMat -0.556264 -0.112291 -0.823384 0.000000 0.441635 0.799375 -0.407378 0.000000 0.703938 -0.590245 -0.395072 0.000000 -16.485037 -13.744516 -50.750065 1.000000
aniFrame
  m_time -0.554000
  m_vertexTransformMat -0.572243 -0.141639 -0.807760 0.000000 0.430198 0.786722 -0.442716 0.000000 0.698189 -0.600838 -0.389263 0.000000 -17.040234 -15.010065 -50.185261 1.000000
aniFrame
  m_time -0.538000
  m_vertexTransformMat -0.586829 -0.171113 -0.791424 0.000000 0.416233 0.774639 -0.476114 0.000000 0.694538 -0.608814 -0.383358 0.000000 -17.509754 -16.225918 -49.605957 1.000000
aniFrame
  m_time -0.522000
  m_vertexTransformMat -0.601123 -0.207145 -0.771844 0.000000 0.395370 0.762256 -0.512492 0.000000 0.694503 -0.613235 -0.376311 0.000000 -17.889874 -17.576727 -48.929661 1.000000
aniFrame
  m_time -0.506000
  m_vertexTransformMat -0.614551 -0.247991 -0.748884 0.000000 0.368248 0.749348 -0.550337 0.000000 0.697654 -0.613986 -0.369190 0.000000 -18.170372 -19.010408 -48.167427 1.000000
aniFrame
  m_time -0.490000
  m_vertexTransformMat -0.626630 -0.296554 -0.720688 0.000000 0.333610 0.733675 -0.591968 0.000000 0.704301 -0.611373 -0.360809 0.000000 -18.332127 -20.620720 -47.248493 1.000000
aniFrame
  m_time -0.474000
  m_vertexTransformMat -0.636985 -0.351101 -0.686278 0.000000 0.291489 0.714458 -0.636070 0.000000 0.713641 -0.605210 -0.352757 0.000000 -18.379196 -22.351408 -46.160534 1.000000
aniFrame
  m_time -0.458000
  m_vertexTransformMat -0.643471 -0.406061 -0.648891 0.000000 0.247789 0.691564 -0.678484 0.000000 0.724255 -0.597373 -0.344384 0.000000 -18.283911 -24.041468 -44.975986 1.000000
aniFrame
  m_time -0.442000
  m_vertexTransformMat -0.647135 -0.461086 -0.607139 0.000000 0.201042 0.664978 -0.719297 0.000000 0.735391 -0.587542 -0.337632 0.000000 -18.103867 -25.682014 -43.669418 1.000000
aniFrame
  m_time -0.426000
  m_vertexTransformMat -0.646230 -0.511023 -0.566784 0.000000 0.158644 0.636514 -0.754773 0.000000 0.746472 -0.577673 -0.330264 0.000000 -17.790529 -27.120134 -42.386654 1.000000
aniFrame
  m_time -0.410000
  m_vertexTransformMat -0.643476 -0.556607 -0.525478 0.000000 0.117313 0.606662 -0.786257 0.000000 0.756423 -0.567583 -0.325075 0.000000 -17.488554 -28.388544 -41.063099 1.000000
aniFrame
  m_time -0.394000
  m_vertexTransformMat -0.637518 -0.594222 -0.490379 0.000000 0.083747 0.579276 -0.810819 0.000000 0.765871 -0.557979 -0.319534 0.000000 -17.097498 -29.371004 -39.917675 1.000000
aniFrame
  m_time -0.378000
  m_vertexTransformMat -0.631231 -0.623709 -0.461014 0.000000 0.058060 0.554734 -0.830000 0.000000 0.773419 -0.550688 -0.313952 0.000000 -16.755039 -30.083460 -38.922783 1.000000
aniFrame
  m_time -0.362000
  m_vertexTransformMat -0.625687 -0.643937 -0.440297 0.000000 0.038826 0.538024 -0.842036 0.000000 0.779107 -0.543945 -0.311633 0.000000 -16.498310 -30.470949 -38.219349 1.000000
aniFrame
  m_time -0.346000
  m_vertexTransformMat -0.620379 -0.652912 -0.434553 0.000000 0.035188 0.530334 -0.847058 0.000000 0.783512 -0.540788 -0.306034 0.000000 -16.230505 -30.495455 -37.961617 1.000000
aniFrame
  m_time -0.330000
  m_vertexTransformMat -0.618522 -0.652056 -0.438468 0.000000 0.040919 0.530526 -0.846681 0.000000 0.784702 -0.541632 -0.301460 0.000000 -16.141689 -30.206863 -38.013287 1.000000
aniFrame
  m_time -0.314000
  m_vertexTransformMat -0.616728 -0.642370 -0.454980 0.000000 0.058022 0.539322 -0.840099 0.000000 0.785035 -0.544511 -0.295343 0.000000 -16.044416 -29.620665 -38.446724 1.000000
aniFrame
  m_time -0.298000
  m_vertexTransformMat -0.614460 -0.627844 -0.477756 0.000000 0.082895 0.550831 -0.830491 0.000000 0.784581 -0.549907 -0.286419 0.000000 -15.920028 -28.905659 -39.041275 1.000000
aniFrame
  m_time -0.282000
  m_vertexTransformMat -0.612215 -0.608828 -0.504501 0.000000 0.111963 0.564870 -0.817549 0.000000 0.782724 -0.557001 -0.277655 0.000000 -15.810063 -28.035692 -39.761799 1.000000
aniFrame
  m_time -0.266000
  m_vertexTransformMat -0.608264 -0.585534 -0.535878 0.000000 0.146889 0.580435 -0.800950 0.000000 0.780025 -0.565903 -0.267049 0.000000 -15.627390 -27.031433 -40.608040 1.000000
aniFrame
  m_time -0.250000
  m_vertexTransformMat -0.603402 -0.558176 -0.569514 0.000000 0.185459 0.596370 -0.780992 0.000000 0.775572 -0.576873 -0.256332 0.000000 -15.435658 -25.904709 -41.522121 1.000000
aniFrame
  m_time -0.234000
  m_vertexTransformMat -0.596000 -0.526456 -0.606324 0.000000 0.228399 0.612754 -0.756550 0.000000 0.769817 -0.589387 -0.244959 0.000000 -15.152051 -24.633480 -42.531685 1.000000
aniFrame
  m_time -0.218000
  m_vertexTransformMat -0.586171 -0.491489 -0.644082 0.000000 0.274139 0.627767 -0.728530 0.000000 0.762398 -0.603611 -0.233243 0.000000 -14.795094 -23.274094 -43.567242 1.000000
aniFrame
  m_time -0.202000
  m_vertexTransformMat -0.573909 -0.453063 -0.682175 0.000000 0.321740 0.641289 -0.696586 0.000000 0.753069 -0.619260 -0.222273 0.000000 -14.372805 -21.812716 -44.623539 1.000000
aniFrame
  m_time -0.186000
  m_vertexTransformMat -0.558256 -0.412257 -0.719996 0.000000 0.370759 0.652380 -0.661013 0.000000 0.742218 -0.635960 -0.211347 0.000000 -13.836807 -20.289726 -45.677143 1.000000
aniFrame
  m_time -0.170000
  m_vertexTransformMat -0.539690 -0.369158 -0.756609 0.000000 0.420101 0.660742 -0.622042 0.000000 0.729555 -0.653562 -0.201512 0.000000 -13.221060 -18.705414 -46.711277 1.000000
aniFrame
  m_time -0.154000
  m_vertexTransformMat -0.517908 -0.324695 -0.791420 0.000000 0.468710 0.666220 -0.580055 0.000000 0.715600 -0.671361 -0.192853 0.000000 -12.507963 -17.092455 -47.714291 1.000000
aniFrame
  m_time -0.138000
  m_vertexTransformMat -0.493012 -0.279634 -0.823860 0.000000 0.516231 0.668210 -0.535725 0.000000 0.700318 -0.689421 -0.185080 0.000000 -11.711287 -15.471759 -48.666267 1.000000
aniFrame
  m_time -0.122000
  m_vertexTransformMat -0.465684 -0.234202 -0.853398 0.000000 0.561057 0.667627 -0.489378 0.000000 0.684364 -0.706701 -0.179503 0.000000 -10.848457 -13.852942 -49.557880 1.000000
aniFrame
  m_time -0.106000
  m_vertexTransformMat -0.435794 -0.189915 -0.879782 0.000000 0.603301 0.663744 -0.442121 0.000000 0.667916 -0.723447 -0.174679 0.000000 -9.919807 -12.279164 -50.372189 1.000000
aniFrame
  m_time -0.090000
  m_vertexTransformMat -0.403774 -0.146631 -0.903032 0.000000 0.641850 0.657971 -0.393831 0.000000 0.651917 -0.738630 -0.171556 0.000000 -8.930955 -10.747764 -51.111526 1.000000
aniFrame
  m_time -0.074000
  m_vertexTransformMat -0.371230 -0.105451 -0.922534 0.000000 0.676104 0.650301 -0.346399 0.000000 0.636453 -0.752322 -0.170116 0.000000 -7.931101 -9.289147 -51.756031 1.000000
aniFrame
  m_time -0.058000
  m_vertexTransformMat -0.337202 -0.067004 -0.939045 0.000000 0.705970 0.641889 -0.299308 0.000000 0.622817 -0.763865 -0.169144 0.000000 -6.886605 -7.923160 -52.318665 1.000000
aniFrame
  m_time -0.042000
  m_vertexTransformMat -0.304316 -0.030840 -0.952072 0.000000 0.730769 0.633568 -0.254102 0.000000 0.611039 -0.773072 -0.170268 0.000000 -5.875040 -6.633938 -52.794353 1.000000
aniFrame
  m_time -0.026000
  m_vertexTransformMat -0.272624 0.000867 -0.962120 0.000000 0.750405 0.626035 -0.212069 0.000000 0.602137 -0.779795 -0.171323 0.000000 -4.894584 -5.488175 -53.177765 1.000000
aniFrame
  m_time -0.010000
  m_vertexTransformMat -0.242895 0.029823 -0.969595 0.000000 0.765408 0.619947 -0.172675 0.000000 0.595948 -0.784077 -0.173409 0.000000 -3.970037 -4.435958 -53.486897 1.000000
aniFrame
  m_time 0.005000
  m_vertexTransformMat -0.214545 0.056193 -0.975097 0.000000 0.772616 0.620520 -0.134235 0.000000 0.597524 -0.782175 -0.176545 0.000000 -3.057440 -3.443861 -53.773808 1.000000
aniFrame
  m_time 0.021000
  m_vertexTransformMat -0.187829 0.081158 -0.978843 0.000000 0.771541 0.628909 -0.095906 0.000000 0.607820 -0.773231 -0.180745 0.000000 -2.162972 -2.469888 -54.049385 1.000000
aniFrame
  m_time 0.037000
  m_vertexTransformMat -0.163025 0.106124 -0.980898 0.000000 0.761706 0.645432 -0.056766 0.000000 0.627078 -0.756410 -0.186057 0.000000 -1.288078 -1.459570 -54.322083 1.000000
aniFrame
  m_time 0.053000
  m_vertexTransformMat -0.140414 0.132200 -0.981227 0.000000 0.741332 0.670956 -0.015687 0.000000 0.656286 -0.729618 -0.192216 0.000000 -0.439181 -0.362217 -54.598167 1.000000
aniFrame
  m_time 0.069000
  m_vertexTransformMat -0.122090 0.158406 -0.979797 0.000000 0.713344 0.700391 0.024346 0.000000 0.690098 -0.695960 -0.198509 0.000000 0.298149 0.771967 -54.832504 1.000000
aniFrame
  m_time 0.085000
  m_vertexTransformMat -0.108982 0.184879 -0.976700 0.000000 0.677952 0.732403 0.062989 0.000000 0.726984 -0.655291 -0.205157 0.000000 0.886618 1.948969 -55.023392 1.000000
aniFrame
  m_time 0.101000
  m_vertexTransformMat -0.101742 0.210278 -0.972333 0.000000 0.637868 0.763829 0.098442 0.000000 0.763396 -0.610204 -0.211843 0.000000 1.293090 3.106963 -55.152443 1.000000
aniFrame
  m_time 0.117000
  m_vertexTransformMat -0.100825 0.234073 -0.966977 0.000000 0.594716 0.793350 0.130034 0.000000 0.797589 -0.561966 -0.219197 0.000000 1.503304 4.219633 -55.218285 1.000000
aniFrame
  m_time 0.133000
  m_vertexTransformMat -0.105644 0.254799 -0.961206 0.000000 0.551477 0.819362 0.156587 0.000000 0.827474 -0.513540 -0.227076 0.000000 1.509739 5.215614 -55.230385 1.000000
aniFrame
  m_time 0.149000
  m_vertexTransformMat -0.115576 0.271451 -0.955488 0.000000 0.510952 0.841154 0.177165 0.000000 0.851804 -0.467732 -0.235916 0.000000 1.325409 6.040382 -55.192886 1.000000
aniFrame
  m_time 0.165000
  m_vertexTransformMat -0.129342 0.283087 -0.950333 0.000000 0.475746 0.858593 0.191009 0.000000 0.870021 -0.427412 -0.245730 0.000000 0.971779 6.639205 -55.132023 1.000000
aniFrame
  m_time 0.181000
  m_vertexTransformMat -0.145060 0.287962 -0.946592 0.000000 0.450499 0.871011 0.195934 0.000000 0.880914 -0.398017 -0.256076 0.000000 0.480888 6.913942 -55.074772 1.000000
aniFrame
  m_time 0.197000
  m_vertexTransformMat -0.162234 0.287408 -0.943969 0.000000 0.433723 0.880045 0.193404 0.000000 0.886321 -0.378044 -0.267429 0.000000 -0.113107 6.914568 -55.021461 1.000000
aniFrame
  m_time 0.213000
  m_vertexTransformMat -0.180022 0.282034 -0.942364 0.000000 0.425230 0.886187 0.183989 0.000000 0.887002 -0.367600 -0.279462 0.000000 -0.784486 6.654239 -54.973854 1.000000
aniFrame
  m_time 0.229000
  m_vertexTransformMat -0.198479 0.272684 -0.941408 0.000000 0.423295 0.890166 0.168598 0.000000 0.883984 -0.365031 -0.292105 0.000000 -1.523536 6.172472 -54.924305 1.000000
aniFrame
  m_time 0.245000
  m_vertexTransformMat -0.218253 0.261632 -0.940167 0.000000 0.423020 0.893542 0.150456 0.000000 0.879443 -0.364872 -0.305694 0.000000 -2.332589 5.577785 -54.863377 1.000000
aniFrame
  m_time 0.261000
  m_vertexTransformMat -0.239034 0.248429 -0.938694 0.000000 0.425162 0.895901 0.128838 0.000000 0.872983 -0.368301 -0.319773 0.000000 -3.203260 4.850109 -54.787449 1.000000
aniFrame
  m_time 0.277000
  m_vertexTransformMat -0.260404 0.233198 -0.936914 0.000000 0.428847 0.897353 0.104158 0.000000 0.865032 -0.374670 -0.333681 0.000000 -4.108778 4.004235 -54.702335 1.000000
aniFrame
  m_time 0.293000
  m_vertexTransformMat -0.282739 0.216020 -0.934555 0.000000 0.434206 0.897592 0.076111 0.000000 0.855291 -0.384271 -0.347581 0.000000 -5.071045 3.042335 -54.599049 1.000000
aniFrame
  m_time 0.309000
  m_vertexTransformMat -0.304745 0.196904 -0.931858 0.000000 0.439619 0.897017 0.045774 0.000000 0.844906 -0.395713 -0.359924 0.000000 -6.017643 1.981417 -54.490311 1.000000
aniFrame
  m_time 0.325000
  m_vertexTransformMat -0.328113 0.176073 -0.928084 0.000000 0.445937 0.894982 0.012138 0.000000 0.832756 -0.409884 -0.372173 0.000000 -7.039852 0.825417 -54.359852 1.000000
aniFrame
  m_time 0.341000
  m_vertexTransformMat -0.350395 0.154192 -0.923823 0.000000 0.452360 0.891545 -0.022770 0.000000 0.820118 -0.425879 -0.382144 0.000000 -8.012495 -0.389902 -54.217213 1.000000
aniFrame
  m_time 0.357000
  m_vertexTransformMat -0.373871 0.129955 -0.918332 0.000000 0.457381 0.887200 -0.060659 0.000000 0.806860 -0.442706 -0.391137 0.000000 -9.032698 -1.699466 -54.043934 1.000000
aniFrame
  m_time 0.373000
  m_vertexTransformMat -0.396818 0.106136 -0.911741 0.000000 0.463458 0.880548 -0.099207 0.000000 0.792302 -0.461921 -0.398607 0.000000 -10.043457 -3.013096 -53.835293 1.000000
aniFrame
  m_time 0.389000
  m_vertexTransformMat -0.419317 0.079650 -0.904339 0.000000 0.466764 0.873309 -0.139509 0.000000 0.778656 -0.480611 -0.403371 0.000000 -11.004992 -4.411077 -53.586937 1.000000
aniFrame
  m_time 0.405000
  m_vertexTransformMat -0.442830 0.052757 -0.895053 0.000000 0.468137 0.864999 -0.180626 0.000000 0.764690 -0.498994 -0.407745 0.000000 -12.008108 -5.815988 -53.281292 1.000000
aniFrame
  m_time 0.421000
  m_vertexTransformMat -0.464280 0.024807 -0.885342 0.000000 0.468550 0.855154 -0.221749 0.000000 0.751603 -0.517780 -0.408654 0.000000 -12.905906 -7.245889 -52.944454 1.000000
aniFrame
  m_time 0.437000
  m_vertexTransformMat -0.486350 -0.003862 -0.873756 0.000000 0.466360 0.844495 -0.263319 0.000000 0.738900 -0.535550 -0.408919 0.000000 -13.805160 -8.675324 -52.543217 1.000000
aniFrame
  m_time 0.453000
  m_vertexTransformMat -0.506598 -0.032794 -0.861559 0.000000 0.462690 0.832854 -0.303763 0.000000 0.727514 -0.552520 -0.406749 0.000000 -14.617601 -10.089501 -52.113609 1.000000
aniFrame
  m_time 0.469000
  m_vertexTransformMat -0.526367 -0.062644 -0.847947 0.000000 0.456510 0.820526 -0.343999 0.000000 0.717312 -0.568166 -0.403301 0.000000 -15.381314 -11.495152 -51.626743 1.000000
aniFrame
  m_time 0.485000
  m_vertexTransformMat -0.545017 -0.092201 -0.833340 0.000000 0.448188 0.807966 -0.382516 0.000000 0.708578 -0.581971 -0.399032 0.000000 -16.079391 -12.853276 -51.109253 1.000000
aniFrame
  m_time 0.501000
  m_vertexTransformMat -0.561790 -0.122484 -0.818163 0.000000 0.437861 0.795074 -0.419684 0.000000 0.701904 -0.594016 -0.393034 0.000000 -16.678625 -14.184658 -50.560356 1.000000
aniFrame
  m_time 0.517000
  m_vertexTransformMat -0.577192 -0.151019 -0.802523 0.000000 0.426087 0.782672 -0.453735 0.000000 0.696634 -0.603837 -0.387404 0.000000 -17.206532 -15.408190 -49.998341 1.000000
aniFrame
  m_time 0.533000
  m_vertexTransformMat -0.591621 -0.182512 -0.785286 0.000000 0.410052 0.770523 -0.488008 0.000000 0.694148 -0.610724 -0.381018 0.000000 -17.646091 -16.665274 -49.390591 1.000000
aniFrame
  m_time 0.549000
  m_vertexTransformMat -0.605742 -0.220107 -0.764611 0.000000 0.387038 0.758108 -0.524856 0.000000 0.695182 -0.613861 -0.374028 0.000000 -17.996082 -18.041309 -48.687481 1.000000
aniFrame
  m_time 0.565000
  m_vertexTransformMat -0.618673 -0.263182 -0.740257 0.000000 0.357729 0.744517 -0.563670 0.000000 0.699482 -0.613539 -0.366465 0.000000 -18.235798 -19.523544 -47.883251 1.000000
aniFrame
  m_time 0.581000
  m_vertexTransformMat -0.630434 -0.314404 -0.709721 0.000000 0.320057 0.727684 -0.606663 0.000000 0.707190 -0.609612 -0.358130 0.000000 -18.363914 -21.194084 -46.900105 1.000000
aniFrame
  m_time 0.597000
  m_vertexTransformMat -0.639522 -0.369445 -0.674183 0.000000 0.277093 0.707241 -0.650408 0.000000 0.717099 -0.602761 -0.349925 0.000000 -18.359060 -22.920887 -45.777672 1.000000
aniFrame
  m_time 0.613000
  m_vertexTransformMat -0.645145 -0.424650 -0.635185 0.000000 0.232201 0.683041 -0.692487 0.000000 0.727922 -0.594245 -0.342056 0.000000 -18.238417 -24.601765 -44.546444 1.000000
aniFrame
  m_time 0.629000
  m_vertexTransformMat -0.647268 -0.478427 -0.593424 0.000000 0.186264 0.655633 -0.731746 0.000000 0.739156 -0.584169 -0.335256 0.000000 -18.009022 -26.187023 -43.237522 1.000000
aniFrame
  m_time 0.645000
  m_vertexTransformMat -0.645571 -0.526814 -0.552907 0.000000 0.144610 0.626562 -0.765838 0.000000 0.749885 -0.574359 -0.328307 0.000000 -17.692368 -27.565783 -41.942532 1.000000
aniFrame
  m_time 0.661000
  m_vertexTransformMat -0.641869 -0.570223 -0.512689 0.000000 0.104791 0.597095 -0.795297 0.000000 0.759621 -0.564201 -0.323502 0.000000 -17.371445 -28.753193 -40.650654 1.000000
aniFrame
  m_time 0.677000
  m_vertexTransformMat -0.635226 -0.604941 -0.480140 0.000000 0.074703 0.570639 -0.817796 0.000000 0.768705 -0.555353 -0.317294 0.000000 -16.965027 -29.638350 -39.572250 1.000000
aniFrame
  m_time 0.693000
  m_vertexTransformMat -0.629457 -0.631604 -0.452615 0.000000 0.050520 0.547992 -0.834957 0.000000 0.775392 -0.548435 -0.313028 0.000000 -16.671698 -30.253677 -38.638580 1.000000
aniFrame
  m_time 0.709000
  m_vertexTransformMat -0.623640 -0.648209 -0.436919 0.000000 0.035917 0.534575 -0.844357 0.000000 0.780886 -0.542268 -0.310101 0.000000 -16.397665 -30.518372 -38.090851 1.000000
aniFrame
  m_time 0.725000
  m_vertexTransformMat -0.619404 -0.653528 -0.435016 0.000000 0.036539 0.529511 -0.847516 0.000000 0.784222 -0.540850 -0.304102 0.000000 -16.180202 -30.429926 -37.948818 1.000000
aniFrame
  m_time 0.741000
  m_vertexTransformMat -0.618105 -0.649730 -0.442490 0.000000 0.045050 0.532693 -0.845109 0.000000 0.784804 -0.542300 -0.299990 0.000000 -16.121836 -30.039684 -38.116928 1.000000
aniFrame
  m_time 0.757000
  m_vertexTransformMat -0.615856 -0.637819 -0.462502 0.000000 0.066081 0.543152 -0.837031 0.000000 0.785083 -0.546053 -0.292356 0.000000 -15.994678 -29.388115 -38.643791 1.000000
aniFrame
  m_time 0.773000
  m_vertexTransformMat -0.613908 -0.622152 -0.485843 0.000000 0.091745 0.555070 -0.826729 0.000000 0.784028 -0.552109 -0.283683 0.000000 -15.893274 -28.639565 -39.256763 1.000000
aniFrame
  m_time 0.789000
  m_vertexTransformMat -0.611029 -0.601409 -0.514735 0.000000 0.123168 0.570091 -0.812297 0.000000 0.781968 -0.559735 -0.274267 0.000000 -15.752707 -27.709049 -40.038895 1.000000
aniFrame
  m_time 0.805000
  m_vertexTransformMat -0.606836 -0.577015 -0.546631 0.000000 0.159197 0.585563 -0.794842 0.000000 0.778722 -0.569360 -0.263481 0.000000 -15.569177 -26.677353 -40.898033 1.000000
aniFrame
  m_time 0.821000
  m_vertexTransformMat -0.601266 -0.547979 -0.581549 0.000000 0.199365 0.601904 -0.773283 0.000000 0.773779 -0.580888 -0.252657 0.000000 -15.353618 -25.491795 -41.852268 1.000000
aniFrame
  m_time 0.837000
  m_vertexTransformMat -0.592919 -0.515244 -0.618846 0.000000 0.243371 0.617907 -0.747637 0.000000 0.767605 -0.593898 -0.240974 0.000000 -15.036119 -24.193817 -42.874191 1.000000
aniFrame
  m_time 0.853000
  m_vertexTransformMat -0.582426 -0.479004 -0.656762 0.000000 0.289843 0.632464 -0.718319 0.000000 0.759455 -0.608725 -0.229527 0.000000 -14.665634 -22.795942 -43.917599 1.000000
aniFrame
  m_time 0.869000
  m_vertexTransformMat -0.569014 -0.439728 -0.694883 0.000000 0.337922 0.645339 -0.685089 0.000000 0.749688 -0.624642 -0.218613 0.000000 -14.202763 -21.312416 -44.977310 1.000000
aniFrame
  m_time 0.885000
  m_vertexTransformMat -0.552403 -0.398123 -0.732359 0.000000 0.387263 0.655433 -0.648410 0.000000 0.738159 -0.641799 -0.207884 0.000000 -13.641412 -19.767458 -46.023834 1.000000
aniFrame
  m_time 0.901000
  m_vertexTransformMat -0.532794 -0.354403 -0.768459 0.000000 0.436331 0.663017 -0.608295 0.000000 0.725083 -0.659399 -0.198614 0.000000 -12.993447 -18.168638 -47.051346 1.000000
aniFrame
  m_time 0.917000
  m_vertexTransformMat -0.509935 -0.309750 -0.802510 0.000000 0.484769 0.667194 -0.565555 0.000000 0.710610 -0.677428 -0.190068 0.000000 -12.251248 -16.553177 -48.037125 1.000000
aniFrame
  m_time 0.933000
  m_vertexTransformMat -0.484128 -0.264453 -0.834078 0.000000 0.531475 0.668370 -0.520401 0.000000 0.695093 -0.695232 -0.183026 0.000000 -11.429261 -14.929766 -48.971977 1.000000
aniFrame
  m_time 0.949000
  m_vertexTransformMat -0.456048 -0.219284 -0.862517 0.000000 0.575453 0.666644 -0.473751 0.000000 0.678877 -0.712391 -0.177833 0.000000 -10.547826 -13.322393 -49.837410 1.000000
aniFrame
  m_time 0.965000
  m_vertexTransformMat -0.425203 -0.175412 -0.887938 0.000000 0.616639 0.661987 -0.426062 0.000000 0.662540 -0.728701 -0.173313 0.000000 -9.592339 -11.765159 -50.628014 1.000000
aniFrame
  m_time 0.981000
  m_vertexTransformMat -0.393055 -0.132552 -0.909911 0.000000 0.653734 0.655609 -0.377901 0.000000 0.646637 -0.743376 -0.171037 0.000000 -8.601194 -10.249871 -51.336845 1.000000
aniFrame
  m_time 0.997000
  m_vertexTransformMat -0.360001 -0.092442 -0.928361 0.000000 0.686574 0.647492 -0.330714 0.000000 0.631678 -0.756445 -0.169629 0.000000 -7.586512 -8.826855 -51.951698 1.000000
aniFrame
  m_time 1.013000
  m_vertexTransformMat -0.326048 -0.054540 -0.943779 0.000000 0.714828 0.639087 -0.283884 0.000000 0.618639 -0.767199 -0.169386 0.000000 -6.543999 -7.480269 -52.487972 1.000000
aniFrame
  m_time 1.029000
  m_vertexTransformMat -0.293652 -0.019786 -0.955707 0.000000 0.737841 0.630951 -0.239773 0.000000 0.607749 -0.775570 -0.170681 0.000000 -5.545638 -6.236016 -52.931904 1.000000
aniFrame
  m_time 1.045000
  m_vertexTransformMat -0.262488 0.010783 -0.964875 0.000000 0.756043 0.623630 -0.198707 0.000000 0.599583 -0.781645 -0.171848 0.000000 -4.580981 -5.129439 -53.286587 1.000000
aniFrame
  m_time 1.061000
  m_vertexTransformMat -0.233342 0.038910 -0.971616 0.000000 0.768838 0.619142 -0.159849 0.000000 0.595349 -0.784314 -0.174388 0.000000 -3.667268 -4.099689 -53.582760 1.000000
aniFrame
  m_time 1.077000
  m_vertexTransformMat -0.205426 0.064575 -0.976540 0.000000 0.773152 0.622478 -0.121479 0.000000 0.600030 -0.779969 -0.177800 0.000000 -2.756257 -3.120223 -53.866871 1.000000
aniFrame
  m_time 1.093000
  m_vertexTransformMat -0.179350 0.089437 -0.979712 0.000000 0.769318 0.633451 -0.083007 0.000000 0.613175 -0.768597 -0.182416 0.000000 -1.869852 -2.139518 -54.139874 1.000000
aniFrame
  m_time 1.109000
  m_vertexTransformMat -0.155159 0.114696 -0.981209 0.000000 0.756031 0.653108 -0.043208 0.000000 0.635879 -0.748529 -0.188049 0.000000 -0.998701 -1.102948 -54.415569 1.000000
aniFrame
  m_time 1.125000
  m_vertexTransformMat -0.133722 0.141006 -0.980936 0.000000 0.732628 0.680626 -0.002035 0.000000 0.667364 -0.718933 -0.194320 0.000000 -0.176629 0.015833 -54.683010 1.000000
aniFrame
  m_time 1.141000
  m_vertexTransformMat -0.117127 0.167183 -0.978944 0.000000 0.702418 0.710784 0.037345 0.000000 0.702061 -0.683254 -0.200684 0.000000 0.511557 1.158571 -54.900715 1.000000
aniFrame
  m_time 1.157000
  m_vertexTransformMat -0.105880 0.193600 -0.975350 0.000000 0.664815 0.743198 0.075349 0.000000 0.739466 -0.640450 -0.207398 0.000000 1.044236 2.343531 -55.074780 1.000000
aniFrame
  m_time 1.173000
  m_vertexTransformMat -0.100735 0.218349 -0.970658 0.000000 0.623899 0.773821 0.109322 0.000000 0.774985 -0.594580 -0.214179 0.000000 1.385076 3.481022 -55.180279 1.000000
aniFrame
  m_time 1.189000
  m_vertexTransformMat -0.101859 0.241482 -0.965045 0.000000 0.579974 0.802582 0.139614 0.000000 0.808242 -0.545480 -0.221803 0.000000 1.528092 4.572510 -55.228161 1.000000
aniFrame
  m_time 1.205000
  m_vertexTransformMat -0.108372 0.260719 -0.959313 0.000000 0.537794 0.826972 0.163998 0.000000 0.836082 -0.498140 -0.229834 0.000000 1.468547 5.505751 -55.222881 1.000000
aniFrame
  m_time 1.221000
  m_vertexTransformMat -0.119875 0.276032 -0.953644 0.000000 0.498287 0.847547 0.182687 0.000000 0.858685 -0.453289 -0.239143 0.000000 1.224734 6.272918 -55.173180 1.000000
aniFrame
  m_time 1.237000
  m_vertexTransformMat -0.134349 0.285412 -0.948942 0.000000 0.466274 0.863194 0.193608 0.000000 0.874379 -0.416456 -0.249050 0.000000 0.822361 6.764553 -55.112877 1.000000
aniFrame
  m_time 1.253000
  m_vertexTransformMat -0.150677 0.288305 -0.945609 0.000000 0.444058 0.874339 0.195818 0.000000 0.883238 -0.390400 -0.259767 0.000000 0.292272 6.942037 -55.056305 1.000000
aniFrame
  m_time 1.269000
  m_vertexTransformMat -0.168107 0.286235 -0.943297 0.000000 0.429768 0.882467 0.191187 0.000000 0.887153 -0.373259 -0.271364 0.000000 -0.327801 6.860940 -55.005234 1.000000
aniFrame
  m_time 1.285000
  m_vertexTransformMat -0.186080 0.279206 -0.942029 0.000000 0.424203 0.887641 0.179293 0.000000 0.886243 -0.366249 -0.283612 0.000000 -1.024458 6.510817 -54.957962 1.000000
aniFrame
  m_time 1.301000
  m_vertexTransformMat -0.204869 0.269214 -0.941038 0.000000 0.422914 0.891400 0.162942 0.000000 0.882708 -0.364596 -0.296474 0.000000 -1.781933 5.988446 -54.906067 1.000000
aniFrame
  m_time 1.317000
  m_vertexTransformMat -0.225142 0.257468 -0.939692 0.000000 0.423539 0.894425 0.143589 0.000000 0.877454 -0.365669 -0.310421 0.000000 -2.620065 5.349226 -54.839172 1.000000
aniFrame
  m_time 1.333000
  m_vertexTransformMat -0.245961 0.243571 -0.938177 0.000000 0.426145 0.896522 0.121034 0.000000 0.870577 -0.370030 -0.324306 0.000000 -3.494321 4.581536 -54.761036 1.000000
aniFrame
  m_time 1.349000
  m_vertexTransformMat -0.267876 0.227682 -0.936165 0.000000 0.430549 0.897544 0.095091 0.000000 0.861899 -0.377592 -0.338458 0.000000 -4.430260 3.695399 -54.669209 1.000000
aniFrame
  m_time 1.365000
  m_vertexTransformMat -0.289974 0.209892 -0.933735 0.000000 0.436010 0.897493 0.066341 0.000000 0.851945 -0.387881 -0.351765 0.000000 -5.381744 2.700496 -54.563816 1.000000
aniFrame
  m_time 1.381000
  m_vertexTransformMat -0.312508 0.190071 -0.930705 0.000000 0.441594 0.896539 0.034817 0.000000 0.841031 -0.400113 -0.364109 0.000000 -6.355539 1.603780 -54.449253 1.000000
aniFrame
  m_time 1.397000
  m_vertexTransformMat -0.335685 0.169005 -0.926690 0.000000 0.448248 0.893909 0.000652 0.000000 0.828486 -0.415167 -0.375828 0.000000 -7.372656 0.429230 -54.313049 1.000000
aniFrame
  m_time 1.413000
  m_vertexTransformMat -0.358028 0.146211 -0.922192 0.000000 0.454016 0.890302 -0.035110 0.000000 0.815895 -0.431260 -0.385136 0.000000 -8.342274 -0.820771 -54.164474 1.000000
aniFrame
  m_time 1.429000
  m_vertexTransformMat -0.381800 0.121971 -0.916162 0.000000 0.459319 0.885220 -0.073565 0.000000 0.802032 -0.448898 -0.394001 0.000000 -9.382140 -2.137660 -53.976795 1.000000
aniFrame
  m_time 1.445000
  m_vertexTransformMat -0.404164 0.097605 -0.909464 0.000000 0.464975 0.878162 -0.112388 0.000000 0.787686 -0.468301 -0.400306 0.000000 -10.360156 -3.470303 -53.759018 1.000000
aniFrame
  m_time 1.461000
  m_vertexTransformMat -0.427188 0.070551 -0.901406 0.000000 0.467246 0.870739 -0.153283 0.000000 0.774075 -0.486659 -0.404934 0.000000 -11.339470 -4.884241 -53.489964 1.000000
aniFrame
  m_time 1.477000
  m_vertexTransformMat -0.450134 0.043645 -0.891894 0.000000 0.468482 0.861850 -0.194265 0.000000 0.760201 -0.505282 -0.408395 0.000000 -12.317580 -6.287886 -53.173721 1.000000
aniFrame
  m_time 1.493000
  m_vertexTransformMat -0.471438 0.015216 -0.881769 0.000000 0.468154 0.851660 -0.235602 0.000000 0.747382 -0.523875 -0.408627 0.000000 -13.198664 -7.726486 -52.819092 1.000000
aniFrame
  m_time 1.509000
  m_vertexTransformMat -0.493400 -0.013387 -0.869700 0.000000 0.465272 0.840743 -0.276900 0.000000 0.734901 -0.541269 -0.408594 0.000000 -14.090657 -9.145940 -52.402473 1.000000
aniFrame
  m_time 1.525000
  m_vertexTransformMat -0.513045 -0.042699 -0.857299 0.000000 0.461028 0.828766 -0.317177 0.000000 0.724043 -0.557965 -0.405509 0.000000 -14.870021 -10.561645 -51.960403 1.000000
aniFrame
  m_time 1.541000
  m_vertexTransformMat -0.532894 -0.072496 -0.843071 0.000000 0.453872 0.816387 -0.357089 0.000000 0.714159 -0.572937 -0.402144 0.000000 -15.628223 -11.952045 -51.454662 1.000000
aniFrame
  m_time 1.557000
  m_vertexTransformMat -0.550707 -0.102184 -0.828421 0.000000 0.445055 0.803685 -0.394991 0.000000 0.706150 -0.586216 -0.397118 0.000000 -16.286495 -13.300092 -50.932461 1.000000
aniFrame
  m_time 1.573000
  m_vertexTransformMat -0.567129 -0.132243 -0.812943 0.000000 0.434053 0.790850 -0.431456 0.000000 0.699973 -0.597551 -0.391114 0.000000 -16.864304 -14.605658 -50.371525 1.000000
aniFrame
  m_time 1.589000
  m_vertexTransformMat -0.582036 -0.160729 -0.797120 0.000000 0.421504 0.778663 -0.464778 0.000000 0.695391 -0.606507 -0.385462 0.000000 -17.363113 -15.810139 -49.806774 1.000000
aniFrame
  m_time 1.605000
  m_vertexTransformMat -0.596405 -0.194658 -0.778723 0.000000 0.403031 0.766370 -0.500243 0.000000 0.694166 -0.612197 -0.378614 0.000000 -17.772760 -17.119545 -49.163349 1.000000
aniFrame
  m_time 1.621000
  m_vertexTransformMat -0.610230 -0.233677 -0.756978 0.000000 0.378008 0.753840 -0.537435 0.000000 0.696226 -0.614102 -0.371684 0.000000 -18.090042 -18.517725 -48.434368 1.000000
aniFrame
  m_time 1.637000
  m_vertexTransformMat -0.622657 -0.279389 -0.730917 0.000000 0.346263 0.739275 -0.577560 0.000000 0.701713 -0.612711 -0.363573 0.000000 -18.288200 -20.061178 -47.577396 1.000000
aniFrame
  m_time 1.653000
  m_vertexTransformMat -0.633925 -0.332672 -0.698189 0.000000 0.305913 0.721278 -0.621430 0.000000 0.710321 -0.607525 -0.355468 0.000000 -18.380363 -21.773458 -46.536087 1.000000
aniFrame
  m_time 1.669000
  m_vertexTransformMat -0.641553 -0.387599 -0.661949 0.000000 0.262826 0.699641 -0.664399 0.000000 0.720646 -0.600224 -0.346986 0.000000 -18.322441 -23.479256 -45.388119 1.000000
aniFrame
  m_time 1.685000
  m_vertexTransformMat -0.646405 -0.443080 -0.621161 0.000000 0.216484 0.674149 -0.706158 0.000000 0.731639 -0.590935 -0.339854 0.000000 -18.179737 -25.151258 -44.108215 1.000000
aniFrame
  m_time 1.701000
  m_vertexTransformMat -0.646810 -0.494913 -0.580257 0.000000 0.172461 0.646216 -0.743413 0.000000 0.742896 -0.580919 -0.332626 0.000000 -17.896612 -26.661034 -42.817905 1.000000
aniFrame
  m_time 1.717000
  m_vertexTransformMat -0.644688 -0.542074 -0.539012 0.000000 0.130714 0.616548 -0.776391 0.000000 0.753188 -0.570986 -0.326624 0.000000 -17.593863 -27.990738 -41.497509 1.000000
aniFrame
  m_time 1.733000
  m_vertexTransformMat -0.639839 -0.582720 -0.501043 0.000000 0.093586 0.588035 -0.803403 0.000000 0.762790 -0.560939 -0.321713 0.000000 -17.239079 -29.078611 -40.271564 1.000000
aniFrame
  m_time 1.749000
  m_vertexTransformMat -0.633125 -0.614795 -0.470297 0.000000 0.066167 0.562371 -0.824234 0.000000 0.771216 -0.552961 -0.315372 0.000000 -16.850744 -29.877054 -39.237984 1.000000
aniFrame
  m_time 1.765000
  m_vertexTransformMat -0.627662 -0.638381 -0.445544 0.000000 0.043884 0.542397 -0.838976 0.000000 0.777248 -0.546145 -0.312427 0.000000 -16.590437 -30.383566 -38.400059 1.000000
aniFrame
  m_time 1.781000
  m_vertexTransformMat -0.621861 -0.651067 -0.435201 0.000000 0.034995 0.532064 -0.845980 0.000000 0.782345 -0.541312 -0.308086 0.000000 -16.307493 -30.520735 -38.010723 1.000000
aniFrame
  m_time 1.797000
  m_vertexTransformMat -0.618871 -0.653139 -0.436358 0.000000 0.038594 0.529566 -0.847390 0.000000 0.784544 -0.541265 -0.302526 0.000000 -16.154900 -30.330357 -37.966946 1.000000
aniFrame
  m_time 1.813000
  m_vertexTransformMat -0.617386 -0.646931 -0.447565 0.000000 0.049859 0.535619 -0.842986 0.000000 0.785079 -0.542763 -0.298428 0.000000 -16.084103 -29.863354 -38.249874 1.000000
aniFrame
  m_time 1.829000
  m_vertexTransformMat -0.614772 -0.634334 -0.468696 0.000000 0.071272 0.547149 -0.833996 0.000000 0.785478 -0.546122 -0.291161 0.000000 -15.939566 -29.204445 -38.809059 1.000000
aniFrame
  m_time 1.845000
  m_vertexTransformMat -0.612479 -0.618796 -0.491895 0.000000 0.094548 0.560455 -0.822770 0.000000 0.784812 -0.550437 -0.284761 0.000000 -15.824730 -28.461962 -39.433823 1.000000
aniFrame
  m_time 1.861000
  m_vertexTransformMat -0.608882 -0.598997 -0.520063 0.000000 0.122536 0.576712 -0.807706 0.000000 0.783739 -0.555524 -0.277751 0.000000 -15.650785 -27.574057 -40.208286 1.000000
aniFrame
  m_time 1.877000
  m_vertexTransformMat -0.604543 -0.575913 -0.550320 0.000000 0.153510 0.593679 -0.789924 0.000000 0.781640 -0.562023 -0.270497 0.000000 -15.464811 -26.594011 -41.043411 1.000000
aniFrame
  m_time 1.893000
  m_vertexTransformMat -0.598405 -0.548567 -0.583940 0.000000 0.188303 0.612126 -0.768013 0.000000 0.778752 -0.569541 -0.263003 0.000000 -15.215391 -25.466930 -41.985149 1.000000
aniFrame
  m_time 1.909000
  m_vertexTransformMat -0.590151 -0.517969 -0.619218 0.000000 0.226035 0.630332 -0.742691 0.000000 0.775004 -0.578264 -0.254912 0.000000 -14.893224 -24.245241 -42.977028 1.000000
aniFrame
  m_time 1.925000
  m_vertexTransformMat -0.580002 -0.483857 -0.655348 0.000000 0.266036 0.647870 -0.713786 0.000000 0.769950 -0.588344 -0.247042 0.000000 -14.521635 -22.917021 -44.002201 1.000000
aniFrame
  m_time 1.941000
  m_vertexTransformMat -0.567073 -0.446822 -0.691939 0.000000 0.308053 0.664053 -0.681276 0.000000 0.763893 -0.599487 -0.238921 0.000000 -14.054375 -21.504583 -45.049335 1.000000
aniFrame
  m_time 1.957000
  m_vertexTransformMat -0.551549 -0.407104 -0.728052 0.000000 0.351569 0.678051 -0.645482 0.000000 0.756435 -0.611975 -0.230854 0.000000 -13.512347 -20.015816 -46.091564 1.000000
aniFrame
  m_time 1.973000
  m_vertexTransformMat -0.533133 -0.365053 -0.763221 0.000000 0.395765 0.689717 -0.606350 0.000000 0.747757 -0.625321 -0.223235 0.000000 -12.885383 -18.464251 -47.126007 1.000000
aniFrame
  m_time 1.989000
  m_vertexTransformMat -0.511705 -0.321527 -0.796730 0.000000 0.440507 0.697987 -0.564596 0.000000 0.737640 -0.639872 -0.215529 0.000000 -12.178315 -16.876230 -48.126926 1.000000
aniFrame
  m_time 2.005000
  m_vertexTransformMat -0.487483 -0.276572 -0.828172 0.000000 0.484734 0.703185 -0.520159 0.000000 0.726219 -0.655012 -0.208727 0.000000 -11.398228 -15.255449 -49.084873 1.000000
aniFrame
  m_time 2.021000
  m_vertexTransformMat -0.460577 -0.231389 -0.856930 0.000000 0.528201 0.704434 -0.474106 0.000000 0.713353 -0.670993 -0.202227 0.000000 -10.554255 -13.638169 -49.976276 1.000000
aniFrame
  m_time 2.037000
  m_vertexTransformMat -0.430704 -0.186223 -0.883071 0.000000 0.570446 0.702054 -0.426276 0.000000 0.699346 -0.687343 -0.196147 0.000000 -9.630271 -12.033386 -50.796368 1.000000
aniFrame
  m_time 2.053000
