m_aniFrameList.size 202
aniFrame
  m_time -1.066000
  m_vertexTransformMat 0.755942 0.454933 -0.470730 0.000000 -0.567532 0.813826 -0.124880 0.000000 0.326280 0.361557 0.873395 0.000000 -3.521673 -10.889791 -4.316112 1.000000
aniFrame
  m_time -1.050000
  m_vertexTransformMat 0.779511 0.412957 -0.470987 0.000000 -0.539544 0.824626 -0.169953 0.000000 0.318205 0.386599 0.865614 0.000000 -4.245555 -9.927199 -4.387856 1.000000
aniFrame
  m_time -1.034000
  m_vertexTransformMat 0.802746 0.368934 -0.468493 0.000000 -0.509467 0.832604 -0.217287 0.000000 0.309905 0.413108 0.856330 0.000000 -4.965175 -8.913742 -4.521904 1.000000
aniFrame
  m_time -1.018000
  m_vertexTransformMat 0.827469 0.319176 -0.461977 0.000000 -0.474135 0.837924 -0.270332 0.000000 0.300818 0.442730 0.844688 0.000000 -5.735364 -7.793394 -4.749735 1.000000
aniFrame
  m_time -1.002000
  m_vertexTransformMat 0.851345 0.267030 -0.451561 0.000000 -0.435812 0.839146 -0.325425 0.000000 0.292027 0.473845 0.830778 0.000000 -6.490941 -6.619620 -5.065247 1.000000
aniFrame
  m_time -0.986000
  m_vertexTransformMat 0.872872 0.215316 -0.437875 0.000000 -0.396597 0.835841 -0.379580 0.000000 0.284263 0.504984 0.814976 0.000000 -7.180200 -5.446386 -5.444603 1.000000
aniFrame
  m_time -0.970000
  m_vertexTransformMat 0.891755 0.165059 -0.421342 0.000000 -0.357240 0.828313 -0.431598 0.000000 0.277764 0.535400 0.797618 0.000000 -7.794661 -4.294286 -5.877805 1.000000
aniFrame
  m_time -0.954000
  m_vertexTransformMat 0.906947 0.119393 -0.403972 0.000000 -0.320715 0.817465 -0.478428 0.000000 0.273111 0.563469 0.779688 0.000000 -8.287844 -3.221583 -6.307152 1.000000
aniFrame
  m_time -0.938000
  m_vertexTransformMat 0.919078 0.078453 -0.386189 0.000000 -0.287139 0.804509 -0.519920 0.000000 0.269903 0.588737 0.761933 0.000000 -8.676006 -2.236791 -6.721340 1.000000
aniFrame
  m_time -0.922000
  m_vertexTransformMat 0.927162 0.045653 -0.371870 0.000000 -0.260700 0.791468 -0.552824 0.000000 0.269085 0.609504 0.745721 0.000000 -8.941296 -1.398532 -7.044641 1.000000
aniFrame
  m_time -0.906000
  m_vertexTransformMat 0.932690 0.020086 -0.360120 0.000000 -0.240055 0.779752 -0.578240 0.000000 0.269189 0.625767 0.732089 0.000000 -9.107270 -0.698659 -7.278161 1.000000
aniFrame
  m_time -0.890000
  m_vertexTransformMat 0.934648 0.005019 -0.355539 0.000000 -0.229336 0.772638 -0.591977 0.000000 0.271732 0.634827 0.723296 0.000000 -9.175163 -0.195957 -7.359633 1.000000
aniFrame
  m_time -0.874000
  m_vertexTransformMat 0.933524 0.000721 -0.358516 0.000000 -0.229375 0.769750 -0.595712 0.000000 0.275538 0.638346 0.718745 0.000000 -9.153889 0.111326 -7.274026 1.000000
aniFrame
  m_time -0.858000
  m_vertexTransformMat 0.930285 0.004931 -0.366806 0.000000 -0.236827 0.771690 -0.590262 0.000000 0.280150 0.635981 0.719059 0.000000 -9.062418 0.266618 -7.071677 1.000000
aniFrame
  m_time -0.842000
  m_vertexTransformMat 0.923158 0.018921 -0.383954 0.000000 -0.255315 0.776864 -0.575583 0.000000 0.287389 0.629384 0.722000 0.000000 -8.887403 0.254419 -6.702020 1.000000
aniFrame
  m_time -0.826000
  m_vertexTransformMat 0.914414 0.037518 -0.403038 0.000000 -0.277973 0.781992 -0.557871 0.000000 0.294242 0.622158 0.725493 0.000000 -8.666202 0.162072 -6.293149 1.000000
aniFrame
  m_time -0.810000
  m_vertexTransformMat 0.902486 0.061539 -0.426301 0.000000 -0.305943 0.788260 -0.533896 0.000000 0.303181 0.612258 0.730220 0.000000 -8.387903 -0.008658 -5.818628 1.000000
aniFrame
  m_time -0.794000
  m_vertexTransformMat 0.887643 0.089671 -0.451717 0.000000 -0.337734 0.793582 -0.506126 0.000000 0.313090 0.601819 0.734703 0.000000 -8.054181 -0.248867 -5.318420 1.000000
aniFrame
  m_time -0.778000
  m_vertexTransformMat 0.869604 0.122559 -0.478297 0.000000 -0.372844 0.798058 -0.473382 0.000000 0.323691 0.589985 0.739690 0.000000 -7.657727 -0.559014 -4.810670 1.000000
aniFrame
  m_time -0.762000
  m_vertexTransformMat 0.847735 0.159031 -0.506018 0.000000 -0.410488 0.800881 -0.435992 0.000000 0.335924 0.577320 0.744215 0.000000 -7.201408 -0.926594 -4.309584 1.000000
aniFrame
  m_time -0.746000
  m_vertexTransformMat 0.822386 0.198788 -0.533071 0.000000 -0.449677 0.801107 -0.394991 0.000000 0.348528 0.564545 0.748210 0.000000 -6.683653 -1.341588 -3.847824 1.000000
aniFrame
  m_time -0.730000
  m_vertexTransformMat 0.793467 0.241020 -0.558856 0.000000 -0.489305 0.798682 -0.350267 0.000000 0.361927 0.551376 0.751660 0.000000 -6.110038 -1.799029 -3.434267 1.000000
aniFrame
  m_time -0.714000
  m_vertexTransformMat 0.760765 0.284977 -0.583117 0.000000 -0.528952 0.792866 -0.302613 0.000000 0.376095 0.538658 0.753923 0.000000 -5.475152 -2.277104 -3.080781 1.000000
aniFrame
  m_time -0.698000
  m_vertexTransformMat 0.724948 0.330070 -0.604569 0.000000 -0.567292 0.783931 -0.252255 0.000000 0.390678 0.525839 0.755555 0.000000 -4.791749 -2.779588 -2.793893 1.000000
aniFrame
  m_time -0.682000
  m_vertexTransformMat 0.686085 0.375220 -0.623294 0.000000 -0.603854 0.771538 -0.200224 0.000000 0.405767 0.513750 0.755919 0.000000 -4.059789 -3.279686 -2.572159 1.000000
aniFrame
  m_time -0.666000
  m_vertexTransformMat 0.644828 0.419857 -0.638683 0.000000 -0.637760 0.756107 -0.146848 0.000000 0.421257 0.502018 0.755327 0.000000 -3.287607 -3.777113 -2.423319 1.000000
aniFrame
  m_time -0.650000
  m_vertexTransformMat 0.602220 0.463245 -0.650180 0.000000 -0.668312 0.738022 -0.093183 0.000000 0.436681 0.490640 0.754044 0.000000 -2.500165 -4.263664 -2.348987 1.000000
aniFrame
  m_time -0.634000
  m_vertexTransformMat 0.558285 0.504337 -0.658758 0.000000 -0.695221 0.717698 -0.039725 0.000000 0.452754 0.480160 0.751306 0.000000 -1.682800 -4.715664 -2.343935 1.000000
aniFrame
  m_time -0.618000
  m_vertexTransformMat 0.514671 0.543190 -0.663370 0.000000 -0.717847 0.696079 0.013036 0.000000 0.468839 0.469489 0.748178 0.000000 -0.871629 -5.154007 -2.410201 1.000000
aniFrame
  m_time -0.602000
  m_vertexTransformMat 0.472270 0.578596 -0.664972 0.000000 -0.736141 0.673843 0.063499 0.000000 0.484827 0.459524 0.744164 0.000000 -0.079453 -5.545943 -2.536281 1.000000
aniFrame
  m_time -0.586000
  m_vertexTransformMat 0.431648 0.610803 -0.663777 0.000000 -0.749769 0.652073 0.112465 0.000000 0.501525 0.449134 0.739426 0.000000 0.698183 -5.915596 -2.719017 1.000000
aniFrame
  m_time -0.570000
  m_vertexTransformMat 0.394821 0.639348 -0.659811 0.000000 -0.759045 0.631617 0.157827 0.000000 0.517654 0.438513 0.734670 0.000000 1.411781 -6.251857 -2.945831 1.000000
aniFrame
  m_time -0.554000
  m_vertexTransformMat 0.361993 0.663587 -0.654685 0.000000 -0.764231 0.613412 0.199189 0.000000 0.533771 0.428225 0.729185 0.000000 2.069792 -6.541104 -3.193516 1.000000
aniFrame
  m_time -0.538000
  m_vertexTransformMat 0.334475 0.684665 -0.647580 0.000000 -0.764983 0.598569 0.237733 0.000000 0.550388 0.415871 0.723964 0.000000 2.658688 -6.832456 -3.475230 1.000000
aniFrame
  m_time -0.522000
  m_vertexTransformMat 0.315735 0.701753 -0.638635 0.000000 -0.757914 0.591460 0.275211 0.000000 0.570857 0.397136 0.718613 0.000000 3.171516 -7.166612 -3.828813 1.000000
aniFrame
  m_time -0.506000
  m_vertexTransformMat 0.305824 0.715840 -0.627730 0.000000 -0.743582 0.591346 0.312083 0.000000 0.594607 0.371326 0.713134 0.000000 3.600711 -7.566414 -4.253011 1.000000
aniFrame
  m_time -0.490000
  m_vertexTransformMat 0.305815 0.727215 -0.614520 0.000000 -0.720743 0.598560 0.349651 0.000000 0.622099 0.335982 0.707184 0.000000 3.929652 -8.060315 -4.770705 1.000000
aniFrame
  m_time -0.474000
  m_vertexTransformMat 0.316023 0.735509 -0.599297 0.000000 -0.689169 0.612093 0.387800 0.000000 0.652055 0.290463 0.700325 0.000000 4.138895 -8.648309 -5.376942 1.000000
aniFrame
  m_time -0.458000
  m_vertexTransformMat 0.333649 0.740614 -0.583241 0.000000 -0.653019 0.627788 0.423614 0.000000 0.679886 0.239529 0.693096 0.000000 4.203530 -9.264967 -6.002594 1.000000
aniFrame
  m_time -0.442000
  m_vertexTransformMat 0.358861 0.742102 -0.566130 0.000000 -0.611976 0.645038 0.457615 0.000000 0.704772 0.182238 0.685628 0.000000 4.112983 -9.914692 -6.650935 1.000000
aniFrame
  m_time -0.426000
  m_vertexTransformMat 0.388287 0.739928 -0.549308 0.000000 -0.570348 0.661152 0.487424 0.000000 0.723835 0.124036 0.678733 0.000000 3.871381 -10.531283 -7.248098 1.000000
aniFrame
  m_time -0.410000
  m_vertexTransformMat 0.421710 0.734098 -0.532223 0.000000 -0.528492 0.675955 0.513596 0.000000 0.736788 0.064688 0.673022 0.000000 3.476775 -11.118996 -7.795829 1.000000
aniFrame
  m_time -0.394000
  m_vertexTransformMat 0.455235 0.725284 -0.516455 0.000000 -0.490627 0.688375 0.534252 0.000000 0.742998 0.010177 0.669217 0.000000 3.003107 -11.623715 -8.245646 1.000000
aniFrame
  m_time -0.378000
  m_vertexTransformMat 0.488448 0.714138 -0.501423 0.000000 -0.457443 0.698907 0.549795 0.000000 0.743078 -0.039174 0.668058 0.000000 2.460266 -12.054789 -8.596211 1.000000
aniFrame
  m_time -0.362000
  m_vertexTransformMat 0.517492 0.702294 -0.488860 0.000000 -0.432682 0.707651 0.558584 0.000000 0.738233 -0.077542 0.670074 0.000000 1.958694 -12.379132 -8.822780 1.000000
aniFrame
  m_time -0.346000
  m_vertexTransformMat 0.541003 0.691187 -0.479141 0.000000 -0.418043 0.715353 0.559919 0.000000 0.729764 -0.102617 0.675955 0.000000 1.543752 -12.595877 -8.912370 1.000000
aniFrame
  m_time -0.330000
  m_vertexTransformMat 0.560095 0.681192 -0.471456 0.000000 -0.411399 0.722673 0.555422 0.000000 0.719058 -0.117133 0.685008 0.000000 1.208506 -12.748762 -8.894541 1.000000
aniFrame
  m_time -0.314000
  m_vertexTransformMat 0.574222 0.673053 -0.466122 0.000000 -0.413258 0.729774 0.544654 0.000000 0.706744 -0.120124 0.697197 0.000000 0.974416 -12.840653 -8.762352 1.000000
aniFrame
  m_time -0.298000
  m_vertexTransformMat 0.586157 0.665718 -0.461779 0.000000 -0.419537 0.736991 0.529938 0.000000 0.693116 -0.116893 0.711286 0.000000 0.785581 -12.915564 -8.566897 1.000000
aniFrame
  m_time -0.282000
  m_vertexTransformMat 0.597595 0.658580 -0.457332 0.000000 -0.428228 0.744376 0.512373 0.000000 0.677866 -0.110349 0.726858 0.000000 0.613457 -12.998290 -8.336654 1.000000
aniFrame
  m_time -0.266000
  m_vertexTransformMat 0.607880 0.651668 -0.453664 0.000000 -0.439054 0.751915 0.491788 0.000000 0.661600 -0.099765 0.743192 0.000000 0.459816 -13.076141 -8.068355 1.000000
aniFrame
  m_time -0.250000
  m_vertexTransformMat 0.617374 0.645016 -0.450339 0.000000 -0.452085 0.759396 0.467908 0.000000 0.643794 -0.085283 0.760432 0.000000 0.320329 -13.146612 -7.770319 1.000000
aniFrame
  m_time -0.234000
  m_vertexTransformMat 0.625905 0.638341 -0.448067 0.000000 -0.466176 0.766806 0.441235 0.000000 0.625239 -0.067293 0.777527 0.000000 0.188923 -13.206332 -7.446906 1.000000
aniFrame
  m_time -0.218000
  m_vertexTransformMat 0.634139 0.631162 -0.446656 0.000000 -0.480633 0.774261 0.411719 0.000000 0.605690 -0.046410 0.794346 0.000000 0.053042 -13.249138 -7.107857 1.000000
aniFrame
  m_time -0.202000
  m_vertexTransformMat 0.641531 0.624372 -0.445642 0.000000 -0.496402 0.780813 0.379363 0.000000 0.584827 -0.022155 0.810855 0.000000 -0.070967 -13.277145 -6.763084 1.000000
aniFrame
  m_time -0.186000
  m_vertexTransformMat 0.648510 0.616628 -0.446324 0.000000 -0.510920 0.787244 0.345265 0.000000 0.564266 0.004128 0.825583 0.000000 -0.208229 -13.280487 -6.418000 1.000000
aniFrame
  m_time -0.170000
  m_vertexTransformMat 0.655913 0.608480 -0.446689 0.000000 -0.525808 0.792889 0.307983 0.000000 0.541576 0.032863 0.840009 0.000000 -0.354751 -13.258770 -6.084374 1.000000
aniFrame
  m_time -0.154000
  m_vertexTransformMat 0.661722 0.600928 -0.448340 0.000000 -0.540621 0.796760 0.270005 0.000000 0.519473 0.063714 0.852108 0.000000 -0.493072 -13.218990 -5.778036 1.000000
aniFrame
  m_time -0.138000
  m_vertexTransformMat 0.669586 0.590436 -0.450599 0.000000 -0.552277 0.801451 0.229492 0.000000 0.496634 0.095191 0.862725 0.000000 -0.694788 -13.131058 -5.488359 1.000000
aniFrame
  m_time -0.122000
  m_vertexTransformMat 0.677524 0.579850 -0.452477 0.000000 -0.563009 0.804730 0.188231 0.000000 0.473267 0.127218 0.871684 0.000000 -0.910644 -13.026255 -5.240860 1.000000
aniFrame
  m_time -0.106000
  m_vertexTransformMat 0.685234 0.567830 -0.456096 0.000000 -0.571662 0.807347 0.146270 0.000000 0.451284 0.160503 0.877828 0.000000 -1.157248 -12.870190 -5.010824 1.000000
aniFrame
  m_time -0.090000
  m_vertexTransformMat 0.694307 0.554753 -0.458462 0.000000 -0.578165 0.809304 0.103693 0.000000 0.428560 0.193072 0.882644 0.000000 -1.447530 -12.688864 -4.823405 1.000000
aniFrame
  m_time -0.074000
  m_vertexTransformMat 0.703092 0.540406 -0.462194 0.000000 -0.582459 0.810520 0.061635 0.000000 0.407925 0.225874 0.884635 0.000000 -1.744868 -12.462490 -4.659721 1.000000
aniFrame
  m_time -0.058000
  m_vertexTransformMat 0.713500 0.524526 -0.464534 0.000000 -0.584081 0.811470 0.019148 0.000000 0.386999 0.257663 0.885349 0.000000 -2.098499 -12.194894 -4.530821 1.000000
aniFrame
  m_time -0.042000
  m_vertexTransformMat 0.723932 0.507596 -0.467192 0.000000 -0.583292 0.811975 -0.021637 0.000000 0.368365 0.288173 0.883891 0.000000 -2.453592 -11.897835 -4.436334 1.000000
aniFrame
  m_time -0.026000
  m_vertexTransformMat 0.735133 0.489104 -0.469423 0.000000 -0.579841 0.812398 -0.061593 0.000000 0.351233 0.317470 0.880823 0.000000 -2.831769 -11.549262 -4.360887 1.000000
aniFrame
  m_time -0.010000
  m_vertexTransformMat 0.746597 0.470520 -0.470324 0.000000 -0.574302 0.812680 -0.098634 0.000000 0.335814 0.343748 0.876965 0.000000 -3.217528 -11.199150 -4.324556 1.000000
aniFrame
  m_time 0.005000
  m_vertexTransformMat 0.761361 0.445797 -0.470739 0.000000 -0.562916 0.814769 -0.138846 0.000000 0.321646 0.370698 0.871279 0.000000 -3.695356 -10.703374 -4.319257 1.000000
aniFrame
  m_time 0.021000
  m_vertexTransformMat 0.779521 0.414993 -0.469179 0.000000 -0.545117 0.818412 -0.181796 0.000000 0.308537 0.397471 0.864188 0.000000 -4.273791 -10.071204 -4.375705 1.000000
aniFrame
  m_time 0.037000
  m_vertexTransformMat 0.800686 0.376616 -0.465900 0.000000 -0.520359 0.822576 -0.229337 0.000000 0.296867 0.426062 0.854600 0.000000 -4.939601 -9.258018 -4.494547 1.000000
aniFrame
  m_time 0.053000
  m_vertexTransformMat 0.825144 0.329434 -0.458923 0.000000 -0.487139 0.826292 -0.282731 0.000000 0.286064 0.456853 0.842290 0.000000 -5.707054 -8.236641 -4.719482 1.000000
aniFrame
  m_time 0.069000
  m_vertexTransformMat 0.848920 0.278718 -0.449056 0.000000 -0.449766 0.827192 -0.336844 0.000000 0.277571 0.487924 0.827578 0.000000 -6.460853 -7.110722 -5.020980 1.000000
aniFrame
  m_time 0.085000
  m_vertexTransformMat 0.871694 0.225343 -0.435168 0.000000 -0.408508 0.824641 -0.391267 0.000000 0.270687 0.518834 0.810889 0.000000 -7.184686 -5.901542 -5.410201 1.000000
aniFrame
  m_time 0.101000
  m_vertexTransformMat 0.891085 0.173486 -0.419370 0.000000 -0.367329 0.818380 -0.441956 0.000000 0.266530 0.547867 0.792972 0.000000 -7.812912 -4.692679 -5.839930 1.000000
aniFrame
  m_time 0.117000
  m_vertexTransformMat 0.907501 0.124206 -0.401267 0.000000 -0.326839 0.808853 -0.488808 0.000000 0.263853 0.574744 0.774630 0.000000 -8.327493 -3.512109 -6.288858 1.000000
aniFrame
  m_time 0.133000
  m_vertexTransformMat 0.919641 0.080889 -0.384341 0.000000 -0.290966 0.797613 -0.528349 0.000000 0.263818 0.597721 0.757054 0.000000 -8.717384 -2.429046 -6.704055 1.000000
aniFrame
  m_time 0.149000
  m_vertexTransformMat 0.927702 0.045523 -0.370535 0.000000 -0.262250 0.785862 -0.560042 0.000000 0.265694 0.616725 0.740984 0.000000 -8.976296 -1.485064 -7.028592 1.000000
aniFrame
  m_time 0.165000
  m_vertexTransformMat 0.933208 0.018404 -0.358865 0.000000 -0.239539 0.776285 -0.583098 0.000000 0.267850 0.630114 0.728844 0.000000 -9.132479 -0.703738 -7.267394 1.000000
aniFrame
  m_time 0.181000
  m_vertexTransformMat 0.934238 0.004216 -0.356625 0.000000 -0.230092 0.771130 -0.593647 0.000000 0.272502 0.636664 0.721389 0.000000 -9.177834 -0.172228 -7.315225 1.000000
aniFrame
  m_time 0.197000
  m_vertexTransformMat 0.932698 0.001346 -0.360657 0.000000 -0.231167 0.769804 -0.594949 0.000000 0.276834 0.638279 0.718306 0.000000 -9.136424 0.147053 -7.212432 1.000000
aniFrame
  m_time 0.213000
  m_vertexTransformMat 0.928481 0.008299 -0.371287 0.000000 -0.241349 0.773338 -0.586259 0.000000 0.282265 0.633940 0.720033 0.000000 -9.017282 0.274791 -6.967041 1.000000
aniFrame
  m_time 0.229000
  m_vertexTransformMat 0.920366 0.024744 -0.390275 0.000000 -0.262624 0.778565 -0.569970 0.000000 0.289751 0.627076 0.723063 0.000000 -8.817888 0.227975 -6.565881 1.000000
aniFrame
  m_time 0.245000
  m_vertexTransformMat 0.910845 0.044911 -0.410297 0.000000 -0.286668 0.784021 -0.550574 0.000000 0.296955 0.619107 0.726997 0.000000 -8.579986 0.116219 -6.142862 1.000000
aniFrame
  m_time 0.261000
  m_vertexTransformMat 0.897735 0.070524 -0.434855 0.000000 -0.316319 0.790228 -0.524865 0.000000 0.306619 0.608742 0.731723 0.000000 -8.281901 -0.081441 -5.649712 1.000000
aniFrame
  m_time 0.277000
  m_vertexTransformMat 0.882073 0.100101 -0.460356 0.000000 -0.349037 0.795160 -0.495877 0.000000 0.316418 0.598081 0.736328 0.000000 -7.929469 -0.344613 -5.150819 1.000000
aniFrame
  m_time 0.293000
  m_vertexTransformMat 0.862708 0.134422 -0.487509 0.000000 -0.385210 0.799263 -0.461294 0.000000 0.327640 0.585755 0.741311 0.000000 -7.511601 -0.676210 -4.640728 1.000000
aniFrame
  m_time 0.309000
  m_vertexTransformMat 0.839672 0.171909 -0.515169 0.000000 -0.423418 0.801245 -0.422757 0.000000 0.340101 0.573109 0.745572 0.000000 -7.035749 -1.059631 -4.150501 1.000000
aniFrame
  m_time 0.325000
  m_vertexTransformMat 0.813160 0.212674 -0.541794 0.000000 -0.462895 0.800603 -0.380477 0.000000 0.352844 0.560182 0.749465 0.000000 -6.498208 -1.490005 -3.704686 1.000000
aniFrame
  m_time 0.341000
  m_vertexTransformMat 0.782965 0.255482 -0.567182 0.000000 -0.502552 0.797138 -0.334683 0.000000 0.366617 0.547083 0.752524 0.000000 -5.905333 -1.956492 -3.308794 1.000000
aniFrame
  m_time 0.357000
  m_vertexTransformMat 0.749132 0.299939 -0.590625 0.000000 -0.541961 0.790200 -0.286119 0.000000 0.380893 0.534436 0.754519 0.000000 -5.251525 -2.441448 -2.978115 1.000000
aniFrame
  m_time 0.373000
  m_vertexTransformMat 0.712347 0.345150 -0.611092 0.000000 -0.579667 0.780220 -0.235039 0.000000 0.395663 0.521659 0.755859 0.000000 -4.554053 -2.948556 -2.712261 1.000000
aniFrame
  m_time 0.389000
  m_vertexTransformMat 0.672521 0.390177 -0.628869 0.000000 -0.615535 0.766667 -0.182589 0.000000 0.410891 0.509886 0.755768 0.000000 -3.805141 -3.444225 -2.514189 1.000000
aniFrame
  m_time 0.405000
  m_vertexTransformMat 0.630793 0.434530 -0.642872 0.000000 -0.648282 0.750413 -0.128882 0.000000 0.426417 0.498060 0.755053 0.000000 -3.027455 -3.943980 -2.390572 1.000000
aniFrame
  m_time 0.421000
  m_vertexTransformMat 0.587684 0.477213 -0.653373 0.000000 -0.677746 0.731422 -0.075388 0.000000 0.441914 0.487125 0.753274 0.000000 -2.231142 -4.416776 -2.339636 1.000000
aniFrame
  m_time 0.437000
  m_vertexTransformMat 0.543597 0.517552 -0.660789 0.000000 -0.703205 0.710650 -0.021886 0.000000 0.458263 0.476568 0.750253 0.000000 -1.407866 -4.864816 -2.358184 1.000000
aniFrame
  m_time 0.453000
  m_vertexTransformMat 0.500411 0.555434 -0.664141 0.000000 -0.724465 0.688656 0.030072 0.000000 0.474067 0.466098 0.747003 0.000000 -0.607357 -5.290247 -2.446263 1.000000
aniFrame
  m_time 0.469000
  m_vertexTransformMat 0.458410 0.589585 -0.665019 0.000000 -0.741148 0.666552 0.080056 0.000000 0.490469 0.456179 0.742524 0.000000 0.185628 -5.669330 -2.590480 1.000000
aniFrame
  m_time 0.485000
  m_vertexTransformMat 0.418895 0.620835 -0.662639 0.000000 -0.753370 0.645007 0.128064 0.000000 0.506913 0.445567 0.737909 0.000000 0.943133 -6.033668 -2.791096 1.000000
aniFrame
  m_time 0.501000
  m_vertexTransformMat 0.383507 0.647763 -0.658275 0.000000 -0.761077 0.625430 0.172044 0.000000 0.523148 0.435018 0.732855 0.000000 1.637709 -6.351513 -3.027130 1.000000
aniFrame
  m_time 0.517000
  m_vertexTransformMat 0.352027 0.671013 -0.652548 0.000000 -0.765177 0.607830 0.212243 0.000000 0.539056 0.424599 0.727416 0.000000 2.274289 -6.635480 -3.281276 1.000000
aniFrame
  m_time 0.533000
  m_vertexTransformMat 0.327219 0.690782 -0.644785 0.000000 -0.763494 0.595324 0.250331 0.000000 0.556780 0.410376 0.722210 0.000000 2.838196 -6.938139 -3.585229 1.000000
aniFrame
  m_time 0.549000
  m_vertexTransformMat 0.311423 0.706744 -0.635239 0.000000 -0.753966 0.590654 0.287513 0.000000 0.578404 0.389410 0.716804 0.000000 3.324632 -7.291190 -3.961580 1.000000
aniFrame
  m_time 0.565000
  m_vertexTransformMat 0.304610 0.719949 -0.623607 0.000000 -0.737059 0.592865 0.324430 0.000000 0.603288 0.360810 0.711238 0.000000 3.722151 -7.718433 -4.413159 1.000000
aniFrame
  m_time 0.581000
  m_vertexTransformMat 0.308228 0.730336 -0.609594 0.000000 -0.710974 0.602603 0.362472 0.000000 0.632069 0.321681 0.704989 0.000000 4.014239 -8.249552 -4.966779 1.000000
aniFrame
  m_time 0.597000
  m_vertexTransformMat 0.321114 0.737565 -0.594040 0.000000 -0.677556 0.617170 0.400025 0.000000 0.661668 0.274041 0.697924 0.000000 4.177255 -8.851365 -5.584235 1.000000
aniFrame
  m_time 0.613000
  m_vertexTransformMat 0.341349 0.741535 -0.577588 0.000000 -0.639717 0.633499 0.435250 0.000000 0.688654 0.220920 0.690616 0.000000 4.190654 -9.480892 -6.219304 1.000000
aniFrame
  m_time 0.629000
  m_vertexTransformMat 0.368319 0.741765 -0.560470 0.000000 -0.597996 0.650612 0.468086 0.000000 0.711858 0.162754 0.683206 0.000000 4.049257 -10.125773 -6.858281 1.000000
aniFrame
  m_time 0.645000
  m_vertexTransformMat 0.399122 0.738386 -0.543588 0.000000 -0.556283 0.666282 0.496606 0.000000 0.728870 0.104183 0.676679 0.000000 3.754101 -10.732442 -7.437543 1.000000
aniFrame
  m_time 0.661000
  m_vertexTransformMat 0.433058 0.731429 -0.526757 0.000000 -0.515213 0.680385 0.521184 0.000000 0.739606 0.045689 0.671488 0.000000 3.324178 -11.298580 -7.959237 1.000000
aniFrame
  m_time 0.677000
  m_vertexTransformMat 0.466441 0.721783 -0.511334 0.000000 -0.478953 0.692085 0.540022 0.000000 0.743665 -0.006983 0.668517 0.000000 2.826715 -11.776179 -8.373676 1.000000
aniFrame
  m_time 0.693000
  m_vertexTransformMat 0.498837 0.710151 -0.496838 0.000000 -0.448007 0.702009 0.553601 0.000000 0.741924 -0.053570 0.668340 0.000000 2.281516 -12.176888 -8.687565 1.000000
aniFrame
  m_time 0.709000
  m_vertexTransformMat 0.525860 0.698489 -0.485370 0.000000 -0.426783 0.710286 0.559776 0.000000 0.735749 -0.087217 0.671615 0.000000 1.812035 -12.461006 -8.866478 1.000000
aniFrame
  m_time 0.725000
  m_vertexTransformMat 0.547832 0.687717 -0.476368 0.000000 -0.415034 0.717821 0.558999 0.000000 0.726379 -0.108528 0.678671 0.000000 1.422709 -12.652134 -8.917016 1.000000
aniFrame
  m_time 0.741000
  m_vertexTransformMat 0.565314 0.678272 -0.469432 0.000000 -0.411121 0.725052 0.552520 0.000000 0.715122 -0.119354 0.688735 0.000000 1.120063 -12.785635 -8.862736 1.000000
aniFrame
  m_time 0.757000
  m_vertexTransformMat 0.578233 0.670615 -0.464676 0.000000 -0.415178 0.732148 0.539989 0.000000 0.702335 -0.119316 0.701776 0.000000 0.910717 -12.864108 -8.700068 1.000000
aniFrame
  m_time 0.773000
  m_vertexTransformMat 0.590103 0.663279 -0.460261 0.000000 -0.422055 0.739445 0.524491 0.000000 0.688221 -0.115248 0.716289 0.000000 0.724739 -12.943691 -8.495625 1.000000
aniFrame
  m_time 0.789000
  m_vertexTransformMat 0.601142 0.656277 -0.455993 0.000000 -0.431702 0.746866 0.505790 0.000000 0.672504 -0.107199 0.732289 0.000000 0.561288 -13.024776 -8.250389 1.000000
aniFrame
  m_time 0.805000
  m_vertexTransformMat 0.611122 0.649395 -0.452567 0.000000 -0.443057 0.754439 0.484276 0.000000 0.655920 -0.095439 0.748773 0.000000 0.410950 -13.100754 -7.972887 1.000000
aniFrame
  m_time 0.821000
  m_vertexTransformMat 0.620335 0.642836 -0.449384 0.000000 -0.456820 0.761858 0.459225 0.000000 0.637573 -0.079586 0.766268 0.000000 0.276738 -13.167778 -7.664375 1.000000
aniFrame
  m_time 0.837000
  m_vertexTransformMat 0.628602 0.635976 -0.447655 0.000000 -0.470762 0.769314 0.431902 0.000000 0.619066 -0.060755 0.782986 0.000000 0.143470 -13.223104 -7.336219 1.000000
aniFrame
  m_time 0.853000
  m_vertexTransformMat 0.636794 0.628819 -0.446184 0.000000 -0.485831 0.776591 0.401092 0.000000 0.598717 -0.038643 0.800029 0.000000 0.009801 -13.259550 -6.992256 1.000000
aniFrame
  m_time 0.869000
  m_vertexTransformMat 0.643636 0.622141 -0.445729 0.000000 -0.501504 0.782788 0.368425 0.000000 0.578124 -0.013597 0.815836 0.000000 -0.110867 -13.283696 -6.650163 1.000000
aniFrame
  m_time 0.885000
  m_vertexTransformMat 0.651115 0.613731 -0.446523 0.000000 -0.515678 0.789401 0.333049 0.000000 0.556888 0.013409 0.830479 0.000000 -0.259697 -13.273903 -6.303056 1.000000
aniFrame
  m_time 0.901000
  m_vertexTransformMat 0.657810 0.606278 -0.446893 0.000000 -0.531117 0.794092 0.295521 0.000000 0.534041 0.042956 0.844366 0.000000 -0.395587 -13.252042 -5.982490 1.000000
aniFrame
  m_time 0.917000
  m_vertexTransformMat 0.664096 0.597632 -0.449236 0.000000 -0.544741 0.798330 0.256762 0.000000 0.512088 0.074203 0.855722 0.000000 -0.554370 -13.192822 -5.677280 1.000000
aniFrame
  m_time 0.933000
  m_vertexTransformMat 0.672411 0.586926 -0.450978 0.000000 -0.555981 0.802714 0.215721 0.000000 0.488618 0.105682 0.866073 0.000000 -0.767342 -13.099953 -5.403187 1.000000
aniFrame
  m_time 0.949000
  m_vertexTransformMat 0.679983 0.576022 -0.453675 0.000000 -0.566142 0.805654 0.174370 0.000000 0.465946 0.138276 0.873942 0.000000 -0.986869 -12.979365 -5.161226 1.000000
aniFrame
  m_time 0.965000
  m_vertexTransformMat 0.688209 0.563538 -0.456937 0.000000 -0.574061 0.808101 0.132013 0.000000 0.443646 0.171457 0.879648 0.000000 -1.252834 -12.811428 -4.943244 1.000000
aniFrame
  m_time 0.981000
  m_vertexTransformMat 0.697174 0.550169 -0.459632 0.000000 -0.579862 0.809759 0.089723 0.000000 0.421553 0.203971 0.883566 0.000000 -1.542930 -12.620070 -4.766876 1.000000
aniFrame
  m_time 0.997000
  m_vertexTransformMat 0.706370 0.535221 -0.463227 0.000000 -0.583304 0.810869 0.047419 0.000000 0.400996 0.236707 0.884970 0.000000 -1.856941 -12.375150 -4.611086 1.000000
aniFrame
  m_time 1.013000
  m_vertexTransformMat 0.716981 0.519063 -0.465309 0.000000 -0.584096 0.811666 0.005416 0.000000 0.380486 0.267902 0.885132 0.000000 -2.217070 -12.101752 -4.497317 1.000000
aniFrame
  m_time 1.029000
  m_vertexTransformMat 0.727551 0.501514 -0.468138 0.000000 -0.582415 0.812133 -0.035118 0.000000 0.362578 0.298201 0.882957 0.000000 -2.575991 -11.784643 -4.408012 1.000000
aniFrame
  m_time 1.045000
  m_vertexTransformMat 0.738819 0.483154 -0.469797 0.000000 -0.578365 0.812410 -0.074048 0.000000 0.345891 0.326423 0.879663 0.000000 -2.956828 -11.437995 -4.344991 1.000000
aniFrame
  m_time 1.061000
  m_vertexTransformMat 0.750998 0.463244 -0.470539 0.000000 -0.571350 0.813112 -0.111390 0.000000 0.331000 0.352496 0.875320 0.000000 -3.361938 -11.057026 -4.318893 1.000000
aniFrame
  m_time 1.077000
  m_vertexTransformMat 0.767092 0.436170 -0.470453 0.000000 -0.557670 0.815859 -0.152897 0.000000 0.317134 0.379643 0.869078 0.000000 -3.878615 -10.506904 -4.330689 1.000000
aniFrame
  m_time 1.093000
  m_vertexTransformMat 0.786223 0.403209 -0.468269 0.000000 -0.537720 0.819802 -0.196931 0.000000 0.304483 0.406629 0.861361 0.000000 -4.485570 -9.825054 -4.408210 1.000000
aniFrame
  m_time 1.109000
  m_vertexTransformMat 0.808616 0.361667 -0.464045 0.000000 -0.510110 0.823971 -0.246701 0.000000 0.293136 0.436200 0.850765 0.000000 -5.187891 -8.936293 -4.556873 1.000000
aniFrame
  m_time 1.125000
  m_vertexTransformMat 0.833354 0.312634 -0.455830 0.000000 -0.474863 0.827006 -0.300942 0.000000 0.282890 0.467248 0.837647 0.000000 -5.966395 -7.867602 -4.815000 1.000000
aniFrame
  m_time 1.141000
  m_vertexTransformMat 0.856617 0.261205 -0.444948 0.000000 -0.436474 0.826731 -0.354973 0.000000 0.275131 0.498284 0.822201 0.000000 -6.704957 -6.716259 -5.139415 1.000000
aniFrame
  m_time 1.157000
  m_vertexTransformMat 0.878719 0.207548 -0.429858 0.000000 -0.394400 0.822959 -0.408886 0.000000 0.268892 0.528831 0.805006 0.000000 -7.410454 -5.491897 -5.554831 1.000000
aniFrame
  m_time 1.173000
  m_vertexTransformMat 0.896781 0.156878 -0.413731 0.000000 -0.353913 0.815525 -0.457892 0.000000 0.265574 0.557053 0.786869 0.000000 -7.994415 -4.297596 -5.985061 1.000000
aniFrame
  m_time 1.189000
  m_vertexTransformMat 0.912184 0.108735 -0.395091 0.000000 -0.313905 0.805177 -0.503145 0.000000 0.263408 0.582981 0.768602 0.000000 -8.473913 -3.133078 -6.437828 1.000000
aniFrame
  m_time 1.205000
  m_vertexTransformMat 0.922548 0.068482 -0.379758 0.000000 -0.280983 0.793750 -0.539454 0.000000 0.264490 0.604377 0.751514 0.000000 -8.815282 -2.103449 -6.818350 1.000000
aniFrame
  m_time 1.221000
  m_vertexTransformMat 0.929902 0.035313 -0.366109 0.000000 -0.253733 0.782197 -0.569023 0.000000 0.266276 0.622029 0.736327 0.000000 -9.039844 -1.200775 -7.121653 1.000000
aniFrame
  m_time 1.237000
  m_vertexTransformMat 0.934070 0.012178 -0.356882 0.000000 -0.234686 0.774198 -0.587827 0.000000 0.269139 0.632827 0.726013 0.000000 -9.160169 -0.499274 -7.308378 1.000000
aniFrame
  m_time 1.253000
  m_vertexTransformMat 0.933872 0.002229 -0.357602 0.000000 -0.229679 0.770209 -0.595001 0.000000 0.274102 0.637789 0.719788 0.000000 -9.171653 -0.045572 -7.292092 1.000000
aniFrame
  m_time 1.269000
  m_vertexTransformMat 0.931869 0.002151 -0.362790 0.000000 -0.232819 0.770459 -0.593455 0.000000 0.278238 0.637487 0.718467 0.000000 -9.108382 0.216996 -7.157065 1.000000
aniFrame
  m_time 1.285000
  m_vertexTransformMat 0.926038 0.013161 -0.377200 0.000000 -0.247762 0.775111 -0.581220 0.000000 0.284722 0.631688 0.721043 0.000000 -8.956951 0.271084 -6.841296 1.000000
aniFrame
  m_time 1.301000
  m_vertexTransformMat 0.917499 0.030835 -0.396541 0.000000 -0.270091 0.780168 -0.564259 0.000000 0.291970 0.624809 0.724132 0.000000 -8.744362 0.200172 -6.431941 1.000000
aniFrame
  m_time 1.317000
  m_vertexTransformMat 0.906861 0.052955 -0.418091 0.000000 -0.296028 0.786150 -0.542527 0.000000 0.299953 0.615763 0.728604 0.000000 -8.487172 0.058629 -5.983825 1.000000
aniFrame
  m_time 1.333000
  m_vertexTransformMat 0.892804 0.079862 -0.443309 0.000000 -0.326891 0.791977 -0.515669 0.000000 0.309908 0.605305 0.733187 0.000000 -8.171073 -0.161561 -5.483305 1.000000
aniFrame
  m_time 1.349000
  m_vertexTransformMat 0.876063 0.111090 -0.469226 0.000000 -0.360761 0.796670 -0.484941 0.000000 0.319946 0.594118 0.738010 0.000000 -7.797187 -0.448231 -4.981194 1.000000
aniFrame
  m_time 1.365000
  m_vertexTransformMat 0.855408 0.146584 -0.496780 0.000000 -0.397771 0.800221 -0.448805 0.000000 0.331746 0.581516 0.742822 0.000000 -7.359521 -0.798940 -4.473152 1.000000
aniFrame
  m_time 1.381000
  m_vertexTransformMat 0.831222 0.185179 -0.524194 0.000000 -0.436501 0.801320 -0.409088 0.000000 0.344293 0.568854 0.746906 0.000000 -6.862994 -1.198028 -3.996459 1.000000
aniFrame
  m_time 1.397000
  m_vertexTransformMat 0.803529 0.226771 -0.550378 0.000000 -0.476110 0.799804 -0.365559 0.000000 0.357297 0.555778 0.750633 0.000000 -6.307036 -1.642814 -3.566869 1.000000
aniFrame
  m_time 1.413000
  m_vertexTransformMat 0.772053 0.270146 -0.575287 0.000000 -0.515793 0.795188 -0.318801 0.000000 0.371339 0.542860 0.753266 0.000000 -5.693400 -2.115627 -3.190959 1.000000
aniFrame
  m_time 1.429000
  m_vertexTransformMat 0.737186 0.314986 -0.597780 0.000000 -0.554758 0.787216 -0.269325 0.000000 0.385748 0.530166 0.755065 0.000000 -5.023451 -2.608973 -2.882630 1.000000
aniFrame
  m_time 1.445000
  m_vertexTransformMat 0.699378 0.360206 -0.617351 0.000000 -0.591876 0.776073 -0.217703 0.000000 0.400691 0.517652 0.755965 0.000000 -4.309784 -3.114856 -2.638253 1.000000
aniFrame
  m_time 1.461000
  m_vertexTransformMat 0.658745 0.405061 -0.634019 0.000000 -0.626857 0.761507 -0.164794 0.000000 0.416059 0.505997 0.755555 0.000000 -3.547181 -3.609639 -2.464527 1.000000
aniFrame
  m_time 1.477000
  m_vertexTransformMat 0.616593 0.449009 -0.646687 0.000000 -0.658477 0.744370 -0.111002 0.000000 0.431534 0.494271 0.754635 0.000000 -2.765384 -4.106245 -2.365910 1.000000
aniFrame
  m_time 1.493000
  m_vertexTransformMat 0.573019 0.490906 -0.656248 0.000000 -0.686731 0.724627 -0.057580 0.000000 0.447269 0.483660 0.752346 0.000000 -1.958387 -4.566819 -2.337900 1.000000
aniFrame
  m_time 1.509000
  m_vertexTransformMat 0.529063 0.530538 -0.662286 0.000000 -0.710752 0.703430 -0.004283 0.000000 0.463599 0.472987 0.749240 0.000000 -1.137953 -5.011770 -2.380592 1.000000
aniFrame
  m_time 1.525000
  m_vertexTransformMat 0.486277 0.567235 -0.664665 0.000000 -0.730575 0.681223 0.046868 0.000000 0.479370 0.462797 0.745670 0.000000 -0.343722 -5.420487 -2.488328 1.000000
aniFrame
  m_time 1.541000
  m_vertexTransformMat 0.444838 0.600351 -0.664604 0.000000 -0.745690 0.659279 0.096431 0.000000 0.496051 0.452692 0.740948 0.000000 0.445547 -5.793359 -2.651743 1.000000
aniFrame
  m_time 1.557000
  m_vertexTransformMat 0.406615 0.630367 -0.661288 0.000000 -0.756471 0.638163 0.143182 0.000000 0.512267 0.442024 0.736341 0.000000 1.180690 -6.145989 -2.866958 1.000000
aniFrame
  m_time 1.573000
  m_vertexTransformMat 0.372540 0.655824 -0.656590 0.000000 -0.762811 0.619348 0.185817 0.000000 0.528520 0.431630 0.731001 0.000000 1.857460 -6.447113 -3.109403 1.000000
aniFrame
  m_time 1.589000
  m_vertexTransformMat 0.342800 0.678056 -0.650176 0.000000 -0.765484 0.602810 0.225064 0.000000 0.544538 0.420547 0.725685 0.000000 2.470656 -6.732051 -3.374550 1.000000
aniFrame
  m_time 1.605000
  m_vertexTransformMat 0.321010 0.696443 -0.641809 0.000000 -0.761081 0.593021 0.262836 0.000000 0.563656 0.404096 0.720415 0.000000 3.009190 -7.049375 -3.703632 1.000000
aniFrame
  m_time 1.621000
  m_vertexTransformMat 0.308107 0.711437 -0.631607 0.000000 -0.749202 0.590612 0.299789 0.000000 0.586316 0.380834 0.714982 0.000000 3.467931 -7.424184 -4.102726 1.000000
aniFrame
  m_time 1.637000
  m_vertexTransformMat 0.304570 0.723748 -0.619213 0.000000 -0.729495 0.595248 0.336923 0.000000 0.612433 0.349096 0.709266 0.000000 3.831815 -7.882237 -4.585129 1.000000
aniFrame
  m_time 1.653000
  m_vertexTransformMat 0.311678 0.733101 -0.604499 0.000000 -0.700381 0.607178 0.375236 0.000000 0.642124 0.306427 0.702694 0.000000 4.084321 -8.446636 -5.169987 1.000000
aniFrame
  m_time 1.669000
  m_vertexTransformMat 0.326878 0.739280 -0.588741 0.000000 -0.665660 0.622314 0.411853 0.000000 0.670856 0.257275 0.695530 0.000000 4.198957 -9.054475 -5.790275 1.000000
aniFrame
  m_time 1.685000
  m_vertexTransformMat 0.349811 0.742031 -0.571859 0.000000 -0.625961 0.639294 0.446627 0.000000 0.696997 0.201727 0.688115 0.000000 4.160347 -9.698627 -6.436677 1.000000
aniFrame
  m_time 1.701000
  m_vertexTransformMat 0.378024 0.741048 -0.554929 0.000000 -0.584240 0.655930 0.477933 0.000000 0.718165 0.143542 0.680907 0.000000 3.969961 -10.329194 -7.055372 1.000000
aniFrame
  m_time 1.717000
  m_vertexTransformMat 0.410330 0.736433 -0.537863 0.000000 -0.542258 0.671239 0.505367 0.000000 0.733203 0.084293 0.674766 0.000000 3.621372 -10.929364 -7.621024 1.000000
aniFrame
  m_time 1.733000
  m_vertexTransformMat 0.444170 0.728491 -0.521550 0.000000 -0.502649 0.684498 0.528022 0.000000 0.741659 0.027625 0.670209 0.000000 3.167710 -11.465629 -8.108477 1.000000
aniFrame
  m_time 1.749000
  m_vertexTransformMat 0.477581 0.718044 -0.506289 0.000000 -0.467825 0.695599 0.545236 0.000000 0.743678 -0.023540 0.668124 0.000000 2.643910 -11.920589 -8.491041 1.000000
aniFrame
  m_time 1.765000
  m_vertexTransformMat 0.508547 0.706178 -0.492638 0.000000 -0.439713 0.704912 0.556553 0.000000 0.740292 -0.066414 0.668997 0.000000 2.113481 -12.285218 -8.763472 1.000000
aniFrame
  m_time 1.781000
  m_vertexTransformMat 0.533640 0.694866 -0.482068 0.000000 -0.422012 0.712766 0.560241 0.000000 0.732894 -0.095529 0.673603 0.000000 1.675191 -12.534553 -8.897232 1.000000
aniFrame
  m_time 1.797000
  m_vertexTransformMat 0.554173 0.684431 -0.473758 0.000000 -0.412875 0.720210 0.557522 0.000000 0.722791 -0.113361 0.681705 0.000000 1.311633 -12.704130 -8.911875 1.000000
aniFrame
  m_time 1.813000
  m_vertexTransformMat 0.570161 0.675155 -0.468061 0.000000 -0.411346 0.727795 0.548734 0.000000 0.711133 -0.120332 0.692683 0.000000 1.035442 -12.807134 -8.811169 1.000000
aniFrame
  m_time 1.829000
  m_vertexTransformMat 0.582785 0.666853 -0.464402 0.000000 -0.415860 0.735721 0.534580 0.000000 0.698156 -0.118419 0.706084 0.000000 0.824968 -12.860359 -8.614819 1.000000
aniFrame
  m_time 1.845000
  m_vertexTransformMat 0.595316 0.657939 -0.461211 0.000000 -0.421726 0.744446 0.517636 0.000000 0.683919 -0.113652 0.720651 0.000000 0.615928 -12.903827 -8.379360 1.000000
aniFrame
  m_time 1.861000
  m_vertexTransformMat 0.607044 0.648764 -0.458916 0.000000 -0.429626 0.753753 0.497271 0.000000 0.668520 -0.104703 0.736287 0.000000 0.420923 -12.926467 -8.096492 1.000000
aniFrame
  m_time 1.877000
  m_vertexTransformMat 0.618047 0.639423 -0.457337 0.000000 -0.439032 0.763317 0.473918 0.000000 0.652127 -0.092118 0.752493 0.000000 0.234072 -12.929009 -7.785034 1.000000
aniFrame
  m_time 1.893000
  m_vertexTransformMat 0.628396 0.629871 -0.456489 0.000000 -0.449921 0.773006 0.447252 0.000000 0.634579 -0.075667 0.769145 0.000000 0.055619 -12.907469 -7.444140 1.000000
aniFrame
  m_time 1.909000
  m_vertexTransformMat 0.638163 0.620056 -0.456375 0.000000 -0.461357 0.782539 0.418071 0.000000 0.616358 -0.056246 0.785455 0.000000 -0.120560 -12.868060 -7.093157 1.000000
aniFrame
  m_time 1.925000
  m_vertexTransformMat 0.647544 0.610042 -0.456657 0.000000 -0.473768 0.791663 0.385765 0.000000 0.596851 -0.033450 0.801654 0.000000 -0.292790 -12.804911 -6.732001 1.000000
aniFrame
  m_time 1.941000
  m_vertexTransformMat 0.656390 0.599580 -0.457883 0.000000 -0.485599 0.800269 0.351799 0.000000 0.577361 -0.008570 0.816444 0.000000 -0.468321 -12.726501 -6.379471 1.000000
aniFrame
  m_time 1.957000
  m_vertexTransformMat 0.665352 0.588670 -0.459102 0.000000 -0.497792 0.808148 0.314801 0.000000 0.556336 0.019084 0.830738 0.000000 -0.647675 -12.622019 -6.034901 1.000000
aniFrame
  m_time 1.973000
  m_vertexTransformMat 0.673089 0.578473 -0.460782 0.000000 -0.510140 0.814253 0.277037 0.000000 0.535452 0.048593 0.843167 0.000000 -0.821639 -12.514559 -5.724816 1.000000
aniFrame
  m_time 1.989000
  m_vertexTransformMat 0.681703 0.566625 -0.462837 0.000000 -0.520873 0.820120 0.236843 0.000000 0.513783 0.079623 0.854218 0.000000 -1.031956 -12.373838 -5.438252 1.000000
aniFrame
  m_time 2.005000
  m_vertexTransformMat 0.689514 0.555855 -0.464324 0.000000 -0.531978 0.823731 0.196132 0.000000 0.491499 0.111774 0.863676 0.000000 -1.241967 -12.238510 -5.197183 1.000000
aniFrame
  m_time 2.021000
  m_vertexTransformMat 0.697374 0.543827 -0.466820 0.000000 -0.541146 0.826604 0.154554 0.000000 0.469926 0.144836 0.870742 0.000000 -1.481968 -12.076113 -4.983145 1.000000
aniFrame
  m_time 2.037000
  m_vertexTransformMat 0.706287 0.531384 -0.467750 0.000000 -0.548993 0.828288 0.112008 0.000000 0.446950 0.177681 0.876735 0.000000 -1.757701 -11.910500 -4.811569 1.000000
aniFrame
  m_time 2.053000
  m_vertexTransformMat 0.714134 0.518999 -0.469738 0.000000 -0.555746 0.828371 0.070350 0.000000 0.425629 0.210815 0.879999 0.000000 -2.024379 -11.738403 -4.667333 1.000000
aniFrame
  m_time 2.069000
  m_vertexTransformMat 0.722737 0.506162 -0.470588 0.000000 -0.560952 0.827362 0.028387 0.000000 0.403715 0.243461 0.881897 0.000000 -2.325876 -11.557621 -4.552821 1.000000
aniFrame
  m_time 2.085000
  m_vertexTransformMat 0.731045 0.493475 -0.471228 0.000000 -0.564797 0.825142 -0.012108 0.000000 0.382854 0.274999 0.881929 0.000000 -2.623703 -11.387192 -4.469155 1.000000
aniFrame
  m_time 2.101000
  m_vertexTransformMat 0.739225 0.480463 -0.471914 0.000000 -0.567154 0.821999 -0.051524 0.000000 0.363156 0.305736 0.880138 0.000000 -2.920639 -11.207206 -4.398581 1.000000
aniFrame
  m_time 2.117000
