m_aniFrameList.size 84
aniFrame
  m_time -1.066000
  m_vertexTransformMat 0.755942 0.454933 -0.470730 0.000000 -0.567532 0.813826 -0.124880 0.000000 0.326280 0.361557 0.873395 0.000000 -3.521673 -10.889791 -4.316112 1.000000
aniFrame
  m_time -1.027000
  m_vertexTransformMat 0.813428 0.347804 -0.466227 0.000000 -0.494649 0.835340 -0.239855 0.000000 0.306035 0.425724 0.851529 0.000000 -5.296824 -8.436047 -4.608014 1.000000
aniFrame
  m_time -0.988000
  m_vertexTransformMat 0.870266 0.221811 -0.439816 0.000000 -0.401612 0.836495 -0.372806 0.000000 0.285211 0.501076 0.817055 0.000000 -7.096388 -5.593761 -5.392602 1.000000
aniFrame
  m_time -0.949000
  m_vertexTransformMat 0.911169 0.105861 -0.398202 0.000000 -0.309635 0.813532 -0.492234 0.000000 0.271841 0.571805 0.774043 0.000000 -8.421980 -2.900484 -6.442482 1.000000
aniFrame
  m_time -0.910000
  m_vertexTransformMat 0.931584 0.025642 -0.362622 0.000000 -0.244520 0.782335 -0.572855 0.000000 0.269003 0.622330 0.735080 0.000000 -9.074771 -0.857569 -7.230566 1.000000
aniFrame
  m_time -0.871000
  m_vertexTransformMat 0.933122 0.000855 -0.359561 0.000000 -0.230152 0.769718 -0.595454 0.000000 0.276251 0.638385 0.718437 0.000000 -9.142278 0.151892 -7.246068 1.000000
aniFrame
  m_time -0.832000
  m_vertexTransformMat 0.917862 0.030062 -0.395760 0.000000 -0.269155 0.779964 -0.564988 0.000000 0.291693 0.625102 0.723991 0.000000 -8.753753 0.203591 -6.448596 1.000000
aniFrame
  m_time -0.793000
  m_vertexTransformMat 0.886631 0.091581 -0.453319 0.000000 -0.339819 0.793881 -0.504258 0.000000 0.313701 0.601137 0.735001 0.000000 -8.031389 -0.266185 -5.287187 1.000000
aniFrame
  m_time -0.754000
  m_vertexTransformMat 0.835495 0.178498 -0.519699 0.000000 -0.429944 0.801319 -0.415976 0.000000 0.342193 0.570988 0.746242 0.000000 -6.950226 -1.128164 -4.072824 1.000000
aniFrame
  m_time -0.715000
  m_vertexTransformMat 0.762908 0.282185 -0.581672 0.000000 -0.526494 0.793328 -0.305672 0.000000 0.375200 0.539446 0.753805 0.000000 -5.516514 -2.246622 -3.100862 1.000000
aniFrame
  m_time -0.676000
  m_vertexTransformMat 0.670809 0.392042 -0.629537 0.000000 -0.616971 0.766036 -0.180373 0.000000 0.411535 0.509403 0.755743 0.000000 -3.773048 -3.464828 -2.507523 1.000000
aniFrame
  m_time -0.637000
  m_vertexTransformMat 0.566577 0.496813 -0.657395 0.000000 -0.690509 0.721609 -0.049776 0.000000 0.449653 0.482139 0.751901 0.000000 -1.838079 -4.631955 -2.339566 1.000000
aniFrame
  m_time -0.598000
  m_vertexTransformMat 0.461854 0.586859 -0.665047 0.000000 -0.739942 0.668372 0.075927 0.000000 0.489057 0.457030 0.742932 0.000000 0.119635 -5.638392 -2.576262 1.000000
aniFrame
  m_time -0.559000
  m_vertexTransformMat 0.371867 0.656318 -0.656477 0.000000 -0.762911 0.618970 0.186663 0.000000 0.528850 0.431419 0.730886 0.000000 1.870946 -6.453011 -3.114592 1.000000
aniFrame
  m_time -0.520000
  m_vertexTransformMat 0.314003 0.703661 -0.637388 0.000000 -0.756526 0.591069 0.279830 0.000000 0.573646 0.394333 0.717936 0.000000 3.230043 -7.212405 -3.877669 1.000000
aniFrame
  m_time -0.481000
  m_vertexTransformMat 0.310497 0.732276 -0.606106 0.000000 -0.703768 0.605703 0.371262 0.000000 0.638986 0.311282 0.703421 0.000000 4.064045 -8.384402 -5.105917 1.000000
aniFrame
  m_time -0.442000
  m_vertexTransformMat 0.358861 0.742102 -0.566130 0.000000 -0.611976 0.645038 0.457615 0.000000 0.704772 0.182238 0.685628 0.000000 4.112983 -9.914692 -6.650935 1.000000
aniFrame
  m_time -0.403000
  m_vertexTransformMat 0.436565 0.730537 -0.525098 0.000000 -0.511199 0.681705 0.523406 0.000000 0.740329 0.039928 0.671058 0.000000 3.275498 -11.352238 -8.007521 1.000000
aniFrame
  m_time -0.364000
  m_vertexTransformMat 0.514209 0.703742 -0.490240 0.000000 -0.435180 0.706638 0.557925 0.000000 0.739058 -0.073548 0.669615 0.000000 2.015728 -12.345441 -8.802451 1.000000
aniFrame
  m_time -0.325000
  m_vertexTransformMat 0.565006 0.678447 -0.469550 0.000000 -0.411107 0.724904 0.552724 0.000000 0.715373 -0.119257 0.688490 0.000000 1.125222 -12.783569 -8.865147 1.000000
aniFrame
  m_time -0.286000
  m_vertexTransformMat 0.594848 0.660322 -0.458400 0.000000 -0.425769 0.742521 0.517092 0.000000 0.681819 -0.112419 0.722832 0.000000 0.653876 -12.978072 -8.398594 1.000000
aniFrame
  m_time -0.247000
  m_vertexTransformMat 0.619054 0.643792 -0.449781 0.000000 -0.454744 0.760781 0.463056 0.000000 0.640297 -0.082122 0.763725 0.000000 0.295760 -13.158667 -7.711039 1.000000
aniFrame
  m_time -0.208000
  m_vertexTransformMat 0.638974 0.626836 -0.445858 0.000000 -0.490457 0.778512 0.391626 0.000000 0.592591 -0.031565 0.804885 0.000000 -0.026419 -13.267707 -6.891405 1.000000
aniFrame
  m_time -0.169000
  m_vertexTransformMat 0.656300 0.608046 -0.446711 0.000000 -0.526797 0.793142 0.305632 0.000000 0.540143 0.034739 0.840856 0.000000 -0.362758 -13.257470 -6.064895 1.000000
aniFrame
  m_time -0.130000
  m_vertexTransformMat 0.673752 0.585223 -0.451191 0.000000 -0.557831 0.803244 0.208862 0.000000 0.484648 0.110968 0.867642 0.000000 -0.802817 -13.084107 -5.362458 1.000000
aniFrame
  m_time -0.091000
  m_vertexTransformMat 0.693762 0.555594 -0.458268 0.000000 -0.577820 0.809211 0.106318 0.000000 0.429905 0.191037 0.882432 0.000000 -1.429704 -12.701071 -4.834200 1.000000
aniFrame
  m_time -0.052000
  m_vertexTransformMat 0.717414 0.518370 -0.465415 0.000000 -0.584080 0.811688 0.003713 0.000000 0.379696 0.269176 0.885085 0.000000 -2.231807 -12.089783 -4.493308 1.000000
aniFrame
  m_time -0.013000
  m_vertexTransformMat 0.744303 0.474269 -0.470193 0.000000 -0.575654 0.812540 -0.091661 0.000000 0.338579 0.338892 0.877791 0.000000 -3.141350 -11.270892 -4.329000 1.000000
aniFrame
  m_time 0.025000
  m_vertexTransformMat 0.784517 0.406240 -0.468511 0.000000 -0.539643 0.819452 -0.193091 0.000000 0.305480 0.404312 0.862099 0.000000 -4.431746 -9.888678 -4.399496 1.000000
aniFrame
  m_time 0.064000
  m_vertexTransformMat 0.841781 0.294636 -0.452320 0.000000 -0.461588 0.827320 -0.320123 0.000000 0.279893 0.478259 0.832423 0.000000 -6.233809 -7.467975 -4.922401 1.000000
aniFrame
  m_time 0.103000
  m_vertexTransformMat 0.893226 0.167269 -0.417336 0.000000 -0.362345 0.817352 -0.447931 0.000000 0.266185 0.551323 0.790689 0.000000 -7.881824 -4.544948 -5.893354 1.000000
aniFrame
  m_time 0.142000
  m_vertexTransformMat 0.924421 0.060268 -0.376582 0.000000 -0.274336 0.791017 -0.546839 0.000000 0.264926 0.608819 0.747767 0.000000 -8.875775 -1.884847 -6.893586 1.000000
aniFrame
  m_time 0.181000
  m_vertexTransformMat 0.934238 0.004216 -0.356625 0.000000 -0.230092 0.771130 -0.593647 0.000000 0.272502 0.636664 0.721389 0.000000 -9.177834 -0.172228 -7.315225 1.000000
aniFrame
  m_time 0.220000
  m_vertexTransformMat 0.925201 0.014847 -0.379185 0.000000 -0.249963 0.775670 -0.579530 0.000000 0.285518 0.630965 0.721362 0.000000 -8.936552 0.266791 -6.799435 1.000000
aniFrame
  m_time 0.259000
  m_vertexTransformMat 0.899540 0.067105 -0.431653 0.000000 -0.312398 0.789509 -0.528282 0.000000 0.305344 0.610059 0.731159 0.000000 -8.322203 -0.052974 -5.712943 1.000000
aniFrame
  m_time 0.298000
  m_vertexTransformMat 0.855875 0.145816 -0.496201 0.000000 -0.396982 0.800169 -0.449594 0.000000 0.331486 0.581779 0.742731 0.000000 -7.369182 -0.791117 -4.483522 1.000000
aniFrame
  m_time 0.337000
  m_vertexTransformMat 0.790881 0.244615 -0.560954 0.000000 -0.492613 0.798336 -0.346398 0.000000 0.363096 0.550293 0.751890 0.000000 -6.059590 -1.838281 -3.402188 1.000000
aniFrame
  m_time 0.376000
  m_vertexTransformMat 0.705094 0.353623 -0.614649 0.000000 -0.586559 0.777938 -0.225304 0.000000 0.398486 0.519388 0.755940 0.000000 -4.417410 -3.042352 -2.669676 1.000000
aniFrame
  m_time 0.415000
  m_vertexTransformMat 0.604026 0.461480 -0.649761 0.000000 -0.667104 0.738830 -0.095408 0.000000 0.436034 0.491087 0.754128 0.000000 -2.533517 -4.244241 -2.350685 1.000000
aniFrame
  m_time 0.454000
  m_vertexTransformMat 0.497751 0.557681 -0.664257 0.000000 -0.725650 0.687261 0.033238 0.000000 0.475054 0.465474 0.746766 0.000000 -0.557916 -5.315107 -2.453701 1.000000
aniFrame
  m_time 0.493000
  m_vertexTransformMat 0.400657 0.634929 -0.660560 0.000000 -0.757826 0.634848 0.150562 0.000000 0.514951 0.440266 0.735521 0.000000 1.296968 -6.199739 -2.906052 1.000000
aniFrame
  m_time 0.532000
  m_vertexTransformMat 0.328491 0.689676 -0.645323 0.000000 -0.763857 0.595847 0.247971 0.000000 0.555533 0.411478 0.722544 0.000000 2.805196 -6.917861 -3.563807 1.000000
aniFrame
  m_time 0.571000
  m_vertexTransformMat 0.304658 0.724200 -0.618642 0.000000 -0.728463 0.595615 0.338504 0.000000 0.613617 0.347530 0.709012 0.000000 3.844722 -7.903773 -4.607639 1.000000
aniFrame
  m_time 0.610000
  m_vertexTransformMat 0.336913 0.741068 -0.580782 0.000000 -0.647269 0.630267 0.428728 0.000000 0.683764 0.231477 0.692015 0.000000 4.200052 -9.358980 -6.097083 1.000000
aniFrame
  m_time 0.649000
  m_vertexTransformMat 0.407504 0.736958 -0.539290 0.000000 -0.545748 0.670020 0.503222 0.000000 0.732188 0.089252 0.675229 0.000000 3.655810 -10.880700 -7.575866 1.000000
aniFrame
  m_time 0.688000
  m_vertexTransformMat 0.489113 0.713891 -0.501127 0.000000 -0.456823 0.699107 0.550056 0.000000 0.743021 -0.040113 0.668065 0.000000 2.448892 -12.062794 -8.602339 1.000000
aniFrame
  m_time 0.727000
  m_vertexTransformMat 0.550273 0.686449 -0.475382 0.000000 -0.414116 0.718739 0.558501 0.000000 0.725057 -0.110464 0.679772 0.000000 1.379627 -12.671751 -8.915959 1.000000
aniFrame
  m_time 0.766000
  m_vertexTransformMat 0.584898 0.666498 -0.462251 0.000000 -0.418849 0.736224 0.531546 0.000000 0.694594 -0.117287 0.709777 0.000000 0.805489 -12.906666 -8.587909 1.000000
aniFrame
  m_time 0.805000
  m_vertexTransformMat 0.611122 0.649395 -0.452567 0.000000 -0.443057 0.754439 0.484276 0.000000 0.655920 -0.095439 0.748773 0.000000 0.410950 -13.100754 -7.972887 1.000000
aniFrame
  m_time 0.844000
  m_vertexTransformMat 0.632247 0.632809 -0.447008 0.000000 -0.477147 0.772591 0.418848 0.000000 0.610405 -0.051528 0.790412 0.000000 0.083714 -13.241112 -7.187047 1.000000
aniFrame
  m_time 0.883000
  m_vertexTransformMat 0.650140 0.614808 -0.446463 0.000000 -0.513873 0.788615 0.337670 0.000000 0.559689 0.009892 0.828644 0.000000 -0.240503 -13.276578 -6.345855 1.000000
aniFrame
  m_time 0.922000
  m_vertexTransformMat 0.666580 0.594302 -0.449974 0.000000 -0.548345 0.799839 0.244079 0.000000 0.504963 0.084043 0.859039 0.000000 -0.618116 -13.164742 -5.586092 1.000000
aniFrame
  m_time 0.961000
  m_vertexTransformMat 0.685950 0.566766 -0.456343 0.000000 -0.572284 0.807541 0.142719 0.000000 0.449404 0.163259 0.878284 0.000000 -1.180483 -12.855607 -4.993323 1.000000
aniFrame
  m_time 1.000000
  m_vertexTransformMat 0.708367 0.532231 -0.463623 0.000000 -0.583628 0.811067 0.039368 0.000000 0.396982 0.242696 0.885158 0.000000 -1.924538 -12.324551 -4.586094 1.000000
aniFrame
  m_time 1.039000
  m_vertexTransformMat 0.734670 0.489853 -0.469367 0.000000 -0.580013 0.812394 -0.060005 0.000000 0.351917 0.316323 0.880962 0.000000 -2.816066 -11.563309 -4.363208 1.000000
aniFrame
  m_time 1.078000
  m_vertexTransformMat 0.768202 0.434301 -0.470370 0.000000 -0.556613 0.816079 -0.155552 0.000000 0.316303 0.381309 0.868652 0.000000 -3.914045 -10.468699 -4.333700 1.000000
aniFrame
  m_time 1.117000
  m_vertexTransformMat 0.820991 0.337708 -0.460355 0.000000 -0.493122 0.825806 -0.273633 0.000000 0.287756 0.451662 0.844511 0.000000 -5.576273 -8.417191 -4.674778 1.000000
aniFrame
  m_time 1.156000
  m_vertexTransformMat 0.877438 0.210859 -0.430861 0.000000 -0.397031 0.823307 -0.405627 0.000000 0.269201 0.526977 0.806118 0.000000 -7.369159 -5.568451 -5.527558 1.000000
aniFrame
  m_time 1.195000
  m_vertexTransformMat 0.916720 0.092472 -0.388682 0.000000 -0.300403 0.800921 -0.517962 0.000000 0.263407 0.591587 0.761999 0.000000 -8.619466 -2.726398 -6.594641 1.000000
aniFrame
  m_time 1.234000
  m_vertexTransformMat 0.933669 0.015484 -0.357803 0.000000 -0.237173 0.775324 -0.585339 0.000000 0.268350 0.631374 0.727569 0.000000 -9.146344 -0.610681 -7.288954 1.000000
aniFrame
  m_time 1.273000
  m_vertexTransformMat 0.930870 0.003779 -0.365333 0.000000 -0.235211 0.771357 -0.591341 0.000000 0.279567 0.636392 0.718922 0.000000 -9.079522 0.250851 -7.097730 1.000000
aniFrame
  m_time 1.312000
  m_vertexTransformMat 0.910609 0.045396 -0.410768 0.000000 -0.287234 0.784153 -0.550092 0.000000 0.297133 0.618905 0.727096 0.000000 -8.574387 0.112900 -6.133167 1.000000
aniFrame
  m_time 1.351000
  m_vertexTransformMat 0.873693 0.115340 -0.472607 0.000000 -0.365254 0.797208 -0.480676 0.000000 0.321325 0.592584 0.738644 0.000000 -7.745707 -0.488976 -4.917279 1.000000
aniFrame
  m_time 1.390000
  m_vertexTransformMat 0.816086 0.208309 -0.539084 0.000000 -0.458763 0.800792 -0.385056 0.000000 0.351483 0.561551 0.749079 0.000000 -6.556790 -1.443128 -3.748832 1.000000
aniFrame
  m_time 1.429000
  m_vertexTransformMat 0.737186 0.314986 -0.597780 0.000000 -0.554758 0.787216 -0.269325 0.000000 0.385748 0.530166 0.755065 0.000000 -5.023451 -2.608973 -2.882630 1.000000
aniFrame
  m_time 1.468000
  m_vertexTransformMat 0.640459 0.424459 -0.640036 0.000000 -0.641082 0.754367 -0.141223 0.000000 0.422879 0.500763 0.755255 0.000000 -3.206418 -3.829710 -2.412189 1.000000
aniFrame
  m_time 1.507000
  m_vertexTransformMat 0.534496 0.525702 -0.661779 0.000000 -0.707974 0.706155 -0.010852 0.000000 0.461614 0.474323 0.749621 0.000000 -1.238663 -4.957109 -2.371300 1.000000
aniFrame
  m_time 1.546000
  m_vertexTransformMat 0.432460 0.610161 -0.663839 0.000000 -0.749528 0.652520 0.111475 0.000000 0.501186 0.449358 0.739521 0.000000 0.682620 -5.908058 -2.714656 1.000000
aniFrame
  m_time 1.585000
  m_vertexTransformMat 0.349644 0.672812 -0.651976 0.000000 -0.765320 0.606514 0.215467 0.000000 0.540401 0.423634 0.726981 0.000000 2.324150 -6.659349 -3.304004 1.000000
aniFrame
  m_time 1.624000
  m_vertexTransformMat 0.306693 0.713949 -0.629457 0.000000 -0.746149 0.590929 0.306700 0.000000 0.590932 0.375606 0.713947 0.000000 3.543964 -7.503010 -4.186087 1.000000
aniFrame
  m_time 1.663000
  m_vertexTransformMat 0.320442 0.737327 -0.594698 0.000000 -0.679022 0.616532 0.398520 0.000000 0.660490 0.276110 0.698224 0.000000 4.173367 -8.826014 -5.558424 1.000000
aniFrame
  m_time 1.702000
  m_vertexTransformMat 0.379896 0.740870 -0.553887 0.000000 -0.581658 0.656911 0.479731 0.000000 0.719273 0.139925 0.680491 0.000000 3.953041 -10.366998 -7.091635 1.000000
aniFrame
  m_time 1.741000
  m_vertexTransformMat 0.460834 0.723567 -0.513892 0.000000 -0.484734 0.690253 0.537200 0.000000 0.743415 0.001541 0.668829 0.000000 2.916053 -11.700809 -8.310893 1.000000
aniFrame
  m_time 1.780000
  m_vertexTransformMat 0.532216 0.695545 -0.482662 0.000000 -0.422839 0.712297 0.560214 0.000000 0.733453 -0.094067 0.673200 0.000000 1.700368 -12.521647 -8.892625 1.000000
aniFrame
  m_time 1.819000
  m_vertexTransformMat 0.575051 0.672038 -0.466564 0.000000 -0.412681 0.730696 0.543855 0.000000 0.706408 -0.120202 0.697524 0.000000 0.953578 -12.829827 -8.744362 1.000000
aniFrame
  m_time 1.858000
  m_vertexTransformMat 0.604908 0.650499 -0.459280 0.000000 -0.428035 0.751981 0.501310 0.000000 0.671471 -0.106658 0.733315 0.000000 0.456798 -12.923635 -8.151940 1.000000
aniFrame
  m_time 1.897000
  m_vertexTransformMat 0.630870 0.627439 -0.456425 0.000000 -0.452696 0.775413 0.440230 0.000000 0.630135 -0.071106 0.773223 0.000000 0.011334 -12.899578 -7.357222 1.000000
aniFrame
  m_time 1.936000
  m_vertexTransformMat 0.653569 0.602981 -0.457452 0.000000 -0.481949 0.797583 0.362749 0.000000 0.583586 -0.016613 0.811881 0.000000 -0.412030 -12.754476 -6.489658 1.000000
aniFrame
  m_time 1.975000
  m_vertexTransformMat 0.674110 0.577050 -0.461074 0.000000 -0.511526 0.815027 0.272162 0.000000 0.532839 0.052384 0.844594 0.000000 -0.846227 -12.498425 -5.687329 1.000000
aniFrame
  m_time 2.014000
  m_vertexTransformMat 0.693747 0.549329 -0.465782 0.000000 -0.537425 0.825381 0.172975 0.000000 0.479467 0.130322 0.867829 0.000000 -1.370374 -12.150985 -5.073085 1.000000
aniFrame
  m_time 2.053000
  m_vertexTransformMat 0.714134 0.518999 -0.469738 0.000000 -0.555746 0.828371 0.070350 0.000000 0.425629 0.210815 0.879999 0.000000 -2.024379 -11.738403 -4.667333 1.000000
aniFrame
  m_time 2.092000
  m_vertexTransformMat 0.734483 0.487816 -0.471774 0.000000 -0.566048 0.823848 -0.029393 0.000000 0.374332 0.288635 0.881230 0.000000 -2.749831 -11.308784 -4.435876 1.000000
aniFrame
  m_time 2.131000
  m_vertexTransformMat 0.754965 0.456816 -0.470475 0.000000 -0.567602 0.814517 -0.119954 0.000000 0.328413 0.357604 0.874222 0.000000 -3.486131 -10.921185 -4.326659 1.000000
aniFrame
  m_time 2.133000
  m_vertexTransformMat 0.755942 0.454933 -0.470730 0.000000 -0.567532 0.813826 -0.124880 0.000000 0.326280 0.361557 0.873395 0.000000 -3.521677 -10.889788 -4.316106 1.000000
