m_aniFrameList.size 202
aniFrame
  m_time -1.066000
  m_vertexTransformMat 0.949087 -0.291735 0.118851 0.000000 0.288112 0.956443 0.046989 0.000000 -0.127383 -0.010355 0.991800 0.000000 -1.253524 -1.175216 -1.309196 1.000000
aniFrame
  m_time -1.050000
  m_vertexTransformMat 0.954396 -0.271548 0.124055 0.000000 0.268830 0.962419 0.038472 0.000000 -0.129840 -0.003368 0.991529 0.000000 -1.381989 -1.091985 -1.427689 1.000000
aniFrame
  m_time -1.034000
  m_vertexTransformMat 0.959299 -0.251004 0.129396 0.000000 0.249356 0.967976 0.029051 0.000000 -0.132544 0.004397 0.991167 0.000000 -1.509646 -0.991721 -1.550669 1.000000
aniFrame
  m_time -1.018000
  m_vertexTransformMat 0.963714 -0.230169 0.135196 0.000000 0.229714 0.973070 0.019172 0.000000 -0.135968 0.012580 0.990633 0.000000 -1.650837 -0.886985 -1.691159 1.000000
aniFrame
  m_time -1.002000
  m_vertexTransformMat 0.967696 -0.209007 0.141000 0.000000 0.209889 0.977686 0.008752 0.000000 -0.139683 0.021125 0.989971 0.000000 -1.790764 -0.774927 -1.833790 1.000000
aniFrame
  m_time -0.986000
  m_vertexTransformMat 0.971259 -0.187605 0.146490 0.000000 0.189913 0.981799 -0.001803 0.000000 -0.143486 0.029571 0.989211 0.000000 -1.916908 -0.662792 -1.961585 1.000000
aniFrame
  m_time -0.970000
  m_vertexTransformMat 0.974405 -0.166018 0.151567 0.000000 0.169815 0.985398 -0.012370 0.000000 -0.147300 0.037792 0.988370 0.000000 -2.026312 -0.552818 -2.070707 1.000000
aniFrame
  m_time -0.954000
  m_vertexTransformMat 0.977215 -0.144268 0.155685 0.000000 0.149556 0.988492 -0.022742 0.000000 -0.150613 0.045507 0.987545 0.000000 -2.097829 -0.447647 -2.137578 1.000000
aniFrame
  m_time -0.938000
  m_vertexTransformMat 0.979600 -0.122591 0.159232 0.000000 0.129328 0.991066 -0.032620 0.000000 -0.153810 0.052548 0.986702 0.000000 -2.140080 -0.351979 -2.166407 1.000000
aniFrame
  m_time -0.922000
  m_vertexTransformMat 0.981841 -0.100738 0.160751 0.000000 0.108763 0.993184 -0.041906 0.000000 -0.155434 0.058629 0.986105 0.000000 -2.143949 -0.267479 -2.143315 1.000000
aniFrame
  m_time -0.906000
  m_vertexTransformMat 0.983602 -0.079250 0.162008 0.000000 0.088427 0.994816 -0.050228 0.000000 -0.157188 0.063730 0.985511 0.000000 -2.125365 -0.197752 -2.077237 1.000000
aniFrame
  m_time -0.890000
  m_vertexTransformMat 0.985156 -0.058900 0.161241 0.000000 0.068936 0.995970 -0.057368 0.000000 -0.157212 0.067631 0.985247 0.000000 -2.091032 -0.142947 -1.981232 1.000000
aniFrame
  m_time -0.874000
  m_vertexTransformMat 0.986528 -0.037962 0.159127 0.000000 0.048561 0.996816 -0.063251 0.000000 -0.156219 0.070127 0.985230 0.000000 -2.042704 -0.109958 -1.855517 1.000000
aniFrame
  m_time -0.858000
  m_vertexTransformMat 0.987608 -0.018363 0.155864 0.000000 0.029177 0.997301 -0.067382 0.000000 -0.154206 0.071094 0.985478 0.000000 -1.986203 -0.098969 -1.713241 1.000000
aniFrame
  m_time -0.842000
  m_vertexTransformMat 0.988588 0.002043 0.150630 0.000000 0.008585 0.997519 -0.069872 0.000000 -0.150399 0.070368 0.986118 0.000000 -1.913474 -0.114561 -1.550797 1.000000
aniFrame
  m_time -0.826000
  m_vertexTransformMat 0.989166 0.023083 0.144975 0.000000 -0.012954 0.997433 -0.070424 0.000000 -0.146228 0.067783 0.986926 0.000000 -1.835352 -0.159847 -1.386251 1.000000
aniFrame
  m_time -0.810000
  m_vertexTransformMat 0.989479 0.044391 0.137701 0.000000 -0.035127 0.996999 -0.068993 0.000000 -0.140350 0.063430 0.988068 0.000000 -1.742839 -0.232096 -1.215722 1.000000
aniFrame
  m_time -0.794000
  m_vertexTransformMat 0.989274 0.066392 0.130116 0.000000 -0.058184 0.996128 -0.065903 0.000000 -0.133987 0.057626 0.989306 0.000000 -1.643019 -0.328047 -1.056667 1.000000
aniFrame
  m_time -0.778000
  m_vertexTransformMat 0.988589 0.088897 0.121610 0.000000 -0.081917 0.994755 -0.061250 0.000000 -0.126417 0.050589 0.990686 0.000000 -1.529740 -0.442433 -0.907925 1.000000
aniFrame
  m_time -0.762000
  m_vertexTransformMat 0.987304 0.111693 0.112938 0.000000 -0.106004 0.992832 -0.055202 0.000000 -0.118294 0.042530 0.992067 0.000000 -1.411137 -0.574600 -0.784432 1.000000
aniFrame
  m_time -0.746000
  m_vertexTransformMat 0.985415 0.134808 0.103849 0.000000 -0.130404 0.990292 -0.048128 0.000000 -0.109328 0.033884 0.993428 0.000000 -1.283965 -0.714545 -0.689584 1.000000
aniFrame
  m_time -0.730000
  m_vertexTransformMat 0.982892 0.157862 0.094889 0.000000 -0.154698 0.987157 -0.039869 0.000000 -0.099964 0.024508 0.994689 0.000000 -1.153225 -0.869337 -0.624808 1.000000
aniFrame
  m_time -0.714000
  m_vertexTransformMat 0.979746 0.180953 0.085759 0.000000 -0.178891 0.983374 -0.031208 0.000000 -0.089981 0.015234 0.995827 0.000000 -1.013862 -1.019917 -0.593456 1.000000
aniFrame
  m_time -0.698000
  m_vertexTransformMat 0.976010 0.203655 0.077006 0.000000 -0.202579 0.979028 -0.021620 0.000000 -0.079794 0.005502 0.996796 0.000000 -0.871349 -1.182335 -0.586648 1.000000
aniFrame
  m_time -0.682000
  m_vertexTransformMat 0.971722 0.225994 0.068428 0.000000 -0.225702 0.974122 -0.012079 0.000000 -0.069387 -0.003707 0.997583 0.000000 -0.722715 -1.334573 -0.599582 1.000000
aniFrame
  m_time -0.666000
  m_vertexTransformMat 0.966982 0.247685 0.059987 0.000000 -0.247999 0.968758 -0.002277 0.000000 -0.058677 -0.012675 0.998197 0.000000 -0.564994 -1.485163 -0.630818 1.000000
aniFrame
  m_time -0.650000
  m_vertexTransformMat 0.961848 0.268510 0.052451 0.000000 -0.269249 0.963042 0.007435 0.000000 -0.048516 -0.021274 0.998596 0.000000 -0.416082 -1.632609 -0.677996 1.000000
aniFrame
  m_time -0.634000
  m_vertexTransformMat 0.956475 0.288421 0.044383 0.000000 -0.289365 0.957078 0.016429 0.000000 -0.037740 -0.028557 0.998880 0.000000 -0.247733 -1.755676 -0.737782 1.000000
aniFrame
  m_time -0.618000
  m_vertexTransformMat 0.950974 0.307036 0.037119 0.000000 -0.308046 0.951033 0.025404 0.000000 -0.027501 -0.035593 0.998988 0.000000 -0.084228 -1.881150 -0.808192 1.000000
aniFrame
  m_time -0.602000
  m_vertexTransformMat 0.945477 0.324286 0.030201 0.000000 -0.325197 0.945077 0.032813 0.000000 -0.017901 -0.040846 0.999005 0.000000 0.072332 -1.973552 -0.884783 1.000000
aniFrame
  m_time -0.586000
  m_vertexTransformMat 0.940181 0.339895 0.023051 0.000000 -0.340580 0.939371 0.039856 0.000000 -0.008107 -0.045323 0.998939 0.000000 0.244793 -2.057929 -0.965741 1.000000
aniFrame
  m_time -0.570000
  m_vertexTransformMat 0.935210 0.353682 0.017070 0.000000 -0.354093 0.934118 0.045185 0.000000 0.000035 -0.048302 0.998833 0.000000 0.389641 -2.117702 -1.047129 1.000000
aniFrame
  m_time -0.554000
  m_vertexTransformMat 0.930750 0.365492 0.010915 0.000000 -0.365574 0.929499 0.048866 0.000000 0.007714 -0.049472 0.998746 0.000000 0.537565 -2.145819 -1.120820 1.000000
aniFrame
  m_time -0.538000
  m_vertexTransformMat 0.926977 0.375080 0.005251 0.000000 -0.374837 0.925655 0.051567 0.000000 0.014481 -0.049770 0.998656 0.000000 0.678771 -2.165914 -1.193466 1.000000
aniFrame
  m_time -0.522000
  m_vertexTransformMat 0.924428 0.381355 -0.001204 0.000000 -0.380797 0.923236 0.051281 0.000000 0.020668 -0.046947 0.998684 0.000000 0.830318 -2.133013 -1.278200 1.000000
aniFrame
  m_time -0.506000
  m_vertexTransformMat 0.923116 0.384435 -0.008135 0.000000 -0.383615 0.922186 0.049114 0.000000 0.026383 -0.042217 0.998760 0.000000 0.991362 -2.074128 -1.374840 1.000000
aniFrame
  m_time -0.490000
  m_vertexTransformMat 0.923280 0.383793 -0.016045 0.000000 -0.382808 0.922763 0.044344 0.000000 0.031825 -0.034800 0.998887 0.000000 1.158977 -1.970892 -1.486532 1.000000
aniFrame
  m_time -0.474000
  m_vertexTransformMat 0.924867 0.379489 -0.024690 0.000000 -0.378483 0.924851 0.037438 0.000000 0.037042 -0.025280 0.998994 0.000000 1.333667 -1.836064 -1.613359 1.000000
aniFrame
  m_time -0.458000
  m_vertexTransformMat 0.927598 0.372084 -0.033401 0.000000 -0.371241 0.928088 0.028867 0.000000 0.041740 -0.014377 0.999025 0.000000 1.486969 -1.675521 -1.727605 1.000000
aniFrame
  m_time -0.442000
  m_vertexTransformMat 0.931402 0.361569 -0.041946 0.000000 -0.361077 0.932342 0.019029 0.000000 0.045988 -0.002578 0.998939 0.000000 1.622264 -1.500629 -1.832551 1.000000
aniFrame
  m_time -0.426000
  m_vertexTransformMat 0.935979 0.348518 -0.049785 0.000000 -0.348549 0.937254 0.008344 0.000000 0.049569 0.009543 0.998725 0.000000 1.710987 -1.315535 -1.899891 1.000000
aniFrame
  m_time -0.410000
  m_vertexTransformMat 0.941240 0.332952 -0.056668 0.000000 -0.333639 0.942697 -0.002853 0.000000 0.052470 0.021592 0.998389 0.000000 1.751511 -1.129163 -1.928934 1.000000
aniFrame
  m_time -0.394000
  m_vertexTransformMat 0.946866 0.315568 -0.062147 0.000000 -0.316977 0.948330 -0.014029 0.000000 0.054508 0.032983 0.997969 0.000000 1.752816 -0.947751 -1.919107 1.000000
aniFrame
  m_time -0.378000
  m_vertexTransformMat 0.952770 0.296432 -0.066015 0.000000 -0.298561 0.954065 -0.024920 0.000000 0.055595 0.043452 0.997507 0.000000 1.710939 -0.776995 -1.866091 1.000000
aniFrame
  m_time -0.362000
  m_vertexTransformMat 0.958657 0.276340 -0.067919 0.000000 -0.279092 0.959631 -0.034879 0.000000 0.055538 0.052393 0.997081 0.000000 1.654147 -0.625758 -1.792590 1.000000
aniFrame
  m_time -0.346000
  m_vertexTransformMat 0.964411 0.255613 -0.067631 0.000000 -0.258818 0.964936 -0.043727 0.000000 0.054083 0.059675 0.996752 0.000000 1.587426 -0.496400 -1.702284 1.000000
aniFrame
  m_time -0.330000
  m_vertexTransformMat 0.969994 0.234171 -0.065389 0.000000 -0.237603 0.970036 -0.050748 0.000000 0.051545 0.064762 0.996569 0.000000 1.513418 -0.398575 -1.598243 1.000000
aniFrame
  m_time -0.314000
  m_vertexTransformMat 0.975286 0.212364 -0.060977 0.000000 -0.215752 0.974859 -0.055685 0.000000 0.047618 0.067464 0.996585 0.000000 1.432635 -0.334392 -1.481342 1.000000
aniFrame
  m_time -0.298000
  m_vertexTransformMat 0.980366 0.189334 -0.055090 0.000000 -0.192466 0.979558 -0.058506 0.000000 0.042887 0.067961 0.996766 0.000000 1.346646 -0.303120 -1.356291 1.000000
aniFrame
  m_time -0.282000
  m_vertexTransformMat 0.985188 0.164799 -0.047387 0.000000 -0.167461 0.984106 -0.059103 0.000000 0.036894 0.066163 0.997127 0.000000 1.252678 -0.304947 -1.225641 1.000000
aniFrame
  m_time -0.266000
  m_vertexTransformMat 0.989591 0.138588 -0.038786 0.000000 -0.140685 0.988361 -0.057891 0.000000 0.030312 0.062745 0.997569 0.000000 1.153159 -0.331077 -1.094137 1.000000
aniFrame
  m_time -0.250000
  m_vertexTransformMat 0.993453 0.110608 -0.028591 0.000000 -0.112056 0.992162 -0.055309 0.000000 0.022249 0.058150 0.998060 0.000000 1.038822 -0.374073 -0.967123 1.000000
aniFrame
  m_time -0.234000
  m_vertexTransformMat 0.996541 0.081112 -0.018078 0.000000 -0.081943 0.995317 -0.051275 0.000000 0.013835 0.052579 0.998521 0.000000 0.920258 -0.431967 -0.847246 1.000000
aniFrame
  m_time -0.218000
  m_vertexTransformMat 0.998722 0.050042 -0.007137 0.000000 -0.050319 0.997668 -0.046111 0.000000 0.004813 0.046411 0.998911 0.000000 0.795386 -0.498277 -0.740222 1.000000
aniFrame
  m_time -0.202000
  m_vertexTransformMat 0.999808 0.019030 0.004710 0.000000 -0.018829 0.999035 -0.039671 0.000000 -0.005461 0.039575 0.999202 0.000000 0.662657 -0.576484 -0.650113 1.000000
aniFrame
  m_time -0.186000
  m_vertexTransformMat 0.999800 -0.013042 0.015191 0.000000 0.013530 0.999382 -0.032431 0.000000 -0.014759 0.032630 0.999358 0.000000 0.538474 -0.656364 -0.579641 1.000000
aniFrame
  m_time -0.170000
  m_vertexTransformMat 0.998608 -0.045032 0.027456 0.000000 0.045705 0.998656 -0.024427 0.000000 -0.026320 0.025648 0.999324 0.000000 0.397200 -0.738240 -0.535888 1.000000
aniFrame
  m_time -0.154000
  m_vertexTransformMat 0.996472 -0.074848 0.037951 0.000000 0.075483 0.997025 -0.015580 0.000000 -0.036672 0.018390 0.999158 0.000000 0.265615 -0.830396 -0.522021 1.000000
aniFrame
  m_time -0.138000
  m_vertexTransformMat 0.993073 -0.106836 0.048905 0.000000 0.107302 0.994202 -0.006994 0.000000 -0.047875 0.012193 0.998779 0.000000 0.115989 -0.901247 -0.537990 1.000000
aniFrame
  m_time -0.122000
  m_vertexTransformMat 0.988808 -0.136714 0.059741 0.000000 0.136816 0.990594 0.002400 0.000000 -0.059507 0.005800 0.998211 0.000000 -0.037911 -0.986042 -0.582209 1.000000
aniFrame
  m_time -0.106000
  m_vertexTransformMat 0.983830 -0.165359 0.068812 0.000000 0.165006 0.986233 0.010820 0.000000 -0.069653 0.000709 0.997571 0.000000 -0.193205 -1.044759 -0.647469 1.000000
aniFrame
  m_time -0.090000
  m_vertexTransformMat 0.978211 -0.192132 0.078664 0.000000 0.191179 0.981361 0.019541 0.000000 -0.080952 -0.004077 0.996710 0.000000 -0.369231 -1.108245 -0.731674 1.000000
aniFrame
  m_time -0.074000
  m_vertexTransformMat 0.972407 -0.216717 0.086358 0.000000 0.215160 0.976204 0.027059 0.000000 -0.090167 -0.007731 0.995897 0.000000 -0.521259 -1.152669 -0.827953 1.000000
aniFrame
  m_time -0.058000
  m_vertexTransformMat 0.966421 -0.238690 0.095172 0.000000 0.236499 0.971042 0.033842 0.000000 -0.100494 -0.010197 0.994886 0.000000 -0.704491 -1.181720 -0.932846 1.000000
aniFrame
  m_time -0.042000
  m_vertexTransformMat 0.960779 -0.257886 0.101977 0.000000 0.255099 0.966099 0.039717 0.000000 -0.108762 -0.012145 0.993994 0.000000 -0.857725 -1.208500 -1.041788 1.000000
aniFrame
  m_time -0.026000
  m_vertexTransformMat 0.955649 -0.273656 0.108845 0.000000 0.270466 0.961753 0.043356 0.000000 -0.116546 -0.011994 0.993113 0.000000 -1.010967 -1.198187 -1.145173 1.000000
aniFrame
  m_time -0.010000
  m_vertexTransformMat 0.951204 -0.286404 0.114822 0.000000 0.282852 0.958037 0.046468 0.000000 -0.123312 -0.011723 0.992299 0.000000 -1.156727 -1.195175 -1.241226 1.000000
aniFrame
  m_time 0.005000
  m_vertexTransformMat 0.948349 -0.293235 0.121025 0.000000 0.289645 0.955996 0.046658 0.000000 -0.129381 -0.009194 0.991553 0.000000 -1.304480 -1.157771 -1.345672 1.000000
aniFrame
  m_time 0.021000
  m_vertexTransformMat 0.947297 -0.293950 0.127369 0.000000 0.290587 0.955806 0.044657 0.000000 -0.134867 -0.005291 0.990850 0.000000 -1.461140 -1.107195 -1.461495 1.000000
aniFrame
  m_time 0.037000
  m_vertexTransformMat 0.948197 -0.288076 0.133920 0.000000 0.285280 0.957608 0.040040 0.000000 -0.139778 0.000239 0.990183 0.000000 -1.619439 -1.035275 -1.589553 1.000000
aniFrame
  m_time 0.053000
  m_vertexTransformMat 0.951047 -0.274962 0.141089 0.000000 0.273101 0.961427 0.032777 0.000000 -0.144659 0.007359 0.989454 0.000000 -1.787669 -0.945493 -1.738597 1.000000
aniFrame
  m_time 0.069000
  m_vertexTransformMat 0.955158 -0.256677 0.147617 0.000000 0.256045 0.966377 0.023600 0.000000 -0.148711 0.015255 0.988763 0.000000 -1.938974 -0.844593 -1.879416 1.000000
aniFrame
  m_time 0.085000
  m_vertexTransformMat 0.960049 -0.233587 0.154091 0.000000 0.234443 0.972045 0.012853 0.000000 -0.152785 0.023785 0.987973 0.000000 -2.076471 -0.736200 -2.010613 1.000000
aniFrame
  m_time 0.101000
  m_vertexTransformMat 0.965333 -0.207125 0.158846 0.000000 0.209614 0.977784 0.001108 0.000000 -0.155547 0.032227 0.987303 0.000000 -2.175041 -0.627339 -2.109091 1.000000
aniFrame
  m_time 0.117000
  m_vertexTransformMat 0.970388 -0.177986 0.163305 0.000000 0.182220 0.983194 -0.011204 0.000000 -0.158566 0.040629 0.986512 0.000000 -2.233113 -0.518328 -2.166757 1.000000
aniFrame
  m_time 0.133000
  m_vertexTransformMat 0.975168 -0.147510 0.165193 0.000000 0.153420 0.987881 -0.023531 0.000000 -0.159720 0.048291 0.985981 0.000000 -2.245059 -0.416968 -2.177528 1.000000
aniFrame
  m_time 0.149000
  m_vertexTransformMat 0.979438 -0.116065 0.165014 0.000000 0.123487 0.991714 -0.035424 0.000000 -0.159535 0.055073 0.985655 0.000000 -2.211950 -0.325900 -2.132538 1.000000
aniFrame
  m_time 0.165000
  m_vertexTransformMat 0.982452 -0.086553 0.165219 0.000000 0.095371 0.994370 -0.046189 0.000000 -0.160291 0.061136 0.985175 0.000000 -2.167892 -0.243163 -2.054010 1.000000
aniFrame
  m_time 0.181000
  m_vertexTransformMat 0.984917 -0.059743 0.162386 0.000000 0.069554 0.996038 -0.055412 0.000000 -0.158432 0.065870 0.985170 0.000000 -2.105691 -0.175416 -1.943748 1.000000
aniFrame
  m_time 0.197000
  m_vertexTransformMat 0.986667 -0.034153 0.159131 0.000000 0.044644 0.997026 -0.062824 0.000000 -0.156512 0.069090 0.985257 0.000000 -2.039293 -0.130413 -1.810603 1.000000
aniFrame
  m_time 0.213000
  m_vertexTransformMat 0.987845 -0.012495 0.154939 0.000000 0.023225 0.997440 -0.067637 0.000000 -0.153697 0.070413 0.985606 0.000000 -1.970868 -0.112378 -1.661623 1.000000
aniFrame
  m_time 0.229000
  m_vertexTransformMat 0.988813 0.008942 0.148894 0.000000 0.001547 0.997533 -0.070181 0.000000 -0.149154 0.069627 0.986360 0.000000 -1.889111 -0.128018 -1.495906 1.000000
aniFrame
  m_time 0.245000
  m_vertexTransformMat 0.989311 0.030296 0.142639 0.000000 -0.020408 0.997319 -0.070276 0.000000 -0.144385 0.066614 0.987277 0.000000 -1.805083 -0.179328 -1.329500 1.000000
aniFrame
  m_time 0.261000
  m_vertexTransformMat 0.989483 0.051664 0.135111 0.000000 -0.042738 0.996759 -0.068149 0.000000 -0.138194 0.061657 0.988484 0.000000 -1.709757 -0.261403 -1.160539 1.000000
aniFrame
  m_time 0.277000
  m_vertexTransformMat 0.989097 0.073855 0.127405 0.000000 -0.066038 0.995729 -0.064526 0.000000 -0.131627 0.055409 0.989750 0.000000 -1.606816 -0.364178 -1.005699 1.000000
aniFrame
  m_time 0.293000
  m_vertexTransformMat 0.988239 0.096465 0.118655 0.000000 -0.089917 0.994178 -0.059369 0.000000 -0.123692 0.048001 0.991159 0.000000 -1.490075 -0.484659 -0.862902 1.000000
aniFrame
  m_time 0.309000
  m_vertexTransformMat 0.986739 0.119376 0.109981 0.000000 -0.114116 0.992055 -0.052966 0.000000 -0.115430 0.039713 0.992521 0.000000 -1.369946 -0.620320 -0.749886 1.000000
aniFrame
  m_time 0.325000
  m_vertexTransformMat 0.984648 0.142519 0.100779 0.000000 -0.138536 0.989311 -0.045504 0.000000 -0.106187 0.030844 0.993868 0.000000 -1.240179 -0.764158 -0.664313 1.000000
aniFrame
  m_time 0.341000
  m_vertexTransformMat 0.981909 0.165555 0.091902 0.000000 -0.162775 0.985969 -0.037017 0.000000 -0.096741 0.021388 0.995080 0.000000 -1.108158 -0.920404 -0.610931 1.000000
aniFrame
  m_time 0.357000
  m_vertexTransformMat 0.978565 0.188598 0.082720 0.000000 -0.186876 0.981980 -0.028155 0.000000 -0.086540 0.012093 0.996175 0.000000 -0.965860 -1.071263 -0.589013 1.000000
aniFrame
  m_time 0.373000
  m_vertexTransformMat 0.974639 0.211122 0.074211 0.000000 -0.210335 0.977457 -0.018356 0.000000 -0.076414 0.002282 0.997074 0.000000 -0.823568 -1.236445 -0.588675 1.000000
aniFrame
  m_time 0.389000
  m_vertexTransformMat 0.970186 0.233336 0.065523 0.000000 -0.233260 0.972374 -0.008923 0.000000 -0.065795 -0.006627 0.997811 0.000000 -0.670283 -1.382468 -0.608151 1.000000
aniFrame
  m_time 0.405000
  m_vertexTransformMat 0.965314 0.254694 0.057454 0.000000 -0.255178 0.966894 0.001123 0.000000 -0.055266 -0.015745 0.998348 0.000000 -0.514876 -1.538568 -0.644832 1.000000
aniFrame
  m_time 0.421000
  m_vertexTransformMat 0.960072 0.275279 0.049846 0.000000 -0.276106 0.961071 0.010425 0.000000 -0.045036 -0.023771 0.998703 0.000000 -0.363518 -1.674378 -0.696723 1.000000
aniFrame
  m_time 0.437000
  m_vertexTransformMat 0.954660 0.294759 0.041726 0.000000 -0.295740 0.955069 0.019551 0.000000 -0.034088 -0.031004 0.998938 0.000000 -0.188127 -1.799076 -0.760071 1.000000
aniFrame
  m_time 0.453000
  m_vertexTransformMat 0.949126 0.312956 0.034915 0.000000 -0.313954 0.949025 0.028027 0.000000 -0.024364 -0.037563 0.998997 0.000000 -0.034734 -1.916007 -0.833357 1.000000
aniFrame
  m_time 0.469000
  m_vertexTransformMat 0.943693 0.329668 0.027619 0.000000 -0.330507 0.943148 0.035179 0.000000 -0.014452 -0.042327 0.998999 0.000000 0.133216 -2.000362 -0.911009 1.000000
aniFrame
  m_time 0.485000
  m_vertexTransformMat 0.938472 0.344715 0.021026 0.000000 -0.345315 0.937550 0.041920 0.000000 -0.005263 -0.046602 0.998900 0.000000 0.294599 -2.083279 -0.993361 1.000000
aniFrame
  m_time 0.501000
  m_vertexTransformMat 0.933679 0.357801 0.014944 0.000000 -0.358103 0.932528 0.046411 0.000000 0.002670 -0.048685 0.998811 0.000000 0.439528 -2.125957 -1.072725 1.000000
aniFrame
  m_time 0.517000
  m_vertexTransformMat 0.929384 0.369003 0.009038 0.000000 -0.368976 0.928093 0.050006 0.000000 0.010064 -0.049810 0.998708 0.000000 0.584724 -2.156276 -1.144363 1.000000
aniFrame
  m_time 0.533000
  m_vertexTransformMat 0.925990 0.377534 0.003181 0.000000 -0.377183 0.924692 0.051746 0.000000 0.016595 -0.049116 0.998656 0.000000 0.727565 -2.159384 -1.220194 1.000000
aniFrame
  m_time 0.549000
  m_vertexTransformMat 0.923842 0.382758 -0.003445 0.000000 -0.382105 0.922722 0.050791 0.000000 0.022619 -0.045606 0.998704 0.000000 0.883374 -2.116909 -1.309125 1.000000
aniFrame
  m_time 0.565000
  m_vertexTransformMat 0.922997 0.384661 -0.010642 0.000000 -0.383773 0.922188 0.047828 0.000000 0.028211 -0.040061 0.998799 0.000000 1.045758 -2.044821 -1.409605 1.000000
aniFrame
  m_time 0.581000
  m_vertexTransformMat 0.923666 0.382732 -0.018883 0.000000 -0.381721 0.923311 0.042252 0.000000 0.033606 -0.031819 0.998929 0.000000 1.217999 -1.929074 -1.528651 1.000000
aniFrame
  m_time 0.597000
  m_vertexTransformMat 0.925656 0.377358 -0.027604 0.000000 -0.376385 0.925811 0.034746 0.000000 0.038668 -0.021773 0.999015 0.000000 1.387481 -1.784979 -1.653178 1.000000
aniFrame
  m_time 0.613000
  m_vertexTransformMat 0.928761 0.368899 -0.036293 0.000000 -0.368152 0.929410 0.025707 0.000000 0.043214 -0.010515 0.999011 0.000000 1.535181 -1.618533 -1.764729 1.000000
aniFrame
  m_time 0.629000
  m_vertexTransformMat 0.932851 0.357483 -0.044659 0.000000 -0.357147 0.933919 0.015543 0.000000 0.047264 0.001451 0.998881 0.000000 1.658334 -1.439838 -1.860400 1.000000
aniFrame
  m_time 0.645000
  m_vertexTransformMat 0.937670 0.343583 -0.052205 0.000000 -0.343821 0.939024 0.004644 0.000000 0.050618 0.013595 0.998626 0.000000 1.729195 -1.253153 -1.913554 1.000000
aniFrame
  m_time 0.661000
  m_vertexTransformMat 0.943088 0.327327 -0.058670 0.000000 -0.328252 0.944567 -0.006604 0.000000 0.053256 0.025487 0.998256 0.000000 1.756254 -1.067924 -1.930359 1.000000
aniFrame
  m_time 0.677000
  m_vertexTransformMat 0.948813 0.309362 -0.063629 0.000000 -0.311015 0.950240 -0.017716 0.000000 0.054982 0.036598 0.997817 0.000000 1.742730 -0.889206 -1.905396 1.000000
aniFrame
  m_time 0.693000
  m_vertexTransformMat 0.954750 0.289790 -0.066887 0.000000 -0.292144 0.955953 -0.028376 0.000000 0.055718 0.046633 0.997357 0.000000 1.692060 -0.724051 -1.842646 1.000000
aniFrame
  m_time 0.709000
  m_vertexTransformMat 0.960589 0.269513 -0.068058 0.000000 -0.272438 0.961424 -0.037971 0.000000 0.055199 0.055016 0.996959 0.000000 1.633352 -0.579910 -1.764586 1.000000
aniFrame
  m_time 0.725000
  m_vertexTransformMat 0.966295 0.248540 -0.067089 0.000000 -0.251849 0.966657 -0.046315 0.000000 0.053341 0.061651 0.996671 0.000000 1.563092 -0.459724 -1.668689 1.000000
aniFrame
  m_time 0.741000
  m_vertexTransformMat 0.971790 0.226954 -0.064151 0.000000 -0.230400 0.971672 -0.052616 0.000000 0.050392 0.065912 0.996552 0.000000 1.487406 -0.373657 -1.560766 1.000000
aniFrame
  m_time 0.757000
  m_vertexTransformMat 0.976998 0.204889 -0.059130 0.000000 -0.208212 0.976429 -0.056870 0.000000 0.046084 0.067873 0.996629 0.000000 1.404315 -0.320213 -1.440086 1.000000
aniFrame
  m_time 0.773000
  m_vertexTransformMat 0.982013 0.181294 -0.052753 0.000000 -0.184292 0.981103 -0.058943 0.000000 0.041070 0.067605 0.996867 0.000000 1.316454 -0.300342 -1.313469 1.000000
aniFrame
  m_time 0.789000
  m_vertexTransformMat 0.986708 0.156285 -0.044529 0.000000 -0.158760 0.985561 -0.058869 0.000000 0.034685 0.065155 0.997272 0.000000 1.219795 -0.311480 -1.181384 1.000000
aniFrame
  m_time 0.805000
  m_vertexTransformMat 0.990947 0.129420 -0.035696 0.000000 -0.131315 0.989690 -0.057185 0.000000 0.027927 0.061355 0.997725 0.000000 1.117597 -0.343635 -1.051428 1.000000
aniFrame
  m_time 0.821000
  m_vertexTransformMat 0.994579 0.100948 -0.024935 0.000000 -0.102174 0.993293 -0.054126 0.000000 0.019304 0.056380 0.998223 0.000000 0.998331 -0.391783 -0.926012 1.000000
aniFrame
  m_time 0.837000
  m_vertexTransformMat 0.997373 0.070909 -0.014809 0.000000 -0.071562 0.996200 -0.049647 0.000000 0.011233 0.050576 0.998657 0.000000 0.882021 -0.453819 -0.810075 1.000000
aniFrame
  m_time 0.853000
  m_vertexTransformMat 0.999211 0.039598 -0.003056 0.000000 -0.039694 0.998237 -0.044134 0.000000 0.001303 0.044220 0.999021 0.000000 0.749967 -0.522303 -0.708017 1.000000
aniFrame
  m_time 0.869000
  m_vertexTransformMat 0.999929 0.008792 0.008099 0.000000 -0.008485 0.999271 -0.037227 0.000000 -0.008421 0.037156 0.999274 0.000000 0.622983 -0.606008 -0.624569 1.000000
aniFrame
  m_time 0.885000
  m_vertexTransformMat 0.999527 -0.024060 0.019169 0.000000 0.024628 0.999248 -0.029935 0.000000 -0.018434 0.030393 0.999368 0.000000 0.492227 -0.680968 -0.561554 1.000000
aniFrame
  m_time 0.901000
  m_vertexTransformMat 0.998013 -0.054730 0.031226 0.000000 0.055411 0.998235 -0.021372 0.000000 -0.030002 0.023060 0.999284 0.000000 0.352720 -0.773001 -0.528280 1.000000
aniFrame
  m_time 0.917000
  m_vertexTransformMat 0.995482 -0.085455 0.041383 0.000000 0.086049 0.996209 -0.012794 0.000000 -0.040132 0.016298 0.999061 0.000000 0.218808 -0.853701 -0.523810 1.000000
aniFrame
  m_time 0.933000
  m_vertexTransformMat 0.991717 -0.117059 0.052859 0.000000 0.117423 0.993075 -0.003825 0.000000 -0.052045 0.010001 0.998595 0.000000 0.062082 -0.930389 -0.550074 1.000000
aniFrame
  m_time 0.949000
  m_vertexTransformMat 0.987233 -0.146405 0.062749 0.000000 0.146364 0.989217 0.005274 0.000000 -0.062844 0.003977 0.998016 0.000000 -0.086719 -1.007753 -0.601781 1.000000
aniFrame
  m_time 0.965000
  m_vertexTransformMat 0.982002 -0.174523 0.072199 0.000000 0.173989 0.984653 0.013674 0.000000 -0.073477 -0.000866 0.997296 0.000000 -0.253555 -1.064123 -0.673597 1.000000
aniFrame
  m_time 0.981000
  m_vertexTransformMat 0.976296 -0.200594 0.081293 0.000000 0.199432 0.979659 0.022251 0.000000 -0.084103 -0.005511 0.996442 0.000000 -0.419381 -1.127165 -0.762754 1.000000
aniFrame
  m_time 0.997000
  m_vertexTransformMat 0.970422 -0.224334 0.089188 0.000000 0.222581 0.974475 0.029275 0.000000 -0.093479 -0.008558 0.995585 0.000000 -0.579314 -1.160910 -0.861926 1.000000
aniFrame
  m_time 1.013000
  m_vertexTransformMat 0.964481 -0.245441 0.097646 0.000000 0.243030 0.969349 0.036049 0.000000 -0.103501 -0.011038 0.994568 0.000000 -0.759332 -1.194019 -0.969278 1.000000
aniFrame
  m_time 1.029000
  m_vertexTransformMat 0.959019 -0.263507 0.104146 0.000000 0.260573 0.964580 0.041092 0.000000 -0.111285 -0.012270 0.993713 0.000000 -0.906326 -1.207780 -1.077245 1.000000
aniFrame
  m_time 1.045000
  m_vertexTransformMat 0.954050 -0.278351 0.110950 0.000000 0.275026 0.960405 0.044532 0.000000 -0.118952 -0.011972 0.992828 0.000000 -1.061014 -1.197361 -1.177358 1.000000
aniFrame
  m_time 1.061000
  m_vertexTransformMat 0.950035 -0.289481 0.116765 0.000000 0.285866 0.957118 0.046972 0.000000 -0.125355 -0.011245 0.992048 0.000000 -1.204360 -1.188767 -1.274330 1.000000
aniFrame
  m_time 1.077000
  m_vertexTransformMat 0.947797 -0.294130 0.123159 0.000000 0.290591 0.955732 0.046187 0.000000 -0.131292 -0.007987 0.991312 0.000000 -1.356268 -1.141199 -1.383156 1.000000
aniFrame
  m_time 1.093000
  m_vertexTransformMat 0.947368 -0.292791 0.129488 0.000000 0.289567 0.956170 0.043487 0.000000 -0.136545 -0.003703 0.990627 0.000000 -1.513753 -1.087303 -1.502512 1.000000
aniFrame
  m_time 1.109000
  m_vertexTransformMat 0.948957 -0.284438 0.136291 0.000000 0.281918 0.958691 0.037857 0.000000 -0.141429 0.002498 0.989945 0.000000 -1.675056 -1.006221 -1.637690 1.000000
aniFrame
  m_time 1.125000
  m_vertexTransformMat 0.952315 -0.269322 0.143394 0.000000 0.267840 0.962999 0.029912 0.000000 -0.146144 0.009921 0.989214 0.000000 -1.841680 -0.913444 -1.788288 1.000000
aniFrame
  m_time 1.141000
  m_vertexTransformMat 0.956715 -0.249521 0.149785 0.000000 0.249359 0.968201 0.020170 0.000000 -0.150055 0.018053 0.988513 0.000000 -1.986103 -0.808644 -1.923990 1.000000
aniFrame
  m_time 1.157000
  m_vertexTransformMat 0.961789 -0.225009 0.155989 0.000000 0.226401 0.973992 0.009016 0.000000 -0.153960 0.026645 0.987718 0.000000 -2.115920 -0.699949 -2.049248 1.000000
aniFrame
  m_time 1.173000
  m_vertexTransformMat 0.967064 -0.197736 0.160274 0.000000 0.200793 0.979629 -0.002944 0.000000 -0.156427 0.035029 0.987068 0.000000 -2.197597 -0.590718 -2.131882 1.000000
aniFrame
  m_time 1.189000
  m_vertexTransformMat 0.972002 -0.167839 0.164443 0.000000 0.172657 0.984863 -0.015355 0.000000 -0.159377 0.043317 0.986267 0.000000 -2.243413 -0.483347 -2.176733 1.000000
aniFrame
  m_time 1.205000
  m_vertexTransformMat 0.976704 -0.137204 0.165001 0.000000 0.143619 0.989250 -0.027543 0.000000 -0.159448 0.050599 0.985909 0.000000 -2.236848 -0.385679 -2.167671 1.000000
aniFrame
  m_time 1.221000
  m_vertexTransformMat 0.980580 -0.105732 0.165181 0.000000 0.113647 0.992748 -0.039196 0.000000 -0.159839 0.057208 0.985484 0.000000 -2.197737 -0.297279 -2.109175 1.000000
aniFrame
  m_time 1.237000
  m_vertexTransformMat 0.983291 -0.077684 0.164632 0.000000 0.086878 0.994994 -0.049387 0.000000 -0.159971 0.062865 0.985118 0.000000 -2.150354 -0.218428 -2.021765 1.000000
aniFrame
  m_time 1.253000
  m_vertexTransformMat 0.985611 -0.050861 0.161196 0.000000 0.060931 0.996447 -0.058147 0.000000 -0.157666 0.067132 0.985208 0.000000 -2.082471 -0.157637 -1.900596 1.000000
aniFrame
  m_time 1.269000
  m_vertexTransformMat 0.987062 -0.026733 0.158098 0.000000 0.037368 0.997206 -0.064684 0.000000 -0.155927 0.069755 0.985303 0.000000 -2.018883 -0.121083 -1.764246 1.000000
aniFrame
  m_time 1.285000
  m_vertexTransformMat 0.988215 -0.005391 0.152981 0.000000 0.016083 0.997505 -0.068741 0.000000 -0.152228 0.070391 0.985835 0.000000 -1.944127 -0.113639 -1.606898 1.000000
aniFrame
  m_time 1.301000
  m_vertexTransformMat 0.989010 0.016122 0.146970 0.000000 -0.005783 0.997495 -0.070505 0.000000 -0.147739 0.068880 0.986625 0.000000 -1.862274 -0.141144 -1.441565 1.000000
aniFrame
  m_time 1.317000
  m_vertexTransformMat 0.989418 0.037362 0.140201 0.000000 -0.027768 0.997176 -0.069771 0.000000 -0.142412 0.065140 0.987662 0.000000 -1.774269 -0.203770 -1.272346 1.000000
aniFrame
  m_time 1.333000
  m_vertexTransformMat 0.989409 0.058977 0.132632 0.000000 -0.050403 0.996472 -0.067101 0.000000 -0.136122 0.059706 0.988892 0.000000 -1.676968 -0.293784 -1.107881 1.000000
aniFrame
  m_time 1.349000
  m_vertexTransformMat 0.988872 0.081359 0.124550 0.000000 -0.073954 0.995272 -0.062972 0.000000 -0.129084 0.053061 0.990213 0.000000 -1.568862 -0.402285 -0.955824 1.000000
aniFrame
  m_time 1.365000
  m_vertexTransformMat 0.987810 0.104061 0.115768 0.000000 -0.097944 0.993539 -0.057344 0.000000 -0.120988 0.045306 0.991620 0.000000 -1.450603 -0.528954 -0.821671 1.000000
aniFrame
  m_time 1.381000
  m_vertexTransformMat 0.986111 0.127088 0.106935 0.000000 -0.122257 0.991207 -0.050613 0.000000 -0.112427 0.036836 0.992977 0.000000 -1.327392 -0.666760 -0.718188 1.000000
aniFrame
  m_time 1.397000
  m_vertexTransformMat 0.983807 0.150203 0.097785 0.000000 -0.146636 0.988267 -0.042741 0.000000 -0.103058 0.027710 0.994290 0.000000 -1.196557 -0.815951 -0.642631 1.000000
aniFrame
  m_time 1.413000
  m_vertexTransformMat 0.980861 0.173262 0.088840 0.000000 -0.170849 0.984705 -0.034148 0.000000 -0.093398 0.018316 0.995461 0.000000 -1.061505 -0.970077 -0.600622 1.000000
aniFrame
  m_time 1.429000
  m_vertexTransformMat 0.977319 0.196171 0.079784 0.000000 -0.194778 0.980530 -0.024962 0.000000 -0.083127 0.008855 0.996500 0.000000 -0.918152 -1.125222 -0.586872 1.000000
aniFrame
  m_time 1.445000
  m_vertexTransformMat 0.973208 0.218579 0.071340 0.000000 -0.218051 0.975819 -0.015201 0.000000 -0.072938 -0.000762 0.997336 0.000000 -0.773952 -1.286528 -0.593038 1.000000
aniFrame
  m_time 1.461000
  m_vertexTransformMat 0.968604 0.240576 0.062683 0.000000 -0.240700 0.970583 -0.005673 0.000000 -0.062204 -0.009592 0.998018 0.000000 -0.617354 -1.432068 -0.618606 1.000000
aniFrame
  m_time 1.477000
  m_vertexTransformMat 0.963599 0.261641 0.054970 0.000000 -0.262266 0.964986 0.004352 0.000000 -0.051907 -0.018610 0.998479 0.000000 -0.465988 -1.587659 -0.660636 1.000000
aniFrame
  m_time 1.493000
  m_vertexTransformMat 0.958278 0.281925 0.047145 0.000000 -0.282819 0.959080 0.013393 0.000000 -0.041439 -0.026168 0.998799 0.000000 -0.307407 -1.714641 -0.716691 1.000000
aniFrame
  m_time 1.509000
  m_vertexTransformMat 0.952823 0.300966 0.039348 0.000000 -0.301970 0.953050 0.022570 0.000000 -0.030708 -0.033387 0.998971 0.000000 -0.134453 -1.841755 -0.783661 1.000000
aniFrame
  m_time 1.525000
  m_vertexTransformMat 0.947290 0.318712 0.032635 0.000000 -0.319676 0.947037 0.030470 0.000000 -0.021195 -0.039297 0.999003 0.000000 0.016627 -1.946372 -0.858926 1.000000
aniFrame
  m_time 1.541000
  m_vertexTransformMat 0.941925 0.334874 0.025228 0.000000 -0.335638 0.941242 0.037574 0.000000 -0.011163 -0.043859 0.998976 0.000000 0.191233 -2.029394 -0.938128 1.000000
aniFrame
  m_time 1.557000
  m_vertexTransformMat 0.936811 0.349316 0.019066 0.000000 -0.349826 0.935795 0.043702 0.000000 -0.002576 -0.047610 0.998863 0.000000 0.342156 -2.103542 -1.020593 1.000000
aniFrame
  m_time 1.573000
  m_vertexTransformMat 0.932190 0.361741 0.012868 0.000000 -0.361932 0.930987 0.047633 0.000000 0.005251 -0.049060 0.998782 0.000000 0.489324 -2.134976 -1.097145 1.000000
aniFrame
  m_time 1.589000
  m_vertexTransformMat 0.928118 0.372217 0.007175 0.000000 -0.372083 0.926800 0.050945 0.000000 0.012313 -0.049953 0.998676 0.000000 0.631499 -2.163882 -1.168384 1.000000
aniFrame
  m_time 1.605000
  m_vertexTransformMat 0.925147 0.379607 0.000999 0.000000 -0.379150 0.923896 0.051591 0.000000 0.018661 -0.048108 0.998668 0.000000 0.778274 -2.146939 -1.248561 1.000000
aniFrame
  m_time 1.621000
  m_vertexTransformMat 0.923401 0.383792 -0.005747 0.000000 -0.383051 0.922368 0.050083 0.000000 0.024522 -0.044046 0.998729 0.000000 0.937149 -2.097677 -1.341345 1.000000
aniFrame
  m_time 1.637000
  m_vertexTransformMat 0.923053 0.384444 -0.013288 0.000000 -0.383501 0.922384 0.046208 0.000000 0.030021 -0.037557 0.998843 0.000000 1.101103 -2.009528 -1.446425 1.000000
aniFrame
  m_time 1.653000
  m_vertexTransformMat 0.924199 0.381289 -0.021774 0.000000 -0.380271 0.924012 0.039945 0.000000 0.035350 -0.028637 0.998965 0.000000 1.276708 -1.884113 -1.571386 1.000000
aniFrame
  m_time 1.669000
  m_vertexTransformMat 0.926560 0.374909 -0.030499 0.000000 -0.373991 0.926884 0.031885 0.000000 0.040223 -0.018137 0.999027 0.000000 1.437515 -1.731087 -1.690206 1.000000
aniFrame
  m_time 1.685000
  m_vertexTransformMat 0.930033 0.365384 -0.039149 0.000000 -0.364755 0.930834 0.022422 0.000000 0.044634 -0.006574 0.998982 0.000000 1.580747 -1.560214 -1.800185 1.000000
aniFrame
  m_time 1.701000
  m_vertexTransformMat 0.934372 0.353151 -0.047267 0.000000 -0.352990 0.935550 0.011982 0.000000 0.048452 0.005490 0.998810 0.000000 1.687652 -1.377911 -1.882418 1.000000
aniFrame
  m_time 1.717000
  m_vertexTransformMat 0.939429 0.338382 -0.054506 0.000000 -0.338840 0.940844 0.000904 0.000000 0.051588 0.017620 0.998513 0.000000 1.742597 -1.190967 -1.923282 1.000000
aniFrame
  m_time 1.733000
  m_vertexTransformMat 0.944960 0.321545 -0.060495 0.000000 -0.322710 0.946442 -0.010326 0.000000 0.053935 0.029280 0.998115 0.000000 1.757131 -1.007417 -1.927398 1.000000
aniFrame
  m_time 1.749000
  m_vertexTransformMat 0.950786 0.302969 -0.064924 0.000000 -0.304864 0.952156 -0.021356 0.000000 0.055347 0.040098 0.997662 0.000000 1.728298 -0.832163 -1.887361 1.000000
aniFrame
  m_time 1.765000
  m_vertexTransformMat 0.956714 0.283087 -0.067527 0.000000 -0.285649 0.957810 -0.031695 0.000000 0.055705 0.049612 0.997214 0.000000 1.673058 -0.673655 -1.818095 1.000000
aniFrame
  m_time 1.781000
  m_vertexTransformMat 0.962541 0.262481 -0.067965 0.000000 -0.265559 0.963225 -0.040942 0.000000 0.054719 0.057457 0.996847 0.000000 1.610857 -0.536426 -1.734344 1.000000
aniFrame
  m_time 1.797000
  m_vertexTransformMat 0.968177 0.241312 -0.066344 0.000000 -0.244697 0.968377 -0.048669 0.000000 0.052502 0.063354 0.996609 0.000000 1.538270 -0.426915 -1.633942 1.000000
aniFrame
  m_time 1.813000
  m_vertexTransformMat 0.973438 0.220191 -0.062727 0.000000 -0.223621 0.973170 -0.054170 0.000000 0.049116 0.066759 0.996560 0.000000 1.461418 -0.353889 -1.521572 1.000000
aniFrame
  m_time 1.829000
  m_vertexTransformMat 0.978335 0.198921 -0.057373 0.000000 -0.202163 0.977655 -0.057632 0.000000 0.044627 0.067982 0.996688 0.000000 1.379139 -0.313193 -1.398067 1.000000
aniFrame
  m_time 1.845000
  m_vertexTransformMat 0.982849 0.177272 -0.050819 0.000000 -0.180150 0.981862 -0.059106 0.000000 0.039419 0.067247 0.996957 0.000000 1.294831 -0.302597 -1.269444 1.000000
aniFrame
  m_time 1.861000
  m_vertexTransformMat 0.986943 0.155202 -0.043067 0.000000 -0.157582 0.985751 -0.058845 0.000000 0.033320 0.064863 0.997338 0.000000 1.206403 -0.316413 -1.136746 1.000000
aniFrame
  m_time 1.877000
  m_vertexTransformMat 0.990614 0.132243 -0.034571 0.000000 -0.134077 0.989295 -0.057602 0.000000 0.026584 0.061696 0.997741 0.000000 1.111821 -0.342605 -1.008119 1.000000
aniFrame
  m_time 1.893000
  m_vertexTransformMat 0.993775 0.108552 -0.025069 0.000000 -0.109801 0.992408 -0.055407 0.000000 0.018864 0.057815 0.998149 0.000000 1.009167 -0.378603 -0.884177 1.000000
aniFrame
  m_time 1.909000
  m_vertexTransformMat 0.996344 0.084043 -0.015385 0.000000 -0.084738 0.995037 -0.052170 0.000000 0.010925 0.053283 0.998520 0.000000 0.904727 -0.425760 -0.772480 1.000000
aniFrame
  m_time 1.925000
  m_vertexTransformMat 0.998246 0.059028 -0.004636 0.000000 -0.059183 0.997086 -0.048131 0.000000 0.001782 0.048321 0.998830 0.000000 0.790848 -0.478419 -0.674331 1.000000
aniFrame
  m_time 1.941000
  m_vertexTransformMat 0.999440 0.033024 0.005344 0.000000 -0.032763 0.998534 -0.043083 0.000000 -0.006759 0.042883 0.999057 0.000000 0.683073 -0.540661 -0.595793 1.000000
aniFrame
  m_time 1.957000
  m_vertexTransformMat 0.999841 0.006474 0.016642 0.000000 -0.005845 0.999276 -0.037587 0.000000 -0.016874 0.037484 0.999155 0.000000 0.563077 -0.600046 -0.539789 1.000000
aniFrame
  m_time 1.973000
  m_vertexTransformMat 0.999447 -0.019418 0.027001 0.000000 0.020250 0.999318 -0.030873 0.000000 -0.026383 0.031403 0.999159 0.000000 0.443745 -0.676165 -0.513646 1.000000
aniFrame
  m_time 1.989000
  m_vertexTransformMat 0.998168 -0.047185 0.037881 0.000000 0.048123 0.998548 -0.024239 0.000000 -0.036682 0.026018 0.998988 0.000000 0.305734 -0.736089 -0.520077 1.000000
aniFrame
  m_time 2.005000
  m_vertexTransformMat 0.996090 -0.073711 0.048706 0.000000 0.074587 0.997079 -0.016424 0.000000 -0.047353 0.019993 0.998678 0.000000 0.156210 -0.814416 -0.554958 1.000000
aniFrame
  m_time 2.021000
  m_vertexTransformMat 0.993124 -0.101415 0.058474 0.000000 0.102100 0.994735 -0.008839 0.000000 -0.057269 0.014748 0.998250 0.000000 -0.001804 -0.875854 -0.616586 1.000000
aniFrame
  m_time 2.037000
  m_vertexTransformMat 0.989128 -0.129550 0.069585 0.000000 0.129906 0.991526 -0.000605 0.000000 -0.068917 0.009638 0.997576 0.000000 -0.190481 -0.939763 -0.699249 1.000000
aniFrame
  m_time 2.053000
  m_vertexTransformMat 0.984430 -0.157246 0.078554 0.000000 0.157134 0.987548 0.007644 0.000000 -0.078778 0.004819 0.996881 0.000000 -0.359798 -0.999901 -0.795817 1.000000
aniFrame
  m_time 2.069000
  m_vertexTransformMat 0.978768 -0.184956 0.088346 0.000000 0.184282 0.982747 0.015794 0.000000 -0.089743 0.000822 0.995965 0.000000 -0.557942 -1.046269 -0.901487 1.000000
aniFrame
  m_time 2.085000
  m_vertexTransformMat 0.972373 -0.212375 0.096886 0.000000 0.211001 0.977183 0.024335 0.000000 -0.099844 -0.003219 0.994998 0.000000 -0.742575 -1.098991 -1.012273 1.000000
aniFrame
  m_time 2.101000
  m_vertexTransformMat 0.965278 -0.239319 0.104714 0.000000 0.237257 0.970923 0.031908 0.000000 -0.109305 -0.005956 0.993990 0.000000 -0.917560 -1.126629 -1.119159 1.000000
aniFrame
  m_time 2.117000
  m_vertexTransformMat 0.957495 -0.265824 0.111987 0.000000 0.262877 0.963975 0.040576 0.000000 -0.118739 -0.009412 0.992881 0.000000 -1.097332 -1.178225 -1.216756 1.000000
aniFrame
  m_time 2.133000
