m_aniFrameList.size 84
aniFrame
  m_time -1.066000
  m_vertexTransformMat 0.429036 -0.231886 -0.873016 0.000000 -0.544272 0.704975 -0.454730 0.000000 0.720900 0.670253 0.176250 0.000000 7.544332 6.470477 -2.732095 1.000000
aniFrame
  m_time -1.027000
  m_vertexTransformMat 0.428842 -0.292149 -0.854835 0.000000 -0.521960 0.692199 -0.498416 0.000000 0.737327 0.659932 0.144354 0.000000 7.354032 7.220734 -3.440036 1.000000
aniFrame
  m_time -0.988000
  m_vertexTransformMat 0.427884 -0.365036 -0.826840 0.000000 -0.492167 0.673189 -0.551895 0.000000 0.758081 0.643090 0.108388 0.000000 7.194868 8.044913 -4.305570 1.000000
aniFrame
  m_time -0.949000
  m_vertexTransformMat 0.423780 -0.430523 -0.796907 0.000000 -0.466549 0.650370 -0.599460 0.000000 0.776365 0.625835 0.074754 0.000000 7.147897 8.808560 -5.050696 1.000000
aniFrame
  m_time -0.910000
  m_vertexTransformMat 0.417119 -0.470544 -0.777561 0.000000 -0.456816 0.631071 -0.626952 0.000000 0.785704 0.616716 0.048280 0.000000 7.206321 9.414858 -5.405400 1.000000
aniFrame
  m_time -0.871000
  m_vertexTransformMat 0.410176 -0.467932 -0.782813 0.000000 -0.472091 0.625456 -0.621237 0.000000 0.780311 0.624375 0.035640 0.000000 7.211170 9.771077 -5.233973 1.000000
aniFrame
  m_time -0.832000
  m_vertexTransformMat 0.402040 -0.421052 -0.813068 0.000000 -0.513832 0.631234 -0.580965 0.000000 0.757852 0.651351 0.037431 0.000000 7.089891 9.870330 -4.626617 1.000000
aniFrame
  m_time -0.793000
  m_vertexTransformMat 0.387422 -0.346811 -0.854182 0.000000 -0.572219 0.635996 -0.517759 0.000000 0.722821 0.689370 0.047947 0.000000 6.909108 9.780682 -3.848495 1.000000
aniFrame
  m_time -0.754000
  m_vertexTransformMat 0.361424 -0.252173 -0.897653 0.000000 -0.639704 0.633347 -0.435488 0.000000 0.678345 0.731628 0.067590 0.000000 6.743039 9.518666 -3.066051 1.000000
aniFrame
  m_time -0.715000
  m_vertexTransformMat 0.322616 -0.146114 -0.935184 0.000000 -0.708315 0.618109 -0.340926 0.000000 0.627860 0.772394 0.095917 0.000000 6.635477 9.119252 -2.431530 1.000000
aniFrame
  m_time -0.676000
  m_vertexTransformMat 0.271161 -0.037799 -0.961791 0.000000 -0.771297 0.589243 -0.240612 0.000000 0.575824 0.807071 0.130625 0.000000 6.637625 8.629539 -1.981951 1.000000
aniFrame
  m_time -0.637000
  m_vertexTransformMat 0.210993 0.063527 -0.975421 0.000000 -0.823205 0.549629 -0.142271 0.000000 0.527082 0.832990 0.168264 0.000000 6.770302 8.112808 -1.713863 1.000000
aniFrame
  m_time -0.598000
  m_vertexTransformMat 0.148297 0.149704 -0.977546 0.000000 -0.860985 0.505846 -0.053148 0.000000 0.486531 0.849535 0.203909 0.000000 7.038157 7.641697 -1.627017 1.000000
aniFrame
  m_time -0.559000
  m_vertexTransformMat 0.092235 0.215195 -0.972206 0.000000 -0.884032 0.467019 0.019504 0.000000 0.458236 0.857662 0.233315 0.000000 7.395164 7.271297 -1.681305 1.000000
aniFrame
  m_time -0.520000
  m_vertexTransformMat 0.051489 0.255846 -0.965346 0.000000 -0.892180 0.446120 0.070648 0.000000 0.448735 0.857624 0.251231 0.000000 7.867178 7.022701 -1.868006 1.000000
aniFrame
  m_time -0.481000
  m_vertexTransformMat 0.034445 0.267181 -0.963031 0.000000 -0.880877 0.463294 0.097028 0.000000 0.472090 0.844970 0.251311 0.000000 8.617760 6.864693 -2.312701 1.000000
aniFrame
  m_time -0.442000
  m_vertexTransformMat 0.039405 0.255197 -0.966086 0.000000 -0.852626 0.512733 0.100664 0.000000 0.521033 0.819744 0.237792 0.000000 9.481618 6.722781 -2.871215 1.000000
aniFrame
  m_time -0.403000
  m_vertexTransformMat 0.059232 0.228296 -0.971789 0.000000 -0.814358 0.574071 0.085226 0.000000 0.577332 0.786336 0.219918 0.000000 10.122694 6.560523 -3.237283 1.000000
aniFrame
  m_time -0.364000
  m_vertexTransformMat 0.087127 0.193593 -0.977206 0.000000 -0.775475 0.628939 0.055457 0.000000 0.625338 0.752966 0.204924 0.000000 10.421769 6.412417 -3.280484 1.000000
aniFrame
  m_time -0.325000
  m_vertexTransformMat 0.118286 0.158709 -0.980214 0.000000 -0.747805 0.663695 0.017221 0.000000 0.653296 0.730972 0.197189 0.000000 10.450984 6.348300 -3.074224 1.000000
aniFrame
  m_time -0.286000
  m_vertexTransformMat 0.154202 0.122599 -0.980404 0.000000 -0.728251 0.684700 -0.028921 0.000000 0.667737 0.718440 0.194864 0.000000 10.306737 6.318533 -2.700279 1.000000
aniFrame
  m_time -0.247000
  m_vertexTransformMat 0.195616 0.081126 -0.977319 0.000000 -0.707934 0.701328 -0.083481 0.000000 0.678649 0.708207 0.194623 0.000000 10.076858 6.254004 -2.270995 1.000000
aniFrame
  m_time -0.208000
  m_vertexTransformMat 0.239424 0.035255 -0.970275 0.000000 -0.685929 0.713411 -0.143337 0.000000 0.687152 0.699858 0.194990 0.000000 9.773346 6.175185 -1.892208 1.000000
aniFrame
  m_time -0.169000
  m_vertexTransformMat 0.283512 -0.013376 -0.958875 0.000000 -0.662459 0.720241 -0.205917 0.000000 0.693375 0.693595 0.195336 0.000000 9.416108 6.109329 -1.654570 1.000000
aniFrame
  m_time -0.130000
  m_vertexTransformMat 0.326364 -0.063428 -0.943114 0.000000 -0.637181 0.722221 -0.269069 0.000000 0.698203 0.688748 0.195292 0.000000 8.999544 6.072980 -1.630858 1.000000
aniFrame
  m_time -0.091000
  m_vertexTransformMat 0.365237 -0.114522 -0.923844 0.000000 -0.609724 0.720484 -0.330364 0.000000 0.703448 0.683951 0.193320 0.000000 8.532673 6.089086 -1.819479 1.000000
aniFrame
  m_time -0.052000
  m_vertexTransformMat 0.398099 -0.165324 -0.902323 0.000000 -0.581396 0.715375 -0.387579 0.000000 0.709575 0.678901 0.188671 0.000000 8.062933 6.182964 -2.158840 1.000000
aniFrame
  m_time -0.013000
  m_vertexTransformMat 0.422551 -0.214196 -0.880665 0.000000 -0.553967 0.708009 -0.438001 0.000000 0.717336 0.672936 0.180513 0.000000 7.665007 6.369740 -2.569416 1.000000
aniFrame
  m_time 0.025000
  m_vertexTransformMat 0.437802 -0.269342 -0.857779 0.000000 -0.524829 0.698085 -0.487066 0.000000 0.729990 0.663425 0.164264 0.000000 7.340503 6.753907 -3.107624 1.000000
aniFrame
  m_time 0.064000
  m_vertexTransformMat 0.441929 -0.339977 -0.830129 0.000000 -0.492651 0.681370 -0.541322 0.000000 0.749662 0.648190 0.133627 0.000000 7.108365 7.444537 -3.909181 1.000000
aniFrame
  m_time 0.103000
  m_vertexTransformMat 0.435904 -0.409825 -0.801269 0.000000 -0.466057 0.658844 -0.590522 0.000000 0.769922 0.630847 0.096191 0.000000 7.025134 8.270947 -4.744961 1.000000
aniFrame
  m_time 0.142000
  m_vertexTransformMat 0.424012 -0.460197 -0.780021 0.000000 -0.454239 0.637048 -0.622766 0.000000 0.783505 0.618376 0.061077 0.000000 7.112910 9.048524 -5.294836 1.000000
aniFrame
  m_time 0.181000
  m_vertexTransformMat 0.412911 -0.474235 -0.777564 0.000000 -0.462663 0.626163 -0.627585 0.000000 0.784504 0.618887 0.039139 0.000000 7.212526 9.609215 -5.336568 1.000000
aniFrame
  m_time 0.220000
  m_vertexTransformMat 0.405378 -0.440828 -0.800837 0.000000 -0.496318 0.629551 -0.597775 0.000000 0.767683 0.639795 0.036415 0.000000 7.144952 9.848059 -4.860004 1.000000
aniFrame
  m_time 0.259000
  m_vertexTransformMat 0.393527 -0.375003 -0.839351 0.000000 -0.550447 0.635148 -0.541845 0.000000 0.736305 0.675249 0.043529 0.000000 6.974439 9.830695 -4.124606 1.000000
aniFrame
  m_time 0.298000
  m_vertexTransformMat 0.372099 -0.286874 -0.882749 0.000000 -0.615505 0.635603 -0.466007 0.000000 0.694763 0.716737 0.059935 0.000000 6.796313 9.626950 -3.325593 1.000000
aniFrame
  m_time 0.337000
  m_vertexTransformMat 0.337860 -0.183890 -0.923057 0.000000 -0.684495 0.625126 -0.375078 0.000000 0.646000 0.758552 0.085334 0.000000 6.662001 9.268345 -2.628527 1.000000
aniFrame
  m_time 0.376000
  m_vertexTransformMat 0.290543 -0.075229 -0.953901 0.000000 -0.750160 0.600957 -0.275881 0.000000 0.594007 0.795733 0.118170 0.000000 6.620707 8.800846 -2.115778 1.000000
aniFrame
  m_time 0.415000
  m_vertexTransformMat 0.232908 0.029631 -0.972047 0.000000 -0.806440 0.564510 -0.176020 0.000000 0.543515 0.824894 0.155375 0.000000 6.704777 8.284433 -1.782078 1.000000
aniFrame
  m_time 0.454000
  m_vertexTransformMat 0.170136 0.121995 -0.977840 0.000000 -0.849450 0.521136 -0.082781 0.000000 0.499489 0.844710 0.192292 0.000000 6.927724 7.789748 -1.634829 1.000000
aniFrame
  m_time 0.493000
  m_vertexTransformMat 0.110541 0.195351 -0.974484 0.000000 -0.877584 0.479411 -0.003443 0.000000 0.466505 0.855572 0.224431 0.000000 7.262311 7.376492 -1.647111 1.000000
aniFrame
  m_time 0.532000
  m_vertexTransformMat 0.063196 0.245408 -0.967358 0.000000 -0.891588 0.449401 0.055762 0.000000 0.448416 0.858961 0.247203 0.000000 7.669240 7.090046 -1.770853 1.000000
aniFrame
  m_time 0.571000
  m_vertexTransformMat 0.037507 0.266506 -0.963103 0.000000 -0.887264 0.452278 0.090598 0.000000 0.459735 0.851128 0.253424 0.000000 8.318676 6.915243 -2.123441 1.000000
aniFrame
  m_time 0.610000
  m_vertexTransformMat 0.035542 0.261510 -0.964547 0.000000 -0.864167 0.492807 0.101768 0.000000 0.501948 0.829912 0.243504 0.000000 9.182853 6.776605 -2.678817 1.000000
aniFrame
  m_time 0.649000
  m_vertexTransformMat 0.050993 0.239029 -0.969673 0.000000 -0.828513 0.552266 0.092566 0.000000 0.557643 0.798666 0.226200 0.000000 9.934029 6.620405 -3.141873 1.000000
aniFrame
  m_time 0.688000
  m_vertexTransformMat 0.076855 0.206109 -0.975506 0.000000 -0.788325 0.611588 0.067111 0.000000 0.610440 0.763858 0.209484 0.000000 10.351600 6.457840 -3.297775 1.000000
aniFrame
  m_time 0.727000
  m_vertexTransformMat 0.106952 0.170911 -0.979465 0.000000 -0.756236 0.653542 0.031462 0.000000 0.645498 0.737341 0.199147 0.000000 10.464702 6.363948 -3.169291 1.000000
aniFrame
  m_time 0.766000
  m_vertexTransformMat 0.140794 0.135956 -0.980660 0.000000 -0.735244 0.677703 -0.011605 0.000000 0.663018 0.722658 0.195378 0.000000 10.366030 6.335044 -2.842459 1.000000
aniFrame
  m_time 0.805000
  m_vertexTransformMat 0.180307 0.096174 -0.978898 0.000000 -0.715104 0.696144 -0.063324 0.000000 0.675364 0.711431 0.194294 0.000000 10.170981 6.277853 -2.424837 1.000000
aniFrame
  m_time 0.844000
  m_vertexTransformMat 0.223348 0.051746 -0.973364 0.000000 -0.693789 0.709862 -0.121459 0.000000 0.684669 0.702437 0.194447 0.000000 9.892120 6.200529 -2.018799 1.000000
aniFrame
  m_time 0.883000
  m_vertexTransformMat 0.267296 0.003827 -0.963607 0.000000 -0.670860 0.718590 -0.183236 0.000000 0.691736 0.695424 0.194644 0.000000 9.553954 6.128610 -1.723702 1.000000
aniFrame
  m_time 0.922000
  m_vertexTransformMat 0.310806 -0.045664 -0.949376 0.000000 -0.647043 0.721497 -0.246531 0.000000 0.696229 0.690911 0.194699 0.000000 9.153870 6.090491 -1.621577 1.000000
aniFrame
  m_time 0.961000
  m_vertexTransformMat 0.351508 -0.096814 -0.931165 0.000000 -0.619810 0.721367 -0.308975 0.000000 0.701624 0.685753 0.193560 0.000000 8.707788 6.082378 -1.741003 1.000000
aniFrame
  m_time 1.000000
  m_vertexTransformMat 0.386918 -0.147873 -0.910181 0.000000 -0.591582 0.717348 -0.368026 0.000000 0.707337 0.680842 0.190076 0.000000 8.232100 6.147168 -2.033059 1.000000
aniFrame
  m_time 1.039000
  m_vertexTransformMat 0.414788 -0.197933 -0.888129 0.000000 -0.563408 0.710573 -0.421494 0.000000 0.714508 0.675210 0.183220 0.000000 7.798162 6.303759 -2.429972 1.000000
aniFrame
  m_time 1.078000
  m_vertexTransformMat 0.433633 -0.248677 -0.866096 0.000000 -0.535468 0.701936 -0.469638 0.000000 0.724732 0.667417 0.171224 0.000000 7.446221 6.591586 -2.895286 1.000000
aniFrame
  m_time 1.117000
  m_vertexTransformMat 0.441823 -0.314187 -0.840285 0.000000 -0.503870 0.688055 -0.522203 0.000000 0.742231 0.654116 0.145689 0.000000 7.176000 7.176105 -3.606019 1.000000
aniFrame
  m_time 1.156000
  m_vertexTransformMat 0.439230 -0.386970 -0.810760 0.000000 -0.473782 0.666993 -0.575023 0.000000 0.763287 0.636691 0.109624 0.000000 7.032006 7.980478 -4.470571 1.000000
aniFrame
  m_time 1.195000
  m_vertexTransformMat 0.429196 -0.446361 -0.785209 0.000000 -0.455213 0.643966 -0.614890 0.000000 0.780110 0.621346 0.073198 0.000000 7.069472 8.793169 -5.149130 1.000000
aniFrame
  m_time 1.234000
  m_vertexTransformMat 0.417112 -0.474968 -0.774870 0.000000 -0.456108 0.628047 -0.630494 0.000000 0.786119 0.616411 0.045329 0.000000 7.192585 9.449160 -5.381006 1.000000
aniFrame
  m_time 1.273000
  m_vertexTransformMat 0.408684 -0.458029 -0.789423 0.000000 -0.480985 0.627003 -0.612797 0.000000 0.775649 0.630141 0.035941 0.000000 7.184288 9.804426 -5.077656 1.000000
aniFrame
  m_time 1.312000
  m_vertexTransformMat 0.399095 -0.401473 -0.824344 0.000000 -0.529579 0.633001 -0.564674 0.000000 0.748511 0.661913 0.040016 0.000000 7.036273 9.865118 -4.403987 1.000000
aniFrame
  m_time 1.351000
  m_vertexTransformMat 0.381297 -0.320231 -0.867217 0.000000 -0.591700 0.636221 -0.495091 0.000000 0.710284 0.701909 0.053108 0.000000 6.853963 9.719950 -3.605061 1.000000
aniFrame
  m_time 1.390000
  m_vertexTransformMat 0.351398 -0.221165 -0.909728 0.000000 -0.660409 0.630198 -0.408302 0.000000 0.663611 0.744269 0.075391 0.000000 6.700918 9.412443 -2.855911 1.000000
aniFrame
  m_time 1.429000
  m_vertexTransformMat 0.308491 -0.113442 -0.944439 0.000000 -0.728027 0.610858 -0.311176 0.000000 0.612218 0.783571 0.105856 0.000000 6.622544 8.978747 -2.278759 1.000000
aniFrame
  m_time 1.468000
  m_vertexTransformMat 0.253750 -0.006220 -0.967250 0.000000 -0.788148 0.578376 -0.210484 0.000000 0.560744 0.815746 0.141861 0.000000 6.666030 8.469792 -1.880982 1.000000
aniFrame
  m_time 1.507000
  m_vertexTransformMat 0.191787 0.091327 -0.977178 0.000000 -0.836079 0.536647 -0.113939 0.000000 0.513994 0.838850 0.179278 0.000000 6.846151 7.959710 -1.670807 1.000000
aniFrame
  m_time 1.546000
  m_vertexTransformMat 0.130107 0.171923 -0.976481 0.000000 -0.869399 0.493260 -0.028994 0.000000 0.476674 0.852724 0.213646 0.000000 7.144670 7.512157 -1.631236 1.000000
aniFrame
  m_time 1.585000
  m_vertexTransformMat 0.077815 0.230646 -0.969922 0.000000 -0.888455 0.457429 0.037497 0.000000 0.452319 0.858814 0.240513 0.000000 7.511156 7.180550 -1.711749 1.000000
aniFrame
  m_time 1.624000
  m_vertexTransformMat 0.043762 0.262297 -0.963995 0.000000 -0.890965 0.446768 0.081115 0.000000 0.451958 0.855335 0.253249 0.000000 8.060661 6.967995 -1.971483 1.000000
aniFrame
  m_time 1.663000
  m_vertexTransformMat 0.033970 0.265552 -0.963498 0.000000 -0.873866 0.475708 0.100302 0.000000 0.484979 0.838561 0.248217 0.000000 8.881162 6.823440 -2.483314 1.000000
aniFrame
  m_time 1.702000
  m_vertexTransformMat 0.044035 0.248446 -0.967644 0.000000 -0.842038 0.530464 0.097879 0.000000 0.537618 0.810483 0.232560 0.000000 9.706467 6.678109 -3.010668 1.000000
aniFrame
  m_time 1.741000
  m_vertexTransformMat 0.066951 0.218435 -0.973552 0.000000 -0.802420 0.591696 0.077576 0.000000 0.592992 0.776004 0.214892 0.000000 10.246641 6.513623 -3.283840 1.000000
aniFrame
  m_time 1.780000
  m_vertexTransformMat 0.096117 0.183107 -0.978383 0.000000 -0.765989 0.641293 0.044768 0.000000 0.635627 0.745127 0.201897 0.000000 10.454362 6.385722 -3.241398 1.000000
aniFrame
  m_time 1.819000
  m_vertexTransformMat 0.127932 0.148387 -0.980620 0.000000 -0.741948 0.670442 0.004657 0.000000 0.658139 0.726973 0.195866 0.000000 10.419652 6.345940 -2.975715 1.000000
aniFrame
  m_time 1.858000
  m_vertexTransformMat 0.163250 0.110451 -0.980383 0.000000 -0.722753 0.689790 -0.042638 0.000000 0.671548 0.715535 0.192437 0.000000 10.265106 6.333863 -2.593022 1.000000
aniFrame
  m_time 1.897000
  m_vertexTransformMat 0.201612 0.067509 -0.977137 0.000000 -0.703161 0.704465 -0.096412 0.000000 0.681849 0.706522 0.189498 0.000000 10.041956 6.333764 -2.202253 1.000000
aniFrame
  m_time 1.936000
  m_vertexTransformMat 0.241572 0.020887 -0.970158 0.000000 -0.682574 0.714281 -0.154585 0.000000 0.689736 0.699548 0.186807 0.000000 9.761634 6.347204 -1.888931 1.000000
aniFrame
  m_time 1.975000
  m_vertexTransformMat 0.282168 -0.028190 -0.958951 0.000000 -0.660545 0.719193 -0.215505 0.000000 0.695746 0.694238 0.184312 0.000000 9.431942 6.372991 -1.730546 1.000000
aniFrame
  m_time 2.014000
  m_vertexTransformMat 0.322334 -0.078612 -0.943356 0.000000 -0.636366 0.719775 -0.277420 0.000000 0.700813 0.689742 0.181982 0.000000 9.017992 6.403718 -1.787642 1.000000
aniFrame
  m_time 2.053000
  m_vertexTransformMat 0.361072 -0.129833 -0.923456 0.000000 -0.608606 0.717487 -0.338840 0.000000 0.706560 0.684366 0.180047 0.000000 8.531898 6.426376 -2.021421 1.000000
aniFrame
  m_time 2.092000
  m_vertexTransformMat 0.396644 -0.180272 -0.900098 0.000000 -0.578469 0.712261 -0.397565 0.000000 0.712774 0.678371 0.178232 0.000000 8.021929 6.448317 -2.357318 1.000000
aniFrame
  m_time 2.131000
  m_vertexTransformMat 0.427649 -0.228928 -0.874476 0.000000 -0.545938 0.705628 -0.451708 0.000000 0.720464 0.670582 0.176781 0.000000 7.564560 6.458336 -2.709232 1.000000
aniFrame
  m_time 2.133000
  m_vertexTransformMat 0.429036 -0.231886 -0.873016 0.000000 -0.544272 0.704975 -0.454730 0.000000 0.720900 0.670253 0.176250 0.000000 7.544331 6.470476 -2.732096 1.000000
