m_aniFrameList.size 202
aniFrame
  m_time -1.066000
  m_vertexTransformMat 0.429036 -0.231886 -0.873016 0.000000 -0.544272 0.704975 -0.454730 0.000000 0.720900 0.670253 0.176250 0.000000 7.544332 6.470477 -2.732095 1.000000
aniFrame
  m_time -1.050000
  m_vertexTransformMat 0.428942 -0.255212 -0.866531 0.000000 -0.535813 0.700410 -0.471519 0.000000 0.727264 0.666553 0.163689 0.000000 7.464221 6.765103 -3.004518 1.000000
aniFrame
  m_time -1.034000
  m_vertexTransformMat 0.428831 -0.280027 -0.858888 0.000000 -0.526707 0.694926 -0.489548 0.000000 0.733951 0.662316 0.150513 0.000000 7.387694 7.077956 -3.297373 1.000000
aniFrame
  m_time -1.018000
  m_vertexTransformMat 0.428900 -0.308715 -0.848964 0.000000 -0.515202 0.688371 -0.510599 0.000000 0.742032 0.656384 0.136192 0.000000 7.310349 7.409689 -3.636247 1.000000
aniFrame
  m_time -1.002000
  m_vertexTransformMat 0.428562 -0.338947 -0.837526 0.000000 -0.502808 0.680696 -0.532764 0.000000 0.750679 0.649437 0.121295 0.000000 7.241903 7.750741 -3.996510 1.000000
aniFrame
  m_time -0.986000
  m_vertexTransformMat 0.427784 -0.368779 -0.825229 0.000000 -0.490606 0.672061 -0.554653 0.000000 0.759149 0.642133 0.106572 0.000000 7.188766 8.086576 -4.349751 1.000000
aniFrame
  m_time -0.970000
  m_vertexTransformMat 0.426391 -0.397501 -0.812517 0.000000 -0.478973 0.662775 -0.575599 0.000000 0.767317 0.634604 0.092209 0.000000 7.153150 8.411917 -4.686938 1.000000
aniFrame
  m_time -0.954000
  m_vertexTransformMat 0.424362 -0.423058 -0.800587 0.000000 -0.469366 0.653318 -0.594030 0.000000 0.774346 0.627852 0.078674 0.000000 7.145775 8.717590 -4.972179 1.000000
aniFrame
  m_time -0.938000
  m_vertexTransformMat 0.422126 -0.445228 -0.789672 0.000000 -0.461513 0.644209 -0.609919 0.000000 0.780266 0.621907 0.066459 0.000000 7.158717 8.998274 -5.200508 1.000000
aniFrame
  m_time -0.922000
  m_vertexTransformMat 0.418991 -0.461616 -0.781894 0.000000 -0.457881 0.636199 -0.620964 0.000000 0.784087 0.618192 0.055196 0.000000 7.183979 9.248677 -5.350422 1.000000
aniFrame
  m_time -0.906000
  m_vertexTransformMat 0.416515 -0.472594 -0.776641 0.000000 -0.456855 0.629768 -0.628234 0.000000 0.786002 0.616480 0.046401 0.000000 7.213050 9.463747 -5.411675 1.000000
aniFrame
  m_time -0.890000
  m_vertexTransformMat 0.413437 -0.475149 -0.776726 0.000000 -0.460686 0.626647 -0.628556 0.000000 0.785391 0.617695 0.040185 0.000000 7.227946 9.627020 -5.381096 1.000000
aniFrame
  m_time -0.874000
  m_vertexTransformMat 0.410547 -0.469779 -0.781511 0.000000 -0.470056 0.625378 -0.622857 0.000000 0.781344 0.623066 0.035925 0.000000 7.216106 9.753004 -5.265591 1.000000
aniFrame
  m_time -0.858000
  m_vertexTransformMat 0.408323 -0.456490 -0.790500 0.000000 -0.482434 0.627244 -0.611410 0.000000 0.774939 0.631017 0.035892 0.000000 7.184181 9.825476 -5.062752 1.000000
aniFrame
  m_time -0.842000
  m_vertexTransformMat 0.404232 -0.435627 -0.804255 0.000000 -0.501147 0.630080 -0.593170 0.000000 0.765145 0.642828 0.036385 0.000000 7.132738 9.859993 -4.800390 1.000000
aniFrame
  m_time -0.826000
  m_vertexTransformMat 0.400790 -0.411438 -0.818588 0.000000 -0.521622 0.632056 -0.573076 0.000000 0.753179 0.656676 0.038707 0.000000 7.061828 9.869649 -4.514946 1.000000
aniFrame
  m_time -0.810000
  m_vertexTransformMat 0.395088 -0.381654 -0.835611 0.000000 -0.545170 0.634711 -0.547660 0.000000 0.739388 0.671924 0.042701 0.000000 6.988945 9.840089 -4.192354 1.000000
aniFrame
  m_time -0.794000
  m_vertexTransformMat 0.387882 -0.348970 -0.853093 0.000000 -0.570597 0.635962 -0.519587 0.000000 0.723855 0.688311 0.047556 0.000000 6.914005 9.785000 -3.869025 1.000000
aniFrame
  m_time -0.778000
  m_vertexTransformMat 0.379252 -0.312249 -0.871015 0.000000 -0.597434 0.636188 -0.488198 0.000000 0.706569 0.705525 0.054727 0.000000 6.839180 9.699220 -3.535462 1.000000
aniFrame
  m_time -0.762000
  m_vertexTransformMat 0.367783 -0.272716 -0.889023 0.000000 -0.625506 0.634871 -0.453520 0.000000 0.688097 0.722886 0.062910 0.000000 6.774035 9.583540 -3.216238 1.000000
aniFrame
  m_time -0.746000
  m_vertexTransformMat 0.354668 -0.231024 -0.906001 0.000000 -0.653912 0.631301 -0.416962 0.000000 0.668288 0.740328 0.072833 0.000000 6.713552 9.447547 -2.920689 1.000000
aniFrame
  m_time -0.730000
  m_vertexTransformMat 0.339272 -0.187547 -0.921803 0.000000 -0.682151 0.625704 -0.378372 0.000000 0.647738 0.757180 0.084348 0.000000 6.665198 9.282755 -2.649357 1.000000
aniFrame
  m_time -0.714000
  m_vertexTransformMat 0.321446 -0.143328 -0.936018 0.000000 -0.710033 0.617528 -0.338398 0.000000 0.626519 0.773380 0.096735 0.000000 6.634005 9.107875 -2.418026 1.000000
aniFrame
  m_time -0.698000
  m_vertexTransformMat 0.301668 -0.098434 -0.948318 0.000000 -0.736761 0.607237 -0.297400 0.000000 0.605128 0.788400 0.110662 0.000000 6.619894 8.907975 -2.211504 1.000000
aniFrame
  m_time -0.682000
  m_vertexTransformMat 0.279832 -0.054156 -0.958520 0.000000 -0.762174 0.594561 -0.256103 0.000000 0.583768 0.802225 0.125101 0.000000 6.627729 8.705468 -2.037846 1.000000
aniFrame
  m_time -0.666000
  m_vertexTransformMat 0.256265 -0.010712 -0.966547 0.000000 -0.785819 0.579965 -0.214775 0.000000 0.562864 0.814571 0.140207 0.000000 6.661557 8.493729 -1.894956 1.000000
aniFrame
  m_time -0.650000
  m_vertexTransformMat 0.231869 0.031329 -0.972242 0.000000 -0.807295 0.563801 -0.174363 0.000000 0.542689 0.825316 0.156020 0.000000 6.707147 8.275883 -1.778059 1.000000
aniFrame
  m_time -0.634000
  m_vertexTransformMat 0.206019 0.070752 -0.975987 0.000000 -0.826650 0.546310 -0.134892 0.000000 0.523647 0.834590 0.171037 0.000000 6.789819 8.074450 -1.702168 1.000000
aniFrame
  m_time -0.618000
  m_vertexTransformMat 0.180115 0.108138 -0.977683 0.000000 -0.843478 0.528342 -0.096953 0.000000 0.506066 0.842117 0.186374 0.000000 6.888898 7.865416 -1.648432 1.000000
aniFrame
  m_time -0.602000
  m_vertexTransformMat 0.154773 0.141869 -0.977711 0.000000 -0.857804 0.510253 -0.061753 0.000000 0.490119 0.848243 0.200669 0.000000 7.000622 7.684073 -1.626380 1.000000
aniFrame
  m_time -0.586000
  m_vertexTransformMat 0.129609 0.172535 -0.976439 0.000000 -0.869620 0.492908 -0.028334 0.000000 0.476406 0.852803 0.213925 0.000000 7.147561 7.508505 -1.631435 1.000000
aniFrame
  m_time -0.570000
  m_vertexTransformMat 0.106895 0.199465 -0.974057 0.000000 -0.878965 0.476885 0.001196 0.000000 0.464752 0.856034 0.226300 0.000000 7.286647 7.354278 -1.652685 1.000000
aniFrame
  m_time -0.554000
  m_vertexTransformMat 0.085875 0.222028 -0.971251 0.000000 -0.886078 0.462723 0.027434 0.000000 0.455512 0.858249 0.236470 0.000000 7.444165 7.232252 -1.693588 1.000000
aniFrame
  m_time -0.538000
  m_vertexTransformMat 0.067518 0.241261 -0.968109 0.000000 -0.890892 0.451414 0.050364 0.000000 0.449168 0.859080 0.245416 0.000000 7.614636 7.115019 -1.747415 1.000000
aniFrame
  m_time -0.522000
  m_vertexTransformMat 0.053027 0.254506 -0.965617 0.000000 -0.892225 0.446343 0.068646 0.000000 0.448467 0.857907 0.250745 0.000000 7.836289 7.032467 -1.852263 1.000000
aniFrame
  m_time -0.506000
  m_vertexTransformMat 0.042476 0.263288 -0.963782 0.000000 -0.890517 0.447323 0.082954 0.000000 0.452963 0.854741 0.253463 0.000000 8.102131 6.957911 -1.994802 1.000000
aniFrame
  m_time -0.490000
  m_vertexTransformMat 0.036118 0.267094 -0.962994 0.000000 -0.885358 0.455488 0.093127 0.000000 0.463506 0.849230 0.252925 0.000000 8.417333 6.898094 -2.184916 1.000000
aniFrame
  m_time -0.474000
  m_vertexTransformMat 0.033956 0.266412 -0.963261 0.000000 -0.876801 0.470505 0.099221 0.000000 0.479653 0.841219 0.249567 0.000000 8.776670 6.839422 -2.415515 1.000000
aniFrame
  m_time -0.458000
  m_vertexTransformMat 0.035096 0.262375 -0.964328 0.000000 -0.865976 0.489636 0.101704 0.000000 0.498853 0.831515 0.244395 0.000000 9.130611 6.785277 -2.644920 1.000000
aniFrame
  m_time -0.442000
  m_vertexTransformMat 0.039405 0.255197 -0.966086 0.000000 -0.852626 0.512733 0.100664 0.000000 0.521033 0.819744 0.237792 0.000000 9.481618 6.722781 -2.871215 1.000000
aniFrame
  m_time -0.426000
  m_vertexTransformMat 0.046062 0.245637 -0.968267 0.000000 -0.837895 0.537245 0.096433 0.000000 0.543884 0.806864 0.230565 0.000000 9.782181 6.660814 -3.055629 1.000000
aniFrame
  m_time -0.410000
  m_vertexTransformMat 0.054893 0.233920 -0.970705 0.000000 -0.821605 0.563032 0.089218 0.000000 0.567408 0.792639 0.223097 0.000000 10.031554 6.590652 -3.193402 1.000000
aniFrame
  m_time -0.394000
  m_vertexTransformMat 0.065115 0.220756 -0.973153 0.000000 -0.805182 0.587683 0.079438 0.000000 0.589442 0.778393 0.216016 0.000000 10.221320 6.524581 -3.276313 1.000000
aniFrame
  m_time -0.378000
  m_vertexTransformMat 0.076607 0.206415 -0.975461 0.000000 -0.788661 0.611126 0.067382 0.000000 0.610038 0.764146 0.209607 0.000000 10.349495 6.459137 -3.297868 1.000000
aniFrame
  m_time -0.362000
  m_vertexTransformMat 0.088643 0.191784 -0.977426 0.000000 -0.773765 0.631195 0.053676 0.000000 0.627240 0.751540 0.204346 0.000000 10.429258 6.407241 -3.275586 1.000000
aniFrame
  m_time -0.346000
  m_vertexTransformMat 0.101066 0.177453 -0.978926 0.000000 -0.761314 0.647225 0.038725 0.000000 0.640458 0.741356 0.200510 0.000000 10.462396 6.375077 -3.211152 1.000000
aniFrame
  m_time -0.330000
  m_vertexTransformMat 0.114078 0.163141 -0.979986 0.000000 -0.750668 0.660295 0.022537 0.000000 0.650756 0.733072 0.197790 0.000000 10.459531 6.352416 -3.112227 1.000000
aniFrame
  m_time -0.314000
  m_vertexTransformMat 0.127808 0.149025 -0.980539 0.000000 -0.742223 0.670134 0.005104 0.000000 0.657853 0.727126 0.196258 0.000000 10.419578 6.343962 -2.979088 1.000000
aniFrame
  m_time -0.298000
  m_vertexTransformMat 0.142355 0.134366 -0.980653 0.000000 -0.734383 0.678598 -0.013626 0.000000 0.663639 0.722115 0.195278 0.000000 10.359624 6.333040 -2.826185 1.000000
aniFrame
  m_time -0.282000
  m_vertexTransformMat 0.158293 0.118557 -0.980249 0.000000 -0.726210 0.686620 -0.034226 0.000000 0.669001 0.717285 0.194784 0.000000 10.287087 6.313336 -2.656374 1.000000
aniFrame
  m_time -0.266000
  m_vertexTransformMat 0.174697 0.101886 -0.979337 0.000000 -0.717909 0.693892 -0.055873 0.000000 0.673861 0.712835 0.194366 0.000000 10.202591 6.287730 -2.482578 1.000000
aniFrame
  m_time -0.250000
  m_vertexTransformMat 0.192229 0.084479 -0.977707 0.000000 -0.709519 0.700245 -0.078995 0.000000 0.677961 0.708887 0.194547 0.000000 10.098386 6.259322 -2.304460 1.000000
aniFrame
  m_time -0.234000
  m_vertexTransformMat 0.209787 0.066319 -0.975495 0.000000 -0.700891 0.705830 -0.102746 0.000000 0.681720 0.705270 0.194556 0.000000 9.984335 6.227789 -2.136446 1.000000
aniFrame
  m_time -0.218000
  m_vertexTransformMat 0.227652 0.047321 -0.972592 0.000000 -0.691643 0.710933 -0.127301 0.000000 0.685423 0.701666 0.194574 0.000000 9.861423 6.193347 -1.983482 1.000000
aniFrame
  m_time -0.202000
  m_vertexTransformMat 0.246192 0.028099 -0.968814 0.000000 -0.682664 0.714589 -0.152751 0.000000 0.688012 0.698980 0.195108 0.000000 9.719875 6.164478 -1.844227 1.000000
aniFrame
  m_time -0.186000
  m_vertexTransformMat 0.263460 0.008162 -0.964636 0.000000 -0.673065 0.717905 -0.177752 0.000000 0.691066 0.696093 0.194632 0.000000 9.584105 6.134254 -1.742916 1.000000
aniFrame
  m_time -0.170000
  m_vertexTransformMat 0.282346 -0.012172 -0.959235 0.000000 -0.663009 0.720197 -0.204292 0.000000 0.693325 0.693663 0.195275 0.000000 9.426785 6.110585 -1.658712 1.000000
aniFrame
  m_time -0.154000
  m_vertexTransformMat 0.299678 -0.031845 -0.953509 0.000000 -0.654155 0.720650 -0.229662 0.000000 0.694459 0.692568 0.195131 0.000000 9.260278 6.097430 -1.622624 1.000000
aniFrame
  m_time -0.138000
  m_vertexTransformMat 0.317217 -0.053220 -0.946858 0.000000 -0.642866 0.721950 -0.255952 0.000000 0.697206 0.689896 0.194801 0.000000 9.091865 6.084267 -1.623747 1.000000
aniFrame
  m_time -0.122000
  m_vertexTransformMat 0.334689 -0.073735 -0.939439 0.000000 -0.631775 0.722131 -0.281758 0.000000 0.699174 0.687816 0.195105 0.000000 8.910346 6.068978 -1.654070 1.000000
aniFrame
  m_time -0.106000
  m_vertexTransformMat 0.350180 -0.095042 -0.931848 0.000000 -0.620773 0.721441 -0.306863 0.000000 0.701438 0.685924 0.193634 0.000000 8.724695 6.081150 -1.733773 1.000000
aniFrame
  m_time -0.090000
  m_vertexTransformMat 0.366146 -0.115808 -0.923323 0.000000 -0.609013 0.720397 -0.331862 0.000000 0.703591 0.683826 0.193241 0.000000 8.521020 6.089838 -1.826633 1.000000
aniFrame
  m_time -0.074000
  m_vertexTransformMat 0.379673 -0.136801 -0.914950 0.000000 -0.597786 0.718524 -0.355493 0.000000 0.706046 0.681915 0.191027 0.000000 8.338792 6.121121 -1.960723 1.000000
aniFrame
  m_time -0.058000
  m_vertexTransformMat 0.393489 -0.157737 -0.905696 0.000000 -0.585771 0.716274 -0.379242 0.000000 0.708547 0.679758 0.189448 0.000000 8.132812 6.167235 -2.100541 1.000000
aniFrame
  m_time -0.042000
  m_vertexTransformMat 0.404957 -0.178092 -0.896824 0.000000 -0.574330 0.713653 -0.401054 0.000000 0.711446 0.677483 0.186716 0.000000 7.957791 6.219569 -2.264904 1.000000
aniFrame
  m_time -0.026000
  m_vertexTransformMat 0.415197 -0.198748 -0.887756 0.000000 -0.562940 0.710445 -0.422335 0.000000 0.714640 0.675106 0.183091 0.000000 7.791301 6.307086 -2.436746 1.000000
aniFrame
  m_time -0.010000
  m_vertexTransformMat 0.424081 -0.217832 -0.879036 0.000000 -0.551892 0.707419 -0.441559 0.000000 0.718032 0.672390 0.179783 0.000000 7.637720 6.386732 -2.601976 1.000000
aniFrame
  m_time 0.005000
  m_vertexTransformMat 0.431246 -0.239530 -0.869858 0.000000 -0.540284 0.703578 -0.461597 0.000000 0.722579 0.669031 0.174001 0.000000 7.498847 6.524969 -2.805309 1.000000
aniFrame
  m_time 0.021000
  m_vertexTransformMat 0.436730 -0.263099 -0.860259 0.000000 -0.527973 0.699293 -0.481907 0.000000 0.728362 0.664657 0.166492 0.000000 7.370117 6.702587 -3.042242 1.000000
aniFrame
  m_time 0.037000
  m_vertexTransformMat 0.440245 -0.289547 -0.849910 0.000000 -0.515229 0.693757 -0.503231 0.000000 0.735340 0.659443 0.156240 0.000000 7.258996 6.936403 -3.325747 1.000000
aniFrame
  m_time 0.053000
  m_vertexTransformMat 0.441973 -0.319236 -0.838301 0.000000 -0.501597 0.686819 -0.526004 0.000000 0.743680 0.652969 0.143428 0.000000 7.161029 7.227037 -3.664845 1.000000
aniFrame
  m_time 0.069000
  m_vertexTransformMat 0.441583 -0.349250 -0.826456 0.000000 -0.488896 0.678705 -0.548034 0.000000 0.752320 0.646053 0.128957 0.000000 7.089777 7.546701 -4.018966 1.000000
aniFrame
  m_time 0.085000
  m_vertexTransformMat 0.439958 -0.379145 -0.814056 0.000000 -0.476786 0.669562 -0.569528 0.000000 0.760994 0.638698 0.113808 0.000000 7.040534 7.887150 -4.376185 1.000000
aniFrame
  m_time 0.101000
  m_vertexTransformMat 0.436423 -0.406623 -0.802617 0.000000 -0.467077 0.660047 -0.588368 0.000000 0.769009 0.631661 0.098135 0.000000 7.024365 8.228676 -4.707384 1.000000
aniFrame
  m_time 0.117000
  m_vertexTransformMat 0.432614 -0.431433 -0.791651 0.000000 -0.459014 0.650353 -0.605267 0.000000 0.775984 0.625225 0.083318 0.000000 7.041906 8.565900 -4.986589 1.000000
aniFrame
  m_time 0.133000
  m_vertexTransformMat 0.427417 -0.451469 -0.783256 0.000000 -0.454552 0.641588 -0.617858 0.000000 0.781471 0.620113 0.069010 0.000000 7.083234 8.881446 -5.205302 1.000000
aniFrame
  m_time 0.149000
  m_vertexTransformMat 0.421791 -0.466068 -0.777736 0.000000 -0.454314 0.633686 -0.626133 0.000000 0.784660 0.617433 0.055542 0.000000 7.137340 9.174094 -5.344733 1.000000
aniFrame
  m_time 0.165000
  m_vertexTransformMat 0.417719 -0.474504 -0.774828 0.000000 -0.455609 0.628430 -0.630474 0.000000 0.786086 0.616379 0.046319 0.000000 7.187091 9.419748 -5.383667 1.000000
aniFrame
  m_time 0.181000
  m_vertexTransformMat 0.412911 -0.474235 -0.777564 0.000000 -0.462663 0.626163 -0.627585 0.000000 0.784504 0.618887 0.039139 0.000000 7.212526 9.609215 -5.336568 1.000000
aniFrame
  m_time 0.197000
  m_vertexTransformMat 0.409893 -0.466285 -0.783943 0.000000 -0.473745 0.625615 -0.619816 0.000000 0.779457 0.625447 0.035535 0.000000 7.200736 9.754376 -5.200911 1.000000
aniFrame
  m_time 0.213000
  m_vertexTransformMat 0.407244 -0.450179 -0.794665 0.000000 -0.487886 0.628309 -0.605967 0.000000 0.772088 0.634481 0.036239 0.000000 7.167281 9.828907 -4.974736 1.000000
aniFrame
  m_time 0.229000
  m_vertexTransformMat 0.402990 -0.427933 -0.808995 0.000000 -0.507933 0.630740 -0.586662 0.000000 0.761317 0.647334 0.036821 0.000000 7.110302 9.865105 -4.707633 1.000000
aniFrame
  m_time 0.245000
  m_vertexTransformMat 0.399204 -0.402081 -0.823995 0.000000 -0.529098 0.632943 -0.565189 0.000000 0.748793 0.661600 0.039933 0.000000 7.037807 9.865643 -4.410685 1.000000
aniFrame
  m_time 0.261000
  m_vertexTransformMat 0.392603 -0.370967 -0.841574 0.000000 -0.553622 0.635368 -0.538341 0.000000 0.734415 0.677268 0.044072 0.000000 6.965363 9.824136 -4.083911 1.000000
aniFrame
  m_time 0.277000
  m_vertexTransformMat 0.385322 -0.337221 -0.858958 0.000000 -0.579336 0.636124 -0.509623 0.000000 0.718259 0.693995 0.049748 0.000000 6.888110 9.760345 -3.758662 1.000000
aniFrame
  m_time 0.293000
  m_vertexTransformMat 0.375704 -0.299239 -0.877099 0.000000 -0.606720 0.635993 -0.476869 0.000000 0.700526 0.711315 0.057391 0.000000 6.816545 9.663289 -3.425643 1.000000
aniFrame
  m_time 0.309000
  m_vertexTransformMat 0.363582 -0.259093 -0.894807 0.000000 -0.634966 0.633915 -0.441554 0.000000 0.681635 0.728713 0.065965 0.000000 6.753266 9.540884 -3.115602 1.000000
aniFrame
  m_time 0.325000
  m_vertexTransformMat 0.349868 -0.216656 -0.911402 0.000000 -0.663357 0.629662 -0.404330 0.000000 0.661475 0.746047 0.076578 0.000000 6.695422 9.395931 -2.826897 1.000000
aniFrame
  m_time 0.341000
  m_vertexTransformMat 0.333543 -0.172891 -0.926746 0.000000 -0.691516 0.623270 -0.365158 0.000000 0.640746 0.762655 0.088330 0.000000 6.653049 9.225314 -2.568011 1.000000
aniFrame
  m_time 0.357000
  m_vertexTransformMat 0.315080 -0.128418 -0.940337 0.000000 -0.719111 0.614294 -0.324844 0.000000 0.619359 0.778558 0.101205 0.000000 6.627273 9.045264 -2.347451 1.000000
aniFrame
  m_time 0.373000
  m_vertexTransformMat 0.294611 -0.083541 -0.951959 0.000000 -0.745371 0.603309 -0.283621 0.000000 0.598019 0.793120 0.115472 0.000000 6.619639 8.838664 -2.148758 1.000000
aniFrame
  m_time 0.389000
  m_vertexTransformMat 0.272136 -0.039612 -0.961443 0.000000 -0.770297 0.589845 -0.242334 0.000000 0.576702 0.806544 0.130005 0.000000 6.636347 8.638114 -1.987988 1.000000
aniFrame
  m_time 0.405000
  m_vertexTransformMat 0.248215 0.003582 -0.968698 0.000000 -0.793196 0.574796 -0.201120 0.000000 0.556083 0.818289 0.145514 0.000000 6.675517 8.418080 -1.851538 1.000000
aniFrame
  m_time 0.421000
  m_vertexTransformMat 0.223448 0.044739 -0.973689 0.000000 -0.814004 0.558055 -0.161161 0.000000 0.536161 0.828597 0.161114 0.000000 6.728936 8.208589 -1.748603 1.000000
aniFrame
  m_time 0.437000
  m_vertexTransformMat 0.197189 0.083474 -0.976806 0.000000 -0.832542 0.540386 -0.121887 0.000000 0.517678 0.837266 0.176054 0.000000 6.825716 8.003990 -1.682569 1.000000
aniFrame
  m_time 0.453000
  m_vertexTransformMat 0.171712 0.119851 -0.977830 0.000000 -0.848533 0.522272 -0.084992 0.000000 0.500507 0.844315 0.191378 0.000000 6.921281 7.801306 -1.636570 1.000000
aniFrame
  m_time 0.469000
  m_vertexTransformMat 0.146151 0.152296 -0.977470 0.000000 -0.862011 0.504387 -0.050301 0.000000 0.485362 0.849941 0.204997 0.000000 7.050900 7.627212 -1.627378 1.000000
aniFrame
  m_time 0.485000
  m_vertexTransformMat 0.121784 0.182077 -0.975714 0.000000 -0.873015 0.487361 -0.018020 0.000000 0.472243 0.854007 0.218309 0.000000 7.193199 7.451997 -1.635644 1.000000
aniFrame
  m_time 0.501000
  m_vertexTransformMat 0.099699 0.207227 -0.973199 0.000000 -0.881516 0.472045 0.010208 0.000000 0.461509 0.856872 0.229737 0.000000 7.339017 7.314109 -1.666693 1.000000
aniFrame
  m_time 0.517000
  m_vertexTransformMat 0.079384 0.228978 -0.970190 0.000000 -0.888017 0.458435 0.035537 0.000000 0.452906 0.858723 0.239729 0.000000 7.497460 7.190723 -1.707799 1.000000
aniFrame
  m_time 0.533000
  m_vertexTransformMat 0.062244 0.246280 -0.967198 0.000000 -0.891704 0.449021 0.056950 0.000000 0.448318 0.858910 0.247558 0.000000 7.682619 7.084970 -1.777072 1.000000
aniFrame
  m_time 0.549000
  m_vertexTransformMat 0.049064 0.257931 -0.964917 0.000000 -0.892002 0.445959 0.073852 0.000000 0.449362 0.857084 0.251956 0.000000 7.920131 7.006580 -1.895476 1.000000
aniFrame
  m_time 0.565000
  m_vertexTransformMat 0.039866 0.265138 -0.963386 0.000000 -0.889221 0.449165 0.086820 0.000000 0.455738 0.853202 0.253672 0.000000 8.200472 6.936731 -2.051839 1.000000
aniFrame
  m_time 0.581000
  m_vertexTransformMat 0.034975 0.267302 -0.962978 0.000000 -0.882819 0.459885 0.095591 0.000000 0.468410 0.846791 0.252064 0.000000 8.535021 6.878265 -2.259596 1.000000
aniFrame
  m_time 0.597000
  m_vertexTransformMat 0.033992 0.265409 -0.963537 0.000000 -0.873435 0.476471 0.100432 0.000000 0.485753 0.838173 0.248014 0.000000 8.895884 6.821235 -2.492854 1.000000
aniFrame
  m_time 0.613000
  m_vertexTransformMat 0.036215 0.260300 -0.964849 0.000000 -0.861762 0.497008 0.101739 0.000000 0.506020 0.827784 0.242316 0.000000 9.249937 6.765123 -2.722303 1.000000
aniFrame
  m_time 0.629000
  m_vertexTransformMat 0.041394 0.252242 -0.966779 0.000000 -0.847833 0.520828 0.099588 0.000000 0.528645 0.815544 0.235418 0.000000 9.589259 6.701864 -2.938966 1.000000
aniFrame
  m_time 0.645000
  m_vertexTransformMat 0.048794 0.241947 -0.969062 0.000000 -0.832594 0.545789 0.094345 0.000000 0.551730 0.802232 0.228075 0.000000 9.870980 6.638092 -3.106799 1.000000
aniFrame
  m_time 0.661000
  m_vertexTransformMat 0.058181 0.229655 -0.971532 0.000000 -0.816074 0.571481 0.086218 0.000000 0.575012 0.787825 0.220665 0.000000 10.102104 6.567494 -3.227846 1.000000
aniFrame
  m_time 0.677000
  m_vertexTransformMat 0.068826 0.216080 -0.973947 0.000000 -0.799647 0.595686 0.075651 0.000000 0.596513 0.773607 0.213786 0.000000 10.270288 6.502559 -3.289661 1.000000
aniFrame
  m_time 0.693000
  m_vertexTransformMat 0.080600 0.201511 -0.976164 0.000000 -0.783395 0.618327 0.062959 0.000000 0.616275 0.759648 0.207700 0.000000 10.380835 6.439302 -3.294376 1.000000
aniFrame
  m_time 0.709000
  m_vertexTransformMat 0.092723 0.186983 -0.977978 0.000000 -0.769382 0.636920 0.048829 0.000000 0.632023 0.747910 0.202918 0.000000 10.445290 6.394883 -3.258832 1.000000
aniFrame
  m_time 0.725000
  m_vertexTransformMat 0.105334 0.172697 -0.979327 0.000000 -0.757588 0.651875 0.033469 0.000000 0.644178 0.738400 0.199498 0.000000 10.464721 6.366848 -3.181331 1.000000
aniFrame
  m_time 0.741000
  m_vertexTransformMat 0.118569 0.158416 -0.980228 0.000000 -0.747623 0.663909 0.016862 0.000000 0.653453 0.730841 0.197154 0.000000 10.450264 6.348094 -3.071550 1.000000
aniFrame
  m_time 0.757000
  m_vertexTransformMat 0.132561 0.144265 -0.980620 0.000000 -0.739673 0.672966 -0.000985 0.000000 0.659782 0.725468 0.195918 0.000000 10.400377 6.341989 -2.929160 1.000000
aniFrame
  m_time 0.773000
  m_vertexTransformMat 0.147510 0.129204 -0.980585 0.000000 -0.731649 0.681380 -0.020282 0.000000 0.665531 0.720436 0.195043 0.000000 10.337448 6.326678 -2.771790 1.000000
aniFrame
  m_time 0.789000
  m_vertexTransformMat 0.163781 0.113083 -0.979994 0.000000 -0.723475 0.689109 -0.041393 0.000000 0.670642 0.715780 0.194676 0.000000 10.259802 6.305816 -2.597601 1.000000
aniFrame
  m_time 0.805000
  m_vertexTransformMat 0.180307 0.096174 -0.978898 0.000000 -0.715104 0.696144 -0.063324 0.000000 0.675364 0.711431 0.194294 0.000000 10.170981 6.277853 -2.424837 1.000000
aniFrame
  m_time 0.821000
  m_vertexTransformMat 0.198233 0.078500 -0.977006 0.000000 -0.706693 0.702155 -0.086971 0.000000 0.679182 0.707684 0.194666 0.000000 10.060032 6.249741 -2.245425 1.000000
aniFrame
  m_time 0.837000
  m_vertexTransformMat 0.215417 0.060104 -0.974671 0.000000 -0.697871 0.707632 -0.110603 0.000000 0.683061 0.704020 0.194380 0.000000 9.946813 6.215384 -2.086378 1.000000
aniFrame
  m_time 0.853000
  m_vertexTransformMat 0.233962 0.040873 -0.971386 0.000000 -0.688559 0.712339 -0.135868 0.000000 0.686403 0.700645 0.194804 0.000000 9.814990 6.183472 -1.933500 1.000000
aniFrame
  m_time 0.869000
  m_vertexTransformMat 0.251863 0.021741 -0.967519 0.000000 -0.679778 0.715556 -0.160880 0.000000 0.688816 0.698217 0.195001 0.000000 9.674150 6.154259 -1.807675 1.000000
aniFrame
  m_time 0.885000
  m_vertexTransformMat 0.269643 0.001236 -0.962959 0.000000 -0.669547 0.718959 -0.186560 0.000000 0.692098 0.695051 0.194690 0.000000 9.535168 6.125417 -1.712428 1.000000
aniFrame
  m_time 0.901000
  m_vertexTransformMat 0.288396 -0.018478 -0.957333 0.000000 -0.660222 0.720296 -0.212794 0.000000 0.693495 0.693421 0.195530 0.000000 9.369660 6.104131 -1.639430 1.000000
aniFrame
  m_time 0.917000
  m_vertexTransformMat 0.305335 -0.038933 -0.951449 0.000000 -0.650612 0.721054 -0.238297 0.000000 0.695324 0.691784 0.194833 0.000000 9.206112 6.094433 -1.621030 1.000000
aniFrame
  m_time 0.933000
  m_vertexTransformMat 0.323363 -0.060076 -0.944366 0.000000 -0.639022 0.722189 -0.264752 0.000000 0.697916 0.689082 0.195140 0.000000 9.030448 6.076616 -1.627349 1.000000
aniFrame
  m_time 0.949000
  m_vertexTransformMat 0.339885 -0.080784 -0.936991 0.000000 -0.628182 0.721957 -0.290112 0.000000 0.699904 0.687206 0.194635 0.000000 8.851054 6.071133 -1.677520 1.000000
aniFrame
  m_time 0.965000
  m_vertexTransformMat 0.355606 -0.102078 -0.929045 0.000000 -0.616856 0.721142 -0.315346 0.000000 0.702163 0.685226 0.193475 0.000000 8.655375 6.085226 -1.762150 1.000000
aniFrame
  m_time 0.981000
  m_vertexTransformMat 0.370801 -0.122715 -0.920569 0.000000 -0.605271 0.719868 -0.339761 0.000000 0.704382 0.683177 0.192652 0.000000 8.460516 6.096126 -1.867968 1.000000
aniFrame
  m_time 0.997000
  m_vertexTransformMat 0.384230 -0.143905 -0.911953 0.000000 -0.593876 0.717770 -0.363479 0.000000 0.706879 0.681247 0.190327 0.000000 8.272336 6.137792 -2.007743 1.000000
aniFrame
  m_time 1.013000
  m_vertexTransformMat 0.397608 -0.164481 -0.902693 0.000000 -0.581875 0.715479 -0.386666 0.000000 0.709457 0.678996 0.188773 0.000000 8.070381 6.181067 -2.152132 1.000000
aniFrame
  m_time 1.029000
  m_vertexTransformMat 0.408394 -0.185043 -0.893853 0.000000 -0.570572 0.712608 -0.408212 0.000000 0.712504 0.676719 0.185444 0.000000 7.903553 6.246658 -2.323704 1.000000
aniFrame
  m_time 1.045000
  m_vertexTransformMat 0.418356 -0.205127 -0.884817 0.000000 -0.559236 0.709444 -0.428887 0.000000 0.715704 0.674249 0.182086 0.000000 7.737772 6.332348 -2.490474 1.000000
aniFrame
  m_time 1.061000
  m_vertexTransformMat 0.426651 -0.224585 -0.876088 0.000000 -0.548145 0.706282 -0.447999 0.000000 0.719379 0.671363 0.178231 0.000000 7.590483 6.423078 -2.663722 1.000000
aniFrame
  m_time 1.077000
  m_vertexTransformMat 0.433274 -0.247223 -0.866692 0.000000 -0.536234 0.702196 -0.468373 0.000000 0.724380 0.667683 0.171674 0.000000 7.454408 6.580845 -2.880806 1.000000
aniFrame
  m_time 1.093000
  m_vertexTransformMat 0.438130 -0.271470 -0.856940 0.000000 -0.523776 0.697660 -0.488805 0.000000 0.730548 0.663005 0.163476 0.000000 7.330903 6.771948 -3.130131 1.000000
aniFrame
  m_time 1.109000
  m_vertexTransformMat 0.441029 -0.299222 -0.846144 0.000000 -0.510735 0.691570 -0.510766 0.000000 0.738000 0.657418 0.152179 0.000000 7.224587 7.028884 -3.434182 1.000000
aniFrame
  m_time 1.125000
  m_vertexTransformMat 0.442087 -0.329337 -0.834324 0.000000 -0.497148 0.684248 -0.533524 0.000000 0.746594 0.650647 0.138768 0.000000 7.133489 7.331154 -3.783451 1.000000
aniFrame
  m_time 1.141000
  m_vertexTransformMat 0.441168 -0.359255 -0.822379 0.000000 -0.484809 0.675744 -0.555275 0.000000 0.755203 0.643666 0.123946 0.000000 7.071157 7.658517 -4.137853 1.000000
aniFrame
  m_time 1.157000
  m_vertexTransformMat 0.439038 -0.388742 -0.810016 0.000000 -0.473122 0.666398 -0.576255 0.000000 0.763807 0.636234 0.108652 0.000000 7.030433 8.001970 -4.491973 1.000000
aniFrame
  m_time 1.173000
  m_vertexTransformMat 0.435106 -0.415139 -0.798964 0.000000 -0.464314 0.656818 -0.594141 0.000000 0.771424 0.629484 0.093030 0.000000 7.027264 8.341607 -4.805988 1.000000
aniFrame
  m_time 1.189000
  m_vertexTransformMat 0.431152 -0.438851 -0.788364 0.000000 -0.456894 0.647254 -0.610173 0.000000 0.778047 0.623276 0.078556 0.000000 7.053563 8.674834 -5.067319 1.000000
aniFrame
  m_time 1.205000
  m_vertexTransformMat 0.425332 -0.456766 -0.781318 0.000000 -0.454294 0.638907 -0.620819 0.000000 0.782758 0.619002 0.064241 0.000000 7.100363 8.980670 -5.261456 1.000000
aniFrame
  m_time 1.221000
  m_vertexTransformMat 0.420340 -0.469768 -0.776294 0.000000 -0.454509 0.631466 -0.628230 0.000000 0.785325 0.616903 0.051917 0.000000 7.155452 9.263738 -5.369450 1.000000
aniFrame
  m_time 1.237000
  m_vertexTransformMat 0.416229 -0.475304 -0.775139 0.000000 -0.457065 0.627588 -0.630259 0.000000 0.786032 0.616620 0.043975 0.000000 7.198996 9.486033 -5.375756 1.000000
aniFrame
  m_time 1.253000
  m_vertexTransformMat 0.411570 -0.472400 -0.779390 0.000000 -0.466226 0.625677 -0.625430 0.000000 0.783099 0.620780 0.037264 0.000000 7.212417 9.664349 -5.302222 1.000000
aniFrame
  m_time 1.269000
  m_vertexTransformMat 0.409312 -0.462009 -0.786773 0.000000 -0.477550 0.626286 -0.616209 0.000000 0.777438 0.627945 0.035714 0.000000 7.192304 9.785773 -5.134250 1.000000
aniFrame
  m_time 1.285000
  m_vertexTransformMat 0.405840 -0.443127 -0.799332 0.000000 -0.494231 0.629278 -0.599787 0.000000 0.768784 0.638472 0.036379 0.000000 7.150653 9.844003 -4.887712 1.000000
aniFrame
  m_time 1.301000
  m_vertexTransformMat 0.401907 -0.420045 -0.813654 0.000000 -0.514675 0.631309 -0.580137 0.000000 0.757351 0.651928 0.037541 0.000000 7.086979 9.871066 -4.614880 1.000000
aniFrame
  m_time 1.317000
  m_vertexTransformMat 0.397290 -0.392095 -0.829712 0.000000 -0.536974 0.633865 -0.556663 0.000000 0.744190 0.666691 0.041284 0.000000 7.013410 9.855191 -4.302346 1.000000
aniFrame
  m_time 1.333000
  m_vertexTransformMat 0.390214 -0.360133 -0.847371 0.000000 -0.562082 0.635756 -0.529035 0.000000 0.729244 0.682729 0.045657 0.000000 6.940243 9.805719 -3.976738 1.000000
aniFrame
  m_time 1.349000
  m_vertexTransformMat 0.382458 -0.324949 -0.864948 0.000000 -0.588292 0.636214 -0.499144 0.000000 0.712488 0.699743 0.052161 0.000000 6.863064 9.731695 -3.646984 1.000000
aniFrame
  m_time 1.365000
  m_vertexTransformMat 0.371851 -0.286046 -0.883122 0.000000 -0.616092 0.635569 -0.465277 0.000000 0.694375 0.717098 0.060106 0.000000 6.794991 9.624453 -3.319052 1.000000
aniFrame
  m_time 1.381000
  m_vertexTransformMat 0.359222 -0.245186 -0.900469 0.000000 -0.644443 0.632721 -0.429368 0.000000 0.675020 0.734539 0.069279 0.000000 6.732982 9.495748 -3.017033 1.000000
aniFrame
  m_time 1.397000
  m_vertexTransformMat 0.344754 -0.202140 -0.916670 0.000000 -0.672769 0.627803 -0.391465 0.000000 0.654619 0.751666 0.080444 0.000000 6.679143 9.340752 -2.736151 1.000000
aniFrame
  m_time 1.413000
  m_vertexTransformMat 0.327600 -0.158154 -0.931486 0.000000 -0.700823 0.620531 -0.351835 0.000000 0.633660 0.768068 0.092448 0.000000 6.642621 9.167499 -2.491247 1.000000
aniFrame
  m_time 1.429000
  m_vertexTransformMat 0.308491 -0.113442 -0.944439 0.000000 -0.728027 0.610858 -0.311176 0.000000 0.612218 0.783571 0.105856 0.000000 6.622544 8.978747 -2.278759 1.000000
aniFrame
  m_time 1.445000
  m_vertexTransformMat 0.287330 -0.068791 -0.955358 0.000000 -0.753854 0.599066 -0.269862 0.000000 0.590886 0.797740 0.120271 0.000000 6.622178 8.771758 -2.091155 1.000000
aniFrame
  m_time 1.461000
  m_vertexTransformMat 0.264267 -0.025138 -0.964122 0.000000 -0.778189 0.584965 -0.228554 0.000000 0.569723 0.810669 0.135025 0.000000 6.647807 8.568059 -1.940673 1.000000
aniFrame
  m_time 1.477000
  m_vertexTransformMat 0.240108 0.017608 -0.970587 0.000000 -0.800356 0.569396 -0.187666 0.000000 0.549344 0.821874 0.150809 0.000000 6.689940 8.345461 -1.812390 1.000000
aniFrame
  m_time 1.493000
  m_vertexTransformMat 0.214825 0.057864 -0.974937 0.000000 -0.820463 0.552206 -0.148013 0.000000 0.529802 0.831697 0.166103 0.000000 6.756397 8.142128 -1.723612 1.000000
aniFrame
  m_time 1.509000
  m_vertexTransformMat 0.188580 0.095982 -0.977356 0.000000 -0.838149 0.534391 -0.109239 0.000000 0.511805 0.839770 0.181223 0.000000 6.857940 7.933439 -1.664139 1.000000
aniFrame
  m_time 1.525000
  m_vertexTransformMat 0.163289 0.131088 -0.977831 0.000000 -0.853310 0.516227 -0.073290 0.000000 0.495175 0.846361 0.196153 0.000000 6.957690 7.741227 -1.629169 1.000000
aniFrame
  m_time 1.541000
  m_vertexTransformMat 0.137732 0.162560 -0.977039 0.000000 -0.865951 0.498598 -0.039115 0.000000 0.480791 0.851455 0.209442 0.000000 7.100384 7.567809 -1.628972 1.000000
aniFrame
  m_time 1.557000
  m_vertexTransformMat 0.114232 0.191078 -0.974906 0.000000 -0.876132 0.482003 -0.008188 0.000000 0.468343 0.855081 0.222469 0.000000 7.238833 7.400225 -1.642471 1.000000
aniFrame
  m_time 1.573000
  m_vertexTransformMat 0.092667 0.214732 -0.972267 0.000000 -0.883890 0.467312 0.018966 0.000000 0.458424 0.857619 0.233103 0.000000 7.391897 7.273875 -1.680482 1.000000
aniFrame
  m_time 1.589000
  m_vertexTransformMat 0.073248 0.235440 -0.969125 0.000000 -0.889642 0.454610 0.043203 0.000000 0.450745 0.859010 0.242757 0.000000 7.553621 7.150997 -1.725055 1.000000
aniFrame
  m_time 1.605000
  m_vertexTransformMat 0.057423 0.250619 -0.966382 0.000000 -0.892122 0.447379 0.063011 0.000000 0.448130 0.858512 0.249273 0.000000 7.757129 7.058681 -1.812875 1.000000
aniFrame
  m_time 1.621000
  m_vertexTransformMat 0.045544 0.260870 -0.964299 0.000000 -0.891438 0.446270 0.078625 0.000000 0.450849 0.856031 0.252874 0.000000 8.008718 6.981499 -1.942856 1.000000
aniFrame
  m_time 1.637000
  m_vertexTransformMat 0.037737 0.266388 -0.963127 0.000000 -0.887509 0.451874 0.090208 0.000000 0.459242 0.851380 0.253475 0.000000 8.305017 6.917663 -2.115038 1.000000
aniFrame
  m_time 1.653000
  m_vertexTransformMat 0.034269 0.267059 -0.963071 0.000000 -0.879948 0.464934 0.097615 0.000000 0.473833 0.844107 0.250931 0.000000 8.655604 6.858575 -2.337114 1.000000
aniFrame
  m_time 1.669000
  m_vertexTransformMat 0.034348 0.264083 -0.963889 0.000000 -0.869875 0.482766 0.101268 0.000000 0.492075 0.834984 0.246301 0.000000 9.012177 6.803997 -2.568113 1.000000
aniFrame
  m_time 1.685000
  m_vertexTransformMat 0.037665 0.257896 -0.965438 0.000000 -0.857291 0.504750 0.101387 0.000000 0.513453 0.823843 0.240103 0.000000 9.367734 6.744085 -2.798365 1.000000
aniFrame
  m_time 1.701000
  m_vertexTransformMat 0.043595 0.249069 -0.967504 0.000000 -0.842969 0.528927 0.098181 0.000000 0.536193 0.811296 0.233015 0.000000 9.688588 6.681910 -2.999896 1.000000
aniFrame
  m_time 1.717000
  m_vertexTransformMat 0.051751 0.238030 -0.969878 0.000000 -0.827139 0.554427 0.091934 0.000000 0.559610 0.797466 0.225576 0.000000 9.954317 6.614450 -3.152890 1.000000
aniFrame
  m_time 1.733000
  m_vertexTransformMat 0.061577 0.225273 -0.972348 0.000000 -0.810628 0.579655 0.082959 0.000000 0.582315 0.783104 0.218306 0.000000 10.165422 6.545826 -3.255733 1.000000
aniFrame
  m_time 1.749000
  m_vertexTransformMat 0.072669 0.211286 -0.974720 0.000000 -0.794109 0.603540 0.071623 0.000000 0.603415 0.768829 0.211643 0.000000 10.312834 6.480490 -3.296566 1.000000
aniFrame
  m_time 1.765000
  m_vertexTransformMat 0.084616 0.196622 -0.976821 0.000000 -0.778412 0.625033 0.058383 0.000000 0.622025 0.755429 0.205941 0.000000 10.407446 6.421827 -3.286946 1.000000
aniFrame
  m_time 1.781000
  m_vertexTransformMat 0.096902 0.182214 -0.978472 0.000000 -0.765229 0.642265 0.043821 0.000000 0.636424 0.744508 0.201672 0.000000 10.456014 6.383812 -3.236968 1.000000
aniFrame
  m_time 1.797000
  m_vertexTransformMat 0.109698 0.167930 -0.979676 0.000000 -0.754030 0.656241 0.028057 0.000000 0.647615 0.735628 0.198612 0.000000 10.463616 6.358974 -3.148140 1.000000
aniFrame
  m_time 1.813000
  m_vertexTransformMat 0.122865 0.153696 -0.980450 0.000000 -0.744867 0.667119 0.011235 0.000000 0.655803 0.728924 0.196448 0.000000 10.437968 6.346904 -3.028499 1.000000
aniFrame
  m_time 1.829000
  m_vertexTransformMat 0.136569 0.139325 -0.980784 0.000000 -0.737199 0.675643 -0.006673 0.000000 0.661730 0.723944 0.194982 0.000000 10.384422 6.344249 -2.883091 1.000000
aniFrame
  m_time 1.845000
  m_vertexTransformMat 0.151029 0.123797 -0.980747 0.000000 -0.729215 0.683792 -0.025981 0.000000 0.667410 0.719099 0.193547 0.000000 10.323303 6.337617 -2.727153 1.000000
aniFrame
  m_time 1.861000
  m_vertexTransformMat 0.166087 0.107304 -0.980256 0.000000 -0.721256 0.691102 -0.046553 0.000000 0.672461 0.714747 0.192177 0.000000 10.250767 6.332963 -2.562287 1.000000
aniFrame
  m_time 1.877000
  m_vertexTransformMat 0.181563 0.090109 -0.979242 0.000000 -0.713254 0.697594 -0.068054 0.000000 0.676981 0.710805 0.190928 0.000000 10.165870 6.330236 -2.399746 1.000000
aniFrame
  m_time 1.893000
  m_vertexTransformMat 0.197651 0.072095 -0.977618 0.000000 -0.705211 0.703170 -0.090721 0.000000 0.680891 0.707358 0.189824 0.000000 10.067170 6.333501 -2.239475 1.000000
aniFrame
  m_time 1.909000
  m_vertexTransformMat 0.213744 0.053511 -0.975423 0.000000 -0.696935 0.708036 -0.113876 0.000000 0.684541 0.704147 0.188632 0.000000 9.961647 6.335937 -2.094972 1.000000
aniFrame
  m_time 1.925000
  m_vertexTransformMat 0.230604 0.034257 -0.972445 0.000000 -0.688533 0.711916 -0.138199 0.000000 0.687564 0.701429 0.187758 0.000000 9.841638 6.345509 -1.961593 1.000000
aniFrame
  m_time 1.941000
  m_vertexTransformMat 0.246677 0.014611 -0.968988 0.000000 -0.679699 0.715322 -0.162247 0.000000 0.690767 0.698643 0.186384 0.000000 9.724648 6.348997 -1.859274 1.000000
aniFrame
  m_time 1.957000
  m_vertexTransformMat 0.263841 -0.005777 -0.964549 0.000000 -0.670428 0.717844 -0.187687 0.000000 0.693480 0.696180 0.185523 0.000000 9.593204 6.361832 -1.776171 1.000000
aniFrame
  m_time 1.973000
  m_vertexTransformMat 0.280166 -0.025593 -0.959611 0.000000 -0.661749 0.719016 -0.212379 0.000000 0.695410 0.694522 0.184508 0.000000 9.449863 6.371478 -1.732579 1.000000
aniFrame
  m_time 1.989000
  m_vertexTransformMat 0.296826 -0.046758 -0.953787 0.000000 -0.651563 0.720267 -0.238081 0.000000 0.698112 0.692120 0.183328 0.000000 9.296416 6.385674 -1.728041 1.000000
aniFrame
  m_time 2.005000
  m_vertexTransformMat 0.313624 -0.066907 -0.947188 0.000000 -0.641984 0.720044 -0.263429 0.000000 0.699641 0.690696 0.182870 0.000000 9.118276 6.395153 -1.751745 1.000000
aniFrame
  m_time 2.021000
  m_vertexTransformMat 0.329261 -0.088014 -0.940128 0.000000 -0.631547 0.719640 -0.288559 0.000000 0.701951 0.688746 0.181365 0.000000 8.936117 6.410921 -1.821653 1.000000
aniFrame
  m_time 2.037000
  m_vertexTransformMat 0.346173 -0.109006 -0.931816 0.000000 -0.619857 0.718983 -0.314388 0.000000 0.704230 0.686426 0.181324 0.000000 8.727257 6.416777 -1.902748 1.000000
aniFrame
  m_time 2.053000
  m_vertexTransformMat 0.361072 -0.129833 -0.923456 0.000000 -0.608606 0.717487 -0.338840 0.000000 0.706560 0.684366 0.180047 0.000000 8.531898 6.426376 -2.021421 1.000000
aniFrame
  m_time 2.069000
  m_vertexTransformMat 0.376563 -0.150828 -0.914031 0.000000 -0.596315 0.715606 -0.363756 0.000000 0.708950 0.682026 0.179530 0.000000 8.311946 6.439970 -2.147554 1.000000
aniFrame
  m_time 2.085000
  m_vertexTransformMat 0.390943 -0.171228 -0.904348 0.000000 -0.583866 0.713415 -0.387478 0.000000 0.711522 0.679500 0.178930 0.000000 8.104722 6.442195 -2.288801 1.000000
aniFrame
  m_time 2.101000
  m_vertexTransformMat 0.404274 -0.191933 -0.894273 0.000000 -0.571142 0.710702 -0.410731 0.000000 0.714394 0.676805 0.177697 0.000000 7.909723 6.458834 -2.440952 1.000000
aniFrame
  m_time 2.117000
  m_vertexTransformMat 0.417533 -0.210966 -0.883832 0.000000 -0.557602 0.708514 -0.432536 0.000000 0.717458 0.673425 0.178193 0.000000 7.712702 6.441140 -2.573683 1.000000
aniFrame
  m_time 2.133000
  m_vertexTransformMat 0.429036 -0.231886 -0.873016 0.000000 -0.544272 0.704975 -0.454730 0.000000 0.720900 0.670253 0.176250 0.000000 7.544331 6.470476 -2.732096 1.000000
aniFrame
