m_aniFrameList.size 84
aniFrame
  m_time -1.066000
  m_vertexTransformMat -0.466645 0.606317 -0.643912 0.000000 0.831714 0.548454 -0.086314 0.000000 0.300822 -0.575828 -0.760216 0.000000 -12.515952 12.381980 -50.807671 1.000000
aniFrame
  m_time -1.027000
  m_vertexTransformMat -0.494413 0.605415 -0.623723 0.000000 0.778742 0.627288 -0.008419 0.000000 0.386157 -0.489881 -0.781601 0.000000 -12.618236 13.338562 -51.020927 1.000000
aniFrame
  m_time -0.988000
  m_vertexTransformMat -0.526620 0.602880 -0.599340 0.000000 0.707198 0.701926 0.084681 0.000000 0.471745 -0.379257 -0.796003 0.000000 -12.784031 14.626026 -51.072441 1.000000
aniFrame
  m_time -0.949000
  m_vertexTransformMat -0.563949 0.594835 -0.572830 0.000000 0.627214 0.759744 0.171440 0.000000 0.537182 -0.262603 -0.801546 0.000000 -13.251131 15.831079 -50.804180 1.000000
aniFrame
  m_time -0.910000
  m_vertexTransformMat -0.603681 0.579721 -0.547260 0.000000 0.556753 0.797894 0.231069 0.000000 0.570610 -0.165196 -0.804434 0.000000 -14.109284 16.505421 -50.233364 1.000000
aniFrame
  m_time -0.871000
  m_vertexTransformMat -0.641258 0.558596 -0.526079 0.000000 0.516110 0.821332 0.242992 0.000000 0.567820 -0.115695 -0.814983 0.000000 -15.442728 16.218477 -49.611980 1.000000
aniFrame
  m_time -0.832000
  m_vertexTransformMat -0.673738 0.536770 -0.507894 0.000000 0.507326 0.835714 0.210244 0.000000 0.537307 -0.116018 -0.835369 0.000000 -17.122738 15.054148 -49.010239 1.000000
aniFrame
  m_time -0.793000
  m_vertexTransformMat -0.701615 0.518060 -0.489236 0.000000 0.514523 0.843327 0.155133 0.000000 0.492954 -0.142880 -0.858244 0.000000 -18.927982 13.449218 -48.330765 1.000000
aniFrame
  m_time -0.754000
  m_vertexTransformMat -0.725738 0.500771 -0.471734 0.000000 0.529569 0.844334 0.081591 0.000000 0.439159 -0.190602 -0.877958 0.000000 -20.774923 11.466726 -47.652203 1.000000
aniFrame
  m_time -0.715000
  m_vertexTransformMat -0.746892 0.483221 -0.456782 0.000000 0.545981 0.837772 -0.006480 0.000000 0.379548 -0.254234 -0.889555 0.000000 -22.601488 9.181393 -47.040142 1.000000
aniFrame
  m_time -0.676000
  m_vertexTransformMat -0.766188 0.464183 -0.444400 0.000000 0.558886 0.822660 -0.104292 0.000000 0.317179 -0.328277 -0.889737 0.000000 -24.364035 6.694012 -46.441055 1.000000
aniFrame
  m_time -0.637000
  m_vertexTransformMat -0.786542 0.439241 -0.434074 0.000000 0.561415 0.801395 -0.206350 0.000000 0.257228 -0.405999 -0.876926 0.000000 -26.039316 4.009101 -45.785328 1.000000
aniFrame
  m_time -0.598000
  m_vertexTransformMat -0.808229 0.407881 -0.424734 0.000000 0.552349 0.775153 -0.306674 0.000000 0.204147 -0.482464 -0.851793 0.000000 -27.545942 1.244400 -45.037579 1.000000
aniFrame
  m_time -0.559000
  m_vertexTransformMat -0.831614 0.368952 -0.415083 0.000000 0.530929 0.747409 -0.399366 0.000000 0.162890 -0.552498 -0.817443 0.000000 -28.823820 -1.513164 -44.191078 1.000000
aniFrame
  m_time -0.520000
  m_vertexTransformMat -0.859820 0.315605 -0.401376 0.000000 0.491972 0.722453 -0.485824 0.000000 0.136647 -0.615187 -0.776449 0.000000 -29.889095 -4.415771 -43.173630 1.000000
aniFrame
  m_time -0.481000
  m_vertexTransformMat -0.901021 0.220666 -0.373453 0.000000 0.413995 0.694473 -0.588487 0.000000 0.129494 -0.684846 -0.717089 0.000000 -30.814322 -8.454099 -41.591305 1.000000
aniFrame
  m_time -0.442000
  m_vertexTransformMat -0.940614 0.099017 -0.324717 0.000000 0.308530 0.648359 -0.696018 0.000000 0.141615 -0.754869 -0.640405 0.000000 -31.302563 -13.079035 -39.213085 1.000000
aniFrame
  m_time -0.403000
  m_vertexTransformMat -0.963335 -0.010433 -0.268100 0.000000 0.210828 0.588597 -0.780452 0.000000 0.165945 -0.808359 -0.564817 0.000000 -31.251902 -16.891518 -36.540440 1.000000
aniFrame
  m_time -0.364000
  m_vertexTransformMat -0.970148 -0.079765 -0.229020 0.000000 0.150854 0.540928 -0.827430 0.000000 0.189884 -0.837278 -0.512748 0.000000 -30.938723 -18.957750 -34.603699 1.000000
aniFrame
  m_time -0.325000
  m_vertexTransformMat -0.967444 -0.088133 -0.237244 0.000000 0.154989 0.534751 -0.830675 0.000000 0.200076 -0.840401 -0.503682 0.000000 -30.635321 -18.629999 -34.664845 1.000000
aniFrame
  m_time -0.286000
  m_vertexTransformMat -0.955973 -0.049542 -0.289243 0.000000 0.213370 0.559334 -0.801012 0.000000 0.201467 -0.827461 -0.524137 0.000000 -30.179806 -16.538475 -36.433250 1.000000
aniFrame
  m_time -0.247000
  m_vertexTransformMat -0.932439 0.016906 -0.360934 0.000000 0.300518 0.590900 -0.748683 0.000000 0.200619 -0.806568 -0.556058 0.000000 -29.337812 -13.395605 -38.946072 1.000000
aniFrame
  m_time -0.208000
  m_vertexTransformMat -0.891070 0.107256 -0.441012 0.000000 0.407115 0.618409 -0.672182 0.000000 0.200630 -0.778503 -0.594711 0.000000 -27.879583 -9.359231 -41.816822 1.000000
aniFrame
  m_time -0.169000
  m_vertexTransformMat -0.829204 0.213550 -0.516544 0.000000 0.520465 0.631961 -0.574232 0.000000 0.203808 -0.744998 -0.635170 0.000000 -25.691113 -4.759743 -44.615311 1.000000
aniFrame
  m_time -0.130000
  m_vertexTransformMat -0.748494 0.325433 -0.577799 0.000000 0.628150 0.627231 -0.460445 0.000000 0.212570 -0.707585 -0.673898 0.000000 -22.829197 0.015585 -47.045452 1.000000
aniFrame
  m_time -0.091000
  m_vertexTransformMat -0.655955 0.431462 -0.619326 0.000000 0.719318 0.605947 -0.339720 0.000000 0.228703 -0.668333 -0.707832 0.000000 -19.544188 4.547585 -48.895290 1.000000
aniFrame
  m_time -0.052000
  m_vertexTransformMat -0.563607 0.521626 -0.640511 0.000000 0.786188 0.576678 -0.222152 0.000000 0.253488 -0.628768 -0.735116 0.000000 -16.211151 8.473043 -50.088715 1.000000
aniFrame
  m_time -0.013000
  m_vertexTransformMat -0.486643 0.588882 -0.645288 0.000000 0.825542 0.551611 -0.119188 0.000000 0.285761 -0.590714 -0.754585 0.000000 -13.330128 11.525542 -50.691006 1.000000
aniFrame
  m_time 0.025000
  m_vertexTransformMat -0.444677 0.629054 -0.637615 0.000000 0.828520 0.559358 -0.025969 0.000000 0.340319 -0.539824 -0.769917 0.000000 -11.393671 13.704933 -50.971111 1.000000
aniFrame
  m_time 0.064000
  m_vertexTransformMat -0.451993 0.643130 -0.618131 0.000000 0.782863 0.618162 0.070713 0.000000 0.427583 -0.451951 -0.782888 0.000000 -10.743318 15.325082 -51.100655 1.000000
aniFrame
  m_time 0.103000
  m_vertexTransformMat -0.498757 0.633815 -0.591203 0.000000 0.698637 0.697682 0.158577 0.000000 0.512980 -0.333944 -0.790780 0.000000 -11.368950 16.439611 -50.969353 1.000000
aniFrame
  m_time 0.142000
  m_vertexTransformMat -0.564727 0.605096 -0.561197 0.000000 0.601707 0.767296 0.221826 0.000000 0.564829 -0.212405 -0.797404 0.000000 -12.911283 16.878803 -50.496384 1.000000
aniFrame
  m_time 0.181000
  m_vertexTransformMat -0.624594 0.569823 -0.534027 0.000000 0.530052 0.811510 0.245961 0.000000 0.573523 -0.129436 -0.808900 0.000000 -14.785347 16.526854 -49.837021 1.000000
aniFrame
  m_time 0.220000
  m_vertexTransformMat -0.663372 0.543797 -0.514026 0.000000 0.507379 0.831785 0.225167 0.000000 0.550004 -0.111437 -0.827694 0.000000 -16.528566 15.520778 -49.224003 1.000000
aniFrame
  m_time 0.259000
  m_vertexTransformMat -0.692370 0.524429 -0.495579 0.000000 0.510903 0.841321 0.176518 0.000000 0.509512 -0.130977 -0.850437 0.000000 -18.295717 14.057744 -48.567837 1.000000
aniFrame
  m_time 0.298000
  m_vertexTransformMat -0.717614 0.507056 -0.477415 0.000000 0.524199 0.844581 0.109081 0.000000 0.458526 -0.171982 -0.871881 0.000000 -20.133814 12.206956 -47.876560 1.000000
aniFrame
  m_time 0.337000
  m_vertexTransformMat -0.739468 0.490169 -0.461435 0.000000 0.541058 0.840587 0.025865 0.000000 0.400554 -0.230537 -0.886798 0.000000 -21.967796 10.033252 -47.240135 1.000000
aniFrame
  m_time 0.376000
  m_vertexTransformMat -0.759178 0.472120 -0.448055 0.000000 0.555904 0.828374 -0.069051 0.000000 0.338556 -0.301497 -0.891336 0.000000 -23.761143 7.617040 -46.645657 1.000000
aniFrame
  m_time 0.415000
  m_vertexTransformMat -0.779508 0.448764 -0.437011 0.000000 0.561660 0.809619 -0.170456 0.000000 0.277319 -0.378324 -0.883157 0.000000 -25.488035 4.970093 -46.011608 1.000000
aniFrame
  m_time 0.454000
  m_vertexTransformMat -0.800401 0.419871 -0.427863 0.000000 0.556989 0.784769 -0.271846 0.000000 0.221633 -0.455901 -0.861994 0.000000 -27.042425 2.224127 -45.311409 1.000000
aniFrame
  m_time 0.493000
  m_vertexTransformMat -0.823252 0.383547 -0.418509 0.000000 0.539797 0.757106 -0.367981 0.000000 0.175717 -0.528851 -0.830326 0.000000 -28.406473 -0.553217 -44.500507 1.000000
aniFrame
  m_time 0.532000
  m_vertexTransformMat -0.848152 0.338846 -0.407212 0.000000 0.509853 0.730830 -0.453803 0.000000 0.143833 -0.592513 -0.792617 0.000000 -29.521332 -3.277121 -43.575203 1.000000
aniFrame
  m_time 0.571000
  m_vertexTransformMat -0.885168 0.259692 -0.386054 0.000000 0.446816 0.705840 -0.549679 0.000000 0.129745 -0.659053 -0.740821 0.000000 -30.508692 -6.871120 -42.254875 1.000000
aniFrame
  m_time 0.610000
  m_vertexTransformMat -0.927901 0.142627 -0.344466 0.000000 0.347261 0.666872 -0.659311 0.000000 0.135679 -0.731395 -0.668321 0.000000 -31.185560 -11.467408 -40.140545 1.000000
aniFrame
  m_time 0.649000
  m_vertexTransformMat -0.957192 0.025181 -0.288358 0.000000 0.243266 0.609856 -0.754254 0.000000 0.156864 -0.792113 -0.589874 0.000000 -31.302296 -15.693977 -37.485191 1.000000
aniFrame
  m_time 0.688000
  m_vertexTransformMat -0.968695 -0.060903 -0.240667 0.000000 0.167817 0.553748 -0.815598 0.000000 0.182942 -0.830454 -0.526192 0.000000 -31.019991 -18.464025 -35.166176 1.000000
aniFrame
  m_time 0.727000
  m_vertexTransformMat -0.968784 -0.092038 -0.230189 0.000000 0.147561 0.532043 -0.833760 0.000000 0.199208 -0.841700 -0.501854 0.000000 -30.690842 -19.007866 -34.450428 1.000000
aniFrame
  m_time 0.766000
  m_vertexTransformMat -0.960800 -0.066226 -0.269219 0.000000 0.190060 0.549633 -0.813500 0.000000 0.201847 -0.832778 -0.515499 0.000000 -30.348085 -17.387543 -35.741322 1.000000
aniFrame
  m_time 0.805000
  m_vertexTransformMat -0.942338 -0.009513 -0.334529 0.000000 0.267388 0.579721 -0.769694 0.000000 0.201255 -0.814760 -0.543749 0.000000 -29.679037 -14.615965 -38.011082 1.000000
aniFrame
  m_time 0.844000
  m_vertexTransformMat -0.907733 0.073174 -0.413118 0.000000 0.368447 0.610000 -0.701532 0.000000 0.200668 -0.789016 -0.580678 0.000000 -28.457964 -10.860974 -40.807121 1.000000
aniFrame
  m_time 0.883000
  m_vertexTransformMat -0.853199 0.174985 -0.491357 0.000000 0.480766 0.629172 -0.610743 0.000000 0.202277 -0.757313 -0.620936 0.000000 -26.538425 -6.417456 -43.665470 1.000000
aniFrame
  m_time 0.922000
  m_vertexTransformMat -0.778533 0.286253 -0.558522 0.000000 0.591876 0.630858 -0.501699 0.000000 0.208735 -0.721165 -0.660570 0.000000 -23.894114 -1.653811 -46.253704 1.000000
aniFrame
  m_time 0.961000
  m_vertexTransformMat -0.689147 0.395609 -0.607100 0.000000 0.689817 0.614707 -0.382477 0.000000 0.221877 -0.682371 -0.696521 0.000000 -20.727938 3.010117 -48.318443 1.000000
aniFrame
  m_time 1.000000
  m_vertexTransformMat -0.595219 0.492166 -0.635208 0.000000 0.765771 0.586986 -0.262760 0.000000 0.243537 -0.642823 -0.726271 0.000000 -17.363419 7.177905 -49.740196 1.000000
aniFrame
  m_time 1.039000
  m_vertexTransformMat -0.511270 0.567908 -0.645045 0.000000 0.814625 0.559395 -0.153181 0.000000 0.273842 -0.603787 -0.748633 0.000000 -14.265989 10.557558 -50.538059 1.000000
aniFrame
  m_time 1.078000
  m_vertexTransformMat -0.454137 0.618057 -0.641689 0.000000 0.832482 0.550956 -0.058500 0.000000 0.317386 -0.560761 -0.764732 0.000000 -11.935982 13.023286 -50.894028 1.000000
aniFrame
  m_time 1.117000
  m_vertexTransformMat -0.443962 0.641037 -0.626075 0.000000 0.804402 0.592950 0.036703 0.000000 0.394759 -0.487321 -0.778899 0.000000 -10.816509 14.809995 -51.076267 1.000000
aniFrame
  m_time 1.156000
  m_vertexTransformMat -0.479244 0.639555 -0.601077 0.000000 0.730943 0.669935 0.130034 0.000000 0.485847 -0.377035 -0.788541 0.000000 -11.025798 16.118435 -51.052509 1.000000
aniFrame
  m_time 1.195000
  m_vertexTransformMat -0.541334 0.616667 -0.571559 0.000000 0.634424 0.745677 0.203652 0.000000 0.551783 -0.252367 -0.794888 0.000000 -12.306888 16.816227 -50.694592 1.000000
aniFrame
  m_time 1.234000
  m_vertexTransformMat -0.606285 0.581474 -0.542500 0.000000 0.549134 0.799541 0.243282 0.000000 0.575213 -0.150407 -0.804057 0.000000 -14.139290 16.740360 -50.061005 1.000000
aniFrame
  m_time 1.273000
  m_vertexTransformMat -0.652142 0.551381 -0.520279 0.000000 0.509889 0.826891 0.237202 0.000000 0.561003 -0.110595 -0.820393 0.000000 -15.939658 15.932729 -49.432827 1.000000
aniFrame
  m_time 1.312000
  m_vertexTransformMat -0.682572 0.530909 -0.502226 0.000000 0.508236 0.838660 0.195818 0.000000 0.525159 -0.121590 -0.842273 0.000000 -17.658100 14.616846 -48.810566 1.000000
aniFrame
  m_time 1.351000
  m_vertexTransformMat -0.709268 0.512992 -0.483507 0.000000 0.518806 0.844221 0.134653 0.000000 0.477263 -0.155341 -0.864922 0.000000 -19.492725 12.896481 -48.114895 1.000000
aniFrame
  m_time 1.390000
  m_vertexTransformMat -0.732512 0.495688 -0.466604 0.000000 0.534756 0.843137 0.056188 0.000000 0.421262 -0.208360 -0.882680 0.000000 -21.345930 10.810953 -47.451817 1.000000
aniFrame
  m_time 1.429000
  m_vertexTransformMat -0.753085 0.477781 -0.452315 0.000000 0.550431 0.834133 -0.035349 0.000000 0.360401 -0.275589 -0.891158 0.000000 -23.163544 8.454167 -46.850365 1.000000
aniFrame
  m_time 1.468000
  m_vertexTransformMat -0.772699 0.457146 -0.440403 0.000000 0.560367 0.817180 -0.134932 0.000000 0.298205 -0.351049 -0.887603 0.000000 -24.910194 5.901610 -46.231960 1.000000
aniFrame
  m_time 1.507000
  m_vertexTransformMat -0.793209 0.430628 -0.430558 0.000000 0.559734 0.794060 -0.236998 0.000000 0.239831 -0.428987 -0.870892 0.000000 -26.531538 3.190284 -45.552738 1.000000
aniFrame
  m_time 1.546000
  m_vertexTransformMat -0.815248 0.397103 -0.421521 0.000000 0.547044 0.766922 -0.335521 0.000000 0.190037 -0.504123 -0.842465 0.000000 -27.965275 0.416773 -44.783451 1.000000
aniFrame
  m_time 1.585000
  m_vertexTransformMat -0.838632 0.356670 -0.411682 0.000000 0.522706 0.739557 -0.424067 0.000000 0.153211 -0.570825 -0.806651 0.000000 -29.150969 -2.286735 -43.919041 1.000000
aniFrame
  m_time 1.624000
  m_vertexTransformMat -0.870906 0.292366 -0.395025 0.000000 0.473308 0.715361 -0.514042 0.000000 0.132297 -0.634651 -0.761391 0.000000 -30.187157 -5.472389 -42.784721 1.000000
aniFrame
  m_time 1.663000
  m_vertexTransformMat -0.914031 0.185123 -0.360938 0.000000 0.383770 0.682879 -0.621608 0.000000 0.131403 -0.706686 -0.695218 0.000000 -31.016184 -9.847104 -40.957344 1.000000
aniFrame
  m_time 1.702000
  m_vertexTransformMat -0.948962 0.064101 -0.308808 0.000000 0.278214 0.631320 -0.723902 0.000000 0.148553 -0.772869 -0.616932 0.000000 -31.305361 -14.332069 -38.449886 1.000000
aniFrame
  m_time 1.741000
  m_vertexTransformMat -0.966312 -0.036070 -0.254834 0.000000 0.189155 0.571905 -0.798214 0.000000 0.174533 -0.819527 -0.545816 0.000000 -31.129652 -17.711006 -35.882401 1.000000
aniFrame
  m_time 1.780000
  m_vertexTransformMat -0.969850 -0.089190 -0.226795 0.000000 0.145460 0.534815 -0.832354 0.000000 0.195531 -0.840249 -0.505717 0.000000 -30.809565 -19.116562 -34.424000 1.000000
aniFrame
  m_time 1.819000
  m_vertexTransformMat -0.965113 -0.080795 -0.249055 0.000000 0.167354 0.541189 -0.824079 0.000000 0.201368 -0.837011 -0.508787 0.000000 -30.522577 -18.157442 -35.067066 1.000000
aniFrame
  m_time 1.858000
  m_vertexTransformMat -0.952501 -0.040087 -0.301886 0.000000 0.226099 0.570999 -0.789202 0.000000 0.204013 -0.819972 -0.534813 0.000000 -30.000837 -15.994016 -36.918236 1.000000
aniFrame
  m_time 1.897000
  m_vertexTransformMat -0.929750 0.022576 -0.367500 0.000000 0.304619 0.607818 -0.733325 0.000000 0.206817 -0.793756 -0.571996 0.000000 -29.137531 -12.986894 -39.308216 1.000000
aniFrame
  m_time 1.936000
  m_vertexTransformMat -0.892262 0.105533 -0.439012 0.000000 0.398337 0.641786 -0.655316 0.000000 0.212594 -0.759588 -0.614679 0.000000 -27.738798 -9.210716 -41.987785 1.000000
aniFrame
  m_time 1.975000
  m_vertexTransformMat -0.837101 0.204276 -0.507478 0.000000 0.499639 0.663247 -0.557193 0.000000 0.222762 -0.719983 -0.657269 0.000000 -25.700001 -4.860677 -44.650833 1.000000
aniFrame
  m_time 2.014000
  m_vertexTransformMat -0.763624 0.311865 -0.565349 0.000000 0.600285 0.665380 -0.443767 0.000000 0.237777 -0.678241 -0.695307 0.000000 -23.047516 -0.214560 -47.044777 1.000000
aniFrame
  m_time 2.053000
  m_vertexTransformMat -0.674122 0.419729 -0.607774 0.000000 0.692475 0.645429 -0.322336 0.000000 0.256981 -0.638161 -0.725749 0.000000 -19.873072 4.395171 -48.936295 1.000000
aniFrame
  m_time 2.092000
  m_vertexTransformMat -0.573924 0.519113 -0.633350 0.000000 0.770014 0.605335 -0.201614 0.000000 0.278729 -0.603400 -0.747141 0.000000 -16.330097 8.634303 -50.191341 1.000000
aniFrame
  m_time 2.131000
  m_vertexTransformMat -0.471970 0.602643 -0.643479 0.000000 0.829073 0.551604 -0.091498 0.000000 0.299805 -0.576675 -0.759976 0.000000 -12.705431 12.222747 -50.786388 1.000000
aniFrame
  m_time 2.133000
  m_vertexTransformMat -0.466646 0.606317 -0.643912 0.000000 0.831714 0.548454 -0.086314 0.000000 0.300822 -0.575828 -0.760216 0.000000 -12.515954 12.381987 -50.807671 1.000000
