m_aniFrameList.size 202
aniFrame
  m_time -1.066000
  m_vertexTransformMat -0.322390 -0.737683 -0.593202 0.000000 -0.621469 0.637636 -0.455189 0.000000 0.714032 0.221908 -0.664015 0.000000 25.386646 14.684164 -17.391676 1.000000
aniFrame
  m_time -1.050000
  m_vertexTransformMat -0.331884 -0.751083 -0.570726 0.000000 -0.591683 0.636953 -0.494169 0.000000 0.734687 0.173682 -0.655797 0.000000 25.707491 14.229706 -17.802296 1.000000
aniFrame
  m_time -1.034000
  m_vertexTransformMat -0.341794 -0.764205 -0.546962 0.000000 -0.559884 0.633036 -0.534598 0.000000 0.754789 0.123513 -0.644235 0.000000 26.030376 13.738561 -18.190720 1.000000
aniFrame
  m_time -1.018000
  m_vertexTransformMat -0.353255 -0.777465 -0.520346 0.000000 -0.522865 0.625302 -0.579318 0.000000 0.775773 0.067424 -0.627400 0.000000 26.387661 13.133515 -18.565075 1.000000
aniFrame
  m_time -1.002000
  m_vertexTransformMat -0.365752 -0.789929 -0.492177 0.000000 -0.483207 0.613129 -0.624967 0.000000 0.795447 0.009241 -0.605952 0.000000 26.746225 12.473317 -18.901384 1.000000
aniFrame
  m_time -0.986000
  m_vertexTransformMat -0.378764 -0.800991 -0.463629 0.000000 -0.443182 0.596758 -0.668932 0.000000 0.812482 -0.047896 -0.581015 0.000000 27.090830 11.802545 -19.179926 1.000000
aniFrame
  m_time -0.970000
  m_vertexTransformMat -0.392157 -0.810396 -0.435284 0.000000 -0.403584 0.576785 -0.710239 0.000000 0.826639 -0.102851 -0.553253 0.000000 27.415449 11.137634 -19.397861 1.000000
aniFrame
  m_time -0.954000
  m_vertexTransformMat -0.405114 -0.817950 -0.408461 0.000000 -0.367426 0.554754 -0.746489 0.000000 0.837186 -0.152334 -0.525275 0.000000 27.711321 10.538255 -19.551580 1.000000
aniFrame
  m_time -0.938000
  m_vertexTransformMat -0.417425 -0.823706 -0.383751 0.000000 -0.334646 0.531967 -0.777833 0.000000 0.844848 -0.196266 -0.497706 0.000000 27.983555 10.005239 -19.640263 1.000000
aniFrame
  m_time -0.922000
  m_vertexTransformMat -0.428200 -0.827870 -0.362322 0.000000 -0.309517 0.511046 -0.801893 0.000000 0.849026 -0.231225 -0.475069 0.000000 28.192471 9.615195 -19.712332 1.000000
aniFrame
  m_time -0.906000
  m_vertexTransformMat -0.437038 -0.830650 -0.344991 0.000000 -0.290196 0.493270 -0.820044 0.000000 0.851343 -0.258275 -0.456629 0.000000 28.371086 9.348824 -19.732464 1.000000
aniFrame
  m_time -0.890000
  m_vertexTransformMat -0.443569 -0.831750 -0.333824 0.000000 -0.281116 0.482794 -0.829389 0.000000 0.851012 -0.274047 -0.447970 0.000000 28.464008 9.277038 -19.779129 1.000000
aniFrame
  m_time -0.874000
  m_vertexTransformMat -0.446606 -0.832601 -0.327598 0.000000 -0.282599 0.478662 -0.831277 0.000000 0.848930 -0.278674 -0.449065 0.000000 28.468092 9.422029 -19.867142 1.000000
aniFrame
  m_time -0.858000
  m_vertexTransformMat -0.447180 -0.832425 -0.327261 0.000000 -0.291335 0.481483 -0.826619 0.000000 0.845668 -0.274305 -0.457824 0.000000 28.419632 9.738765 -19.958241 1.000000
aniFrame
  m_time -0.842000
  m_vertexTransformMat -0.445137 -0.832528 -0.329772 0.000000 -0.311424 0.489211 -0.814670 0.000000 0.839564 -0.259941 -0.477035 0.000000 28.253036 10.264540 -20.158348 1.000000
aniFrame
  m_time -0.826000
  m_vertexTransformMat -0.440835 -0.833438 -0.333236 0.000000 -0.335297 0.497287 -0.800176 0.000000 0.832611 -0.241012 -0.498670 0.000000 28.040491 10.887938 -20.373703 1.000000
aniFrame
  m_time -0.810000
  m_vertexTransformMat -0.435608 -0.833986 -0.338693 0.000000 -0.364984 0.507598 -0.780469 0.000000 0.822820 -0.216361 -0.525505 0.000000 27.741888 11.635440 -20.642288 1.000000
aniFrame
  m_time -0.794000
  m_vertexTransformMat -0.429060 -0.834965 -0.344589 0.000000 -0.398679 0.517371 -0.757221 0.000000 0.810533 -0.187512 -0.554865 0.000000 27.367155 12.466856 -20.949387 1.000000
aniFrame
  m_time -0.778000
  m_vertexTransformMat -0.421029 -0.835838 -0.352293 0.000000 -0.435821 0.527040 -0.729581 0.000000 0.795484 -0.153638 -0.586175 0.000000 26.913410 13.401614 -21.261377 1.000000
aniFrame
  m_time -0.762000
  m_vertexTransformMat -0.412431 -0.836479 -0.360838 0.000000 -0.476051 0.535605 -0.697497 0.000000 0.776709 -0.115892 -0.619106 0.000000 26.364244 14.404982 -21.600563 1.000000
aniFrame
  m_time -0.746000
  m_vertexTransformMat -0.402588 -0.837116 -0.370351 0.000000 -0.517975 0.541913 -0.661841 0.000000 0.754735 -0.074616 -0.651772 0.000000 25.731890 15.474672 -21.934656 1.000000
aniFrame
  m_time -0.730000
  m_vertexTransformMat -0.392231 -0.837236 -0.381038 0.000000 -0.560722 0.545990 -0.622483 0.000000 0.729209 -0.030501 -0.683611 0.000000 25.017012 16.581188 -22.248133 1.000000
aniFrame
  m_time -0.714000
  m_vertexTransformMat -0.381418 -0.837110 -0.392132 0.000000 -0.603902 0.546812 -0.579913 0.000000 0.699874 0.015621 -0.714096 0.000000 24.218916 17.718267 -22.552191 1.000000
aniFrame
  m_time -0.698000
  m_vertexTransformMat -0.370487 -0.836165 -0.404436 0.000000 -0.646131 0.544815 -0.534501 0.000000 0.667274 0.063293 -0.742119 0.000000 23.356768 18.856365 -22.799765 1.000000
aniFrame
  m_time -0.682000
  m_vertexTransformMat -0.359703 -0.834699 -0.417003 0.000000 -0.687000 0.539339 -0.486974 0.000000 0.631383 0.111315 -0.767440 0.000000 22.436827 19.983545 -23.003473 1.000000
aniFrame
  m_time -0.666000
  m_vertexTransformMat -0.349469 -0.832355 -0.430182 0.000000 -0.725635 0.530892 -0.437729 0.000000 0.592726 0.159183 -0.789516 0.000000 21.481140 21.077290 -23.146618 1.000000
aniFrame
  m_time -0.650000
  m_vertexTransformMat -0.339923 -0.829039 -0.444013 0.000000 -0.761178 0.519808 -0.387825 0.000000 0.552323 0.206142 -0.807740 0.000000 20.506916 22.118940 -23.213303 1.000000
aniFrame
  m_time -0.634000
  m_vertexTransformMat -0.331807 -0.825065 -0.457354 0.000000 -0.793624 0.506233 -0.337475 0.000000 0.509967 0.250991 -0.822762 0.000000 19.536755 23.097122 -23.245323 1.000000
aniFrame
  m_time -0.618000
  m_vertexTransformMat -0.325267 -0.819804 -0.471300 0.000000 -0.822087 0.491449 -0.287491 0.000000 0.467306 0.293939 -0.833802 0.000000 18.599049 23.990963 -23.198471 1.000000
aniFrame
  m_time -0.602000
  m_vertexTransformMat -0.320493 -0.813926 -0.484571 0.000000 -0.846450 0.475713 -0.239208 0.000000 0.425214 0.333501 -0.841410 0.000000 17.715940 24.796024 -23.112429 1.000000
aniFrame
  m_time -0.586000
  m_vertexTransformMat -0.318486 -0.806869 -0.497523 0.000000 -0.866682 0.460454 -0.191951 0.000000 0.383966 0.370060 -0.845947 0.000000 16.922087 25.496233 -22.986492 1.000000
aniFrame
  m_time -0.570000
  m_vertexTransformMat -0.318607 -0.798959 -0.510053 0.000000 -0.882532 0.446376 -0.147938 0.000000 0.345872 0.403004 -0.847325 0.000000 16.236837 26.090935 -22.816631 1.000000
aniFrame
  m_time -0.554000
  m_vertexTransformMat -0.321320 -0.790827 -0.520909 0.000000 -0.894441 0.434115 -0.107329 0.000000 0.311013 0.431435 -0.846838 0.000000 15.679141 26.577982 -22.651140 1.000000
aniFrame
  m_time -0.538000
  m_vertexTransformMat -0.327594 -0.781061 -0.531626 0.000000 -0.902235 0.425630 -0.069366 0.000000 0.280455 0.456928 -0.844134 0.000000 15.293238 26.942898 -22.456314 1.000000
aniFrame
  m_time -0.522000
  m_vertexTransformMat -0.342614 -0.767074 -0.542414 0.000000 -0.903888 0.426549 -0.032281 0.000000 0.256128 0.479222 -0.839491 0.000000 15.254395 27.107235 -22.267780 1.000000
aniFrame
  m_time -0.506000
  m_vertexTransformMat -0.365698 -0.748291 -0.553467 0.000000 -0.899707 0.436474 0.004358 0.000000 0.238313 0.499552 -0.832859 0.000000 15.549626 27.077845 -22.076788 1.000000
aniFrame
  m_time -0.490000
  m_vertexTransformMat -0.398004 -0.722725 -0.565033 0.000000 -0.888668 0.456635 0.041895 0.000000 0.227735 0.518801 -0.824004 0.000000 16.215704 26.821905 -21.887127 1.000000
aniFrame
  m_time -0.474000
  m_vertexTransformMat -0.438567 -0.689347 -0.576593 0.000000 -0.870077 0.486319 0.080377 0.000000 0.225001 0.536931 -0.813068 0.000000 17.237728 26.314024 -21.709253 1.000000
aniFrame
  m_time -0.458000
  m_vertexTransformMat -0.481036 -0.650935 -0.587272 0.000000 -0.846195 0.519903 0.116858 0.000000 0.229257 0.553159 -0.800910 0.000000 18.421450 25.624805 -21.534597 1.000000
aniFrame
  m_time -0.442000
  m_vertexTransformMat -0.524840 -0.606315 -0.597432 0.000000 -0.816419 0.557156 0.151780 0.000000 0.240837 0.567416 -0.787425 0.000000 19.758873 24.722425 -21.353487 1.000000
aniFrame
  m_time -0.426000
  m_vertexTransformMat -0.564927 -0.559394 -0.606577 0.000000 -0.783800 0.593565 0.182588 0.000000 0.257904 0.578584 -0.773774 0.000000 21.073574 23.694502 -21.153816 1.000000
aniFrame
  m_time -0.410000
  m_vertexTransformMat -0.600854 -0.509907 -0.615606 0.000000 -0.748574 0.629054 0.209589 0.000000 0.280378 0.586759 -0.759672 0.000000 22.350702 22.534298 -20.907652 1.000000
aniFrame
  m_time -0.394000
  m_vertexTransformMat -0.629439 -0.463011 -0.624041 0.000000 -0.714555 0.660439 0.230720 0.000000 0.305315 0.591136 -0.746553 0.000000 23.479811 21.359482 -20.635252 1.000000
aniFrame
  m_time -0.378000
  m_vertexTransformMat -0.650869 -0.419360 -0.632857 0.000000 -0.682626 0.688082 0.246100 0.000000 0.332253 0.592183 -0.734117 0.000000 24.454615 20.191982 -20.304445 1.000000
aniFrame
  m_time -0.362000
  m_vertexTransformMat -0.663773 -0.384660 -0.641438 0.000000 -0.656841 0.709979 0.253949 0.000000 0.357724 0.589888 -0.723924 0.000000 25.218792 19.172422 -19.965284 1.000000
aniFrame
  m_time -0.346000
  m_vertexTransformMat -0.668315 -0.361654 -0.650047 0.000000 -0.639305 0.726019 0.253350 0.000000 0.380321 0.584895 -0.716417 0.000000 25.762833 18.379847 -19.618839 1.000000
aniFrame
  m_time -0.330000
  m_vertexTransformMat -0.666797 -0.348249 -0.658866 0.000000 -0.628517 0.737838 0.246092 0.000000 0.400435 0.578202 -0.710869 0.000000 26.146843 17.769596 -19.257793 1.000000
aniFrame
  m_time -0.314000
  m_vertexTransformMat -0.659438 -0.345582 -0.667618 0.000000 -0.625201 0.745256 0.231771 0.000000 0.417450 0.570234 -0.707508 0.000000 26.372168 17.376209 -18.890694 1.000000
aniFrame
  m_time -0.298000
  m_vertexTransformMat -0.648735 -0.348734 -0.676408 0.000000 -0.625579 0.750508 0.213048 0.000000 0.433353 0.561358 -0.705041 0.000000 26.519625 17.077572 -18.509693 1.000000
aniFrame
  m_time -0.282000
  m_vertexTransformMat -0.635611 -0.354952 -0.685572 0.000000 -0.627614 0.754698 0.191134 0.000000 0.449556 0.551761 -0.702466 0.000000 26.637756 16.803982 -18.096231 1.000000
aniFrame
  m_time -0.266000
  m_vertexTransformMat -0.620503 -0.364886 -0.694143 0.000000 -0.631295 0.757545 0.166109 0.000000 0.465234 0.541281 -0.700409 0.000000 26.708385 16.574472 -17.688272 1.000000
aniFrame
  m_time -0.250000
  m_vertexTransformMat -0.603031 -0.378347 -0.702287 0.000000 -0.636481 0.758905 0.137676 0.000000 0.480880 0.530016 -0.698454 0.000000 26.737309 16.390581 -17.277493 1.000000
aniFrame
  m_time -0.234000
  m_vertexTransformMat -0.584240 -0.394899 -0.709026 0.000000 -0.642408 0.758903 0.106668 0.000000 0.495959 0.517804 -0.697068 0.000000 26.724325 16.241596 -16.901018 1.000000
aniFrame
  m_time -0.218000
  m_vertexTransformMat -0.564349 -0.413890 -0.714286 0.000000 -0.648317 0.757854 0.073092 0.000000 0.511072 0.504334 -0.696026 0.000000 26.685673 16.110809 -16.562212 1.000000
aniFrame
  m_time -0.202000
  m_vertexTransformMat -0.542586 -0.435688 -0.718176 0.000000 -0.654988 0.754734 0.036981 0.000000 0.525919 0.490462 -0.694878 0.000000 26.608047 16.029228 -16.252821 1.000000
aniFrame
  m_time -0.186000
  m_vertexTransformMat -0.521396 -0.458965 -0.719373 0.000000 -0.660623 0.750717 -0.000148 0.000000 0.540114 0.475158 -0.694624 0.000000 26.510508 15.948505 -16.033783 1.000000
aniFrame
  m_time -0.170000
  m_vertexTransformMat -0.498313 -0.484032 -0.719304 0.000000 -0.665800 0.745051 -0.040110 0.000000 0.555333 0.458925 -0.693537 0.000000 26.402845 15.889870 -15.835071 1.000000
aniFrame
  m_time -0.154000
  m_vertexTransformMat -0.475299 -0.510552 -0.716539 0.000000 -0.671180 0.736976 -0.079903 0.000000 0.568866 0.442948 -0.692956 0.000000 26.244942 15.877596 -15.735733 1.000000
aniFrame
  m_time -0.138000
  m_vertexTransformMat -0.453330 -0.537029 -0.711402 0.000000 -0.673284 0.729329 -0.121522 0.000000 0.584107 0.423886 -0.692199 0.000000 26.118793 15.806424 -15.703204 1.000000
aniFrame
  m_time -0.122000
  m_vertexTransformMat -0.431231 -0.563482 -0.704648 0.000000 -0.674334 0.720164 -0.163210 0.000000 0.599428 0.404787 -0.690532 0.000000 25.983194 15.743831 -15.714290 1.000000
aniFrame
  m_time -0.106000
  m_vertexTransformMat -0.411009 -0.590398 -0.694624 0.000000 -0.673972 0.709870 -0.204566 0.000000 0.613868 0.384079 -0.689674 0.000000 25.830420 15.680801 -15.836520 1.000000
aniFrame
  m_time -0.090000
  m_vertexTransformMat -0.391274 -0.616132 -0.683584 0.000000 -0.671294 0.699192 -0.245960 0.000000 0.629500 0.362648 -0.687181 0.000000 25.695574 15.591936 -15.965101 1.000000
aniFrame
  m_time -0.074000
  m_vertexTransformMat -0.374072 -0.641438 -0.669797 0.000000 -0.667346 0.687695 -0.285876 0.000000 0.643988 0.340049 -0.685308 0.000000 25.570816 15.494991 -16.188896 1.000000
aniFrame
  m_time -0.058000
  m_vertexTransformMat -0.358013 -0.665291 -0.655145 0.000000 -0.660754 0.676273 -0.325669 0.000000 0.659721 0.316296 -0.681708 0.000000 25.468075 15.369524 -16.404158 1.000000
aniFrame
  m_time -0.042000
  m_vertexTransformMat -0.344831 -0.687538 -0.639049 0.000000 -0.652770 0.664875 -0.363089 0.000000 0.674524 0.291948 -0.678073 0.000000 25.396067 15.219966 -16.671940 1.000000
aniFrame
  m_time -0.026000
  m_vertexTransformMat -0.334128 -0.708209 -0.621932 0.000000 -0.642844 0.653795 -0.399129 0.000000 0.689282 0.266445 -0.673719 0.000000 25.358374 15.050683 -16.948488 1.000000
aniFrame
  m_time -0.010000
  m_vertexTransformMat -0.325747 -0.726117 -0.605511 0.000000 -0.631603 0.643697 -0.432126 0.000000 0.703539 0.241679 -0.668300 0.000000 25.348619 14.856498 -17.199614 1.000000
aniFrame
  m_time 0.005000
  m_vertexTransformMat -0.321477 -0.743401 -0.586522 0.000000 -0.615282 0.634816 -0.467373 0.000000 0.719779 0.210627 -0.661480 0.000000 25.422001 14.580444 -17.494867 1.000000
aniFrame
  m_time 0.021000
  m_vertexTransformMat -0.321369 -0.759237 -0.565934 0.000000 -0.593282 0.627233 -0.504575 0.000000 0.738065 0.173603 -0.652014 0.000000 25.575808 14.207799 -17.800333 1.000000
aniFrame
  m_time 0.037000
  m_vertexTransformMat -0.325833 -0.774597 -0.542064 0.000000 -0.565247 0.619201 -0.545057 0.000000 0.757846 0.128803 -0.639594 0.000000 25.813847 13.732306 -18.145906 1.000000
aniFrame
  m_time 0.053000
  m_vertexTransformMat -0.334962 -0.789119 -0.514871 0.000000 -0.529563 0.609635 -0.589838 0.000000 0.779336 0.075084 -0.622092 0.000000 26.138201 13.129187 -18.506069 1.000000
aniFrame
  m_time 0.069000
  m_vertexTransformMat -0.347368 -0.801863 -0.486160 0.000000 -0.490901 0.597228 -0.634299 0.000000 0.798969 0.018322 -0.601093 0.000000 26.490986 12.475571 -18.850016 1.000000
aniFrame
  m_time 0.085000
  m_vertexTransformMat -0.362239 -0.812481 -0.456792 0.000000 -0.449262 0.581584 -0.678178 0.000000 0.816669 -0.040444 -0.575689 0.000000 26.869179 11.777785 -19.138454 1.000000
aniFrame
  m_time 0.101000
  m_vertexTransformMat -0.378494 -0.820610 -0.428184 0.000000 -0.408820 0.563243 -0.718070 0.000000 0.830427 -0.096735 -0.548666 0.000000 27.228168 11.103835 -19.378099 1.000000
aniFrame
  m_time 0.117000
  m_vertexTransformMat -0.394938 -0.826473 -0.401208 0.000000 -0.369670 0.542756 -0.754163 0.000000 0.841052 -0.149533 -0.519876 0.000000 27.589464 10.468341 -19.525475 1.000000
aniFrame
  m_time 0.133000
  m_vertexTransformMat -0.410865 -0.830066 -0.377069 0.000000 -0.335930 0.522326 -0.783791 0.000000 0.847551 -0.195363 -0.493449 0.000000 27.897223 9.933118 -19.636044 1.000000
aniFrame
  m_time 0.149000
  m_vertexTransformMat -0.424812 -0.832333 -0.356030 0.000000 -0.309683 0.503166 -0.806797 0.000000 0.850666 -0.232480 -0.471510 0.000000 28.144926 9.542092 -19.721312 1.000000
aniFrame
  m_time 0.165000
  m_vertexTransformMat -0.436179 -0.832824 -0.340812 0.000000 -0.289204 0.488385 -0.823312 0.000000 0.852121 -0.260547 -0.453879 0.000000 28.359816 9.287676 -19.724846 1.000000
aniFrame
  m_time 0.181000
  m_vertexTransformMat -0.443871 -0.832626 -0.331228 0.000000 -0.282116 0.480687 -0.830272 0.000000 0.850523 -0.275089 -0.448260 0.000000 28.446114 9.273156 -19.801702 1.000000
aniFrame
  m_time 0.197000
  m_vertexTransformMat -0.446896 -0.832748 -0.326827 0.000000 -0.284770 0.478759 -0.830480 0.000000 0.848051 -0.278067 -0.451097 0.000000 28.451408 9.482397 -19.889008 1.000000
aniFrame
  m_time 0.213000
  m_vertexTransformMat -0.446969 -0.832185 -0.328157 0.000000 -0.296378 0.483885 -0.823417 0.000000 0.844026 -0.270783 -0.462923 0.000000 28.381329 9.875588 -19.999994 1.000000
aniFrame
  m_time 0.229000
  m_vertexTransformMat -0.443892 -0.832805 -0.330749 0.000000 -0.319179 0.491844 -0.810070 0.000000 0.837308 -0.254016 -0.484140 0.000000 28.184856 10.462454 -20.231169 1.000000
aniFrame
  m_time 0.245000
  m_vertexTransformMat -0.439193 -0.833638 -0.334900 0.000000 -0.344497 0.500554 -0.794209 0.000000 0.829718 -0.233438 -0.507026 0.000000 27.952415 11.125279 -20.456217 1.000000
aniFrame
  m_time 0.261000
  m_vertexTransformMat -0.433681 -0.834229 -0.340563 0.000000 -0.376054 0.511035 -0.772934 0.000000 0.818844 -0.207136 -0.535341 0.000000 27.621845 11.905234 -20.747034 1.000000
aniFrame
  m_time 0.277000
  m_vertexTransformMat -0.426470 -0.835309 -0.346962 0.000000 -0.410597 0.520579 -0.748604 0.000000 0.805937 -0.176796 -0.564987 0.000000 27.226938 12.766989 -21.050552 1.000000
aniFrame
  m_time 0.293000
  m_vertexTransformMat -0.418229 -0.836047 -0.355121 0.000000 -0.449001 0.530133 -0.719276 0.000000 0.789609 -0.141372 -0.597102 0.000000 26.740147 13.731256 -21.371868 1.000000
aniFrame
  m_time 0.309000
  m_vertexTransformMat -0.409290 -0.836720 -0.363844 0.000000 -0.489880 0.537945 -0.686027 0.000000 0.769740 -0.102544 -0.630068 0.000000 26.162474 14.754070 -21.714466 1.000000
aniFrame
  m_time 0.325000
  m_vertexTransformMat -0.399124 -0.837227 -0.373833 0.000000 -0.532162 0.543538 -0.649130 0.000000 0.746662 -0.060143 -0.662479 0.000000 25.503099 15.842045 -22.040545 1.000000
aniFrame
  m_time 0.341000
  m_vertexTransformMat -0.388706 -0.837224 -0.384659 0.000000 -0.575119 0.546644 -0.608620 0.000000 0.719823 -0.015350 -0.693987 0.000000 24.759424 16.956551 -22.352345 1.000000
aniFrame
  m_time 0.357000
  m_vertexTransformMat -0.377731 -0.836927 -0.396072 0.000000 -0.618157 0.546415 -0.565078 0.000000 0.689348 0.031387 -0.723750 0.000000 23.937668 18.100306 -22.643227 1.000000
aniFrame
  m_time 0.373000
  m_vertexTransformMat -0.366894 -0.835696 -0.408659 0.000000 -0.659899 0.543437 -0.518855 0.000000 0.655685 0.079309 -0.750858 0.000000 23.056355 19.232471 -22.870552 1.000000
aniFrame
  m_time 0.389000
  m_vertexTransformMat -0.356183 -0.834076 -0.421249 0.000000 -0.700209 0.536762 -0.470737 0.000000 0.618741 0.127294 -0.775214 0.000000 22.120409 20.354467 -23.061111 1.000000
aniFrame
  m_time 0.405000
  m_vertexTransformMat -0.346237 -0.831280 -0.434849 0.000000 -0.737797 0.527577 -0.421091 0.000000 0.579461 0.175033 -0.795983 0.000000 21.158796 21.428972 -23.173412 1.000000
aniFrame
  m_time 0.421000
  m_vertexTransformMat -0.336980 -0.827835 -0.448479 0.000000 -0.772374 0.515462 -0.371129 0.000000 0.538408 0.221331 -0.813099 0.000000 20.180721 22.454163 -23.228619 1.000000
aniFrame
  m_time 0.437000
  m_vertexTransformMat -0.329561 -0.823413 -0.461932 0.000000 -0.803582 0.501475 -0.320593 0.000000 0.495627 0.265545 -0.826946 0.000000 19.221199 23.403191 -23.239998 1.000000
aniFrame
  m_time 0.453000
  m_vertexTransformMat -0.323370 -0.817912 -0.475871 0.000000 -0.830658 0.486234 -0.271265 0.000000 0.453255 0.307567 -0.836638 0.000000 18.296001 24.270664 -23.170752 1.000000
aniFrame
  m_time 0.469000
  m_vertexTransformMat -0.319637 -0.811743 -0.488781 0.000000 -0.853664 0.470559 -0.223230 0.000000 0.411205 0.345902 -0.843364 0.000000 17.442270 25.039948 -23.080418 1.000000
aniFrame
  m_time 0.485000
  m_vertexTransformMat -0.318219 -0.804279 -0.501869 0.000000 -0.872458 0.455560 -0.176868 0.000000 0.370882 0.381577 -0.846667 0.000000 16.678858 25.707304 -22.930262 1.000000
aniFrame
  m_time 0.501000
  m_vertexTransformMat -0.319404 -0.796250 -0.513778 0.000000 -0.886841 0.442215 -0.134014 0.000000 0.333909 0.412835 -0.847391 0.000000 16.041851 26.262148 -22.764355 1.000000
aniFrame
  m_time 0.517000
  m_vertexTransformMat -0.322708 -0.787912 -0.524457 0.000000 -0.897618 0.430530 -0.094480 0.000000 0.300237 0.440273 -0.846179 0.000000 15.521182 26.717957 -22.588171 1.000000
aniFrame
  m_time 0.533000
  m_vertexTransformMat -0.331617 -0.776892 -0.535229 0.000000 -0.903467 0.424862 -0.056923 0.000000 0.271621 0.464685 -0.842787 0.000000 15.240476 27.020239 -22.392143 1.000000
aniFrame
  m_time 0.549000
  m_vertexTransformMat -0.349393 -0.761419 -0.546046 0.000000 -0.903162 0.428830 -0.020073 0.000000 0.249445 0.486155 -0.837515 0.000000 15.315204 27.119572 -22.204765 1.000000
aniFrame
  m_time 0.565000
  m_vertexTransformMat -0.375299 -0.740686 -0.557257 0.000000 -0.896903 0.441915 0.016665 0.000000 0.233917 0.506059 -0.830173 0.000000 15.725364 27.021576 -22.012676 1.000000
aniFrame
  m_time 0.581000
  m_vertexTransformMat -0.410955 -0.712321 -0.568959 0.000000 -0.883201 0.465785 0.054780 0.000000 0.225992 0.525018 -0.820539 0.000000 16.527330 26.677000 -21.826401 1.000000
aniFrame
  m_time 0.597000
  m_vertexTransformMat -0.452637 -0.677091 -0.580230 0.000000 -0.862673 0.497177 0.092797 0.000000 0.225645 0.542552 -0.809149 0.000000 17.617834 26.103949 -21.651751 1.000000
aniFrame
  m_time 0.613000
  m_vertexTransformMat -0.495717 -0.636610 -0.590756 0.000000 -0.836820 0.532118 0.128774 0.000000 0.232373 0.558192 -0.796508 0.000000 18.857786 25.344809 -21.474922 1.000000
aniFrame
  m_time 0.629000
  m_vertexTransformMat -0.538784 -0.590786 -0.600570 0.000000 -0.805733 0.569525 0.162593 0.000000 0.245982 0.571501 -0.782866 0.000000 20.205954 24.390202 -21.290789 1.000000
aniFrame
  m_time 0.645000
  m_vertexTransformMat -0.577488 -0.543023 -0.609618 0.000000 -0.772229 0.605617 0.192070 0.000000 0.264896 0.581682 -0.769074 0.000000 21.507278 23.319084 -21.075968 1.000000
aniFrame
  m_time 0.661000
  m_vertexTransformMat -0.611326 -0.493718 -0.618485 0.000000 -0.736894 0.640100 0.217391 0.000000 0.288563 0.588655 -0.755127 0.000000 22.748621 22.137768 -20.819666 1.000000
aniFrame
  m_time 0.677000
  m_vertexTransformMat -0.637403 -0.447961 -0.626936 0.000000 -0.703575 0.670107 0.236513 0.000000 0.314166 0.591851 -0.742302 0.000000 23.823009 20.966085 -20.530510 1.000000
aniFrame
  m_time 0.693000
  m_vertexTransformMat -0.656199 -0.406415 -0.635791 0.000000 -0.673079 0.696147 0.249688 0.000000 0.341127 0.591782 -0.730360 0.000000 24.736313 19.826031 -20.188995 1.000000
aniFrame
  m_time 0.709000
  m_vertexTransformMat -0.666098 -0.375812 -0.644266 0.000000 -0.650157 0.715872 0.254607 0.000000 0.365528 0.588467 -0.721177 0.000000 25.421467 18.885376 -19.852222 1.000000
aniFrame
  m_time 0.725000
  m_vertexTransformMat -0.668385 -0.356199 -0.652981 0.000000 -0.635024 0.730376 0.251586 0.000000 0.387307 0.582814 -0.714367 0.000000 25.906086 18.158024 -19.499372 1.000000
aniFrame
  m_time 0.741000
  m_vertexTransformMat -0.664955 -0.346212 -0.661794 0.000000 -0.626623 0.740767 0.242089 0.000000 0.406421 0.575674 -0.709522 0.000000 26.238417 17.615210 -19.136232 1.000000
aniFrame
  m_time 0.757000
  m_vertexTransformMat -0.656059 -0.346384 -0.670526 0.000000 -0.625215 0.747076 0.225796 0.000000 0.422722 0.567358 -0.706690 0.000000 26.423878 17.276293 -18.766020 1.000000
aniFrame
  m_time 0.773000
  m_vertexTransformMat -0.644698 -0.350309 -0.679447 0.000000 -0.625971 0.752094 0.206192 0.000000 0.438778 0.558246 -0.704156 0.000000 26.564493 16.979500 -18.374807 1.000000
aniFrame
  m_time 0.789000
  m_vertexTransformMat -0.630710 -0.357919 -0.688549 0.000000 -0.628735 0.755766 0.183061 0.000000 0.454860 0.548373 -0.701705 0.000000 26.666307 16.724094 -17.957174 1.000000
aniFrame
  m_time 0.805000
  m_vertexTransformMat -0.615047 -0.368920 -0.696861 0.000000 -0.632799 0.758210 0.157108 0.000000 0.470407 0.537602 -0.699787 0.000000 26.722654 16.506382 -17.554155 1.000000
aniFrame
  m_time 0.821000
  m_vertexTransformMat -0.596758 -0.383608 -0.704787 0.000000 -0.638476 0.759010 0.127489 0.000000 0.486034 0.526069 -0.697869 0.000000 26.737391 16.339228 -17.143768 1.000000
aniFrame
  m_time 0.837000
  m_vertexTransformMat -0.577981 -0.400869 -0.710804 0.000000 -0.644291 0.758732 0.095998 0.000000 0.500827 0.513450 -0.696808 0.000000 26.713293 16.193642 -16.790730 1.000000
aniFrame
  m_time 0.853000
  m_vertexTransformMat -0.557155 -0.420900 -0.715837 0.000000 -0.650474 0.757064 0.061141 0.000000 0.516200 0.499698 -0.695586 0.000000 26.665670 16.077948 -16.450844 1.000000
aniFrame
  m_time 0.869000
  m_vertexTransformMat -0.535499 -0.443314 -0.718828 0.000000 -0.657175 0.753325 0.024981 0.000000 0.530437 0.485773 -0.694739 0.000000 26.572098 16.008276 -16.173239 1.000000
aniFrame
  m_time 0.885000
  m_vertexTransformMat -0.513979 -0.467096 -0.719477 0.000000 -0.662223 0.749189 -0.013307 0.000000 0.545240 0.469615 -0.694389 0.000000 26.480051 15.920642 -15.964971 1.000000
aniFrame
  m_time 0.901000
  m_vertexTransformMat -0.490354 -0.492766 -0.718843 0.000000 -0.667878 0.742360 -0.053299 0.000000 0.559904 0.453964 -0.693126 0.000000 26.350470 15.889847 -15.784883 1.000000
aniFrame
  m_time 0.917000
  m_vertexTransformMat -0.468024 -0.519437 -0.714940 0.000000 -0.672192 0.734441 -0.093566 0.000000 0.573683 0.436786 -0.692897 0.000000 26.199251 15.858699 -15.724226 1.000000
aniFrame
  m_time 0.933000
  m_vertexTransformMat -0.445772 -0.545747 -0.709541 0.000000 -0.673662 0.726501 -0.135560 0.000000 0.589463 0.417562 -0.691502 0.000000 26.077681 15.782146 -15.691908 1.000000
aniFrame
  m_time 0.949000
  m_vertexTransformMat -0.424378 -0.572492 -0.701539 0.000000 -0.674450 0.716801 -0.176955 0.000000 0.604169 0.398057 -0.690312 0.000000 25.932398 15.724821 -15.749475 1.000000
aniFrame
  m_time 0.965000
  m_vertexTransformMat -0.404280 -0.599118 -0.691097 0.000000 -0.673272 0.706371 -0.218506 0.000000 0.619082 0.376959 -0.688941 0.000000 25.782852 15.653483 -15.875206 1.000000
aniFrame
  m_time 0.981000
  m_vertexTransformMat -0.385317 -0.624613 -0.679257 0.000000 -0.670179 0.695425 -0.259313 0.000000 0.634343 0.355306 -0.686561 0.000000 25.652756 15.560869 -16.032612 1.000000
aniFrame
  m_time 0.997000
  m_vertexTransformMat -0.368598 -0.649643 -0.664906 0.000000 -0.665455 0.683834 -0.299235 0.000000 0.649081 0.332167 -0.684368 0.000000 25.533285 15.457539 -16.264631 1.000000
aniFrame
  m_time 1.013000
  m_vertexTransformMat -0.353256 -0.672833 -0.650005 0.000000 -0.658240 0.672480 -0.338366 0.000000 0.664779 0.308329 -0.680443 0.000000 25.440140 15.321623 -16.485878 1.000000
aniFrame
  m_time 1.029000
  m_vertexTransformMat -0.341067 -0.694693 -0.633305 0.000000 -0.649691 0.661103 -0.375293 0.000000 0.679393 0.283452 -0.676816 0.000000 25.380398 15.165795 -16.769337 1.000000
aniFrame
  m_time 1.045000
  m_vertexTransformMat -0.330987 -0.714396 -0.616511 0.000000 -0.639371 0.650290 -0.410278 0.000000 0.694012 0.258383 -0.672001 0.000000 25.349581 14.991129 -17.031084 1.000000
aniFrame
  m_time 1.061000
  m_vertexTransformMat -0.323797 -0.731869 -0.599604 0.000000 -0.626930 0.640611 -0.443369 0.000000 0.708600 0.232348 -0.666258 0.000000 25.361574 14.776304 -17.291454 1.000000
aniFrame
  m_time 1.077000
  m_vertexTransformMat -0.320982 -0.748848 -0.579825 0.000000 -0.608545 0.632188 -0.479595 0.000000 0.725703 0.198908 -0.658629 0.000000 25.464876 14.466783 -17.595791 1.000000
aniFrame
  m_time 1.093000
  m_vertexTransformMat -0.322312 -0.764329 -0.558495 0.000000 -0.584683 0.624730 -0.517551 0.000000 0.744488 0.159730 -0.648247 0.000000 25.644993 14.061666 -17.908672 1.000000
aniFrame
  m_time 1.109000
  m_vertexTransformMat -0.328411 -0.779612 -0.533246 0.000000 -0.554077 0.616230 -0.559696 0.000000 0.764948 0.111649 -0.634342 0.000000 25.914753 13.543390 -18.267384 1.000000
aniFrame
  m_time 1.125000
  m_vertexTransformMat -0.338815 -0.793575 -0.505415 0.000000 -0.516707 0.605873 -0.604923 0.000000 0.786269 0.056195 -0.615324 0.000000 26.255411 12.912010 -18.622654 1.000000
aniFrame
  m_time 1.141000
  m_vertexTransformMat -0.352070 -0.805670 -0.476385 0.000000 -0.477391 0.592363 -0.649002 0.000000 0.805074 -0.001072 -0.593173 0.000000 26.614601 12.248190 -18.954086 1.000000
aniFrame
  m_time 1.157000
  m_vertexTransformMat -0.367592 -0.815461 -0.447101 0.000000 -0.435256 0.575711 -0.692178 0.000000 0.821845 -0.059836 -0.566561 0.000000 26.994062 11.544385 -19.221693 1.000000
aniFrame
  m_time 1.173000
  m_vertexTransformMat -0.383959 -0.822823 -0.418974 0.000000 -0.395814 0.556621 -0.730414 0.000000 0.834211 -0.114613 -0.539404 0.000000 27.346571 10.889975 -19.440216 1.000000
aniFrame
  m_time 1.189000
  m_vertexTransformMat -0.400388 -0.827900 -0.392775 0.000000 -0.357334 0.535762 -0.765032 0.000000 0.843803 -0.165957 -0.510349 0.000000 27.703592 10.271688 -19.559923 1.000000
aniFrame
  m_time 1.205000
  m_vertexTransformMat -0.415762 -0.830941 -0.369702 0.000000 -0.326809 0.515849 -0.791895 0.000000 0.848728 -0.208418 -0.486029 0.000000 27.979723 9.791870 -19.675951 1.000000
aniFrame
  m_time 1.221000
  m_vertexTransformMat -0.428913 -0.832732 -0.350129 0.000000 -0.301914 0.497448 -0.813261 0.000000 0.851400 -0.243109 -0.464776 0.000000 28.224218 9.438009 -19.726990 1.000000
aniFrame
  m_time 1.237000
  m_vertexTransformMat -0.439251 -0.832654 -0.337264 0.000000 -0.285145 0.485229 -0.826587 0.000000 0.851911 -0.266910 -0.450564 0.000000 28.404953 9.252443 -19.736338 1.000000
aniFrame
  m_time 1.253000
  m_vertexTransformMat -0.445327 -0.832715 -0.329044 0.000000 -0.282338 0.479346 -0.830971 0.000000 0.849688 -0.277152 -0.448573 0.000000 28.451866 9.323654 -19.837111 1.000000
aniFrame
  m_time 1.269000
  m_vertexTransformMat -0.447330 -0.832509 -0.326843 0.000000 -0.286852 0.479687 -0.829226 0.000000 0.847120 -0.277182 -0.453385 0.000000 28.446793 9.582438 -19.908009 1.000000
aniFrame
  m_time 1.285000
  m_vertexTransformMat -0.446221 -0.832249 -0.329012 0.000000 -0.303326 0.486532 -0.819317 0.000000 0.841950 -0.265798 -0.469543 0.000000 28.323914 10.059000 -20.070869 1.000000
aniFrame
  m_time 1.301000
  m_vertexTransformMat -0.442443 -0.833166 -0.331780 0.000000 -0.327032 0.494382 -0.805380 0.000000 0.835041 -0.247832 -0.491208 0.000000 28.115736 10.669342 -20.303398 1.000000
aniFrame
  m_time 1.317000
  m_vertexTransformMat -0.437452 -0.833806 -0.336755 0.000000 -0.354433 0.504046 -0.787601 0.000000 0.826446 -0.225180 -0.516024 0.000000 27.852507 11.375143 -20.545847 1.000000
aniFrame
  m_time 1.333000
  m_vertexTransformMat -0.431499 -0.834573 -0.342487 0.000000 -0.387256 0.514253 -0.765230 0.000000 0.814765 -0.197565 -0.545093 0.000000 27.497248 12.180925 -20.849579 1.000000
aniFrame
  m_time 1.349000
  m_vertexTransformMat -0.423782 -0.835598 -0.349551 0.000000 -0.422995 0.523826 -0.739379 0.000000 0.800928 -0.165477 -0.575441 0.000000 27.075766 13.079358 -21.154325 1.000000
aniFrame
  m_time 1.365000
  m_vertexTransformMat -0.415381 -0.836251 -0.357971 0.000000 -0.462434 0.533010 -0.708559 0.000000 0.783335 -0.128783 -0.608113 0.000000 26.556784 14.065656 -21.485428 1.000000
aniFrame
  m_time 1.381000
  m_vertexTransformMat -0.405994 -0.836941 -0.367014 0.000000 -0.503870 0.540047 -0.674141 0.000000 0.762420 -0.088769 -0.640965 0.000000 25.951660 15.111313 -21.826010 1.000000
aniFrame
  m_time 1.397000
  m_vertexTransformMat -0.395660 -0.837263 -0.377418 0.000000 -0.546411 0.544911 -0.636009 0.000000 0.738166 -0.045417 -0.673089 0.000000 25.264977 16.211250 -22.144484 1.000000
aniFrame
  m_time 1.413000
  m_vertexTransformMat -0.385089 -0.837197 -0.388340 0.000000 -0.589536 0.546902 -0.594429 0.000000 0.710038 0.000032 -0.704163 0.000000 24.493097 17.336309 -22.454533 1.000000
aniFrame
  m_time 1.429000
  m_vertexTransformMat -0.374074 -0.836617 -0.400176 0.000000 -0.632247 0.545743 -0.549935 0.000000 0.678478 0.047293 -0.733097 0.000000 23.650110 18.480268 -22.726028 1.000000
aniFrame
  m_time 1.445000
  m_vertexTransformMat -0.363286 -0.835224 -0.412826 0.000000 -0.673543 0.541587 -0.503015 0.000000 0.643711 0.095318 -0.759310 0.000000 22.749279 19.608877 -22.939205 1.000000
aniFrame
  m_time 1.461000
  m_vertexTransformMat -0.352762 -0.833309 -0.425623 0.000000 -0.713109 0.533924 -0.454314 0.000000 0.605834 0.143251 -0.782588 0.000000 21.801376 20.719688 -23.109684 1.000000
aniFrame
  m_time 1.477000
  m_vertexTransformMat -0.343031 -0.830178 -0.439471 0.000000 -0.749646 0.523868 -0.404467 0.000000 0.566004 0.190703 -0.802042 0.000000 20.833517 21.776690 -23.195059 1.000000
aniFrame
  m_time 1.493000
  m_vertexTransformMat -0.334260 -0.826528 -0.452904 0.000000 -0.783204 0.510909 -0.354350 0.000000 0.524273 0.236271 -0.818116 0.000000 19.856714 22.780758 -23.240053 1.000000
aniFrame
  m_time 1.509000
  m_vertexTransformMat -0.327358 -0.821644 -0.466624 0.000000 -0.813065 0.496543 -0.303926 0.000000 0.481418 0.279903 -0.830597 0.000000 18.908083 23.701439 -23.222780 1.000000
aniFrame
  m_time 1.525000
  m_vertexTransformMat -0.321750 -0.815963 -0.480294 0.000000 -0.838780 0.480962 -0.255196 0.000000 0.439233 0.320751 -0.839162 0.000000 18.000938 24.539406 -23.141832 1.000000
aniFrame
  m_time 1.541000
  m_vertexTransformMat -0.318973 -0.809373 -0.493124 0.000000 -0.860414 0.465469 -0.207430 0.000000 0.397422 0.358126 -0.844868 0.000000 17.177240 25.273491 -23.037773 1.000000
aniFrame
  m_time 1.557000
  m_vertexTransformMat -0.318234 -0.801637 -0.506069 0.000000 -0.877741 0.450845 -0.162204 0.000000 0.358187 0.392579 -0.847104 0.000000 16.449717 25.905817 -22.872627 1.000000
aniFrame
  m_time 1.573000
  m_vertexTransformMat -0.320298 -0.793565 -0.517363 0.000000 -0.890816 0.438099 -0.120482 0.000000 0.322266 0.422285 -0.847243 0.000000 15.855346 26.424761 -22.710102 1.000000
aniFrame
  m_time 1.589000
  m_vertexTransformMat -0.324713 -0.784696 -0.528029 0.000000 -0.900249 0.427611 -0.081855 0.000000 0.290022 0.448779 -0.845272 0.000000 15.389710 26.840857 -22.522551 1.000000
aniFrame
  m_time 1.605000
  m_vertexTransformMat -0.336701 -0.772210 -0.538817 0.000000 -0.903983 0.425241 -0.044547 0.000000 0.263527 0.472083 -0.841244 0.000000 15.229816 27.073910 -22.330111 1.000000
aniFrame
  m_time 1.621000
  m_vertexTransformMat -0.357075 -0.755180 -0.549729 0.000000 -0.901780 0.432125 -0.007875 0.000000 0.243498 0.492922 -0.835306 0.000000 15.413262 27.110104 -22.141026 1.000000
aniFrame
  m_time 1.637000
  m_vertexTransformMat -0.386023 -0.732219 -0.561108 0.000000 -0.893262 0.448591 0.029145 0.000000 0.230367 0.512467 -0.827229 0.000000 15.945518 26.937735 -21.949347 1.000000
aniFrame
  m_time 1.653000
  m_vertexTransformMat -0.424576 -0.701145 -0.572827 0.000000 -0.876965 0.475769 0.067656 0.000000 0.225097 0.531074 -0.816879 0.000000 16.871117 26.506439 -21.767233 1.000000
aniFrame
  m_time 1.669000
  m_vertexTransformMat -0.466628 -0.664450 -0.583751 0.000000 -0.854827 0.508212 0.104847 0.000000 0.227003 0.547930 -0.805135 0.000000 18.006580 25.878183 -21.593664 1.000000
aniFrame
  m_time 1.685000
  m_vertexTransformMat -0.510404 -0.621666 -0.594155 0.000000 -0.826842 0.544614 0.140460 0.000000 0.236265 0.562963 -0.791992 0.000000 19.306576 25.042425 -21.414648 1.000000
aniFrame
  m_time 1.701000
  m_vertexTransformMat -0.552032 -0.575298 -0.603567 0.000000 -0.794957 0.581542 0.172777 0.000000 0.251601 0.575188 -0.778367 0.000000 20.640242 24.051018 -21.225462 1.000000
aniFrame
  m_time 1.717000
  m_vertexTransformMat -0.589522 -0.526437 -0.612640 0.000000 -0.760422 0.617506 0.201110 0.000000 0.272437 0.584424 -0.764348 0.000000 21.935013 22.930309 -20.993471 1.000000
aniFrame
  m_time 1.733000
  m_vertexTransformMat -0.620800 -0.478171 -0.621257 0.000000 -0.725604 0.650498 0.224393 0.000000 0.296827 0.590089 -0.750792 0.000000 23.123436 21.747965 -20.730492 1.000000
aniFrame
  m_time 1.749000
  m_vertexTransformMat -0.644578 -0.433311 -0.629890 0.000000 -0.692863 0.679364 0.241674 0.000000 0.323205 0.592205 -0.738127 0.000000 24.149122 20.574526 -20.419258 1.000000
aniFrame
  m_time 1.765000
  m_vertexTransformMat -0.660507 -0.394789 -0.638649 0.000000 -0.664440 0.703455 0.252330 0.000000 0.349644 0.591009 -0.726951 0.000000 24.991461 19.484520 -20.075830 1.000000
aniFrame
  m_time 1.781000
  m_vertexTransformMat -0.667529 -0.368178 -0.647186 0.000000 -0.644402 0.721123 0.254417 0.000000 0.373030 0.586878 -0.718625 0.000000 25.601133 18.622833 -19.734854 1.000000
aniFrame
  m_time 1.797000
  m_vertexTransformMat -0.667835 -0.351732 -0.655958 0.000000 -0.631472 0.734268 0.249184 0.000000 0.394003 0.580633 -0.712479 0.000000 26.033384 17.955124 -19.377655 1.000000
aniFrame
  m_time 1.813000
  m_vertexTransformMat -0.662783 -0.345349 -0.664419 0.000000 -0.625189 0.743568 0.237162 0.000000 0.412137 0.572574 -0.708732 0.000000 26.315628 17.479609 -19.024536 1.000000
aniFrame
  m_time 1.829000
  m_vertexTransformMat -0.653472 -0.347280 -0.672586 0.000000 -0.624146 0.749932 0.219191 0.000000 0.428273 0.563027 -0.706812 0.000000 26.484154 17.159000 -18.671320 1.000000
aniFrame
  m_time 1.845000
  m_vertexTransformMat -0.642547 -0.351844 -0.680691 0.000000 -0.623895 0.755963 0.198182 0.000000 0.444848 0.552021 -0.705254 0.000000 26.633097 16.849464 -18.305964 1.000000
aniFrame
  m_time 1.861000
  m_vertexTransformMat -0.629648 -0.360250 -0.688305 0.000000 -0.625130 0.760977 0.173572 0.000000 0.461255 0.539569 -0.704351 0.000000 26.743523 16.584272 -17.941587 1.000000
aniFrame
  m_time 1.877000
  m_vertexTransformMat -0.615131 -0.371931 -0.695185 0.000000 -0.627420 0.764881 0.145951 0.000000 0.477450 0.525952 -0.703859 0.000000 26.817060 16.360542 -17.590939 1.000000
aniFrame
  m_time 1.893000
  m_vertexTransformMat -0.598881 -0.387033 -0.701105 0.000000 -0.630684 0.767463 0.115063 0.000000 0.493539 0.511085 -0.703713 0.000000 26.855738 16.181334 -17.256607 1.000000
aniFrame
  m_time 1.909000
  m_vertexTransformMat -0.581669 -0.404646 -0.705637 0.000000 -0.634227 0.768793 0.081942 0.000000 0.509331 0.495197 -0.703820 0.000000 26.865452 16.030216 -16.958967 1.000000
aniFrame
  m_time 1.925000
  m_vertexTransformMat -0.562862 -0.425061 -0.708879 0.000000 -0.638212 0.768488 0.045947 0.000000 0.525235 0.478277 -0.703831 0.000000 26.848530 15.916945 -16.686518 1.000000
aniFrame
  m_time 1.941000
  m_vertexTransformMat -0.544108 -0.447020 -0.710014 0.000000 -0.641684 0.766917 0.008899 0.000000 0.540544 0.460447 -0.704131 0.000000 26.810760 15.813167 -16.480349 1.000000
aniFrame
  m_time 1.957000
  m_vertexTransformMat -0.523899 -0.471063 -0.709669 0.000000 -0.644921 0.763630 -0.030781 0.000000 0.556424 0.441554 -0.703863 0.000000 26.760448 15.733462 -16.303799 1.000000
aniFrame
  m_time 1.973000
  m_vertexTransformMat -0.503394 -0.496361 -0.707262 0.000000 -0.648395 0.758033 -0.070497 0.000000 0.571121 0.423097 -0.703428 0.000000 26.667040 15.687757 -16.198143 1.000000
aniFrame
  m_time 1.989000
  m_vertexTransformMat -0.483009 -0.522437 -0.702682 0.000000 -0.650050 0.751597 -0.111974 0.000000 0.586632 0.402694 -0.702638 0.000000 26.576080 15.619449 -16.155586 1.000000
aniFrame
  m_time 2.005000
  m_vertexTransformMat -0.461708 -0.549060 -0.696678 0.000000 -0.651849 0.742688 -0.153322 0.000000 0.601597 0.383339 -0.700809 0.000000 26.446922 15.582991 -16.150660 1.000000
aniFrame
  m_time 2.021000
  m_vertexTransformMat -0.441720 -0.575862 -0.687943 0.000000 -0.652113 0.732714 -0.194626 0.000000 0.616143 0.362646 -0.699181 0.000000 26.306566 15.525908 -16.235418 1.000000
aniFrame
  m_time 2.037000
  m_vertexTransformMat -0.421252 -0.601939 -0.678393 0.000000 -0.650595 0.721701 -0.236376 0.000000 0.631881 0.341785 -0.695636 0.000000 26.170004 15.446808 -16.314116 1.000000
aniFrame
  m_time 2.053000
