m_aniFrameList.size 84
aniFrame
  m_time -1.066000
  m_vertexTransformMat 0.949505 -0.045112 0.310491 0.000000 0.047303 0.998881 0.000473 0.000000 -0.310165 0.014238 0.950576 0.000000 -1.102011 0.454986 -0.744918 1.000000
aniFrame
  m_time -1.027000
  m_vertexTransformMat 0.920242 0.051101 0.387999 0.000000 -0.050742 0.998650 -0.011179 0.000000 -0.388046 -0.009400 0.921592 0.000000 -1.255277 0.480004 -1.105669 1.000000
aniFrame
  m_time -0.988000
  m_vertexTransformMat 0.871415 0.146314 0.468218 0.000000 -0.151793 0.988064 -0.026253 0.000000 -0.466470 -0.048195 0.883224 0.000000 -1.393560 0.476661 -1.518126 1.000000
aniFrame
  m_time -0.949000
  m_vertexTransformMat 0.828194 0.213107 0.518345 0.000000 -0.225869 0.973365 -0.039293 0.000000 -0.512912 -0.084536 0.854269 0.000000 -1.339684 0.511292 -1.748997 1.000000
aniFrame
  m_time -0.910000
  m_vertexTransformMat 0.829007 0.235524 0.507224 0.000000 -0.247623 0.967826 -0.044684 0.000000 -0.501428 -0.088557 0.860656 0.000000 -0.956994 0.697201 -1.566078 1.000000
aniFrame
  m_time -0.871000
  m_vertexTransformMat 0.875380 0.218817 0.431079 0.000000 -0.222697 0.973976 -0.042167 0.000000 -0.429087 -0.059088 0.901329 0.000000 -0.299489 1.004195 -1.024003 1.000000
aniFrame
  m_time -0.832000
  m_vertexTransformMat 0.924705 0.181928 0.334400 0.000000 -0.181212 0.982869 -0.033624 0.000000 -0.334788 -0.029505 0.941831 0.000000 0.343385 1.228272 -0.420791 1.000000
aniFrame
  m_time -0.793000
  m_vertexTransformMat 0.948694 0.151077 0.277770 0.000000 -0.150342 0.988341 -0.024077 0.000000 -0.278169 -0.018919 0.960346 0.000000 0.608850 1.249715 0.006554 1.000000
aniFrame
  m_time -0.754000
  m_vertexTransformMat 0.948859 0.124095 0.290289 0.000000 -0.125905 0.991964 -0.012511 0.000000 -0.289509 -0.024677 0.956857 0.000000 0.242345 1.097000 0.125154 1.000000
aniFrame
  m_time -0.715000
  m_vertexTransformMat 0.939207 0.095845 0.329704 0.000000 -0.102148 0.994768 0.001803 0.000000 -0.327806 -0.035372 0.944083 0.000000 -0.443128 0.872355 -0.017296 1.000000
aniFrame
  m_time -0.676000
  m_vertexTransformMat 0.935190 0.084396 0.343943 0.000000 -0.094478 0.995447 0.012627 0.000000 -0.341312 -0.044303 0.938905 0.000000 -0.925942 0.657384 -0.221216 1.000000
aniFrame
  m_time -0.637000
  m_vertexTransformMat 0.948506 0.108401 0.297635 0.000000 -0.119142 0.992712 0.018129 0.000000 -0.293500 -0.052656 0.954508 0.000000 -0.838290 0.503402 -0.340059 1.000000
aniFrame
  m_time -0.598000
  m_vertexTransformMat 0.964674 0.162302 0.207513 0.000000 -0.171013 0.984961 0.024628 0.000000 -0.200395 -0.059246 0.977922 0.000000 -0.343392 0.442797 -0.450761 1.000000
aniFrame
  m_time -0.559000
  m_vertexTransformMat 0.969440 0.220383 0.107785 0.000000 -0.225172 0.973714 0.034334 0.000000 -0.097386 -0.057555 0.993581 0.000000 0.210620 0.474503 -0.613388 1.000000
aniFrame
  m_time -0.520000
  m_vertexTransformMat 0.966058 0.256532 0.030386 0.000000 -0.257745 0.965077 0.046843 0.000000 -0.017308 -0.053085 0.998440 0.000000 0.515198 0.514684 -0.822938 1.000000
aniFrame
  m_time -0.481000
  m_vertexTransformMat 0.962920 0.268817 -0.022837 0.000000 -0.266865 0.961500 0.065587 0.000000 0.039588 -0.057060 0.997586 0.000000 0.525543 0.518114 -1.114631 1.000000
aniFrame
  m_time -0.442000
  m_vertexTransformMat 0.959082 0.273702 -0.072456 0.000000 -0.267097 0.959537 0.089156 0.000000 0.093926 -0.066155 0.993379 0.000000 0.479455 0.560184 -1.384002 1.000000
aniFrame
  m_time -0.403000
  m_vertexTransformMat 0.949133 0.284981 -0.133915 0.000000 -0.271441 0.956065 0.110723 0.000000 0.159585 -0.068740 0.984788 0.000000 0.602613 0.727353 -1.508533 1.000000
aniFrame
  m_time -0.364000
  m_vertexTransformMat 0.920833 0.313639 -0.231728 0.000000 -0.291904 0.948415 0.123698 0.000000 0.258571 -0.046263 0.964884 0.000000 1.244053 1.102801 -1.558916 1.000000
aniFrame
  m_time -0.325000
  m_vertexTransformMat 0.873116 0.343300 -0.346142 0.000000 -0.319827 0.939224 0.124774 0.000000 0.367940 0.001764 0.929848 0.000000 2.299289 1.595827 -1.629533 1.000000
aniFrame
  m_time -0.286000
  m_vertexTransformMat 0.833865 0.353132 -0.424226 0.000000 -0.337213 0.934383 0.114964 0.000000 0.436987 0.047190 0.898229 0.000000 3.227948 1.937210 -1.573411 1.000000
aniFrame
  m_time -0.247000
  m_vertexTransformMat 0.840490 0.339908 -0.421948 0.000000 -0.332423 0.938452 0.093825 0.000000 0.427870 0.061406 0.901752 0.000000 3.589474 1.940168 -1.220605 1.000000
aniFrame
  m_time -0.208000
  m_vertexTransformMat 0.888448 0.309794 -0.338656 0.000000 -0.307488 0.949535 0.061931 0.000000 0.340751 0.049111 0.938870 0.000000 3.446178 1.696081 -0.655347 1.000000
aniFrame
  m_time -0.169000
  m_vertexTransformMat 0.940461 0.266364 -0.211146 0.000000 -0.266063 0.963477 0.030377 0.000000 0.211526 0.027610 0.976983 0.000000 2.990304 1.343654 -0.159573 1.000000
aniFrame
  m_time -0.130000
  m_vertexTransformMat 0.973790 0.211532 -0.083595 0.000000 -0.211583 0.977325 0.008352 0.000000 0.083466 0.009554 0.996465 0.000000 2.343075 0.983280 0.057722 1.000000
aniFrame
  m_time -0.091000
  m_vertexTransformMat 0.991317 0.125598 0.038933 0.000000 -0.125645 0.992075 -0.001239 0.000000 -0.038780 -0.003663 0.999241 0.000000 1.369907 0.653264 -0.002568 1.000000
aniFrame
  m_time -0.052000
  m_vertexTransformMat 0.985836 0.022445 0.166203 0.000000 -0.022656 0.999744 -0.000626 0.000000 -0.166174 -0.003149 0.986092 0.000000 0.146588 0.463345 -0.271369 1.000000
aniFrame
  m_time -0.013000
  m_vertexTransformMat 0.960056 -0.041457 0.276719 0.000000 0.042786 0.999084 0.001237 0.000000 -0.276517 0.010652 0.960950 0.000000 -0.856055 0.447329 -0.620758 1.000000
aniFrame
  m_time 0.025000
  m_vertexTransformMat 0.929217 -0.015832 0.369197 0.000000 0.018994 0.999808 -0.004931 0.000000 -0.369048 0.011595 0.929339 0.000000 -1.400259 0.453815 -0.989682 1.000000
aniFrame
  m_time 0.064000
  m_vertexTransformMat 0.888362 0.083359 0.451514 0.000000 -0.082846 0.996343 -0.020945 0.000000 -0.451608 -0.018800 0.892018 0.000000 -1.601763 0.410042 -1.408996 1.000000
aniFrame
  m_time 0.103000
  m_vertexTransformMat 0.841518 0.186413 0.507049 0.000000 -0.193790 0.980277 -0.038771 0.000000 -0.504276 -0.065635 0.861045 0.000000 -1.510637 0.393550 -1.706135 1.000000
aniFrame
  m_time 0.142000
  m_vertexTransformMat 0.821992 0.235874 0.518357 0.000000 -0.248046 0.967609 -0.046960 0.000000 -0.512643 -0.089975 0.853875 0.000000 -1.177443 0.531054 -1.678478 1.000000
aniFrame
  m_time 0.181000
  m_vertexTransformMat 0.856021 0.228803 0.463549 0.000000 -0.235448 0.970872 -0.044417 0.000000 -0.460209 -0.071120 0.884958 0.000000 -0.569544 0.854801 -1.238087 1.000000
aniFrame
  m_time 0.220000
  m_vertexTransformMat 0.909527 0.195524 0.366784 0.000000 -0.195741 0.979957 -0.037005 0.000000 -0.366668 -0.038137 0.929570 0.000000 0.140285 1.164798 -0.621359 1.000000
aniFrame
  m_time 0.259000
  m_vertexTransformMat 0.943545 0.161120 0.289419 0.000000 -0.160036 0.986726 -0.027572 0.000000 -0.290020 -0.020302 0.956806 0.000000 0.588698 1.266253 -0.108996 1.000000
aniFrame
  m_time 0.298000
  m_vertexTransformMat 0.950308 0.134524 0.280744 0.000000 -0.135184 0.990673 -0.017106 0.000000 -0.280427 -0.021696 0.959630 0.000000 0.428113 1.163105 0.119348 1.000000
aniFrame
  m_time 0.337000
  m_vertexTransformMat 0.943007 0.104816 0.315836 0.000000 -0.109486 0.993984 -0.002975 0.000000 -0.314248 -0.031774 0.948810 0.000000 -0.195983 0.950274 0.054838 1.000000
aniFrame
  m_time 0.376000
  m_vertexTransformMat 0.934936 0.085464 0.344370 0.000000 -0.094649 0.995462 0.009916 0.000000 -0.341960 -0.041865 0.938782 0.000000 -0.806816 0.722903 -0.155394 1.000000
aniFrame
  m_time 0.415000
  m_vertexTransformMat 0.942206 0.095471 0.321145 0.000000 -0.106499 0.994169 0.016906 0.000000 -0.317658 -0.050130 0.946879 0.000000 -0.939308 0.541350 -0.306415 1.000000
aniFrame
  m_time 0.454000
  m_vertexTransformMat 0.959899 0.141529 0.242000 0.000000 -0.151323 0.988234 0.022276 0.000000 -0.235999 -0.058003 0.970021 0.000000 -0.542686 0.446354 -0.406990 1.000000
aniFrame
  m_time 0.493000
  m_vertexTransformMat 0.969214 0.201866 0.140976 0.000000 -0.208133 0.977607 0.031073 0.000000 -0.131547 -0.059458 0.989525 0.000000 0.037233 0.450100 -0.551687 1.000000
aniFrame
  m_time 0.532000
  m_vertexTransformMat 0.967398 0.247525 0.053592 0.000000 -0.249849 0.967371 0.042071 0.000000 -0.041429 -0.054089 0.997677 0.000000 0.454063 0.502776 -0.737203 1.000000
aniFrame
  m_time 0.571000
  m_vertexTransformMat 0.963923 0.266125 -0.005551 0.000000 -0.265371 0.962403 0.057966 0.000000 0.020769 -0.054401 0.998303 0.000000 0.542476 0.518533 -1.002573 1.000000
aniFrame
  m_time 0.610000
  m_vertexTransformMat 0.960689 0.272170 -0.054771 0.000000 -0.267439 0.960202 0.080554 0.000000 0.074515 -0.062740 0.995245 0.000000 0.490585 0.538805 -1.299682 1.000000
aniFrame
  m_time 0.649000
  m_vertexTransformMat 0.953808 0.279570 -0.109963 0.000000 -0.268730 0.957617 0.103705 0.000000 0.134295 -0.069364 0.988511 0.000000 0.524514 0.651223 -1.480225 1.000000
aniFrame
  m_time 0.688000
  m_vertexTransformMat 0.933172 0.302415 -0.194257 0.000000 -0.283275 0.951451 0.120404 0.000000 0.221238 -0.057329 0.973533 0.000000 0.961909 0.951565 -1.540662 1.000000
aniFrame
  m_time 0.727000
  m_vertexTransformMat 0.890344 0.334714 -0.308634 0.000000 -0.310645 0.942184 0.125656 0.000000 0.332849 -0.016001 0.942845 0.000000 1.925410 1.430278 -1.610996 1.000000
aniFrame
  m_time 0.766000
  m_vertexTransformMat 0.843665 0.352628 -0.404826 0.000000 -0.333597 0.935133 0.119336 0.000000 0.420647 0.034369 0.906574 0.000000 2.961836 1.857080 -1.622167 1.000000
aniFrame
  m_time 0.805000
  m_vertexTransformMat 0.831217 0.347032 -0.434336 0.000000 -0.336962 0.935879 0.102896 0.000000 0.442194 0.060826 0.894854 0.000000 3.543110 1.978397 -1.384479 1.000000
aniFrame
  m_time 0.844000
  m_vertexTransformMat 0.869025 0.322038 -0.375615 0.000000 -0.318288 0.945109 0.073908 0.000000 0.378798 0.055326 0.923824 0.000000 3.540357 1.799876 -0.862769 1.000000
aniFrame
  m_time 0.883000
  m_vertexTransformMat 0.923576 0.283043 -0.258637 0.000000 -0.282337 0.958452 0.040690 0.000000 0.259408 0.035443 0.965117 0.000000 3.179984 1.473773 -0.310486 1.000000
aniFrame
  m_time 0.922000
  m_vertexTransformMat 0.963963 0.233441 -0.127595 0.000000 -0.233522 0.972243 0.014541 0.000000 0.127447 0.015780 0.991720 0.000000 2.600646 1.113711 0.014126 1.000000
aniFrame
  m_time 0.961000
  m_vertexTransformMat 0.987207 0.159346 -0.005509 0.000000 -0.159345 0.987223 0.000568 0.000000 0.005529 0.000317 0.999985 0.000000 1.757987 0.764810 0.043785 1.000000
aniFrame
  m_time 1.000000
  m_vertexTransformMat 0.990884 0.056789 0.122166 0.000000 -0.057005 0.998373 -0.001729 0.000000 -0.122065 -0.005251 0.992509 0.000000 0.578915 0.512332 -0.160174 1.000000
aniFrame
  m_time 1.039000
  m_vertexTransformMat 0.970182 -0.026319 0.240943 0.000000 0.026939 0.999637 0.000722 0.000000 -0.240874 0.005790 0.970539 0.000000 -0.552277 0.446674 -0.500987 1.000000
aniFrame
  m_time 1.078000
  m_vertexTransformMat 0.940355 -0.036453 0.338236 0.000000 0.039313 0.999226 -0.001608 0.000000 -0.337915 0.014810 0.941060 0.000000 -1.262208 0.461327 -0.856237 1.000000
aniFrame
  m_time 1.117000
  m_vertexTransformMat 0.904344 0.044090 0.424522 0.000000 -0.041785 0.999018 -0.014743 0.000000 -0.424755 -0.004406 0.905298 0.000000 -1.565147 0.430148 -1.262337 1.000000
aniFrame
  m_time 1.156000
  m_vertexTransformMat 0.856723 0.154912 0.491964 0.000000 -0.159271 0.986672 -0.033328 0.000000 -0.490571 -0.049803 0.869978 0.000000 -1.571849 0.386334 -1.630763 1.000000
aniFrame
  m_time 1.195000
  m_vertexTransformMat 0.822262 0.226401 0.522139 0.000000 -0.238160 0.970155 -0.045607 0.000000 -0.516881 -0.086852 0.851640 0.000000 -1.327861 0.456038 -1.740062 1.000000
aniFrame
  m_time 1.234000
  m_vertexTransformMat 0.839273 0.234868 0.490366 0.000000 -0.244314 0.968615 -0.045784 0.000000 -0.485729 -0.081378 0.870314 0.000000 -0.812556 0.728308 -1.429236 1.000000
aniFrame
  m_time 1.273000
  m_vertexTransformMat 0.891115 0.209176 0.402690 0.000000 -0.211150 0.976633 -0.040055 0.000000 -0.401659 -0.049334 0.914460 0.000000 -0.102072 1.071477 -0.841166 1.000000
aniFrame
  m_time 1.312000
  m_vertexTransformMat 0.934668 0.171867 0.311219 0.000000 -0.170826 0.984819 -0.030822 0.000000 -0.311792 -0.024356 0.949838 0.000000 0.479158 1.257035 -0.267260 1.000000
aniFrame
  m_time 1.351000
  m_vertexTransformMat 0.950279 0.143512 0.276357 0.000000 -0.143305 0.989455 -0.021057 0.000000 -0.276465 -0.019593 0.960825 0.000000 0.553279 1.217385 0.073914 1.000000
aniFrame
  m_time 1.390000
  m_vertexTransformMat 0.946274 0.114767 0.302315 0.000000 -0.117815 0.993002 -0.008200 0.000000 -0.301140 -0.027858 0.953174 0.000000 0.041127 1.032450 0.101390 1.000000
aniFrame
  m_time 1.429000
  m_vertexTransformMat 0.936409 0.089732 0.339243 0.000000 -0.097469 0.995222 0.005800 0.000000 -0.337101 -0.038497 0.940681 0.000000 -0.635842 0.803309 -0.085223 1.000000
aniFrame
  m_time 1.468000
  m_vertexTransformMat 0.937342 0.087054 0.337361 0.000000 -0.097808 0.995093 0.014975 0.000000 -0.334401 -0.047034 0.941257 0.000000 -0.967975 0.598314 -0.266829 1.000000
aniFrame
  m_time 1.507000
  m_vertexTransformMat 0.953983 0.121944 0.273945 0.000000 -0.132418 0.990993 0.020001 0.000000 -0.269038 -0.055356 0.961538 0.000000 -0.716154 0.469778 -0.369671 1.000000
aniFrame
  m_time 1.546000
  m_vertexTransformMat 0.967552 0.180552 0.176762 0.000000 -0.188230 0.981739 0.027537 0.000000 -0.168562 -0.059915 0.983869 0.000000 -0.162392 0.439918 -0.493973 1.000000
aniFrame
  m_time 1.585000
  m_vertexTransformMat 0.968768 0.234239 0.081363 0.000000 -0.237842 0.970572 0.037697 0.000000 -0.070139 -0.055872 0.995972 0.000000 0.340021 0.487854 -0.665729 1.000000
aniFrame
  m_time 1.624000
  m_vertexTransformMat 0.965092 0.261572 0.013375 0.000000 -0.261913 0.963709 0.051644 0.000000 0.000619 -0.053345 0.998576 0.000000 0.535682 0.514337 -0.901875 1.000000
aniFrame
  m_time 1.663000
  m_vertexTransformMat 0.962027 0.270394 -0.037288 0.000000 -0.267267 0.960895 0.072457 0.000000 0.055421 -0.059739 0.996675 0.000000 0.506261 0.522212 -1.205638 1.000000
aniFrame
  m_time 1.702000
  m_vertexTransformMat 0.957024 0.275941 -0.089235 0.000000 -0.267502 0.958772 0.095911 0.000000 0.112021 -0.067919 0.991382 0.000000 0.492706 0.595766 -1.437450 1.000000
aniFrame
  m_time 1.741000
  m_vertexTransformMat 0.943053 0.291939 -0.159445 0.000000 -0.275876 0.954232 0.115473 0.000000 0.185858 -0.064910 0.980431 0.000000 0.737279 0.819197 -1.525342 1.000000
aniFrame
  m_time 1.780000
  m_vertexTransformMat 0.907757 0.323663 -0.266870 0.000000 -0.300379 0.945583 0.125078 0.000000 0.292831 -0.033378 0.955581 0.000000 1.541895 1.250630 -1.581621 1.000000
aniFrame
  m_time 1.819000
  m_vertexTransformMat 0.858266 0.349017 -0.376254 0.000000 -0.327164 0.936950 0.122837 0.000000 0.395403 0.017670 0.918338 0.000000 2.625117 1.728678 -1.636533 1.000000
aniFrame
  m_time 1.858000
  m_vertexTransformMat 0.829658 0.351960 -0.433348 0.000000 -0.338332 0.934435 0.111190 0.000000 0.444070 0.054366 0.894341 0.000000 3.412251 1.973736 -1.504867 1.000000
aniFrame
  m_time 1.897000
  m_vertexTransformMat 0.852558 0.333461 -0.402429 0.000000 -0.326618 0.941067 0.087837 0.000000 0.408002 0.056554 0.911228 0.000000 3.602224 1.905899 -1.064433 1.000000
aniFrame
  m_time 1.936000
  m_vertexTransformMat 0.905188 0.299576 -0.301477 0.000000 -0.296590 0.953315 0.056789 0.000000 0.304415 0.038010 0.951781 0.000000 3.378099 1.652385 -0.495488 1.000000
aniFrame
  m_time 1.975000
  m_vertexTransformMat 0.952785 0.252193 -0.169114 0.000000 -0.250935 0.967566 0.029129 0.000000 0.170975 0.014683 0.985166 0.000000 2.872004 1.323087 -0.071358 1.000000
aniFrame
  m_time 2.014000
  m_vertexTransformMat 0.980061 0.193314 -0.045934 0.000000 -0.193005 0.981135 0.011110 0.000000 0.047215 -0.002023 0.998883 0.000000 2.165242 0.998677 0.049017 1.000000
aniFrame
  m_time 2.053000
  m_vertexTransformMat 0.990284 0.119895 0.070444 0.000000 -0.120328 0.992733 0.001923 0.000000 -0.069702 -0.010381 0.997514 0.000000 1.199410 0.709915 -0.081273 1.000000
aniFrame
  m_time 2.092000
  m_vertexTransformMat 0.981169 0.037438 0.189486 0.000000 -0.037914 0.999281 -0.001115 0.000000 -0.189392 -0.006090 0.981883 0.000000 0.054694 0.515242 -0.370763 1.000000
aniFrame
  m_time 2.131000
  m_vertexTransformMat 0.951524 -0.041383 0.304778 0.000000 0.043211 0.999066 0.000748 0.000000 -0.304524 0.012458 0.952424 0.000000 -1.048604 0.446494 -0.724772 1.000000
aniFrame
  m_time 2.133000
  m_vertexTransformMat 0.949505 -0.045112 0.310491 0.000000 0.047303 0.998881 0.000473 0.000000 -0.310165 0.014238 0.950576 0.000000 -1.102011 0.454983 -0.744918 1.000000
