m_aniFrameList.size 202
aniFrame
  m_time -1.066000
  m_vertexTransformMat -0.877230 -0.477076 0.053533 0.000000 -0.461368 0.806977 -0.368682 0.000000 0.132690 -0.348118 -0.928013 0.000000 33.448559 2.648386 -36.491215 1.000000
aniFrame
  m_time -1.050000
  m_vertexTransformMat -0.892362 -0.448277 0.052332 0.000000 -0.428388 0.804813 -0.410803 0.000000 0.142036 -0.389003 -0.910221 0.000000 33.809055 1.200273 -36.220913 1.000000
aniFrame
  m_time -1.034000
  m_vertexTransformMat -0.906884 -0.418519 0.049027 0.000000 -0.393415 0.799269 -0.454305 0.000000 0.150949 -0.431290 -0.889496 0.000000 34.147484 -0.297383 -35.847206 1.000000
aniFrame
  m_time -1.018000
  m_vertexTransformMat -0.921887 -0.385125 0.042464 0.000000 -0.352946 0.789497 -0.502119 0.000000 0.159853 -0.477884 -0.863756 0.000000 34.486092 -1.989470 -35.308952 1.000000
aniFrame
  m_time -1.002000
  m_vertexTransformMat -0.935938 -0.350605 0.033095 0.000000 -0.309808 0.775044 -0.550750 0.000000 0.167446 -0.525721 -0.834014 0.000000 34.776554 -3.738002 -34.628864 1.000000
aniFrame
  m_time -0.986000
  m_vertexTransformMat -0.948194 -0.316953 0.021640 0.000000 -0.266446 0.756303 -0.597506 0.000000 0.173015 -0.572317 -0.801573 0.000000 35.000889 -5.439156 -33.836021 1.000000
aniFrame
  m_time -0.970000
  m_vertexTransformMat -0.958563 -0.284756 0.008469 0.000000 -0.223683 0.733899 -0.641373 0.000000 0.176420 -0.616690 -0.767183 0.000000 35.154884 -7.056511 -32.952217 1.000000
aniFrame
  m_time -0.954000
  m_vertexTransformMat -0.966641 -0.256092 -0.004691 0.000000 -0.184693 0.709596 -0.679972 0.000000 0.177464 -0.656422 -0.733224 0.000000 35.244595 -8.481238 -32.047775 1.000000
aniFrame
  m_time -0.938000
  m_vertexTransformMat -0.972847 -0.230768 -0.017747 0.000000 -0.149398 0.684675 -0.713373 0.000000 0.176774 -0.691352 -0.700560 0.000000 35.290024 -9.717407 -31.141544 1.000000
aniFrame
  m_time -0.922000
  m_vertexTransformMat -0.977108 -0.210969 -0.027418 0.000000 -0.122195 0.662047 -0.739435 0.000000 0.174149 -0.719157 -0.672671 0.000000 35.274792 -10.648512 -30.383301 1.000000
aniFrame
  m_time -0.906000
  m_vertexTransformMat -0.980032 -0.195727 -0.035056 0.000000 -0.101238 0.642899 -0.759232 0.000000 0.171140 -0.740522 -0.649876 0.000000 35.257198 -11.319426 -29.735039 1.000000
aniFrame
  m_time -0.890000
  m_vertexTransformMat -0.981749 -0.186550 -0.036995 0.000000 -0.090982 0.631507 -0.770014 0.000000 0.167009 -0.752594 -0.636954 0.000000 35.193676 -11.617475 -29.411238 1.000000
aniFrame
  m_time -0.874000
  m_vertexTransformMat -0.982303 -0.184406 -0.032809 0.000000 -0.091924 0.627261 -0.773366 0.000000 0.163193 -0.756663 -0.633111 0.000000 35.117371 -11.543919 -29.399343 1.000000
aniFrame
  m_time -0.858000
  m_vertexTransformMat -0.982037 -0.187044 -0.024872 0.000000 -0.100567 0.630367 -0.769756 0.000000 0.159656 -0.753428 -0.637854 0.000000 35.042233 -11.166455 -29.641199 1.000000
aniFrame
  m_time -0.842000
  m_vertexTransformMat -0.980470 -0.196460 -0.009048 0.000000 -0.121078 0.639236 -0.759420 0.000000 0.154979 -0.743492 -0.650539 0.000000 34.895515 -10.446855 -30.236137 1.000000
aniFrame
  m_time -0.826000
  m_vertexTransformMat -0.977708 -0.209792 0.008614 0.000000 -0.145850 0.649057 -0.746627 0.000000 0.151045 -0.731240 -0.665187 0.000000 34.744370 -9.573231 -30.911467 1.000000
aniFrame
  m_time -0.810000
  m_vertexTransformMat -0.973469 -0.226817 0.030196 0.000000 -0.176736 0.661503 -0.728820 0.000000 0.145334 -0.714820 -0.684039 0.000000 34.501900 -8.487828 -31.777925 1.000000
aniFrame
  m_time -0.794000
  m_vertexTransformMat -0.967385 -0.247439 0.054218 0.000000 -0.212042 0.673923 -0.707720 0.000000 0.138579 -0.696134 -0.704410 0.000000 34.183212 -7.257765 -32.744587 1.000000
aniFrame
  m_time -0.778000
  m_vertexTransformMat -0.959034 -0.271879 0.079598 0.000000 -0.251288 0.686691 -0.682136 0.000000 0.130799 -0.674194 -0.726880 0.000000 33.781807 -5.842836 -33.796230 1.000000
aniFrame
  m_time -0.762000
  m_vertexTransformMat -0.948148 -0.299392 0.106679 0.000000 -0.294008 0.698703 -0.652207 0.000000 0.120728 -0.649754 -0.750497 0.000000 33.248550 -4.289759 -34.933205 1.000000
aniFrame
  m_time -0.746000
  m_vertexTransformMat -0.934423 -0.330100 0.133747 0.000000 -0.338954 0.708859 -0.618570 0.000000 0.109382 -0.623340 -0.774263 0.000000 32.610363 -2.605622 -36.092182 1.000000
aniFrame
  m_time -0.730000
  m_vertexTransformMat -0.917838 -0.363161 0.160273 0.000000 -0.385151 0.717005 -0.581001 0.000000 0.096080 -0.594994 -0.797967 0.000000 31.845955 -0.821877 -37.252960 1.000000
aniFrame
  m_time -0.714000
  m_vertexTransformMat -0.898148 -0.398318 0.186210 0.000000 -0.432232 0.722129 -0.540098 0.000000 0.080663 -0.565573 -0.820744 0.000000 30.948048 1.041378 -38.402946 1.000000
aniFrame
  m_time -0.698000
  m_vertexTransformMat -0.875674 -0.434782 0.210143 0.000000 -0.478726 0.724481 -0.495933 0.000000 0.063378 -0.534876 -0.842550 0.000000 29.932869 2.955785 -39.490265 1.000000
aniFrame
  m_time -0.682000
  m_vertexTransformMat -0.850467 -0.471955 0.232301 0.000000 -0.524180 0.723376 -0.449402 0.000000 0.044056 -0.503969 -0.862597 0.000000 28.799997 4.887838 -40.504215 1.000000
aniFrame
  m_time -0.666000
  m_vertexTransformMat -0.822985 -0.509123 0.251970 0.000000 -0.567604 0.719178 -0.400760 0.000000 0.022825 -0.472839 -0.880853 0.000000 27.569168 6.811354 -41.424072 1.000000
aniFrame
  m_time -0.650000
  m_vertexTransformMat -0.793906 -0.545579 0.268432 0.000000 -0.608040 0.712116 -0.350968 0.000000 0.000326 -0.441853 -0.897087 0.000000 26.267826 8.696091 -42.220814 1.000000
aniFrame
  m_time -0.634000
  m_vertexTransformMat -0.763520 -0.580557 0.282827 0.000000 -0.645333 0.702291 -0.300553 0.000000 -0.024139 -0.411996 -0.910866 0.000000 24.902182 10.505597 -42.925579 1.000000
aniFrame
  m_time -0.618000
  m_vertexTransformMat -0.732987 -0.613562 0.293721 0.000000 -0.678437 0.690822 -0.249978 0.000000 -0.049532 -0.382501 -0.922626 0.000000 23.520561 12.228283 -43.497849 1.000000
aniFrame
  m_time -0.602000
  m_vertexTransformMat -0.703069 -0.643802 0.302018 0.000000 -0.707110 0.677969 -0.200882 0.000000 -0.075431 -0.354794 -0.931897 0.000000 22.155031 13.823466 -43.958153 1.000000
aniFrame
  m_time -0.586000
  m_vertexTransformMat -0.674571 -0.670921 0.307928 0.000000 -0.731070 0.665027 -0.152563 0.000000 -0.102423 -0.328031 -0.939098 0.000000 20.826860 15.285291 -44.320412 1.000000
aniFrame
  m_time -0.570000
  m_vertexTransformMat -0.648829 -0.694494 0.310964 0.000000 -0.750002 0.652694 -0.107185 0.000000 -0.128526 -0.302768 -0.944358 0.000000 19.602074 16.594913 -44.568577 1.000000
aniFrame
  m_time -0.554000
  m_vertexTransformMat -0.626280 -0.714075 0.312840 0.000000 -0.764217 0.641644 -0.065311 0.000000 -0.154095 -0.279981 -0.947558 0.000000 18.494482 17.722401 -44.748631 1.000000
aniFrame
  m_time -0.538000
  m_vertexTransformMat -0.608290 -0.729597 0.312525 0.000000 -0.773227 0.633604 -0.025823 0.000000 -0.179177 -0.257360 -0.949559 0.000000 17.547354 18.695122 -44.851402 1.000000
aniFrame
  m_time -0.522000
  m_vertexTransformMat -0.599027 -0.738082 0.310487 0.000000 -0.773705 0.633413 0.013013 0.000000 -0.206271 -0.232430 -0.950489 0.000000 16.867020 19.453640 -44.927631 1.000000
aniFrame
  m_time -0.506000
  m_vertexTransformMat -0.598363 -0.740215 0.306667 0.000000 -0.766075 0.640671 0.051664 0.000000 -0.234715 -0.204016 -0.950414 0.000000 16.458178 20.035965 -44.972916 1.000000
aniFrame
  m_time -0.490000
  m_vertexTransformMat -0.607330 -0.735211 0.301024 0.000000 -0.749016 0.656202 0.091513 0.000000 -0.264814 -0.169893 -0.949215 0.000000 16.344517 20.453285 -44.997089 1.000000
aniFrame
  m_time -0.474000
  m_vertexTransformMat -0.625663 -0.722575 0.293993 0.000000 -0.722015 0.679077 0.132473 0.000000 -0.295366 -0.129384 -0.946583 0.000000 16.534933 20.700579 -45.003929 1.000000
aniFrame
  m_time -0.458000
  m_vertexTransformMat -0.649366 -0.704598 0.286120 0.000000 -0.688792 0.704404 0.171409 0.000000 -0.322319 -0.085770 -0.942738 0.000000 16.942617 20.809633 -44.971191 1.000000
aniFrame
  m_time -0.442000
  m_vertexTransformMat -0.678220 -0.680570 0.277204 0.000000 -0.648862 0.731686 0.208840 0.000000 -0.344957 -0.038227 -0.937840 0.000000 17.572433 20.769112 -44.895733 1.000000
aniFrame
  m_time -0.426000
  m_vertexTransformMat -0.708431 -0.652966 0.267882 0.000000 -0.606505 0.757334 0.242069 0.000000 -0.360939 0.009017 -0.932546 0.000000 18.320179 20.598232 -44.764797 1.000000
aniFrame
  m_time -0.410000
  m_vertexTransformMat -0.739719 -0.621715 0.257460 0.000000 -0.562059 0.781223 0.271626 0.000000 -0.370008 0.056220 -0.927326 0.000000 19.178457 20.296749 -44.563030 1.000000
aniFrame
  m_time -0.394000
  m_vertexTransformMat -0.768734 -0.590001 0.246877 0.000000 -0.520222 0.801366 0.295265 0.000000 -0.372046 0.098549 -0.922968 0.000000 20.061634 19.891514 -44.316628 1.000000
aniFrame
  m_time -0.378000
  m_vertexTransformMat -0.795422 -0.558496 0.235345 0.000000 -0.481852 0.818308 0.313353 0.000000 -0.367591 0.135847 -0.920013 0.000000 20.956408 19.398872 -44.006340 1.000000
aniFrame
  m_time -0.362000
  m_vertexTransformMat -0.817173 -0.531067 0.224045 0.000000 -0.451518 0.831405 0.323878 0.000000 -0.358273 0.163504 -0.919188 0.000000 21.792076 18.866776 -43.688911 1.000000
aniFrame
  m_time -0.346000
  m_vertexTransformMat -0.833464 -0.509888 0.212960 0.000000 -0.431354 0.841236 0.325968 0.000000 -0.345357 0.179821 -0.921083 0.000000 22.542452 18.336578 -43.373283 1.000000
aniFrame
  m_time -0.330000
  m_vertexTransformMat -0.845655 -0.494105 0.201810 0.000000 -0.419346 0.849004 0.321468 0.000000 -0.330176 0.187223 -0.925166 0.000000 23.227316 17.809685 -43.051090 1.000000
aniFrame
  m_time -0.314000
  m_vertexTransformMat -0.853564 -0.484773 0.190851 0.000000 -0.416202 0.854832 0.309900 0.000000 -0.313377 0.185087 -0.931417 0.000000 23.837286 17.308022 -42.727978 1.000000
aniFrame
  m_time -0.298000
  m_vertexTransformMat -0.859401 -0.478721 0.179601 0.000000 -0.417505 0.859802 0.293992 0.000000 -0.295161 0.177673 -0.938783 0.000000 24.425486 16.792963 -42.388138 1.000000
aniFrame
  m_time -0.282000
  m_vertexTransformMat -0.864369 -0.474194 0.167352 0.000000 -0.420936 0.864373 0.275086 0.000000 -0.275099 0.167332 -0.946742 0.000000 25.038332 16.241831 -42.007996 1.000000
aniFrame
  m_time -0.266000
  m_vertexTransformMat -0.868094 -0.471521 0.155184 0.000000 -0.426466 0.868405 0.252982 0.000000 -0.254048 0.153431 -0.954944 0.000000 25.636890 15.660774 -41.618664 1.000000
aniFrame
  m_time -0.250000
  m_vertexTransformMat -0.870695 -0.470694 0.142613 0.000000 -0.433995 0.871727 0.227468 0.000000 -0.231387 0.136162 -0.963286 0.000000 26.240892 15.056787 -41.206993 1.000000
aniFrame
  m_time -0.234000
  m_vertexTransformMat -0.872225 -0.471299 0.130769 0.000000 -0.442596 0.874343 0.199084 0.000000 -0.208165 0.115769 -0.971218 0.000000 26.820215 14.423792 -40.803585 1.000000
aniFrame
  m_time -0.218000
  m_vertexTransformMat -0.873115 -0.472636 0.119525 0.000000 -0.451427 0.876381 0.167842 0.000000 -0.184078 0.092589 -0.978541 0.000000 27.393721 13.750356 -40.406982 1.000000
aniFrame
  m_time -0.202000
  m_vertexTransformMat -0.872836 -0.475805 0.108476 0.000000 -0.461448 0.877013 0.133841 0.000000 -0.158818 0.066765 -0.985048 0.000000 27.960070 13.078656 -40.003872 1.000000
aniFrame
  m_time -0.186000
  m_vertexTransformMat -0.872178 -0.478960 0.099517 0.000000 -0.470397 0.876979 0.098156 0.000000 -0.134287 0.038797 -0.990183 0.000000 28.481976 12.362750 -39.653732 1.000000
aniFrame
  m_time -0.170000
  m_vertexTransformMat -0.871065 -0.482839 0.090068 0.000000 -0.479235 0.875666 0.059516 0.000000 -0.107606 0.008678 -0.994156 0.000000 29.041430 11.629366 -39.277184 1.000000
aniFrame
  m_time -0.154000
  m_vertexTransformMat -0.868744 -0.488313 0.082670 0.000000 -0.488414 0.872374 0.020377 0.000000 -0.082069 -0.022675 -0.996369 0.000000 29.523655 10.930378 -38.961185 1.000000
aniFrame
  m_time -0.138000
  m_vertexTransformMat -0.867654 -0.491299 0.076172 0.000000 -0.494020 0.869196 -0.021055 0.000000 -0.055864 -0.055899 -0.996872 0.000000 30.033066 10.122908 -38.660179 1.000000
aniFrame
  m_time -0.122000
  m_vertexTransformMat -0.866320 -0.494571 0.069935 0.000000 -0.498625 0.864537 -0.062837 0.000000 -0.029384 -0.089308 -0.995571 0.000000 30.532383 9.329912 -38.359669 1.000000
aniFrame
  m_time -0.106000
  m_vertexTransformMat -0.865135 -0.497131 0.066362 0.000000 -0.501518 0.858738 -0.105117 0.000000 -0.004730 -0.124223 -0.992243 0.000000 30.961956 8.507481 -38.126823 1.000000
aniFrame
  m_time -0.090000
  m_vertexTransformMat -0.864656 -0.498507 0.062139 0.000000 -0.501943 0.852229 -0.147513 0.000000 0.020579 -0.158738 -0.987107 0.000000 31.410425 7.670129 -37.856476 1.000000
aniFrame
  m_time -0.074000
  m_vertexTransformMat -0.864552 -0.498905 0.060369 0.000000 -0.500668 0.844719 -0.189160 0.000000 0.043378 -0.193763 -0.980089 0.000000 31.801285 6.817099 -37.648678 1.000000
aniFrame
  m_time -0.058000
  m_vertexTransformMat -0.865521 -0.497525 0.057820 0.000000 -0.496453 0.836841 -0.230721 0.000000 0.066403 -0.228399 -0.971301 0.000000 32.203094 5.942645 -37.390347 1.000000
aniFrame
  m_time -0.042000
  m_vertexTransformMat -0.867209 -0.494715 0.056630 0.000000 -0.490321 0.828564 -0.270310 0.000000 0.086804 -0.262182 -0.961107 0.000000 32.564777 5.062898 -37.168041 1.000000
aniFrame
  m_time -0.026000
  m_vertexTransformMat -0.869936 -0.489998 0.055802 0.000000 -0.481746 0.820128 -0.308726 0.000000 0.105510 -0.295454 -0.949513 0.000000 32.908649 4.171706 -36.930679 1.000000
aniFrame
  m_time -0.010000
  m_vertexTransformMat -0.873393 -0.483969 0.054396 0.000000 -0.471415 0.812083 -0.343932 0.000000 0.122279 -0.326031 -0.937418 0.000000 33.226414 3.311959 -36.675514 1.000000
aniFrame
  m_time 0.005000
  m_vertexTransformMat -0.879752 -0.472473 0.052975 0.000000 -0.455038 0.804481 -0.381773 0.000000 0.137760 -0.359971 -0.922737 0.000000 33.565929 2.277348 -36.388176 1.000000
aniFrame
  m_time 0.021000
  m_vertexTransformMat -0.888961 -0.455238 0.050063 0.000000 -0.432014 0.797244 -0.421623 0.000000 0.152026 -0.396434 -0.905388 0.000000 33.922153 1.072322 -36.033394 1.000000
aniFrame
  m_time 0.037000
  m_vertexTransformMat -0.900768 -0.431843 0.046152 0.000000 -0.401960 0.788728 -0.465119 0.000000 0.164457 -0.437516 -0.884044 0.000000 34.281620 -0.348016 -35.601227 1.000000
aniFrame
  m_time 0.053000
  m_vertexTransformMat -0.915043 -0.401427 0.039412 0.000000 -0.363269 0.777692 -0.513060 0.000000 0.175306 -0.483789 -0.857448 0.000000 34.641666 -2.015713 -35.027863 1.000000
aniFrame
  m_time 0.069000
  m_vertexTransformMat -0.929224 -0.368218 0.030970 0.000000 -0.321121 0.763211 -0.560706 0.000000 0.182825 -0.530966 -0.827436 0.000000 34.931282 -3.739254 -34.357674 1.000000
aniFrame
  m_time 0.085000
  m_vertexTransformMat -0.942761 -0.332890 0.019670 0.000000 -0.275707 0.744919 -0.607521 0.000000 0.187585 -0.578170 -0.794061 0.000000 35.160526 -5.488191 -33.553257 1.000000
aniFrame
  m_time 0.101000
  m_vertexTransformMat -0.954366 -0.298545 0.007532 0.000000 -0.231512 0.723680 -0.650146 0.000000 0.188647 -0.622221 -0.759773 0.000000 35.288807 -7.119697 -32.703861 1.000000
aniFrame
  m_time 0.117000
  m_vertexTransformMat -0.963960 -0.265980 -0.006124 0.000000 -0.188821 0.700175 -0.688551 0.000000 0.187428 -0.662579 -0.725162 0.000000 35.371834 -8.609191 -31.778193 1.000000
aniFrame
  m_time 0.133000
  m_vertexTransformMat -0.971244 -0.237384 -0.018277 0.000000 -0.151881 0.676866 -0.720267 0.000000 0.183351 -0.696779 -0.693456 0.000000 35.366959 -9.848806 -30.928749 1.000000
aniFrame
  m_time 0.149000
  m_vertexTransformMat -0.976360 -0.214403 -0.027418 0.000000 -0.122973 0.655308 -0.745285 0.000000 0.177759 -0.724294 -0.666183 0.000000 35.313431 -10.788551 -30.205780 1.000000
aniFrame
  m_time 0.165000
  m_vertexTransformMat -0.979896 -0.196352 -0.035356 0.000000 -0.100399 0.638446 -0.763091 0.000000 0.172407 -0.744200 -0.645324 0.000000 35.269363 -11.435189 -29.597422 1.000000
aniFrame
  m_time 0.181000
  m_vertexTransformMat -0.981773 -0.186735 -0.035398 0.000000 -0.091929 0.629567 -0.771489 0.000000 0.166350 -0.754173 -0.635258 0.000000 35.166725 -11.644799 -29.389149 1.000000
aniFrame
  m_time 0.197000
  m_vertexTransformMat -0.982273 -0.184939 -0.030611 0.000000 -0.094045 0.627445 -0.772961 0.000000 0.162158 -0.756380 -0.633715 0.000000 35.090366 -11.476959 -29.442852 1.000000
aniFrame
  m_time 0.213000
  m_vertexTransformMat -0.981741 -0.189082 -0.020804 0.000000 -0.105658 0.632972 -0.766931 0.000000 0.158182 -0.750729 -0.641393 0.000000 35.001862 -10.979464 -29.791912 1.000000
aniFrame
  m_time 0.229000
  m_vertexTransformMat -0.979667 -0.200606 -0.003186 0.000000 -0.129090 0.642411 -0.755410 0.000000 0.153586 -0.739639 -0.655245 0.000000 34.844631 -10.170899 -30.456539 1.000000
aniFrame
  m_time 0.245000
  m_vertexTransformMat -0.976489 -0.215020 0.015318 0.000000 -0.155414 0.652985 -0.741254 0.000000 0.149382 -0.726207 -0.671050 0.000000 34.676311 -9.233024 -31.178846 1.000000
aniFrame
  m_time 0.261000
  m_vertexTransformMat -0.971652 -0.233301 0.038251 0.000000 -0.188278 0.665761 -0.722021 0.000000 0.142982 -0.708755 -0.690813 0.000000 34.397282 -8.090583 -32.100773 1.000000
aniFrame
  m_time 0.277000
  m_vertexTransformMat -0.964877 -0.255180 0.062425 0.000000 -0.224616 0.678122 -0.699785 0.000000 0.136240 -0.689227 -0.711621 0.000000 34.063679 -6.807519 -33.081516 1.000000
aniFrame
  m_time 0.293000
  m_vertexTransformMat -0.955690 -0.280753 0.088515 0.000000 -0.265253 0.690894 -0.672537 0.000000 0.127662 -0.666216 -0.734751 0.000000 33.617817 -5.335805 -34.169960 1.000000
aniFrame
  m_time 0.309000
  m_vertexTransformMat -0.943899 -0.309278 0.115768 0.000000 -0.308783 0.702286 -0.641441 0.000000 0.117082 -0.641203 -0.758387 0.000000 33.047398 -3.743783 -35.318642 1.000000
aniFrame
  m_time 0.325000
  m_vertexTransformMat -0.929208 -0.340927 0.142621 0.000000 -0.354255 0.711827 -0.606470 0.000000 0.105241 -0.614061 -0.782211 0.000000 32.371899 -2.018478 -36.478939 1.000000
aniFrame
  m_time 0.341000
  m_vertexTransformMat -0.911625 -0.374644 0.169059 0.000000 -0.400793 0.719067 -0.567721 0.000000 0.091129 -0.585307 -0.805675 0.000000 31.559904 -0.210024 -37.639862 1.000000
aniFrame
  m_time 0.357000
  m_vertexTransformMat -0.890931 -0.410399 0.194460 0.000000 -0.447881 0.723191 -0.525735 0.000000 0.075129 -0.555489 -0.828124 0.000000 30.622639 1.676831 -38.774792 1.000000
aniFrame
  m_time 0.373000
  m_vertexTransformMat -0.867592 -0.447095 0.217695 0.000000 -0.493982 0.724551 -0.480632 0.000000 0.057157 -0.524530 -0.849471 0.000000 29.567940 3.598193 -39.835670 1.000000
aniFrame
  m_time 0.389000
  m_vertexTransformMat -0.841500 -0.484406 0.239226 0.000000 -0.538977 0.722246 -0.433433 0.000000 0.037177 -0.493671 -0.868854 0.000000 28.398937 5.531968 -40.824001 1.000000
aniFrame
  m_time 0.405000
  m_vertexTransformMat -0.813486 -0.521362 0.257725 0.000000 -0.581380 0.717217 -0.384184 0.000000 0.015454 -0.462364 -0.886556 0.000000 27.143106 7.445122 -41.701408 1.000000
aniFrame
  m_time 0.421000
  m_vertexTransformMat -0.783873 -0.557456 0.273470 0.000000 -0.620875 0.709065 -0.334276 0.000000 -0.007564 -0.431821 -0.901928 0.000000 25.818707 9.309333 -42.465908 1.000000
aniFrame
  m_time 0.437000
  m_vertexTransformMat -0.753313 -0.591767 0.286936 0.000000 -0.656850 0.698678 -0.283544 0.000000 -0.032684 -0.402071 -0.915025 0.000000 24.439816 11.089234 -43.134201 1.000000
aniFrame
  m_time 0.453000
  m_vertexTransformMat -0.722912 -0.624014 0.296656 0.000000 -0.688502 0.686624 -0.233480 0.000000 -0.057997 -0.373034 -0.926004 0.000000 23.063568 12.777006 -43.660088 1.000000
aniFrame
  m_time 0.469000
  m_vertexTransformMat -0.693359 -0.653123 0.304441 0.000000 -0.715620 0.673649 -0.184623 0.000000 -0.084505 -0.345874 -0.934468 0.000000 21.704344 14.321943 -44.094837 1.000000
aniFrame
  m_time 0.485000
  m_vertexTransformMat -0.665616 -0.679261 0.309128 0.000000 -0.737965 0.660782 -0.137023 0.000000 -0.111192 -0.319330 -0.941098 0.000000 20.405079 15.743098 -44.412266 1.000000
aniFrame
  m_time 0.501000
  m_vertexTransformMat -0.641058 -0.701310 0.311784 0.000000 -0.755126 0.648972 -0.092848 0.000000 -0.137224 -0.294957 -0.945606 0.000000 19.221619 16.985477 -44.638523 1.000000
aniFrame
  m_time 0.517000
  m_vertexTransformMat -0.619531 -0.719879 0.312977 0.000000 -0.767997 0.638339 -0.051988 0.000000 -0.162360 -0.272574 -0.948337 0.000000 18.154835 18.067385 -44.789036 1.000000
aniFrame
  m_time 0.533000
  m_vertexTransformMat -0.604200 -0.733206 0.312013 0.000000 -0.774339 0.632642 -0.012817 0.000000 -0.187995 -0.249348 -0.949992 0.000000 17.289391 18.971268 -44.879093 1.000000
aniFrame
  m_time 0.549000
  m_vertexTransformMat -0.597826 -0.739501 0.309424 0.000000 -0.772088 0.634990 0.025858 0.000000 -0.215603 -0.223444 -0.950573 0.000000 16.700188 19.665781 -44.946129 1.000000
aniFrame
  m_time 0.565000
  m_vertexTransformMat -0.600169 -0.739447 0.304985 0.000000 -0.761585 0.644826 0.064708 0.000000 -0.244510 -0.193436 -0.950156 0.000000 16.384329 20.194492 -44.982285 1.000000
aniFrame
  m_time 0.581000
  m_vertexTransformMat -0.612617 -0.731729 0.298787 0.000000 -0.740931 0.663287 0.105222 0.000000 -0.275176 -0.156920 -0.948501 0.000000 16.378773 20.553091 -45.002293 1.000000
aniFrame
  m_time 0.597000
  m_vertexTransformMat -0.633037 -0.717149 0.291481 0.000000 -0.711573 0.687338 0.145709 0.000000 -0.304841 -0.115171 -0.945414 0.000000 16.647882 20.751621 -44.998238 1.000000
aniFrame
  m_time 0.613000
  m_vertexTransformMat -0.658580 -0.697179 0.283221 0.000000 -0.676068 0.713453 0.184166 0.000000 -0.330462 -0.070189 -0.941206 0.000000 17.132160 20.812487 -44.951019 1.000000
aniFrame
  m_time 0.629000
  m_vertexTransformMat -0.688264 -0.671664 0.274155 0.000000 -0.634842 0.740520 0.220465 0.000000 -0.351095 -0.022307 -0.936074 0.000000 17.812454 20.725395 -44.859558 1.000000
aniFrame
  m_time 0.645000
  m_vertexTransformMat -0.718867 -0.642863 0.264495 0.000000 -0.591769 0.765576 0.252395 0.000000 -0.364746 0.024919 -0.930773 0.000000 18.596767 20.511858 -44.704231 1.000000
aniFrame
  m_time 0.661000
  m_vertexTransformMat -0.749788 -0.611017 0.253924 0.000000 -0.547580 0.788418 0.280272 0.000000 -0.371449 0.071101 -0.925727 0.000000 19.474409 20.171106 -44.485210 1.000000
aniFrame
  m_time 0.677000
  m_vertexTransformMat -0.777953 -0.579380 0.243123 0.000000 -0.506930 0.807375 0.301941 0.000000 -0.371230 0.111649 -0.921804 0.000000 20.360332 19.735817 -44.218960 1.000000
aniFrame
  m_time 0.693000
  m_vertexTransformMat -0.803381 -0.548636 0.231469 0.000000 -0.470548 0.823137 0.317853 0.000000 -0.364916 0.146440 -0.919452 0.000000 21.246065 19.222357 -43.897640 1.000000
aniFrame
  m_time 0.709000
  m_vertexTransformMat -0.823119 -0.523365 0.220372 0.000000 -0.443773 0.834966 0.325419 0.000000 -0.354316 0.170063 -0.919532 0.000000 22.050188 18.689613 -43.584946 1.000000
aniFrame
  m_time 0.725000
  m_vertexTransformMat -0.837942 -0.504057 0.209235 0.000000 -0.426530 0.844020 0.325121 0.000000 -0.340478 0.183187 -0.922235 0.000000 22.777552 18.160624 -43.266125 1.000000
aniFrame
  m_time 0.741000
  m_vertexTransformMat -0.848730 -0.490302 0.198144 0.000000 -0.417365 0.851140 0.318383 0.000000 -0.324752 0.187523 -0.927023 0.000000 23.438145 17.639605 -42.943882 1.000000
aniFrame
  m_time 0.757000
  m_vertexTransformMat -0.855576 -0.482654 0.187175 0.000000 -0.416487 0.856507 0.304850 0.000000 -0.307454 0.182866 -0.933827 0.000000 24.031685 17.141367 -42.617760 1.000000
aniFrame
  m_time 0.773000
  m_vertexTransformMat -0.861217 -0.476937 0.175604 0.000000 -0.418292 0.861404 0.288124 0.000000 -0.288683 0.174684 -0.941354 0.000000 24.628536 16.611757 -42.265457 1.000000
aniFrame
  m_time 0.789000
  m_vertexTransformMat -0.865729 -0.473150 0.163224 0.000000 -0.422638 0.865763 0.268012 0.000000 -0.268123 0.163042 -0.949488 0.000000 25.241285 16.051996 -41.877125 1.000000
aniFrame
  m_time 0.805000
  m_vertexTransformMat -0.869101 -0.470985 0.151118 0.000000 -0.428678 0.869621 0.244936 0.000000 -0.246776 0.148094 -0.957690 0.000000 25.834808 15.460972 -41.486671 1.000000
aniFrame
  m_time 0.821000
  m_vertexTransformMat -0.871301 -0.470814 0.138451 0.000000 -0.436870 0.872654 0.218220 0.000000 -0.223561 0.129651 -0.966029 0.000000 26.440664 14.850136 -41.067413 1.000000
aniFrame
  m_time 0.837000
  m_vertexTransformMat -0.872596 -0.471593 0.127186 0.000000 -0.445387 0.875125 0.189173 0.000000 -0.200517 0.108425 -0.973672 0.000000 27.003685 14.202736 -40.677929 1.000000
aniFrame
  m_time 0.853000
  m_vertexTransformMat -0.873181 -0.473474 0.115663 0.000000 -0.454672 0.876775 0.156655 0.000000 -0.175583 0.084199 -0.980858 0.000000 27.589869 13.524116 -40.268280 1.000000
aniFrame
  m_time 0.869000
  m_vertexTransformMat -0.872505 -0.477108 0.105377 0.000000 -0.464755 0.876943 0.122374 0.000000 -0.150795 0.057797 -0.986874 0.000000 28.128859 12.855091 -39.885693 1.000000
aniFrame
  m_time 0.885000
  m_vertexTransformMat -0.871987 -0.479938 0.096423 0.000000 -0.473153 0.876827 0.085450 0.000000 -0.125557 0.028888 -0.991666 0.000000 28.669338 12.110405 -39.530529 1.000000
aniFrame
  m_time 0.901000
  m_vertexTransformMat -0.870225 -0.484880 0.087175 0.000000 -0.482631 0.874579 0.046668 0.000000 -0.098869 -0.001461 -0.995099 0.000000 29.209574 11.408039 -39.159775 1.000000
aniFrame
  m_time 0.917000
  m_vertexTransformMat -0.868274 -0.489488 0.080629 0.000000 -0.490598 0.871360 0.006777 0.000000 -0.073575 -0.033672 -0.996721 0.000000 29.686058 10.667968 -38.866074 1.000000
aniFrame
  m_time 0.933000
  m_vertexTransformMat -0.867291 -0.492313 0.073718 0.000000 -0.495602 0.867843 -0.035017 0.000000 -0.046737 -0.066905 -0.996664 0.000000 30.211006 9.856693 -38.549095 1.000000
aniFrame
  m_time 0.949000
  m_vertexTransformMat -0.865853 -0.495565 0.068663 0.000000 -0.499852 0.862695 -0.076845 0.000000 -0.021154 -0.100858 -0.994676 0.000000 30.677488 9.059554 -38.281780 1.000000
aniFrame
  m_time 0.965000
  m_vertexTransformMat -0.864929 -0.497680 0.064907 0.000000 -0.501880 0.856661 -0.119361 0.000000 0.003800 -0.135814 -0.990727 0.000000 31.112293 8.228305 -38.036205 1.000000
aniFrame
  m_time 0.981000
  m_vertexTransformMat -0.864541 -0.498800 0.061380 0.000000 -0.501762 0.849818 -0.161381 0.000000 0.028335 -0.170319 -0.984982 0.000000 31.544439 7.389004 -37.784740 1.000000
aniFrame
  m_time 0.997000
  m_vertexTransformMat -0.864752 -0.498638 0.059703 0.000000 -0.499602 0.842102 -0.203132 0.000000 0.051013 -0.205486 -0.977330 0.000000 31.932899 6.526296 -37.570141 1.000000
aniFrame
  m_time 1.013000
  m_vertexTransformMat -0.865991 -0.496778 0.057198 0.000000 -0.494622 0.834131 -0.244078 0.000000 0.073542 -0.239661 -0.968068 0.000000 32.328648 5.651464 -37.310940 1.000000
aniFrame
  m_time 1.029000
  m_vertexTransformMat -0.868010 -0.493323 0.056485 0.000000 -0.487735 0.825737 -0.283327 0.000000 0.093130 -0.273480 -0.957359 0.000000 32.679871 4.763836 -37.095760 1.000000
aniFrame
  m_time 1.045000
  m_vertexTransformMat -0.870921 -0.488298 0.055337 0.000000 -0.478649 0.817379 -0.320603 0.000000 0.111318 -0.305707 -0.945596 0.000000 33.015884 3.890062 -36.846249 1.000000
aniFrame
  m_time 1.061000
  m_vertexTransformMat -0.875091 -0.480941 0.053955 0.000000 -0.466853 0.809522 -0.355981 0.000000 0.127528 -0.336705 -0.932935 0.000000 33.334866 2.995670 -36.586273 1.000000
aniFrame
  m_time 1.077000
  m_vertexTransformMat -0.882542 -0.467330 0.052176 0.000000 -0.448062 0.802069 -0.394874 0.000000 0.142687 -0.371872 -0.917253 0.000000 33.684040 1.893477 -36.277443 1.000000
aniFrame
  m_time 1.093000
  m_vertexTransformMat -0.892598 -0.448199 0.048846 0.000000 -0.422860 0.794668 -0.435536 0.000000 0.156390 -0.409414 -0.898845 0.000000 34.041710 0.627753 -35.899555 1.000000
aniFrame
  m_time 1.109000
  m_vertexTransformMat -0.905356 -0.422340 0.044265 0.000000 -0.389877 0.785372 -0.480819 0.000000 0.168304 -0.452570 -0.875702 0.000000 34.404549 -0.883862 -35.426186 1.000000
aniFrame
  m_time 1.125000
  m_vertexTransformMat -0.919905 -0.390426 0.036650 0.000000 -0.349278 0.773278 -0.529194 0.000000 0.178270 -0.499609 -0.847709 0.000000 34.749043 -2.594176 -34.811008 1.000000
aniFrame
  m_time 1.141000
  m_vertexTransformMat -0.933820 -0.356677 0.027600 0.000000 -0.306380 0.757533 -0.576433 0.000000 0.184693 -0.546741 -0.816678 0.000000 35.014450 -4.320064 -34.106045 1.000000
aniFrame
  m_time 1.157000
  m_vertexTransformMat -0.946929 -0.321070 0.015473 0.000000 -0.260426 0.738075 -0.622434 0.000000 0.188425 -0.593430 -0.782520 0.000000 35.216854 -6.056417 -33.266056 1.000000
aniFrame
  m_time 1.173000
  m_vertexTransformMat -0.957749 -0.287586 0.003300 0.000000 -0.217305 0.716079 -0.663332 0.000000 0.188402 -0.636023 -0.748318 0.000000 35.318741 -7.627997 -32.408482 1.000000
aniFrame
  m_time 1.189000
  m_vertexTransformMat -0.966685 -0.255745 -0.010708 0.000000 -0.175365 0.692171 -0.700106 0.000000 0.186460 -0.674903 -0.713960 0.000000 35.384144 -9.062047 -31.470530 1.000000
aniFrame
  m_time 1.205000
  m_vertexTransformMat -0.973125 -0.229291 -0.021287 0.000000 -0.141814 0.669556 -0.729099 0.000000 0.181428 -0.706485 -0.684078 0.000000 35.345367 -10.185462 -30.689587 1.000000
aniFrame
  m_time 1.221000
  m_vertexTransformMat -0.977715 -0.207722 -0.030431 0.000000 -0.114441 0.648855 -0.752257 0.000000 0.176005 -0.732010 -0.658167 0.000000 35.301079 -11.044442 -29.975578 1.000000
aniFrame
  m_time 1.237000
  m_vertexTransformMat -0.980708 -0.192048 -0.036471 0.000000 -0.095785 0.634748 -0.766760 0.000000 0.170404 -0.748474 -0.640897 0.000000 35.240902 -11.555144 -29.481098 1.000000
aniFrame
  m_time 1.253000
  m_vertexTransformMat -0.982057 -0.185495 -0.033993 0.000000 -0.091890 0.628093 -0.772694 0.000000 0.164682 -0.755706 -0.633869 0.000000 35.134563 -11.623039 -29.388237 1.000000
aniFrame
  m_time 1.269000
  m_vertexTransformMat -0.982271 -0.185274 -0.028593 0.000000 -0.096052 0.628374 -0.771959 0.000000 0.160991 -0.755527 -0.635029 0.000000 35.071754 -11.362453 -29.503208 1.000000
aniFrame
  m_time 1.285000
  m_vertexTransformMat -0.981201 -0.192374 -0.015349 0.000000 -0.112757 0.636023 -0.763388 0.000000 0.156619 -0.747307 -0.645758 0.000000 34.952621 -10.729134 -29.998594 1.000000
aniFrame
  m_time 1.301000
  m_vertexTransformMat -0.978754 -0.205022 0.002635 0.000000 -0.137245 0.645536 -0.751297 0.000000 0.152331 -0.735696 -0.659959 0.000000 34.796631 -9.882978 -30.677101 1.000000
aniFrame
  m_time 1.317000
  m_vertexTransformMat -0.975080 -0.220706 0.022540 0.000000 -0.165748 0.657187 -0.735278 0.000000 0.147467 -0.720691 -0.677391 0.000000 34.595123 -8.869843 -31.469410 1.000000
aniFrame
  m_time 1.333000
  m_vertexTransformMat -0.969631 -0.240160 0.046248 0.000000 -0.200017 0.669862 -0.715038 0.000000 0.140743 -0.702573 -0.697555 0.000000 34.291492 -7.682876 -32.421711 1.000000
aniFrame
  m_time 1.349000
  m_vertexTransformMat -0.962095 -0.263341 0.070888 0.000000 -0.237716 0.682404 -0.691243 0.000000 0.133658 -0.681892 -0.719138 0.000000 33.930351 -6.334722 -33.432545 1.000000
aniFrame
  m_time 1.365000
  m_vertexTransformMat -0.952065 -0.289918 0.097571 0.000000 -0.279513 0.694918 -0.662542 0.000000 0.124279 -0.658055 -0.742643 0.000000 33.439289 -4.817990 -34.550091 1.000000
aniFrame
  m_time 1.381000
  m_vertexTransformMat -0.939322 -0.319532 0.124797 0.000000 -0.323783 0.705674 -0.630229 0.000000 0.113313 -0.632395 -0.766314 0.000000 32.835045 -3.181621 -35.705273 1.000000
aniFrame
  m_time 1.397000
  m_vertexTransformMat -0.923683 -0.351958 0.151447 0.000000 -0.369655 0.714557 -0.593939 0.000000 0.100824 -0.604594 -0.790127 0.000000 32.117672 -1.423183 -36.865669 1.000000
aniFrame
  m_time 1.413000
  m_vertexTransformMat -0.905054 -0.386382 0.177726 0.000000 -0.416513 0.720763 -0.554091 0.000000 0.085992 -0.575508 -0.813263 0.000000 31.260513 0.411731 -38.023952 1.000000
aniFrame
  m_time 1.429000
  m_vertexTransformMat -0.883433 -0.422570 0.202442 0.000000 -0.463395 0.723973 -0.511008 0.000000 0.069374 -0.545251 -0.835397 0.000000 30.284304 2.315729 -39.137669 1.000000
aniFrame
  m_time 1.445000
  m_vertexTransformMat -0.859178 -0.459502 0.225103 0.000000 -0.509157 0.724164 -0.465130 0.000000 0.050717 -0.514243 -0.856144 0.000000 29.190037 4.242717 -40.174183 1.000000
aniFrame
  m_time 1.461000
  m_vertexTransformMat -0.832321 -0.496810 0.245808 0.000000 -0.553476 0.720829 -0.417217 0.000000 0.030092 -0.483307 -0.874934 0.000000 27.988123 6.173630 -41.131420 1.000000
aniFrame
  m_time 1.477000
  m_vertexTransformMat -0.803787 -0.533533 0.263191 0.000000 -0.594864 0.714851 -0.367593 0.000000 0.007980 -0.452030 -0.891967 0.000000 26.709393 8.074121 -41.966324 1.000000
aniFrame
  m_time 1.493000
  m_vertexTransformMat -0.773726 -0.569125 0.278289 0.000000 -0.633325 0.705765 -0.317482 0.000000 -0.015719 -0.421891 -0.906510 0.000000 25.362936 9.912699 -42.701332 1.000000
aniFrame
  m_time 1.509000
  m_vertexTransformMat -0.743129 -0.602792 0.290520 0.000000 -0.667884 0.694852 -0.266668 0.000000 -0.041123 -0.392202 -0.918960 0.000000 23.979286 11.664704 -43.323692 1.000000
aniFrame
  m_time 1.525000
  m_vertexTransformMat -0.712929 -0.634104 0.299408 0.000000 -0.698067 0.682316 -0.217138 0.000000 -0.066603 -0.363811 -0.929089 0.000000 22.608339 13.308996 -43.812984 1.000000
aniFrame
  m_time 1.541000
  m_vertexTransformMat -0.683838 -0.662182 0.306399 0.000000 -0.723615 0.669330 -0.168463 0.000000 -0.093529 -0.336917 -0.936878 0.000000 21.260595 14.810274 -44.215454 1.000000
aniFrame
  m_time 1.557000
  m_vertexTransformMat -0.657022 -0.687137 0.310106 0.000000 -0.744281 0.656649 -0.121897 0.000000 -0.119871 -0.310895 -0.942855 0.000000 19.996580 16.180435 -44.493992 1.000000
aniFrame
  m_time 1.573000
  m_vertexTransformMat -0.633519 -0.707838 0.312440 0.000000 -0.759874 0.645264 -0.078904 0.000000 -0.145755 -0.287402 -0.946655 0.000000 18.851652 17.360798 -44.699039 1.000000
aniFrame
  m_time 1.589000
  m_vertexTransformMat -0.613468 -0.725103 0.312862 0.000000 -0.771056 0.635581 -0.038853 0.000000 -0.170677 -0.265069 -0.949004 0.000000 17.837498 18.392689 -44.822411 1.000000
aniFrame
  m_time 1.605000
  m_vertexTransformMat -0.601163 -0.735981 0.311346 0.000000 -0.774445 0.632641 0.000140 0.000000 -0.197073 -0.241036 -0.950297 0.000000 17.063608 19.222517 -44.905312 1.000000
aniFrame
  m_time 1.621000
  m_vertexTransformMat -0.597593 -0.740220 0.308150 0.000000 -0.769559 0.637400 0.038727 0.000000 -0.225081 -0.213997 -0.950549 0.000000 16.563694 19.859735 -44.961079 1.000000
aniFrame
  m_time 1.637000
  m_vertexTransformMat -0.603122 -0.737815 0.303106 0.000000 -0.755949 0.649972 0.077958 0.000000 -0.254529 -0.182114 -0.949763 0.000000 16.345144 20.334169 -44.990166 1.000000
aniFrame
  m_time 1.653000
  m_vertexTransformMat -0.618792 -0.727477 0.296434 0.000000 -0.731869 0.670988 0.118927 0.000000 -0.285421 -0.143360 -0.947620 0.000000 16.443710 20.634989 -45.004913 1.000000
aniFrame
  m_time 1.669000
  m_vertexTransformMat -0.640817 -0.711265 0.288886 0.000000 -0.700653 0.695659 0.158568 0.000000 -0.313750 -0.100796 -0.944141 0.000000 16.780373 20.789221 -44.986942 1.000000
aniFrame
  m_time 1.685000
  m_vertexTransformMat -0.668263 -0.689124 0.280236 0.000000 -0.662684 0.722608 0.196692 0.000000 -0.338046 -0.054265 -0.939564 0.000000 17.343870 20.798626 -44.926014 1.000000
aniFrame
  m_time 1.701000
  m_vertexTransformMat -0.698233 -0.662553 0.271099 0.000000 -0.620851 0.748985 0.231442 0.000000 -0.356392 -0.006712 -0.934313 0.000000 18.059053 20.669132 -44.816708 1.000000
aniFrame
  m_time 1.717000
  m_vertexTransformMat -0.729356 -0.632391 0.261001 0.000000 -0.576873 0.773577 0.262291 0.000000 -0.367775 0.040739 -0.929022 0.000000 18.884373 20.410931 -44.636501 1.000000
aniFrame
  m_time 1.733000
  m_vertexTransformMat -0.759401 -0.600492 0.250441 0.000000 -0.533699 0.795088 0.288099 0.000000 -0.372123 0.085123 -0.924272 0.000000 19.767647 20.036200 -44.404423 1.000000
aniFrame
  m_time 1.749000
  m_vertexTransformMat -0.786899 -0.568813 0.239254 0.000000 -0.494061 0.813040 0.308009 0.000000 -0.369723 0.124166 -0.920808 0.000000 20.659880 19.570885 -44.114498 1.000000
aniFrame
  m_time 1.765000
  m_vertexTransformMat -0.810647 -0.539449 0.227700 0.000000 -0.460389 0.827497 0.321388 0.000000 -0.361793 0.155701 -0.919164 0.000000 21.525171 19.044226 -43.791592 1.000000
aniFrame
  m_time 1.781000
  m_vertexTransformMat -0.828496 -0.516405 0.216612 0.000000 -0.437162 0.838165 0.326141 0.000000 -0.349978 0.175512 -0.920169 0.000000 22.299969 18.515493 -43.478001 1.000000
aniFrame
  m_time 1.797000
  m_vertexTransformMat -0.841983 -0.498845 0.205470 0.000000 -0.422581 0.846568 0.323649 0.000000 -0.335396 0.185679 -0.923598 0.000000 23.005936 17.986456 -43.157471 1.000000
aniFrame
  m_time 1.813000
  m_vertexTransformMat -0.851499 -0.486795 0.194887 0.000000 -0.415930 0.853364 0.314280 0.000000 -0.319299 0.186550 -0.929111 0.000000 23.638023 17.459171 -42.846294 1.000000
aniFrame
  m_time 1.829000
  m_vertexTransformMat -0.858047 -0.479250 0.184596 0.000000 -0.415516 0.859070 0.298907 0.000000 -0.301832 0.179773 -0.936258 0.000000 24.220770 16.928591 -42.534904 1.000000
aniFrame
  m_time 1.845000
  m_vertexTransformMat -0.864130 -0.472246 0.173962 0.000000 -0.416197 0.864915 0.280541 0.000000 -0.282947 0.170021 -0.943946 0.000000 24.822443 16.341084 -42.203865 1.000000
aniFrame
  m_time 1.861000
  m_vertexTransformMat -0.869218 -0.466668 0.163347 0.000000 -0.418783 0.870513 0.258511 0.000000 -0.262834 0.156296 -0.952098 0.000000 25.423637 15.711514 -41.861088 1.000000
aniFrame
  m_time 1.877000
  m_vertexTransformMat -0.873394 -0.462411 0.152838 0.000000 -0.422781 0.875672 0.233358 0.000000 -0.241743 0.139196 -0.960305 0.000000 26.017317 15.051797 -41.513607 1.000000
aniFrame
  m_time 1.893000
  m_vertexTransformMat -0.876655 -0.459543 0.142466 0.000000 -0.428127 0.880211 0.204787 0.000000 -0.219508 0.118534 -0.968384 0.000000 26.608877 14.361929 -41.157978 1.000000
aniFrame
  m_time 1.909000
  m_vertexTransformMat -0.879170 -0.457677 0.132641 0.000000 -0.433990 0.884013 0.173712 0.000000 -0.196760 0.095157 -0.975823 0.000000 27.184822 13.644828 -40.809643 1.000000
aniFrame
  m_time 1.925000
  m_vertexTransformMat -0.880903 -0.457062 0.122898 0.000000 -0.440635 0.886771 0.139567 0.000000 -0.172773 0.068791 -0.982557 0.000000 27.765764 12.906485 -40.450825 1.000000
aniFrame
  m_time 1.941000
  m_vertexTransformMat -0.882101 -0.456954 0.114419 0.000000 -0.446827 0.888567 0.103893 0.000000 -0.149143 0.040519 -0.987985 0.000000 28.313490 12.141141 -40.121506 1.000000
aniFrame
  m_time 1.957000
  m_vertexTransformMat -0.882809 -0.457658 0.105827 0.000000 -0.453068 0.889075 0.065386 0.000000 -0.124013 0.009776 -0.992233 0.000000 28.882343 11.353260 -39.776299 1.000000
aniFrame
  m_time 1.973000
  m_vertexTransformMat -0.882481 -0.459954 0.098341 0.000000 -0.459719 0.887672 0.026389 0.000000 -0.099433 -0.021921 -0.994803 0.000000 29.395615 10.593382 -39.462902 1.000000
aniFrame
  m_time 1.989000
  m_vertexTransformMat -0.882457 -0.461406 0.091513 0.000000 -0.464503 0.885449 -0.014775 0.000000 -0.074213 -0.055546 -0.995694 0.000000 29.914818 9.769865 -39.161709 1.000000
aniFrame
  m_time 2.005000
  m_vertexTransformMat -0.881492 -0.464528 0.084773 0.000000 -0.469686 0.881053 -0.056041 0.000000 -0.048657 -0.089216 -0.994823 0.000000 30.403904 8.994967 -38.857197 1.000000
aniFrame
  m_time 2.021000
  m_vertexTransformMat -0.880665 -0.466963 0.079843 0.000000 -0.473122 0.875540 -0.097904 0.000000 -0.024188 -0.123997 -0.991988 0.000000 30.845949 8.179432 -38.597649 1.000000
aniFrame
  m_time 2.037000
  m_vertexTransformMat -0.880077 -0.469055 0.073837 0.000000 -0.474828 0.868839 -0.140206 0.000000 0.001612 -0.158452 -0.987365 0.000000 31.311901 7.356145 -38.285645 1.000000
aniFrame
  m_time 2.053000
