m_aniFrameList.size 84
aniFrame
  m_time -1.066000
  m_vertexTransformMat -0.877230 -0.477076 0.053533 0.000000 -0.461368 0.806977 -0.368682 0.000000 0.132690 -0.348118 -0.928013 0.000000 33.448559 2.648386 -36.491215 1.000000
aniFrame
  m_time -1.027000
  m_vertexTransformMat -0.913435 -0.404304 0.046630 0.000000 -0.376372 0.795572 -0.474773 0.000000 0.154855 -0.451225 -0.878872 0.000000 34.296936 -1.017236 -35.633999 1.000000
aniFrame
  m_time -0.988000
  m_vertexTransformMat -0.946741 -0.321156 0.023238 0.000000 -0.271955 0.758886 -0.591720 0.000000 0.172399 -0.566525 -0.805809 0.000000 34.975613 -5.226991 -33.943073 1.000000
aniFrame
  m_time -0.949000
  m_vertexTransformMat -0.968800 -0.247679 -0.009010 0.000000 -0.172965 0.701699 -0.691161 0.000000 0.177508 -0.668038 -0.722646 0.000000 35.266697 -8.896133 -31.753933 1.000000
aniFrame
  m_time -0.910000
  m_vertexTransformMat -0.979413 -0.199076 -0.033469 0.000000 -0.105723 0.647078 -0.755059 0.000000 0.171971 -0.735975 -0.654803 0.000000 35.263824 -11.181733 -29.876068 1.000000
aniFrame
  m_time -0.871000
  m_vertexTransformMat -0.982312 -0.184547 -0.031710 0.000000 -0.092879 0.627248 -0.773262 0.000000 0.162593 -0.756639 -0.633294 0.000000 35.105869 -11.496964 -29.420929 1.000000
aniFrame
  m_time -0.832000
  m_vertexTransformMat -0.978872 -0.204463 0.001911 0.000000 -0.136222 0.645138 -0.751825 0.000000 0.152488 -0.736200 -0.659360 0.000000 34.802624 -9.919675 -30.649359 1.000000
aniFrame
  m_time -0.793000
  m_vertexTransformMat -0.966935 -0.248856 0.055738 0.000000 -0.214357 0.674701 -0.706279 0.000000 0.138156 -0.694874 -0.705736 0.000000 34.161747 -7.175210 -32.806656 1.000000
aniFrame
  m_time -0.754000
  m_vertexTransformMat -0.941651 -0.314362 0.120291 0.000000 -0.316258 0.704005 -0.635891 0.000000 0.115215 -0.636831 -0.762347 0.000000 32.942680 -3.464583 -35.511864 1.000000
aniFrame
  m_time -0.715000
  m_vertexTransformMat -0.899467 -0.396067 0.184636 0.000000 -0.429288 0.721897 -0.542750 0.000000 0.081677 -0.567447 -0.819349 0.000000 31.007626 0.922811 -38.332367 1.000000
aniFrame
  m_time -0.676000
  m_vertexTransformMat -0.840363 -0.485960 0.240069 0.000000 -0.540807 0.722083 -0.431420 0.000000 0.036303 -0.492380 -0.869623 0.000000 28.348083 5.612349 -40.863132 1.000000
aniFrame
  m_time -0.637000
  m_vertexTransformMat -0.769264 -0.574157 0.280314 0.000000 -0.638637 0.704262 -0.310093 0.000000 -0.019372 -0.417563 -0.908442 0.000000 25.161840 10.173393 -42.800953 1.000000
aniFrame
  m_time -0.598000
  m_vertexTransformMat -0.695771 -0.650818 0.303873 0.000000 -0.713541 0.674728 -0.188686 0.000000 -0.082231 -0.348108 -0.933841 0.000000 21.816545 14.198314 -44.062008 1.000000
aniFrame
  m_time -0.559000
  m_vertexTransformMat -0.633056 -0.708237 0.312472 0.000000 -0.760159 0.645033 -0.078045 0.000000 -0.146281 -0.286935 -0.946715 0.000000 18.828905 17.383820 -44.702431 1.000000
aniFrame
  m_time -0.520000
  m_vertexTransformMat -0.598465 -0.738694 0.310113 0.000000 -0.773203 0.633908 0.017830 0.000000 -0.209754 -0.229110 -0.950533 0.000000 16.800941 19.535358 -44.935005 1.000000
aniFrame
  m_time -0.481000
  m_vertexTransformMat -0.616778 -0.728882 0.297180 0.000000 -0.734795 0.668529 0.114654 0.000000 -0.282243 -0.147650 -0.947913 0.000000 16.420387 20.611219 -45.004436 1.000000
aniFrame
  m_time -0.442000
  m_vertexTransformMat -0.678220 -0.680570 0.277204 0.000000 -0.648862 0.731686 0.208840 0.000000 -0.344957 -0.038227 -0.937840 0.000000 17.572433 20.769112 -44.895733 1.000000
aniFrame
  m_time -0.403000
  m_vertexTransformMat -0.752848 -0.607699 0.252828 0.000000 -0.543166 0.790562 0.282812 0.000000 -0.371741 0.075587 -0.925255 0.000000 19.566557 20.129833 -44.460224 1.000000
aniFrame
  m_time -0.364000
  m_vertexTransformMat -0.814798 -0.534128 0.225415 0.000000 -0.454707 0.829984 0.323061 0.000000 -0.359647 0.160731 -0.919141 0.000000 21.693096 18.933287 -43.727505 1.000000
aniFrame
  m_time -0.325000
  m_vertexTransformMat -0.848554 -0.490515 0.198372 0.000000 -0.417456 0.851013 0.318602 0.000000 -0.325096 0.187539 -0.926899 0.000000 23.425245 17.650095 -42.950592 1.000000
aniFrame
  m_time -0.286000
  m_vertexTransformMat -0.863258 -0.475110 0.170463 0.000000 -0.419806 0.863291 0.280162 0.000000 -0.280267 0.170291 -0.944697 0.000000 24.884804 16.381947 -42.105709 1.000000
aniFrame
  m_time -0.247000
  m_vertexTransformMat -0.871050 -0.470746 0.140253 0.000000 -0.435605 0.872257 0.222299 0.000000 -0.226983 0.132539 -0.964838 0.000000 26.353878 14.941020 -41.128094 1.000000
aniFrame
  m_time -0.208000
  m_vertexTransformMat -0.873107 -0.474397 0.112393 0.000000 -0.457608 0.876967 0.146709 0.000000 -0.168163 0.076661 -0.982774 0.000000 27.756783 13.327983 -40.149189 1.000000
aniFrame
  m_time -0.169000
  m_vertexTransformMat -0.870927 -0.483193 0.089497 0.000000 -0.479856 0.875488 0.057091 0.000000 -0.105939 0.006777 -0.994350 0.000000 29.074366 11.586884 -39.254219 1.000000
aniFrame
  m_time -0.130000
  m_vertexTransformMat -0.867059 -0.492893 0.072560 0.000000 -0.496412 0.867073 -0.041958 0.000000 -0.042234 -0.072399 -0.996481 0.000000 30.296793 9.726594 -38.495583 1.000000
aniFrame
  m_time -0.091000
  m_vertexTransformMat -0.864682 -0.498439 0.062320 0.000000 -0.501957 0.852668 -0.144906 0.000000 0.019088 -0.156579 -0.987481 0.000000 31.384396 7.722563 -37.870960 1.000000
aniFrame
  m_time -0.052000
  m_vertexTransformMat -0.866056 -0.496673 0.057138 0.000000 -0.494380 0.833789 -0.245732 0.000000 0.074407 -0.241066 -0.967652 0.000000 32.343918 5.614975 -37.301521 1.000000
aniFrame
  m_time -0.013000
  m_vertexTransformMat -0.872595 -0.485377 0.054654 0.000000 -0.473659 0.813545 -0.337330 0.000000 0.119269 -0.320240 -0.939799 0.000000 33.166866 3.479835 -36.724174 1.000000
aniFrame
  m_time 0.025000
  m_vertexTransformMat -0.891662 -0.450025 0.049157 0.000000 -0.425222 0.795331 -0.432012 0.000000 0.155320 -0.406112 -0.900527 0.000000 34.011818 0.741322 -35.933815 1.000000
aniFrame
  m_time 0.064000
  m_vertexTransformMat -0.924934 -0.378635 0.033650 0.000000 -0.334314 0.768136 -0.546078 0.000000 0.180916 -0.516336 -0.837058 0.000000 34.851173 -3.205553 -34.573257 1.000000
aniFrame
  m_time 0.103000
  m_vertexTransformMat -0.955650 -0.294445 0.006016 0.000000 -0.226232 0.720871 -0.655106 0.000000 0.188556 -0.627413 -0.755514 0.000000 35.299549 -7.310576 -32.596157 1.000000
aniFrame
  m_time 0.142000
  m_vertexTransformMat -0.974317 -0.223965 -0.023379 0.000000 -0.135122 0.664540 -0.734935 0.000000 0.180136 -0.712900 -0.677735 0.000000 35.332775 -10.404689 -30.522682 1.000000
aniFrame
  m_time 0.181000
  m_vertexTransformMat -0.981773 -0.186735 -0.035398 0.000000 -0.091929 0.629567 -0.771489 0.000000 0.166350 -0.754173 -0.635258 0.000000 35.166725 -11.644799 -29.389149 1.000000
aniFrame
  m_time 0.220000
  m_vertexTransformMat -0.980998 -0.193545 -0.013508 0.000000 -0.115184 0.637016 -0.762197 0.000000 0.156124 -0.746157 -0.647205 0.000000 34.936016 -10.645658 -30.068132 1.000000
aniFrame
  m_time 0.259000
  m_vertexTransformMat -0.972358 -0.230822 0.035232 0.000000 -0.183919 0.664174 -0.724602 0.000000 0.143854 -0.711052 -0.688267 0.000000 34.436821 -8.240899 -31.979679 1.000000
aniFrame
  m_time 0.298000
  m_vertexTransformMat -0.952299 -0.289338 0.097003 0.000000 -0.278615 0.694674 -0.663176 0.000000 0.124496 -0.658569 -0.742151 0.000000 33.450829 -4.850595 -34.526218 1.000000
aniFrame
  m_time 0.337000
  m_vertexTransformMat -0.916320 -0.366005 0.162477 0.000000 -0.389050 0.717557 -0.577713 0.000000 0.094859 -0.592581 -0.799906 0.000000 31.775709 -0.669945 -37.349812 1.000000
aniFrame
  m_time 0.376000
  m_vertexTransformMat -0.862898 -0.454065 0.221884 0.000000 -0.502533 0.724386 -0.471939 0.000000 0.053562 -0.518739 -0.853254 0.000000 29.356913 3.960574 -40.027035 1.000000
aniFrame
  m_time 0.415000
  m_vertexTransformMat -0.795151 -0.544082 0.267788 0.000000 -0.606411 0.712476 -0.353049 0.000000 0.001295 -0.443117 -0.896463 0.000000 26.323448 8.618796 -42.189537 1.000000
aniFrame
  m_time 0.454000
  m_vertexTransformMat -0.721032 -0.625935 0.297185 0.000000 -0.690334 0.685822 -0.230405 0.000000 -0.059597 -0.371286 -0.926604 0.000000 22.978073 12.878077 -43.689400 1.000000
aniFrame
  m_time 0.493000
  m_vertexTransformMat -0.652873 -0.690883 0.310544 0.000000 -0.747217 0.654645 -0.114491 0.000000 -0.124197 -0.306792 -0.943639 0.000000 19.797556 16.390646 -44.532001 1.000000
aniFrame
  m_time 0.532000
  m_vertexTransformMat -0.604875 -0.732604 0.312120 0.000000 -0.774219 0.632734 -0.015257 0.000000 -0.186311 -0.250878 -0.949921 0.000000 17.335077 18.921652 -44.873848 1.000000
aniFrame
  m_time 0.571000
  m_vertexTransformMat -0.603582 -0.737541 0.302855 0.000000 -0.755151 0.650696 0.079639 0.000000 -0.255804 -0.180633 -0.949703 0.000000 16.343018 20.350172 -44.991093 1.000000
aniFrame
  m_time 0.610000
  m_vertexTransformMat -0.653327 -0.701438 0.284865 0.000000 -0.683320 0.708338 0.177009 0.000000 -0.325942 -0.079009 -0.942083 0.000000 17.022478 20.812998 -44.962933 1.000000
aniFrame
  m_time 0.649000
  m_vertexTransformMat -0.726739 -0.635035 0.261881 0.000000 -0.580599 0.771606 0.259864 0.000000 -0.367092 0.036806 -0.929456 0.000000 18.811687 20.437456 -44.654022 1.000000
aniFrame
  m_time 0.688000
  m_vertexTransformMat -0.795937 -0.557864 0.235101 0.000000 -0.481117 0.818623 0.313660 0.000000 -0.367439 0.136543 -0.919970 0.000000 20.974745 19.387941 -43.999519 1.000000
aniFrame
  m_time 0.727000
  m_vertexTransformMat -0.839513 -0.502017 0.207838 0.000000 -0.424936 0.845011 0.324630 0.000000 -0.338596 0.184213 -0.922724 0.000000 22.863958 18.094677 -43.225826 1.000000
aniFrame
  m_time 0.766000
  m_vertexTransformMat -0.858799 -0.479343 0.180815 0.000000 -0.417350 0.859282 0.295725 0.000000 -0.297125 0.178505 -0.938005 0.000000 24.362816 16.849192 -42.425148 1.000000
aniFrame
  m_time 0.805000
  m_vertexTransformMat -0.869101 -0.470985 0.151118 0.000000 -0.428678 0.869621 0.244936 0.000000 -0.246776 0.148094 -0.957690 0.000000 25.834808 15.460972 -41.486671 1.000000
aniFrame
  m_time 0.844000
  m_vertexTransformMat -0.872986 -0.472190 0.122198 0.000000 -0.449280 0.876011 0.175363 0.000000 -0.189852 0.098189 -0.976891 0.000000 27.257957 13.906448 -40.502026 1.000000
aniFrame
  m_time 0.883000
  m_vertexTransformMat -0.872072 -0.479546 0.097600 0.000000 -0.472105 0.876910 0.090251 0.000000 -0.128866 0.032628 -0.991125 0.000000 28.598551 12.204651 -39.577370 1.000000
aniFrame
  m_time 0.922000
  m_vertexTransformMat -0.867960 -0.490371 0.078626 0.000000 -0.492310 0.870398 -0.006198 0.000000 -0.065396 -0.044088 -0.996885 0.000000 29.845488 10.413416 -38.772781 1.000000
aniFrame
  m_time 0.961000
  m_vertexTransformMat -0.865072 -0.497283 0.066032 0.000000 -0.501641 0.858223 -0.108673 0.000000 -0.002629 -0.127135 -0.991882 0.000000 30.998611 8.437786 -38.105453 1.000000
aniFrame
  m_time 1.000000
  m_vertexTransformMat -0.864940 -0.498377 0.059156 0.000000 -0.498805 0.840636 -0.211008 0.000000 0.055433 -0.212016 -0.975693 0.000000 32.010319 6.361666 -37.518875 1.000000
aniFrame
  m_time 1.039000
  m_vertexTransformMat -0.869816 -0.490204 0.055857 0.000000 -0.482124 0.820475 -0.307209 0.000000 0.104765 -0.294145 -0.950002 0.000000 32.894947 4.207323 -36.941231 1.000000
aniFrame
  m_time 1.078000
  m_vertexTransformMat -0.883096 -0.466302 0.052004 0.000000 -0.446679 0.801621 -0.397342 0.000000 0.143594 -0.374120 -0.916196 0.000000 33.706272 1.819771 -36.255836 1.000000
aniFrame
  m_time 1.117000
  m_vertexTransformMat -0.912596 -0.406830 0.040730 0.000000 -0.370144 0.779749 -0.504960 0.000000 0.173674 -0.475900 -0.862181 0.000000 34.584621 -1.727996 -35.132519 1.000000
aniFrame
  m_time 1.156000
  m_vertexTransformMat -0.946168 -0.323268 0.016258 0.000000 -0.263265 0.739381 -0.619684 0.000000 0.188303 -0.590605 -0.784684 0.000000 35.207294 -5.951321 -33.319954 1.000000
aniFrame
  m_time 1.195000
  m_vertexTransformMat -0.969401 -0.245004 -0.015315 0.000000 -0.161470 0.683389 -0.711975 0.000000 0.184903 -0.687716 -0.702039 0.000000 35.381714 -9.526965 -31.150015 1.000000
aniFrame
  m_time 1.234000
  m_vertexTransformMat -0.980276 -0.194326 -0.036022 0.000000 -0.098119 0.636731 -0.764818 0.000000 0.171560 -0.746198 -0.643239 0.000000 35.258537 -11.494247 -29.539156 1.000000
aniFrame
  m_time 1.273000
  m_vertexTransformMat -0.982160 -0.186204 -0.026261 0.000000 -0.098791 0.629751 -0.770490 0.000000 0.160006 -0.754150 -0.636912 0.000000 35.050827 -11.241563 -29.586729 1.000000
aniFrame
  m_time 1.312000
  m_vertexTransformMat -0.976407 -0.215363 0.015753 0.000000 -0.156037 0.653241 -0.740897 0.000000 0.149271 -0.725875 -0.671434 0.000000 34.671650 -9.210974 -31.196318 1.000000
aniFrame
  m_time 1.351000
  m_vertexTransformMat -0.960980 -0.266501 0.074127 0.000000 -0.242754 0.684016 -0.687891 0.000000 0.132619 -0.679044 -0.722019 0.000000 33.876472 -6.152304 -33.567562 1.000000
aniFrame
  m_time 1.390000
  m_vertexTransformMat -0.930871 -0.337519 0.139855 0.000000 -0.349461 0.710924 -0.610298 0.000000 0.106561 -0.616983 -0.779729 0.000000 32.448009 -2.202990 -36.358105 1.000000
aniFrame
  m_time 1.429000
  m_vertexTransformMat -0.883433 -0.422570 0.202442 0.000000 -0.463395 0.723973 -0.511008 0.000000 0.069374 -0.545251 -0.835397 0.000000 30.284304 2.315729 -39.137669 1.000000
aniFrame
  m_time 1.468000
  m_vertexTransformMat -0.820039 -0.512952 0.253805 0.000000 -0.571940 0.718610 -0.395581 0.000000 0.020527 -0.469553 -0.882666 0.000000 27.436819 7.009761 -41.512245 1.000000
aniFrame
  m_time 1.507000
  m_vertexTransformMat -0.746944 -0.598684 0.289228 0.000000 -0.663802 0.696312 -0.272976 0.000000 -0.037966 -0.395888 -0.917514 0.000000 24.151764 11.450118 -43.254631 1.000000
aniFrame
  m_time 1.546000
  m_vertexTransformMat -0.675142 -0.670386 0.307843 0.000000 -0.730621 0.665295 -0.153547 0.000000 -0.101871 -0.328582 -0.938966 0.000000 20.853636 15.256068 -44.314270 1.000000
aniFrame
  m_time 1.585000
  m_vertexTransformMat -0.617944 -0.721245 0.312971 0.000000 -0.768836 0.637590 -0.048690 0.000000 -0.164430 -0.270711 -0.948514 0.000000 18.073219 18.150677 -44.797943 1.000000
aniFrame
  m_time 1.624000
  m_vertexTransformMat -0.597900 -0.740309 0.307341 0.000000 -0.767720 0.639133 0.045993 0.000000 -0.230480 -0.208453 -0.950487 0.000000 16.500486 19.961029 -44.968090 1.000000
aniFrame
  m_time 1.663000
  m_vertexTransformMat -0.632094 -0.717851 0.291798 0.000000 -0.712903 0.686303 0.144077 0.000000 -0.303688 -0.116954 -0.945567 0.000000 16.632730 20.745972 -44.999252 1.000000
aniFrame
  m_time 1.702000
  m_vertexTransformMat -0.700118 -0.660801 0.270512 0.000000 -0.618201 0.750552 0.233452 0.000000 -0.357298 -0.003787 -0.933983 0.000000 18.106634 20.657047 -44.807701 1.000000
aniFrame
  m_time 1.741000
  m_vertexTransformMat -0.773368 -0.584695 0.245019 0.000000 -0.513538 0.804409 0.298671 0.000000 -0.371728 0.105156 -0.922367 0.000000 20.210640 19.814934 -44.268841 1.000000
aniFrame
  m_time 1.780000
  m_vertexTransformMat -0.827522 -0.517670 0.217313 0.000000 -0.438333 0.837579 0.326074 0.000000 -0.350816 0.174578 -0.920028 0.000000 22.253702 18.548372 -43.497986 1.000000
aniFrame
  m_time 1.819000
  m_vertexTransformMat -0.854116 -0.483727 0.191035 0.000000 -0.415425 0.855541 0.308986 0.000000 -0.312903 0.184549 -0.931683 0.000000 23.857576 17.264250 -42.730690 1.000000
aniFrame
  m_time 1.858000
  m_vertexTransformMat -0.868336 -0.467616 0.165316 0.000000 -0.418191 0.869491 0.262874 0.000000 -0.266664 0.159129 -0.950562 0.000000 25.311974 15.832121 -41.925369 1.000000
aniFrame
  m_time 1.897000
  m_vertexTransformMat -0.877350 -0.458973 0.140006 0.000000 -0.429525 0.881241 0.197289 0.000000 -0.213929 0.112955 -0.970297 0.000000 26.752455 14.184917 -41.071625 1.000000
aniFrame
  m_time 1.936000
  m_vertexTransformMat -0.881736 -0.456996 0.117036 0.000000 -0.444972 0.888083 0.115363 0.000000 -0.156658 0.049642 -0.986405 0.000000 28.139751 12.386273 -40.224739 1.000000
aniFrame
  m_time 1.975000
  m_vertexTransformMat -0.882471 -0.460147 0.097517 0.000000 -0.460387 0.887461 0.021373 0.000000 -0.096377 -0.026035 -0.995005 0.000000 29.458654 10.492544 -39.426735 1.000000
aniFrame
  m_time 2.014000
  m_vertexTransformMat -0.880929 -0.466091 0.081999 0.000000 -0.471954 0.878040 -0.079409 0.000000 -0.034986 -0.108653 -0.993464 0.000000 30.650467 8.544574 -38.713497 1.000000
aniFrame
  m_time 2.053000
  m_vertexTransformMat -0.879093 -0.471483 0.070006 0.000000 -0.475982 0.860552 -0.181362 0.000000 0.025265 -0.192756 -0.980922 0.000000 31.709465 6.548507 -38.028023 1.000000
aniFrame
  m_time 2.092000
  m_vertexTransformMat -0.877444 -0.475775 0.061077 0.000000 -0.472741 0.836138 -0.278190 0.000000 0.081287 -0.272970 -0.958582 0.000000 32.619164 4.601957 -37.317490 1.000000
aniFrame
  m_time 2.131000
  m_vertexTransformMat -0.877232 -0.477081 0.053468 0.000000 -0.462009 0.808720 -0.364031 0.000000 0.130432 -0.344042 -0.929851 0.000000 33.412624 2.749641 -36.527725 1.000000
aniFrame
  m_time 2.133000
  m_vertexTransformMat -0.877230 -0.477076 0.053533 0.000000 -0.461368 0.806977 -0.368682 0.000000 0.132690 -0.348118 -0.928013 0.000000 33.448555 2.648384 -36.491219 1.000000
