m_aniFrameList.size 84
aniFrame
  m_time -1.066000
  m_vertexTransformMat -0.591620 0.182508 0.785287 0.000000 -0.410056 0.770522 -0.488005 0.000000 -0.694147 -0.610726 -0.381018 0.000000 17.897467 -16.694038 -49.514606 1.000000
aniFrame
  m_time -1.027000
  m_vertexTransformMat -0.616971 0.305293 0.725357 0.000000 -0.321715 0.743318 -0.586496 0.000000 -0.718224 -0.595210 -0.360388 0.000000 18.005718 -20.432329 -47.601646 1.000000
aniFrame
  m_time -0.988000
  m_vertexTransformMat -0.634385 0.440309 0.635361 0.000000 -0.214831 0.689123 -0.692068 0.000000 -0.742565 -0.575533 -0.342577 0.000000 17.860582 -24.597174 -44.780327 1.000000
aniFrame
  m_time -0.949000
  m_vertexTransformMat -0.636350 0.556056 0.534660 0.000000 -0.115327 0.616736 -0.778677 0.000000 -0.762731 -0.557171 -0.328332 0.000000 17.388571 -28.130350 -41.551495 1.000000
aniFrame
  m_time -0.910000
  m_vertexTransformMat -0.627768 0.631111 0.455639 0.000000 -0.049057 0.552112 -0.832326 0.000000 -0.776853 -0.544860 -0.315638 0.000000 16.813349 -30.278215 -38.847076 1.000000
aniFrame
  m_time -0.871000
  m_vertexTransformMat -0.619298 0.653399 0.435363 0.000000 -0.037453 0.529277 -0.847622 0.000000 -0.784263 -0.541236 -0.303309 0.000000 16.387316 -30.545509 -37.926418 1.000000
aniFrame
  m_time -0.832000
  m_vertexTransformMat -0.614533 0.628500 0.476798 0.000000 -0.081834 0.550344 -0.830918 0.000000 -0.784635 -0.549645 -0.286772 0.000000 16.148472 -29.132339 -38.924019 1.000000
aniFrame
  m_time -0.793000
  m_vertexTransformMat -0.606609 0.575337 0.548647 0.000000 -0.161530 0.586529 -0.793657 0.000000 -0.778418 -0.570062 -0.262859 0.000000 15.815955 -26.787100 -40.830353 1.000000
aniFrame
  m_time -0.754000
  m_vertexTransformMat -0.587968 0.497577 0.637739 0.000000 -0.266352 0.625354 -0.733478 0.000000 -0.763774 -0.601124 -0.235158 0.000000 15.143289 -23.662809 -43.308502 1.000000
aniFrame
  m_time -0.715000
  m_vertexTransformMat -0.553545 0.400773 0.730048 0.000000 -0.384156 0.654897 -0.650796 0.000000 -0.738927 -0.640696 -0.208556 0.000000 13.992201 -19.989429 -45.995792 1.000000
aniFrame
  m_time -0.676000
  m_vertexTransformMat -0.500598 0.292824 0.814651 0.000000 -0.502579 0.667915 -0.548911 0.000000 -0.704852 -0.684210 -0.187190 0.000000 12.287974 -16.035908 -48.544262 1.000000
aniFrame
  m_time -0.637000
  m_vertexTransformMat -0.431207 0.183542 0.883388 0.000000 -0.609187 0.662999 -0.435113 0.000000 -0.665547 -0.725772 -0.174078 0.000000 10.100656 -12.112050 -50.680931 1.000000
aniFrame
  m_time -0.598000
  m_vertexTransformMat -0.351427 0.082867 0.932541 0.000000 -0.694095 0.645386 -0.318920 0.000000 -0.628277 -0.759349 -0.169288 0.000000 7.603723 -8.515836 -52.286236 1.000000
aniFrame
  m_time -0.559000
  m_vertexTransformMat -0.272023 -0.001497 0.962289 0.000000 -0.750763 0.625881 -0.211254 0.000000 -0.601962 -0.779917 -0.171378 0.000000 5.102787 -5.470587 -53.353622 1.000000
aniFrame
  m_time -0.520000
  m_vertexTransformMat -0.202061 -0.067741 0.977028 0.000000 -0.773131 0.623424 -0.116669 0.000000 -0.601199 -0.778944 -0.178343 0.000000 2.825617 -2.985024 -54.050758 1.000000
aniFrame
  m_time -0.481000
  m_vertexTransformMat -0.142598 -0.129499 0.981273 0.000000 -0.743890 0.668005 -0.019945 0.000000 -0.652912 -0.732803 -0.191589 0.000000 0.684885 -0.452444 -54.714771 1.000000
aniFrame
  m_time -0.442000
  m_vertexTransformMat -0.105875 -0.193630 0.975345 0.000000 -0.664817 0.743194 0.075376 0.000000 -0.739465 -0.640445 -0.207415 0.000000 -0.888373 2.380699 -55.222347 1.000000
aniFrame
  m_time -0.403000
  m_vertexTransformMat -0.104106 -0.250506 0.962502 0.000000 -0.561033 0.813879 0.151142 0.000000 -0.821221 -0.524260 -0.225272 0.000000 -1.381675 5.050318 -55.385162 1.000000
aniFrame
  m_time -0.364000
  m_vertexTransformMat -0.132436 -0.284626 0.949447 0.000000 -0.469697 0.861529 0.192753 0.000000 -0.872838 -0.420425 -0.247786 0.000000 -0.747422 6.768491 -55.304005 1.000000
aniFrame
  m_time -0.325000
  m_vertexTransformMat -0.173652 -0.284551 0.942802 0.000000 -0.427137 0.884374 0.188244 0.000000 -0.887355 -0.370017 -0.275116 0.000000 0.679886 6.825093 -55.240513 1.000000
aniFrame
  m_time -0.286000
  m_vertexTransformMat -0.219966 -0.260625 0.940048 0.000000 -0.423128 0.893771 0.148785 0.000000 -0.878964 -0.365033 -0.306876 0.000000 2.573117 5.564911 -55.173019 1.000000
aniFrame
  m_time -0.247000
  m_vertexTransformMat -0.272123 -0.224511 0.935705 0.000000 -0.431579 0.897590 0.089854 0.000000 -0.860052 -0.379379 -0.341149 0.000000 4.819624 3.555617 -54.992531 1.000000
aniFrame
  m_time -0.208000
  m_vertexTransformMat -0.327194 -0.176967 0.928239 0.000000 -0.445651 0.895104 0.013563 0.000000 -0.833270 -0.409233 -0.371738 0.000000 7.242406 0.908232 -54.657284 1.000000
aniFrame
  m_time -0.169000
  m_vertexTransformMat -0.383253 -0.120475 0.915753 0.000000 -0.459668 0.884836 -0.075969 0.000000 -0.801138 -0.450057 -0.394495 0.000000 9.731761 -2.193504 -54.138397 1.000000
aniFrame
  m_time -0.130000
  m_vertexTransformMat -0.439058 -0.057226 0.896634 0.000000 -0.467908 0.866516 -0.173818 0.000000 -0.767001 -0.495858 -0.407228 0.000000 12.167526 -5.564955 -53.431210 1.000000
aniFrame
  m_time -0.091000
  m_vertexTransformMat -0.492055 0.011566 0.870488 0.000000 -0.465497 0.841468 -0.274308 0.000000 -0.735660 -0.540184 -0.408665 0.000000 14.355475 -9.050128 -52.508835 1.000000
aniFrame
  m_time -0.052000
  m_vertexTransformMat -0.539887 0.083505 0.837585 0.000000 -0.450738 0.811698 -0.371459 0.000000 -0.710885 -0.578078 -0.400586 0.000000 16.183943 -12.465612 -51.355782 1.000000
aniFrame
  m_time -0.013000
  m_vertexTransformMat -0.579343 0.155156 0.800180 0.000000 -0.424141 0.780943 -0.458511 0.000000 -0.696036 -0.605024 -0.386626 0.000000 17.538317 -15.603392 -50.034073 1.000000
aniFrame
  m_time 0.025000
  m_vertexTransformMat -0.613442 0.244308 0.751001 0.000000 -0.370801 0.750509 -0.547031 0.000000 -0.697277 -0.614044 -0.369804 0.000000 18.388618 -18.930737 -48.363621 1.000000
aniFrame
  m_time 0.064000
  m_vertexTransformMat -0.639618 0.370571 0.673473 0.000000 -0.276255 0.706779 -0.651266 0.000000 -0.717337 -0.602611 -0.349696 0.000000 18.588902 -23.042826 -45.869064 1.000000
aniFrame
  m_time 0.103000
  m_vertexTransformMat -0.646701 0.501020 0.575116 0.000000 -0.167117 0.642616 -0.747742 0.000000 -0.744212 -0.579676 -0.331851 0.000000 18.091629 -26.970655 -42.742264 1.000000
aniFrame
  m_time 0.142000
  m_vertexTransformMat -0.636306 0.601503 0.483021 0.000000 -0.077298 0.573267 -0.815715 0.000000 -0.767555 -0.556381 -0.318278 0.000000 17.238899 -29.729822 -39.727322 1.000000
aniFrame
  m_time 0.181000
  m_vertexTransformMat -0.622189 0.650517 0.435557 0.000000 -0.036040 0.531971 -0.845996 0.000000 -0.782038 -0.542066 -0.307542 0.000000 16.519629 -30.708956 -38.015747 1.000000
aniFrame
  m_time 0.220000
  m_vertexTransformMat -0.615958 0.641283 0.457550 0.000000 -0.060441 0.540627 -0.839088 0.000000 -0.785457 -0.544498 -0.294244 0.000000 16.219238 -29.753569 -38.443325 1.000000
aniFrame
  m_time 0.259000
  m_vertexTransformMat -0.610162 0.596596 0.521322 0.000000 -0.130443 0.573378 -0.808841 0.000000 -0.781465 -0.561526 -0.272031 0.000000 15.955692 -27.685766 -40.098770 1.000000
aniFrame
  m_time 0.298000
  m_vertexTransformMat -0.596177 0.527147 0.605549 0.000000 -0.227480 0.612425 -0.757092 0.000000 -0.769952 -0.589111 -0.245198 0.000000 15.434104 -24.824295 -42.401707 1.000000
aniFrame
  m_time 0.337000
  m_vertexTransformMat -0.567752 0.436340 0.698044 0.000000 -0.341993 0.646301 -0.682155 0.000000 -0.748798 -0.626021 -0.217713 0.000000 14.461324 -21.320999 -45.051762 1.000000
aniFrame
  m_time 0.376000
  m_vertexTransformMat -0.521304 0.331194 0.786482 0.000000 -0.461638 0.665679 -0.586312 0.000000 -0.717728 -0.668716 -0.194129 0.000000 12.947285 -17.430527 -47.689903 1.000000
aniFrame
  m_time 0.415000
  m_vertexTransformMat -0.457260 0.221123 0.861405 0.000000 -0.573682 0.666788 -0.475692 0.000000 -0.679561 -0.711687 -0.178041 0.000000 10.917529 -13.457821 -49.990486 1.000000
aniFrame
  m_time 0.454000
  m_vertexTransformMat -0.380076 0.116294 0.917615 0.000000 -0.667293 0.652515 -0.359089 0.000000 -0.640518 -0.748799 -0.170403 0.000000 8.500116 -9.713026 -51.789116 1.000000
aniFrame
  m_time 0.493000
  m_vertexTransformMat -0.298954 0.025275 0.953933 0.000000 -0.734388 0.632229 -0.246902 0.000000 -0.609344 -0.774369 -0.170446 0.000000 5.955069 -6.446590 -53.042000 1.000000
aniFrame
  m_time 0.532000
  m_vertexTransformMat -0.225646 -0.046052 0.973121 0.000000 -0.770867 0.619218 -0.149444 0.000000 -0.595692 -0.783868 -0.175224 0.000000 3.614148 -3.824173 -53.814659 1.000000
aniFrame
  m_time 0.571000
  m_vertexTransformMat -0.162027 -0.107213 0.980945 0.000000 -0.761066 0.646333 -0.055067 0.000000 -0.628112 -0.755486 -0.186320 0.000000 1.417070 -1.393355 -54.478397 1.000000
aniFrame
  m_time 0.610000
  m_vertexTransformMat -0.115139 -0.171061 0.978510 0.000000 -0.697331 0.715457 0.043021 0.000000 -0.707441 -0.677392 -0.201663 0.000000 -0.442597 1.363357 -55.075146 1.000000
aniFrame
  m_time 0.649000
  m_vertexTransformMat -0.100673 -0.232169 0.967452 0.000000 -0.598407 0.790974 0.127548 0.000000 -0.794842 -0.566089 -0.218561 0.000000 -1.343760 4.170884 -55.365265 1.000000
aniFrame
  m_time 0.688000
  m_vertexTransformMat -0.120164 -0.276298 0.953530 0.000000 -0.497523 0.847928 0.183001 0.000000 -0.859088 -0.452413 -0.239355 0.000000 -1.082196 6.332829 -55.341022 1.000000
aniFrame
  m_time 0.727000
  m_vertexTransformMat -0.158590 -0.287891 0.944441 0.000000 -0.436615 0.878385 0.194440 0.000000 -0.885560 -0.381521 -0.265001 0.000000 0.120026 6.980742 -55.257790 1.000000
aniFrame
  m_time 0.766000
  m_vertexTransformMat -0.202852 -0.270309 0.941161 0.000000 -0.423041 0.891012 0.164726 0.000000 -0.883113 -0.364735 -0.295095 0.000000 1.858584 6.090494 -55.207333 1.000000
aniFrame
  m_time 0.805000
  m_vertexTransformMat -0.253058 -0.238514 0.937589 0.000000 -0.427358 0.897012 0.112846 0.000000 -0.867944 -0.372130 -0.328927 0.000000 3.986934 4.340471 -55.072666 1.000000
aniFrame
  m_time 0.844000
  m_vertexTransformMat -0.307162 -0.194793 0.931508 0.000000 -0.440228 0.896885 0.042389 0.000000 -0.843713 -0.397055 -0.361242 0.000000 6.352615 1.899815 -54.798241 1.000000
aniFrame
  m_time 0.883000
  m_vertexTransformMat -0.362818 -0.141071 0.921120 0.000000 -0.454934 0.889488 -0.042967 0.000000 -0.813264 -0.434638 -0.386901 0.000000 8.818248 -1.066877 -54.348305 1.000000
aniFrame
  m_time 0.922000
  m_vertexTransformMat -0.418779 -0.080250 0.904535 0.000000 -0.466829 0.873412 -0.138642 0.000000 -0.778906 -0.480324 -0.403230 0.000000 11.293251 -4.359911 -53.710575 1.000000
aniFrame
  m_time 0.961000
  m_vertexTransformMat -0.473287 -0.012801 0.880815 0.000000 -0.467999 0.850768 -0.239105 0.000000 -0.746308 -0.525386 -0.408648 0.000000 13.596017 -7.836083 -52.866394 1.000000
aniFrame
  m_time 1.000000
  m_vertexTransformMat -0.523414 0.058296 0.850082 0.000000 -0.457632 0.822324 -0.338166 0.000000 -0.718757 -0.566025 -0.403738 0.000000 15.573231 -11.294839 -51.789280 1.000000
aniFrame
  m_time 1.039000
  m_vertexTransformMat -0.566503 0.131052 0.813572 0.000000 -0.434512 0.791373 -0.430034 0.000000 -0.700195 -0.597123 -0.391371 0.000000 17.115746 -14.570859 -50.504826 1.000000
aniFrame
  m_time 1.078000
  m_vertexTransformMat -0.601976 0.209558 0.770526 0.000000 -0.393881 0.761462 -0.514814 0.000000 -0.694610 -0.613401 -0.375841 0.000000 18.154465 -17.699999 -49.011005 1.000000
aniFrame
  m_time 1.117000
  m_vertexTransformMat -0.632146 0.323515 0.704081 0.000000 -0.313122 0.724512 -0.614034 0.000000 -0.708764 -0.608622 -0.356698 0.000000 18.604725 -21.555067 -46.841675 1.000000
aniFrame
  m_time 1.156000
  m_vertexTransformMat -0.646826 0.457727 0.610002 0.000000 -0.204169 0.666731 -0.716789 0.000000 -0.734800 -0.588181 -0.337805 0.000000 18.339880 -25.700951 -43.856415 1.000000
aniFrame
  m_time 1.195000
  m_vertexTransformMat -0.641571 0.572065 0.511007 0.000000 -0.102952 0.595939 -0.796403 0.000000 -0.760124 -0.563558 -0.323442 0.000000 17.572407 -28.965073 -40.666485 1.000000
aniFrame
  m_time 1.234000
  m_vertexTransformMat -0.626826 0.640911 0.443083 0.000000 -0.041545 0.540366 -0.840404 0.000000 -0.778051 -0.545195 -0.312089 0.000000 16.754429 -30.619114 -38.337555 1.000000
aniFrame
  m_time 1.273000
  m_vertexTransformMat -0.617746 0.650773 0.441458 0.000000 -0.043652 0.532138 -0.845532 0.000000 -0.785166 -0.541594 -0.300318 0.000000 16.313768 -30.294237 -38.042072 1.000000
aniFrame
  m_time 1.312000
  m_vertexTransformMat -0.613154 0.615402 0.495301 0.000000 -0.101971 0.560089 -0.822133 0.000000 -0.783355 -0.554600 -0.280667 0.000000 16.090240 -28.521727 -39.406063 1.000000
aniFrame
  m_time 1.351000
  m_vertexTransformMat -0.602677 0.554407 0.573946 0.000000 -0.190593 0.598421 -0.778183 0.000000 -0.774891 -0.578382 -0.254988 0.000000 15.673107 -25.924017 -41.523159 1.000000
aniFrame
  m_time 1.390000
  m_vertexTransformMat -0.579664 0.470223 0.665493 0.000000 -0.300746 0.635582 -0.711047 0.000000 -0.757325 -0.612312 -0.227006 0.000000 14.863238 -22.607222 -44.105179 1.000000
aniFrame
  m_time 1.429000
  m_vertexTransformMat -0.539690 0.369155 0.756611 0.000000 -0.420100 0.660746 -0.622038 0.000000 -0.729556 -0.653560 -0.201516 0.000000 13.542155 -18.819775 -46.790497 1.000000
aniFrame
  m_time 1.468000
  m_vertexTransformMat -0.481297 0.259699 0.837204 0.000000 -0.536174 0.668364 -0.515565 0.000000 -0.693449 -0.697026 -0.182438 0.000000 11.676100 -14.841867 -49.237556 1.000000
aniFrame
  m_time 1.507000
  m_vertexTransformMat -0.407725 0.152004 0.900364 0.000000 -0.637304 0.658779 -0.399818 0.000000 -0.653915 -0.736821 -0.171728 0.000000 9.365328 -10.987080 -51.223808 1.000000
aniFrame
  m_time 1.546000
  m_vertexTransformMat -0.326781 0.055357 0.943478 0.000000 -0.714279 0.639248 -0.284903 0.000000 -0.618887 -0.767006 -0.169353 0.000000 6.831195 -7.530506 -52.663990 1.000000
aniFrame
  m_time 1.585000
  m_vertexTransformMat -0.250191 -0.022763 0.967929 0.000000 -0.762238 0.621061 -0.182418 0.000000 -0.596990 -0.783432 -0.172735 0.000000 4.409604 -4.693264 -53.574860 1.000000
aniFrame
  m_time 1.624000
  m_vertexTransformMat -0.183029 -0.085811 0.979356 0.000000 -0.770416 0.631346 -0.088662 0.000000 -0.610704 -0.770739 -0.181665 0.000000 2.170491 -2.268000 -54.246853 1.000000
aniFrame
  m_time 1.663000
  m_vertexTransformMat -0.128321 -0.148678 0.980525 0.000000 -0.724469 0.689239 0.009699 0.000000 -0.677258 -0.709115 -0.196157 0.000000 0.118787 0.376662 -54.896484 1.000000
aniFrame
  m_time 1.702000
  m_vertexTransformMat -0.101499 -0.211785 0.972031 0.000000 -0.635298 0.765701 0.100493 0.000000 -0.765568 -0.607329 -0.212265 0.000000 -1.157874 3.215499 -55.307472 1.000000
aniFrame
  m_time 1.741000
  m_vertexTransformMat -0.109970 -0.263541 0.958360 0.000000 -0.530975 0.830668 0.167499 0.000000 -0.840222 -0.490445 -0.231283 0.000000 -1.299970 5.690622 -55.376141 1.000000
aniFrame
  m_time 1.780000
  m_vertexTransformMat -0.144017 -0.287891 0.946772 0.000000 -0.451889 0.870298 0.195899 0.000000 -0.880372 -0.399624 -0.255433 0.000000 -0.380443 6.952901 -55.279953 1.000000
aniFrame
  m_time 1.819000
  m_vertexTransformMat -0.186641 -0.278138 0.942234 0.000000 -0.423348 0.888240 0.178342 0.000000 -0.886534 -0.365607 -0.283532 0.000000 1.185826 6.523202 -55.228535 1.000000
aniFrame
  m_time 1.858000
  m_vertexTransformMat -0.234006 -0.246543 0.940456 0.000000 -0.419583 0.898205 0.131065 0.000000 -0.877036 -0.363929 -0.313631 0.000000 3.109743 4.971706 -55.142281 1.000000
aniFrame
  m_time 1.897000
  m_vertexTransformMat -0.285682 -0.200703 0.937073 0.000000 -0.423640 0.903541 0.064368 0.000000 -0.859602 -0.378592 -0.343151 0.000000 5.275155 2.699773 -54.942150 1.000000
aniFrame
  m_time 1.936000
  m_vertexTransformMat -0.339650 -0.143739 0.929504 0.000000 -0.431339 0.902008 -0.018129 0.000000 -0.835814 -0.407088 -0.368368 0.000000 7.580945 -0.140746 -54.576866 1.000000
aniFrame
  m_time 1.975000
  m_vertexTransformMat -0.394507 -0.079415 0.915455 0.000000 -0.438738 0.891643 -0.111720 0.000000 -0.807388 -0.445719 -0.386602 0.000000 9.949590 -3.370132 -54.014313 1.000000
aniFrame
  m_time 2.014000
  m_vertexTransformMat -0.448746 -0.011520 0.893585 0.000000 -0.442257 0.871751 -0.210856 0.000000 -0.776554 -0.489815 -0.396289 0.000000 12.246269 -6.800003 -53.253231 1.000000
aniFrame
  m_time 2.053000
  m_vertexTransformMat -0.500869 0.056874 0.863653 0.000000 -0.438464 0.843653 -0.309840 0.000000 -0.746245 -0.533869 -0.397622 0.000000 14.370178 -10.261298 -52.253155 1.000000
aniFrame
  m_time 2.092000
  m_vertexTransformMat -0.548447 0.121498 0.827312 0.000000 -0.428013 0.809160 -0.402574 0.000000 -0.718339 -0.574891 -0.391778 0.000000 16.243345 -13.558379 -51.014538 1.000000
aniFrame
  m_time 2.131000
  m_vertexTransformMat -0.589738 0.179185 0.787465 0.000000 -0.410985 0.772780 -0.483634 0.000000 -0.695198 -0.608854 -0.382096 0.000000 17.825991 -16.530937 -49.600243 1.000000
aniFrame
  m_time 2.133000
  m_vertexTransformMat -0.591620 0.182508 0.785287 0.000000 -0.410056 0.770522 -0.488005 0.000000 -0.694147 -0.610726 -0.381018 0.000000 17.897463 -16.694044 -49.514603 1.000000
