m_aniFrameList.size 84
aniFrame
  m_time -1.066000
  m_vertexTransformMat 0.999691 -0.024355 0.004988 0.000000 0.024355 0.999704 -0.000001 0.000000 -0.004986 0.000122 0.999988 0.000000 -6.642586 11.770788 0.114470 1.000000
aniFrame
  m_time -1.027000
  m_vertexTransformMat 0.999677 -0.025332 0.001963 0.000000 0.024918 0.992553 0.119243 0.000000 -0.004969 -0.119155 0.992864 0.000000 -6.931785 8.266739 0.414081 1.000000
aniFrame
  m_time -0.988000
  m_vertexTransformMat 0.999600 -0.025699 -0.011800 0.000000 0.027954 0.961006 0.275112 0.000000 0.004269 -0.275332 0.961340 0.000000 -6.592150 2.250039 -0.437747 1.000000
aniFrame
  m_time -0.949000
  m_vertexTransformMat 0.998129 -0.005806 -0.060871 0.000000 0.040384 0.810070 0.584941 0.000000 0.045913 -0.586305 0.808789 0.000000 -3.951404 -14.694024 -6.751172 1.000000
aniFrame
  m_time -0.910000
  m_vertexTransformMat 0.996080 0.026098 -0.084527 0.000000 0.052297 0.596940 0.800580 0.000000 0.071351 -0.801862 0.593235 0.000000 -1.834259 -28.002098 -16.420591 1.000000
aniFrame
  m_time -0.871000
  m_vertexTransformMat 0.998950 0.020942 -0.040758 0.000000 0.024701 0.503059 0.863899 0.000000 0.038595 -0.863998 0.502014 0.000000 -2.208550 -33.836052 -20.979170 1.000000
aniFrame
  m_time -0.832000
  m_vertexTransformMat 0.999009 -0.008764 0.043646 0.000000 -0.034399 0.470363 0.881802 0.000000 -0.028257 -0.882429 0.469595 0.000000 -4.162309 -38.258476 -23.301003 1.000000
aniFrame
  m_time -0.793000
  m_vertexTransformMat 0.996467 -0.023573 0.080611 0.000000 -0.058612 0.492255 0.868476 0.000000 -0.060153 -0.870132 0.489134 0.000000 -5.152765 -41.105915 -22.499514 1.000000
aniFrame
  m_time -0.754000
  m_vertexTransformMat 0.999600 -0.013279 0.024976 0.000000 -0.014129 0.530525 0.847552 0.000000 -0.024505 -0.847565 0.530125 0.000000 -3.728616 -43.432922 -19.899460 1.000000
aniFrame
  m_time -0.715000
  m_vertexTransformMat 0.998497 -0.002851 -0.054742 0.000000 0.045502 0.600006 0.798701 0.000000 0.030568 -0.799991 0.599233 0.000000 -1.517428 -44.406612 -16.107210 1.000000
aniFrame
  m_time -0.676000
  m_vertexTransformMat 0.994949 -0.003122 -0.100332 0.000000 0.069528 0.742366 0.666377 0.000000 0.072403 -0.669987 0.738834 0.000000 0.207120 -40.666153 -9.664204 1.000000
aniFrame
  m_time -0.637000
  m_vertexTransformMat 0.991195 -0.011867 -0.131880 0.000000 0.067230 0.903153 0.424022 0.000000 0.114076 -0.429154 0.895999 0.000000 1.858429 -31.109074 -2.540455 1.000000
aniFrame
  m_time -0.598000
  m_vertexTransformMat 0.987944 -0.025397 -0.152714 0.000000 0.043466 0.992278 0.116171 0.000000 0.148584 -0.121408 0.981419 0.000000 2.957734 -17.793182 1.292833 1.000000
aniFrame
  m_time -0.559000
  m_vertexTransformMat 0.986890 -0.033686 -0.157838 0.000000 0.007913 0.986898 -0.161149 0.000000 0.161198 0.157787 0.974227 0.000000 2.879496 -5.334976 0.914552 1.000000
aniFrame
  m_time -0.520000
  m_vertexTransformMat 0.991573 -0.043872 -0.121893 0.000000 0.008977 0.961918 -0.273192 0.000000 0.129236 0.269796 0.954206 0.000000 0.686332 0.208221 -0.290875 1.000000
aniFrame
  m_time -0.481000
  m_vertexTransformMat 0.995292 -0.094568 -0.021227 0.000000 0.091851 0.990235 -0.104877 0.000000 0.030938 0.102433 0.994259 0.000000 -4.455128 -5.099419 0.153440 1.000000
aniFrame
  m_time -0.442000
  m_vertexTransformMat 0.993829 -0.110863 0.003698 0.000000 0.110924 0.993291 -0.032706 0.000000 -0.000047 0.032915 0.999458 0.000000 -5.983085 -6.244913 -0.114448 1.000000
aniFrame
  m_time -0.403000
  m_vertexTransformMat 0.994556 -0.104185 0.001893 0.000000 0.104186 0.993920 -0.035631 0.000000 0.001830 0.035635 0.999363 0.000000 -5.929278 -4.479500 -0.027222 1.000000
aniFrame
  m_time -0.364000
  m_vertexTransformMat 0.995658 -0.093067 0.002091 0.000000 0.093085 0.995128 -0.032493 0.000000 0.000943 0.032546 0.999470 0.000000 -6.029136 -3.024912 0.009936 1.000000
aniFrame
  m_time -0.325000
  m_vertexTransformMat 0.996906 -0.078570 0.002391 0.000000 0.078606 0.996502 -0.028373 0.000000 -0.000153 0.028473 0.999595 0.000000 -6.154056 -1.645166 0.051276 1.000000
aniFrame
  m_time -0.286000
  m_vertexTransformMat 0.998033 -0.062626 0.002818 0.000000 0.062675 0.997749 -0.023864 0.000000 -0.001317 0.023994 0.999711 0.000000 -6.286427 -0.292799 0.088905 1.000000
aniFrame
  m_time -0.247000
  m_vertexTransformMat 0.998867 -0.047474 0.003257 0.000000 0.047529 0.998678 -0.019604 0.000000 -0.002322 0.019737 0.999803 0.000000 -6.407168 1.086661 0.128061 1.000000
aniFrame
  m_time -0.208000
  m_vertexTransformMat 0.999377 -0.035107 0.003697 0.000000 0.035162 0.999251 -0.016187 0.000000 -0.003126 0.016307 0.999862 0.000000 -6.502570 2.542668 0.157798 1.000000
aniFrame
  m_time -0.169000
  m_vertexTransformMat 0.999626 -0.027081 0.003985 0.000000 0.027134 0.999535 -0.013943 0.000000 -0.003605 0.014046 0.999895 0.000000 -6.561909 4.115224 0.176245 1.000000
aniFrame
  m_time -0.130000
  m_vertexTransformMat 0.999693 -0.024457 0.003975 0.000000 0.024506 0.999618 -0.012844 0.000000 -0.003659 0.012938 0.999910 0.000000 -6.578091 5.823342 0.186032 1.000000
aniFrame
  m_time -0.091000
  m_vertexTransformMat 0.999690 -0.024509 0.004335 0.000000 0.024551 0.999650 -0.009904 0.000000 -0.004091 0.010008 0.999942 0.000000 -6.574656 7.477713 0.162403 1.000000
aniFrame
  m_time -0.052000
  m_vertexTransformMat 0.999688 -0.024443 0.005117 0.000000 0.024465 0.999692 -0.004146 0.000000 -0.005014 0.004270 0.999978 0.000000 -6.585548 9.074720 0.121126 1.000000
aniFrame
  m_time -0.013000
  m_vertexTransformMat 0.999688 -0.024395 0.005391 0.000000 0.024437 0.999671 -0.007879 0.000000 -0.005197 0.008009 0.999955 0.000000 -6.617511 11.368031 0.077579 1.000000
aniFrame
  m_time 0.025000
  m_vertexTransformMat 0.999690 -0.024755 0.002815 0.000000 0.024467 0.996767 0.076532 0.000000 -0.004700 -0.076440 0.997063 0.000000 -6.768271 9.377104 0.379507 1.000000
aniFrame
  m_time 0.064000
  m_vertexTransformMat 0.999675 -0.025508 0.000376 0.000000 0.024948 0.980601 0.194421 0.000000 -0.005328 -0.194348 0.980918 0.000000 -7.141534 6.095656 0.193786 1.000000
aniFrame
  m_time 0.103000
  m_vertexTransformMat 0.998900 -0.016830 -0.043766 0.000000 0.035384 0.883003 0.468032 0.000000 0.030769 -0.469066 0.882627 0.000000 -4.958147 -8.106556 -3.575499 1.000000
aniFrame
  m_time 0.142000
  m_vertexTransformMat 0.996525 0.017357 -0.081467 0.000000 0.049606 0.662026 0.747838 0.000000 0.066914 -0.749280 0.658865 0.000000 -2.396693 -24.498180 -13.460745 1.000000
aniFrame
  m_time 0.181000
  m_vertexTransformMat 0.997505 0.028200 -0.064721 0.000000 0.040604 0.520781 0.852725 0.000000 0.057753 -0.853225 0.518336 0.000000 -1.747474 -32.297894 -20.025698 1.000000
aniFrame
  m_time 0.220000
  m_vertexTransformMat 0.999900 0.001465 0.014082 0.000000 -0.013083 0.475697 0.879512 0.000000 -0.005410 -0.879608 0.475669 0.000000 -3.467658 -36.835411 -22.760233 1.000000
aniFrame
  m_time 0.259000
  m_vertexTransformMat 0.996710 -0.022339 0.077914 0.000000 -0.057561 0.481687 0.874451 0.000000 -0.057064 -0.876058 0.478817 0.000000 -5.089485 -40.193092 -23.051851 1.000000
aniFrame
  m_time 0.298000
  m_vertexTransformMat 0.998554 -0.018479 0.050478 0.000000 -0.033667 0.517060 0.855287 0.000000 -0.041905 -0.855750 0.515690 0.000000 -4.426837 -42.591152 -20.829311 1.000000
aniFrame
  m_time 0.337000
  m_vertexTransformMat 0.999532 -0.005677 -0.030069 0.000000 0.027976 0.567682 0.822772 0.000000 0.012399 -0.823228 0.567575 0.000000 -2.260173 -44.473717 -17.708185 1.000000
aniFrame
  m_time 0.376000
  m_vertexTransformMat 0.996078 -0.002253 -0.088454 0.000000 0.066001 0.684748 0.725785 0.000000 0.058934 -0.728777 0.682211 0.000000 -0.346852 -42.689667 -12.213120 1.000000
aniFrame
  m_time 0.415000
  m_vertexTransformMat 0.992613 -0.007964 -0.121062 0.000000 0.070409 0.850431 0.521355 0.000000 0.098803 -0.526027 0.844709 0.000000 1.270221 -35.100979 -4.873944 1.000000
aniFrame
  m_time 0.454000
  m_vertexTransformMat 0.988944 -0.020627 -0.146851 0.000000 0.053803 0.972711 0.225698 0.000000 0.138188 -0.231104 0.963066 0.000000 2.679058 -22.606405 0.478688 1.000000
aniFrame
  m_time 0.493000
  m_vertexTransformMat 0.987041 -0.032465 -0.157154 0.000000 0.021125 0.997086 -0.073302 0.000000 0.159075 0.069032 0.984850 0.000000 3.017595 -9.292915 1.387521 1.000000
aniFrame
  m_time 0.532000
  m_vertexTransformMat 0.987952 -0.033152 -0.151168 0.000000 -0.010616 0.959968 -0.279909 0.000000 0.154396 0.278141 0.948051 0.000000 2.125869 0.136132 -0.270008 1.000000
aniFrame
  m_time 0.571000
  m_vertexTransformMat 0.995740 -0.074945 -0.053712 0.000000 0.064122 0.981445 -0.180705 0.000000 0.066258 0.176491 0.982070 0.000000 -2.674449 -2.677672 0.137407 1.000000
aniFrame
  m_time 0.610000
  m_vertexTransformMat 0.993486 -0.113785 0.006279 0.000000 0.113909 0.993166 -0.025436 0.000000 -0.003342 0.025986 0.999657 0.000000 -6.140159 -7.121049 -0.162906 1.000000
aniFrame
  m_time 0.649000
  m_vertexTransformMat 0.994209 -0.107447 0.001737 0.000000 0.107439 0.993542 -0.036478 0.000000 0.002193 0.036453 0.999333 0.000000 -5.899114 -5.005702 -0.022865 1.000000
aniFrame
  m_time 0.688000
  m_vertexTransformMat 0.995236 -0.097476 0.001998 0.000000 0.097488 0.994666 -0.033722 0.000000 0.001300 0.033756 0.999429 0.000000 -5.990037 -3.524351 -0.002513 1.000000
aniFrame
  m_time 0.727000
  m_vertexTransformMat 0.996468 -0.083942 0.002262 0.000000 0.083972 0.996020 -0.029895 0.000000 0.000257 0.029979 0.999551 0.000000 -6.108447 -2.123158 0.038010 1.000000
aniFrame
  m_time 0.766000
  m_vertexTransformMat 0.997663 -0.068283 0.002633 0.000000 0.068328 0.997338 -0.025451 0.000000 -0.000888 0.025571 0.999673 0.000000 -6.239916 -0.766952 0.079353 1.000000
aniFrame
  m_time 0.805000
  m_vertexTransformMat 0.998611 -0.052597 0.003076 0.000000 0.052650 0.998392 -0.020993 0.000000 -0.001966 0.021125 0.999775 0.000000 -6.366622 0.596306 0.118584 1.000000
aniFrame
  m_time 0.844000
  m_vertexTransformMat 0.999232 -0.039041 0.003518 0.000000 0.039096 0.999088 -0.017194 0.000000 -0.002844 0.017319 0.999846 0.000000 -6.471907 2.019086 0.151273 1.000000
aniFrame
  m_time 0.883000
  m_vertexTransformMat 0.999563 -0.029304 0.003899 0.000000 0.029358 0.999462 -0.014600 0.000000 -0.003469 0.014708 0.999886 0.000000 -6.545393 3.548814 0.171886 1.000000
aniFrame
  m_time 0.922000
  m_vertexTransformMat 0.999681 -0.024953 0.003970 0.000000 0.025005 0.999596 -0.013549 0.000000 -0.003631 0.013644 0.999901 0.000000 -6.575795 5.228396 0.184797 1.000000
aniFrame
  m_time 0.961000
  m_vertexTransformMat 0.999693 -0.024468 0.003847 0.000000 0.024512 0.999631 -0.011700 0.000000 -0.003559 0.011790 0.999924 0.000000 -6.567692 6.922675 0.173216 1.000000
aniFrame
  m_time 1.000000
  m_vertexTransformMat 0.999691 -0.024449 0.004538 0.000000 0.024478 0.999679 -0.006505 0.000000 -0.004377 0.006614 0.999969 0.000000 -6.571856 8.507842 0.128237 1.000000
aniFrame
  m_time 1.039000
  m_vertexTransformMat 0.999689 -0.024405 0.005063 0.000000 0.024420 0.999698 -0.002977 0.000000 -0.004989 0.003099 0.999983 0.000000 -6.598671 10.341912 0.090211 1.000000
aniFrame
  m_time 1.078000
  m_vertexTransformMat 0.999695 -0.024384 0.004065 0.000000 0.024258 0.999299 0.028530 0.000000 -0.004758 -0.028423 0.999585 0.000000 -6.685488 10.998120 0.245152 1.000000
aniFrame
  m_time 1.117000
  m_vertexTransformMat 0.999679 -0.025151 0.003172 0.000000 0.024408 0.988766 0.147467 0.000000 -0.006845 -0.147342 0.989062 0.000000 -7.125546 7.600605 0.341668 1.000000
aniFrame
  m_time 1.156000
  m_vertexTransformMat 0.999384 -0.023031 -0.026495 0.000000 0.031055 0.931943 0.361274 0.000000 0.016371 -0.361874 0.932083 0.000000 -5.866966 -2.279528 -1.548829 1.000000
aniFrame
  m_time 1.195000
  m_vertexTransformMat 0.997309 0.005996 -0.073074 0.000000 0.044952 0.737362 0.674001 0.000000 0.057923 -0.675472 0.735108 0.000000 -3.139778 -19.932718 -10.021290 1.000000
aniFrame
  m_time 1.234000
  m_vertexTransformMat 0.996288 0.030275 -0.080583 0.000000 0.050498 0.552570 0.831935 0.000000 0.069714 -0.832916 0.548990 0.000000 -1.600085 -30.342064 -18.477533 1.000000
aniFrame
  m_time 1.273000
  m_vertexTransformMat 0.999748 0.013398 -0.018015 0.000000 0.009176 0.488501 0.872515 0.000000 0.020490 -0.872461 0.488255 0.000000 -2.693244 -35.214237 -21.843348 1.000000
aniFrame
  m_time 1.312000
  m_vertexTransformMat 0.997907 -0.015834 0.062696 0.000000 -0.047775 0.472866 0.879838 0.000000 -0.043578 -0.880992 0.471120 0.000000 -4.645191 -39.228519 -23.355068 1.000000
aniFrame
  m_time 1.351000
  m_vertexTransformMat 0.997278 -0.021980 0.070376 0.000000 -0.049803 0.503010 0.862845 0.000000 -0.054365 -0.864001 0.500546 0.000000 -4.916126 -41.814411 -21.788570 1.000000
aniFrame
  m_time 1.390000
  m_vertexTransformMat 0.999958 -0.008991 -0.001787 0.000000 0.006389 0.543710 0.839249 0.000000 -0.006574 -0.839225 0.543745 0.000000 -3.017438 -44.101337 -19.027857 1.000000
aniFrame
  m_time 1.429000
  m_vertexTransformMat 0.997350 -0.001694 -0.072729 0.000000 0.057283 0.634548 0.770758 0.000000 0.044844 -0.772882 0.632964 0.000000 -0.928207 -43.932632 -14.485863 1.000000
aniFrame
  m_time 1.468000
  m_vertexTransformMat 0.993926 -0.004910 -0.109943 0.000000 0.070958 0.792211 0.606109 0.000000 0.084122 -0.610229 0.787747 0.000000 0.678649 -38.432331 -7.459214 1.000000
aniFrame
  m_time 1.507000
  m_vertexTransformMat 0.990049 -0.015904 -0.139823 0.000000 0.062575 0.939714 0.336188 0.000000 0.126047 -0.341592 0.931358 0.000000 2.280619 -27.397526 -0.940939 1.000000
aniFrame
  m_time 1.546000
  m_vertexTransformMat 0.987333 -0.029126 -0.155965 0.000000 0.033596 0.999095 0.026097 0.000000 0.155064 -0.031007 0.987418 0.000000 3.062042 -13.774919 1.537226 1.000000
aniFrame
  m_time 1.585000
  m_vertexTransformMat 0.986718 -0.031946 -0.159269 0.000000 -0.005661 0.973112 -0.230262 0.000000 0.162343 0.228105 0.960007 0.000000 2.733044 -2.223865 0.320149 1.000000
aniFrame
  m_time 1.624000
  m_vertexTransformMat 0.994356 -0.058485 -0.088518 0.000000 0.036179 0.971247 -0.235311 0.000000 0.099735 0.230780 0.967881 0.000000 -0.915310 -0.979000 -0.044926 1.000000
aniFrame
  m_time 1.663000
  m_vertexTransformMat 0.994025 -0.109141 -0.001674 0.000000 0.108936 0.992892 -0.047958 0.000000 0.006896 0.047489 0.998848 0.000000 -5.640915 -6.815383 -0.016649 1.000000
aniFrame
  m_time 1.702000
  m_vertexTransformMat 0.993997 -0.109395 0.001779 0.000000 0.109386 0.993307 -0.037104 0.000000 0.002292 0.037076 0.999310 0.000000 -5.881582 -5.558346 -0.042074 1.000000
aniFrame
  m_time 1.741000
  m_vertexTransformMat 0.994842 -0.101418 0.001934 0.000000 0.101424 0.994232 -0.034866 0.000000 0.001614 0.034883 0.999390 0.000000 -5.954903 -4.032830 -0.015413 1.000000
aniFrame
  m_time 1.780000
  m_vertexTransformMat 0.996026 -0.089043 0.002163 0.000000 0.089067 0.995532 -0.031363 0.000000 0.000639 0.031430 0.999506 0.000000 -6.064510 -2.605614 0.022629 1.000000
aniFrame
  m_time 1.819000
  m_vertexTransformMat 0.997262 -0.073909 0.002484 0.000000 0.073949 0.996895 -0.027061 0.000000 -0.000476 0.027170 0.999631 0.000000 -6.193086 -1.239045 0.065351 1.000000
aniFrame
  m_time 1.858000
  m_vertexTransformMat 0.998314 -0.057967 0.002923 0.000000 0.058018 0.998061 -0.022560 0.000000 -0.001610 0.022692 0.999741 0.000000 -6.323425 0.115526 0.102743 1.000000
aniFrame
  m_time 1.897000
  m_vertexTransformMat 0.999052 -0.043404 0.003370 0.000000 0.043459 0.998885 -0.018443 0.000000 -0.002566 0.018572 0.999825 0.000000 -6.437897 1.511304 0.137828 1.000000
aniFrame
  m_time 1.936000
  m_vertexTransformMat 0.999476 -0.032159 0.003718 0.000000 0.032212 0.999366 -0.015197 0.000000 -0.003227 0.015309 0.999878 0.000000 -6.522084 2.995130 0.165649 1.000000
aniFrame
  m_time 1.975000
  m_vertexTransformMat 0.999661 -0.025768 0.003880 0.000000 0.025818 0.999577 -0.013387 0.000000 -0.003534 0.013483 0.999903 0.000000 -6.567082 4.610565 0.182688 1.000000
aniFrame
  m_time 2.014000
  m_vertexTransformMat 0.999696 -0.024347 0.003771 0.000000 0.024392 0.999627 -0.012346 0.000000 -0.003469 0.012434 0.999917 0.000000 -6.575860 6.350817 0.188391 1.000000
aniFrame
  m_time 2.053000
  m_vertexTransformMat 0.999694 -0.024433 0.003942 0.000000 0.024465 0.999667 -0.008294 0.000000 -0.003738 0.008388 0.999958 0.000000 -6.592510 8.069441 0.181370 1.000000
aniFrame
  m_time 2.092000
  m_vertexTransformMat 0.999692 -0.024371 0.004753 0.000000 0.024383 0.999700 -0.002528 0.000000 -0.004690 0.002643 0.999986 0.000000 -6.630022 9.786652 0.158951 1.000000
aniFrame
  m_time 2.131000
  m_vertexTransformMat 0.999690 -0.024394 0.005081 0.000000 0.024392 0.999703 0.000417 0.000000 -0.005090 -0.000293 0.999987 0.000000 -6.645314 11.655213 0.128905 1.000000
aniFrame
  m_time 2.133000
  m_vertexTransformMat 0.999691 -0.024357 0.004987 0.000000 0.024358 0.999704 0.000000 0.000000 -0.004986 0.000121 0.999988 0.000000 -6.642922 11.765102 0.124864 1.000000
