m_aniFrameList.size 202
aniFrame
  m_time -1.066000
  m_vertexTransformMat 0.999691 -0.024355 0.004988 0.000000 0.024355 0.999704 -0.000001 0.000000 -0.004986 0.000122 0.999988 0.000000 -6.642586 11.770788 0.114470 1.000000
aniFrame
  m_time -1.050000
  m_vertexTransformMat 0.999694 -0.024483 0.003655 0.000000 0.024270 0.998454 0.050003 0.000000 -0.004874 -0.049899 0.998743 0.000000 -6.752154 10.281064 0.326328 1.000000
aniFrame
  m_time -1.034000
  m_vertexTransformMat 0.999683 -0.025101 0.002141 0.000000 0.024764 0.994744 0.099362 0.000000 -0.004624 -0.099277 0.995049 0.000000 -6.855131 8.801610 0.422432 1.000000
aniFrame
  m_time -1.018000
  m_vertexTransformMat 0.999678 -0.025202 0.002955 0.000000 0.024535 0.989718 0.140917 0.000000 -0.006476 -0.140800 0.990017 0.000000 -7.100092 7.829940 0.383447 1.000000
aniFrame
  m_time -1.002000
  m_vertexTransformMat 0.999675 -0.025485 0.000553 0.000000 0.024900 0.980905 0.192887 0.000000 -0.005459 -0.192810 0.981221 0.000000 -7.149736 6.166919 0.204126 1.000000
aniFrame
  m_time -0.986000
  m_vertexTransformMat 0.999576 -0.025454 -0.014155 0.000000 0.028460 0.956871 0.289118 0.000000 0.006185 -0.289398 0.957189 0.000000 -6.477148 1.532317 -0.588782 1.000000
aniFrame
  m_time -0.970000
  m_vertexTransformMat 0.999185 -0.020460 -0.034797 0.000000 0.032956 0.911255 0.410523 0.000000 0.023310 -0.411335 0.911186 0.000000 -5.422711 -4.944915 -2.396253 1.000000
aniFrame
  m_time -0.954000
  m_vertexTransformMat 0.998448 -0.010442 -0.054709 0.000000 0.038481 0.839450 0.542073 0.000000 0.040265 -0.543337 0.838549 0.000000 -4.324043 -12.244987 -5.455327 1.000000
aniFrame
  m_time -0.938000
  m_vertexTransformMat 0.997355 0.005341 -0.072491 0.000000 0.044696 0.741414 0.669558 0.000000 0.057322 -0.671027 0.739214 0.000000 -3.170435 -19.655647 -9.842899 1.000000
aniFrame
  m_time -0.922000
  m_vertexTransformMat 0.996445 0.018577 -0.082175 0.000000 0.050102 0.653502 0.755265 0.000000 0.067732 -0.756697 0.650248 0.000000 -2.308765 -24.969559 -13.851161 1.000000
aniFrame
  m_time -0.906000
  m_vertexTransformMat 0.996073 0.027969 -0.084002 0.000000 0.052237 0.580389 0.812662 0.000000 0.071483 -0.813859 0.576649 0.000000 -1.723075 -28.866957 -17.179007 1.000000
aniFrame
  m_time -0.890000
  m_vertexTransformMat 0.996937 0.029903 -0.072273 0.000000 0.045440 0.530656 0.846368 0.000000 0.063661 -0.847059 0.527672 0.000000 -1.639757 -31.622643 -19.530994 1.000000
aniFrame
  m_time -0.874000
  m_vertexTransformMat 0.998668 0.022720 -0.046336 0.000000 0.028458 0.506570 0.861729 0.000000 0.043051 -0.861899 0.505249 0.000000 -2.094961 -33.503376 -20.780718 1.000000
aniFrame
  m_time -0.858000
  m_vertexTransformMat 0.999811 0.012325 -0.015074 0.000000 0.007165 0.486973 0.873388 0.000000 0.018105 -0.873330 0.486793 0.000000 -2.764152 -35.379398 -21.937452 1.000000
aniFrame
  m_time -0.842000
  m_vertexTransformMat 0.999740 -0.001680 0.022766 0.000000 -0.019257 0.473481 0.880594 0.000000 -0.012259 -0.880802 0.473325 0.000000 -3.678252 -37.246387 -22.949629 1.000000
aniFrame
  m_time -0.826000
  m_vertexTransformMat 0.998466 -0.012395 0.053971 0.000000 -0.041788 0.470846 0.881225 0.000000 -0.036334 -0.882128 0.469606 0.000000 -4.411933 -38.781891 -23.371668 1.000000
aniFrame
  m_time -0.810000
  m_vertexTransformMat 0.996950 -0.021139 0.075128 0.000000 -0.055846 0.479222 0.875916 0.000000 -0.054519 -0.877440 0.476580 0.000000 -5.007287 -39.967159 -23.151947 1.000000
aniFrame
  m_time -0.794000
  m_vertexTransformMat 0.996434 -0.023630 0.080998 0.000000 -0.058979 0.491416 0.868926 0.000000 -0.060337 -0.870605 0.488270 0.000000 -5.162419 -41.041786 -22.550791 1.000000
aniFrame
  m_time -0.778000
  m_vertexTransformMat 0.997594 -0.021273 0.065986 0.000000 -0.046160 0.506338 0.861099 0.000000 -0.051729 -0.862073 0.504137 0.000000 -4.813480 -42.006615 -21.559698 1.000000
aniFrame
  m_time -0.762000
  m_vertexTransformMat 0.999015 -0.016492 0.041192 0.000000 -0.026498 0.522863 0.852005 0.000000 -0.035589 -0.852257 0.521911 0.000000 -4.171885 -42.923622 -20.440039 1.000000
aniFrame
  m_time -0.746000
  m_vertexTransformMat 0.999926 -0.010211 0.006697 0.000000 -0.000136 0.539059 0.842268 0.000000 -0.012211 -0.842206 0.539017 0.000000 -3.240652 -43.913799 -19.320393 1.000000
aniFrame
  m_time -0.730000
  m_vertexTransformMat 0.999603 -0.005967 -0.027542 0.000000 0.026096 0.564917 0.824735 0.000000 0.010638 -0.825126 0.564848 0.000000 -2.331312 -44.459164 -17.851200 1.000000
aniFrame
  m_time -0.714000
  m_vertexTransformMat 0.998404 -0.002688 -0.056420 0.000000 0.046639 0.602694 0.796609 0.000000 0.031863 -0.797968 0.601857 0.000000 -1.464081 -44.383217 -15.978556 1.000000
aniFrame
  m_time -0.698000
  m_vertexTransformMat 0.996827 -0.001840 -0.079578 0.000000 0.061479 0.652828 0.755008 0.000000 0.050561 -0.757505 0.650869 0.000000 -0.692826 -43.546371 -13.647995 1.000000
aniFrame
  m_time -0.682000
  m_vertexTransformMat 0.995441 -0.002662 -0.095340 0.000000 0.068395 0.716622 0.694100 0.000000 0.066475 -0.697457 0.713537 0.000000 -0.035459 -41.642368 -10.800227 1.000000
aniFrame
  m_time -0.666000
  m_vertexTransformMat 0.994080 -0.004564 -0.108559 0.000000 0.070791 0.785163 0.615230 0.000000 0.082429 -0.619273 0.780837 0.000000 0.610932 -38.777855 -7.772111 1.000000
aniFrame
  m_time -0.650000
  m_vertexTransformMat 0.992546 -0.008130 -0.121600 0.000000 0.070307 0.853196 0.516830 0.000000 0.099547 -0.521527 0.847408 0.000000 1.299844 -34.918594 -4.751209 1.000000
aniFrame
  m_time -0.634000
  m_vertexTransformMat 0.990882 -0.012874 -0.134115 0.000000 0.066265 0.913277 0.401913 0.000000 0.117310 -0.407136 0.905803 0.000000 1.975476 -30.185152 -2.095227 1.000000
aniFrame
  m_time -0.618000
  m_vertexTransformMat 0.989434 -0.018438 -0.143810 0.000000 0.058203 0.958963 0.277494 0.000000 0.132792 -0.282932 0.949903 0.000000 2.507942 -24.863737 -0.109144 1.000000
aniFrame
  m_time -0.602000
  m_vertexTransformMat 0.988232 -0.023996 -0.151071 0.000000 0.046526 0.987980 0.147418 0.000000 0.145718 -0.152711 0.977469 0.000000 2.890015 -19.170977 1.118827 1.000000
aniFrame
  m_time -0.586000
  m_vertexTransformMat 0.987321 -0.029222 -0.156023 0.000000 0.033296 0.999168 0.023564 0.000000 0.155205 -0.028460 0.987472 0.000000 3.062970 -13.661099 1.538757 1.000000
aniFrame
  m_time -0.570000
  m_vertexTransformMat 0.987020 -0.032972 -0.157177 0.000000 0.018737 0.995656 -0.091205 0.000000 0.159501 0.087076 0.983350 0.000000 2.991770 -8.483995 1.315851 1.000000
aniFrame
  m_time -0.554000
  m_vertexTransformMat 0.986770 -0.032965 -0.158741 0.000000 0.001834 0.981318 -0.192383 0.000000 0.162118 0.189546 0.968395 0.000000 2.836389 -3.934349 0.672851 1.000000
aniFrame
  m_time -0.538000
  m_vertexTransformMat 0.987284 -0.031990 -0.155715 0.000000 -0.011313 0.962921 -0.269546 0.000000 0.158564 0.267880 0.950315 0.000000 2.396511 -0.392975 -0.127839 1.000000
aniFrame
  m_time -0.522000
  m_vertexTransformMat 0.990992 -0.041723 -0.127256 0.000000 0.004829 0.960745 -0.277393 0.000000 0.133834 0.274279 0.952292 0.000000 0.941450 0.325948 -0.320865 1.000000
aniFrame
  m_time -0.506000
  m_vertexTransformMat 0.994729 -0.061529 -0.082025 0.000000 0.041544 0.973192 -0.226210 0.000000 0.093744 0.221610 0.970619 0.000000 -1.235329 -1.267932 0.000531 1.000000
aniFrame
  m_time -0.490000
  m_vertexTransformMat 0.995804 -0.081260 -0.042098 0.000000 0.073753 0.984913 -0.156549 0.000000 0.054184 0.152787 0.986773 0.000000 -3.289734 -3.448076 0.170323 1.000000
aniFrame
  m_time -0.474000
  m_vertexTransformMat 0.994527 -0.104153 -0.008206 0.000000 0.103366 0.992342 -0.067625 0.000000 0.015186 0.066407 0.997677 0.000000 -5.233821 -6.250363 0.062128 1.000000
aniFrame
  m_time -0.458000
  m_vertexTransformMat 0.993479 -0.113857 0.005962 0.000000 0.113975 0.993138 -0.026217 0.000000 -0.002936 0.026725 0.999639 0.000000 -6.121041 -7.188564 -0.152525 1.000000
aniFrame
  m_time -0.442000
  m_vertexTransformMat 0.993829 -0.110863 0.003698 0.000000 0.110924 0.993291 -0.032706 0.000000 -0.000047 0.032915 0.999458 0.000000 -5.983085 -6.244913 -0.114448 1.000000
aniFrame
  m_time -0.426000
  m_vertexTransformMat 0.994040 -0.109006 0.001727 0.000000 0.108995 0.993356 -0.036948 0.000000 0.002312 0.036916 0.999316 0.000000 -5.885101 -5.378341 -0.030527 1.000000
aniFrame
  m_time -0.410000
  m_vertexTransformMat 0.994374 -0.105911 0.001812 0.000000 0.105908 0.993722 -0.036073 0.000000 0.002020 0.036062 0.999348 0.000000 -5.913189 -4.747693 -0.025654 1.000000
aniFrame
  m_time -0.394000
  m_vertexTransformMat 0.994773 -0.102094 0.001926 0.000000 0.102099 0.994156 -0.035061 0.000000 0.001665 0.035074 0.999384 0.000000 -5.948757 -4.133787 -0.018140 1.000000
aniFrame
  m_time -0.378000
  m_vertexTransformMat 0.995226 -0.097580 0.001996 0.000000 0.097591 0.994655 -0.033752 0.000000 0.001308 0.033786 0.999428 0.000000 -5.989130 -3.536196 -0.003076 1.000000
aniFrame
  m_time -0.362000
  m_vertexTransformMat 0.995720 -0.092400 0.002104 0.000000 0.092419 0.995196 -0.032309 0.000000 0.000892 0.032365 0.999476 0.000000 -6.035044 -2.952465 0.012064 1.000000
aniFrame
  m_time -0.346000
  m_vertexTransformMat 0.996230 -0.086727 0.002205 0.000000 0.086753 0.995757 -0.030697 0.000000 0.000467 0.030773 0.999526 0.000000 -6.084587 -2.380684 0.029733 1.000000
aniFrame
  m_time -0.330000
  m_vertexTransformMat 0.996748 -0.080546 0.002347 0.000000 0.080580 0.996328 -0.028929 0.000000 -0.000008 0.029024 0.999579 0.000000 -6.137354 -1.819645 0.045744 1.000000
aniFrame
  m_time -0.314000
  m_vertexTransformMat 0.997242 -0.074177 0.002476 0.000000 0.074217 0.996873 -0.027136 0.000000 -0.000456 0.027245 0.999629 0.000000 -6.190814 -1.262137 0.064669 1.000000
aniFrame
  m_time -0.298000
  m_vertexTransformMat 0.997710 -0.067583 0.002658 0.000000 0.067629 0.997391 -0.025249 0.000000 -0.000945 0.025371 0.999678 0.000000 -6.245760 -0.708760 0.079705 1.000000
aniFrame
  m_time -0.282000
  m_vertexTransformMat 0.998133 -0.061009 0.002860 0.000000 0.061060 0.997860 -0.023418 0.000000 -0.001425 0.023549 0.999722 0.000000 -6.299396 -0.153179 0.092974 1.000000
aniFrame
  m_time -0.266000
  m_vertexTransformMat 0.998500 -0.054678 0.003008 0.000000 0.054730 0.998268 -0.021598 0.000000 -0.001822 0.021730 0.999763 0.000000 -6.349771 0.408426 0.112194 1.000000
aniFrame
  m_time -0.250000
  m_vertexTransformMat 0.998815 -0.048569 0.003220 0.000000 0.048623 0.998619 -0.019899 0.000000 -0.002249 0.020032 0.999797 0.000000 -6.398675 0.978351 0.125825 1.000000
aniFrame
  m_time -0.234000
  m_vertexTransformMat 0.999071 -0.042963 0.003377 0.000000 0.043018 0.998907 -0.018304 0.000000 -0.002587 0.018433 0.999827 0.000000 -6.441150 1.560126 0.139464 1.000000
aniFrame
  m_time -0.218000
  m_vertexTransformMat 0.999274 -0.037942 0.003575 0.000000 0.037997 0.999135 -0.016924 0.000000 -0.002929 0.017048 0.999850 0.000000 -6.480759 2.159049 0.152450 1.000000
aniFrame
  m_time -0.202000
  m_vertexTransformMat 0.999431 -0.033535 0.003721 0.000000 0.033590 0.999313 -0.015687 0.000000 -0.003193 0.015803 0.999870 0.000000 -6.513287 2.774367 0.161459 1.000000
aniFrame
  m_time -0.186000
  m_vertexTransformMat 0.999545 -0.029940 0.003843 0.000000 0.029994 0.999442 -0.014705 0.000000 -0.003401 0.014814 0.999885 0.000000 -6.539798 3.412036 0.169990 1.000000
aniFrame
  m_time -0.170000
  m_vertexTransformMat 0.999622 -0.027223 0.003993 0.000000 0.027276 0.999530 -0.014016 0.000000 -0.003610 0.014119 0.999894 0.000000 -6.561229 4.073915 0.175649 1.000000
aniFrame
  m_time -0.154000
  m_vertexTransformMat 0.999667 -0.025511 0.003861 0.000000 0.025561 0.999584 -0.013373 0.000000 -0.003518 0.013467 0.999903 0.000000 -6.569010 4.760372 0.183954 1.000000
aniFrame
  m_time -0.138000
  m_vertexTransformMat 0.999686 -0.024731 0.004028 0.000000 0.024783 0.999603 -0.013461 0.000000 -0.003693 0.013557 0.999902 0.000000 -6.578578 5.481148 0.184473 1.000000
aniFrame
  m_time -0.122000
  m_vertexTransformMat 0.999697 -0.024337 0.003743 0.000000 0.024382 0.999627 -0.012352 0.000000 -0.003441 0.012440 0.999917 0.000000 -6.571336 6.167510 0.186675 1.000000
aniFrame
  m_time -0.106000
  m_vertexTransformMat 0.999694 -0.024453 0.003786 0.000000 0.024496 0.999631 -0.011786 0.000000 -0.003497 0.011875 0.999923 0.000000 -6.566820 6.864739 0.175965 1.000000
aniFrame
  m_time -0.090000
  m_vertexTransformMat 0.999690 -0.024505 0.004319 0.000000 0.024546 0.999651 -0.009742 0.000000 -0.004078 0.009845 0.999943 0.000000 -6.573830 7.516933 0.161862 1.000000
aniFrame
  m_time -0.074000
  m_vertexTransformMat 0.999694 -0.024426 0.004043 0.000000 0.024456 0.999673 -0.007483 0.000000 -0.003858 0.007580 0.999964 0.000000 -6.561073 8.154962 0.147701 1.000000
aniFrame
  m_time -0.058000
  m_vertexTransformMat 0.999688 -0.024467 0.005046 0.000000 0.024493 0.999686 -0.005258 0.000000 -0.004915 0.005380 0.999974 0.000000 -6.583964 8.825126 0.124490 1.000000
aniFrame
  m_time -0.042000
  m_vertexTransformMat 0.999691 -0.024386 0.004883 0.000000 0.024399 0.999699 -0.002616 0.000000 -0.004818 0.002735 0.999985 0.000000 -6.582220 9.510935 0.117390 1.000000
aniFrame
  m_time -0.026000
  m_vertexTransformMat 0.999689 -0.024409 0.005087 0.000000 0.024425 0.999697 -0.003211 0.000000 -0.005007 0.003334 0.999982 0.000000 -6.599967 10.385580 0.098059 1.000000
aniFrame
  m_time -0.010000
  m_vertexTransformMat 0.999688 -0.024383 0.005380 0.000000 0.024425 0.999671 -0.007937 0.000000 -0.005185 0.008066 0.999954 0.000000 -6.621886 11.546834 0.079303 1.000000
aniFrame
  m_time 0.005000
  m_vertexTransformMat 0.999693 -0.024356 0.004605 0.000000 0.024306 0.999648 0.010644 0.000000 -0.004863 -0.010529 0.999933 0.000000 -6.659569 11.531759 0.176939 1.000000
aniFrame
  m_time 0.021000
  m_vertexTransformMat 0.999693 -0.024590 0.003190 0.000000 0.024344 0.997776 0.062057 0.000000 -0.004708 -0.061960 0.998068 0.000000 -6.741303 9.867544 0.355421 1.000000
aniFrame
  m_time 0.037000
  m_vertexTransformMat 0.999678 -0.025307 0.001870 0.000000 0.024925 0.993074 0.114822 0.000000 -0.004763 -0.114739 0.993385 0.000000 -6.867436 8.208291 0.383615 1.000000
aniFrame
  m_time 0.053000
  m_vertexTransformMat 0.999679 -0.025132 0.003206 0.000000 0.024334 0.987666 0.154672 0.000000 -0.007054 -0.154544 0.987961 0.000000 -7.163563 7.437350 0.331613 1.000000
aniFrame
  m_time 0.069000
  m_vertexTransformMat 0.999661 -0.025870 -0.003095 0.000000 0.025916 0.975090 0.220291 0.000000 -0.002681 -0.220296 0.975430 0.000000 -7.001158 4.947920 0.040195 1.000000
aniFrame
  m_time 0.085000
  m_vertexTransformMat 0.999487 -0.024371 -0.020801 0.000000 0.029852 0.944142 0.328184 0.000000 0.011641 -0.328637 0.944385 0.000000 -6.155809 -0.507804 -1.068415 1.000000
aniFrame
  m_time 0.101000
  m_vertexTransformMat 0.998985 -0.017941 -0.041319 0.000000 0.034699 0.891396 0.451896 0.000000 0.028724 -0.452871 0.891113 0.000000 -5.090545 -7.216541 -3.221451 1.000000
aniFrame
  m_time 0.117000
  m_vertexTransformMat 0.998106 -0.005485 -0.061277 0.000000 0.040523 0.808048 0.587722 0.000000 0.046291 -0.589092 0.806740 0.000000 -3.941059 -14.864112 -6.837284 1.000000
aniFrame
  m_time 0.133000
  m_vertexTransformMat 0.997013 0.010257 -0.076558 0.000000 0.046632 0.710210 0.702444 0.000000 0.061577 -0.703916 0.707610 0.000000 -2.861966 -21.658693 -11.263963 1.000000
aniFrame
  m_time 0.149000
  m_vertexTransformMat 0.996231 0.022208 -0.083846 0.000000 0.051426 0.627197 0.777161 0.000000 0.069847 -0.778544 0.623691 0.000000 -2.082006 -26.407089 -15.041870 1.000000
aniFrame
  m_time 0.165000
  m_vertexTransformMat 0.996188 0.029779 -0.081999 0.000000 0.051286 0.560445 0.826602 0.000000 0.070572 -0.827656 0.556782 0.000000 -1.623733 -29.918423 -18.105141 1.000000
aniFrame
  m_time 0.181000
  m_vertexTransformMat 0.997505 0.028200 -0.064721 0.000000 0.040604 0.520781 0.852725 0.000000 0.057753 -0.853225 0.518336 0.000000 -1.747474 -32.297894 -20.025698 1.000000
aniFrame
  m_time 0.197000
  m_vertexTransformMat 0.999146 0.019553 -0.036398 0.000000 0.021743 0.500257 0.865605 0.000000 0.035133 -0.865657 0.499404 0.000000 -2.295978 -34.096893 -21.143633 1.000000
aniFrame
  m_time 0.213000
  m_vertexTransformMat 0.999966 0.007737 -0.002759 0.000000 -0.001307 0.481423 0.876488 0.000000 0.008109 -0.876454 0.481417 0.000000 -3.057825 -36.018085 -22.321213 1.000000
aniFrame
  m_time 0.229000
  m_vertexTransformMat 0.999384 -0.005801 0.034605 0.000000 -0.027789 0.471276 0.881548 0.000000 -0.021422 -0.881967 0.470825 0.000000 -3.955931 -37.805573 -23.175406 1.000000
aniFrame
  m_time 0.245000
  m_vertexTransformMat 0.997941 -0.015637 0.062214 0.000000 -0.047451 0.472712 0.879939 0.000000 -0.043169 -0.881078 0.470996 0.000000 -4.631787 -39.203228 -23.358217 1.000000
aniFrame
  m_time 0.261000
  m_vertexTransformMat 0.996592 -0.022895 0.079249 0.000000 -0.058364 0.483204 0.873561 0.000000 -0.058294 -0.875209 0.480221 0.000000 -5.127764 -40.327881 -22.985096 1.000000
aniFrame
  m_time 0.277000
  m_vertexTransformMat 0.996689 -0.023162 0.077943 0.000000 -0.056232 0.496058 0.866467 0.000000 -0.058734 -0.867981 0.493113 0.000000 -5.090068 -41.376991 -22.256918 1.000000
aniFrame
  m_time 0.293000
  m_vertexTransformMat 0.998106 -0.019947 0.058191 0.000000 -0.039804 0.511815 0.858173 0.000000 -0.046901 -0.858864 0.510052 0.000000 -4.625053 -42.309238 -21.183165 1.000000
aniFrame
  m_time 0.309000
  m_vertexTransformMat 0.999425 -0.014365 0.030712 0.000000 -0.018503 0.527958 0.849069 0.000000 -0.028411 -0.849149 0.527388 0.000000 -3.884329 -43.262051 -20.081282 1.000000
aniFrame
  m_time 0.325000
  m_vertexTransformMat 0.999949 -0.008487 -0.005579 0.000000 0.009308 0.546038 0.837709 0.000000 -0.004063 -0.837717 0.546089 0.000000 -2.917936 -44.176491 -18.887342 1.000000
aniFrame
  m_time 0.341000
  m_vertexTransformMat 0.999283 -0.004794 -0.037557 0.000000 0.033453 0.576357 0.816513 0.000000 0.017732 -0.817183 0.576105 0.000000 -2.043584 -44.497444 -17.266747 1.000000
aniFrame
  m_time 0.357000
  m_vertexTransformMat 0.997886 -0.002000 -0.064966 0.000000 0.052315 0.617871 0.784537 0.000000 0.038572 -0.786277 0.616670 0.000000 -1.187219 -44.206581 -15.260902 1.000000
aniFrame
  m_time 0.373000
  m_vertexTransformMat 0.996338 -0.002109 -0.085474 0.000000 0.064646 0.672844 0.736955 0.000000 0.055957 -0.739782 0.670516 0.000000 -0.470052 -43.033268 -12.744892 1.000000
aniFrame
  m_time 0.389000
  m_vertexTransformMat 0.995005 -0.003061 -0.099785 0.000000 0.069424 0.739492 0.669576 0.000000 0.071741 -0.673159 0.736010 0.000000 0.180150 -40.780930 -9.790986 1.000000
aniFrame
  m_time 0.405000
  m_vertexTransformMat 0.993584 -0.005681 -0.112955 0.000000 0.071129 0.807879 0.585040 0.000000 0.087930 -0.589321 0.803100 0.000000 0.832096 -37.622444 -6.763436 1.000000
aniFrame
  m_time 0.421000
  m_vertexTransformMat 0.991999 -0.009545 -0.125883 0.000000 0.069283 0.874720 0.479652 0.000000 0.105534 -0.484536 0.868382 0.000000 1.535299 -33.407177 -3.796884 1.000000
aniFrame
  m_time 0.437000
  m_vertexTransformMat 0.990353 -0.014744 -0.137779 0.000000 0.064210 0.929957 0.362019 0.000000 0.122791 -0.367373 0.921932 0.000000 2.167792 -28.500900 -1.365467 1.000000
aniFrame
  m_time 0.453000
  m_vertexTransformMat 0.989019 -0.020281 -0.146389 0.000000 0.054526 0.970732 0.233896 0.000000 0.137361 -0.239309 0.961178 0.000000 2.653692 -22.964674 0.394519 1.000000
aniFrame
  m_time 0.469000
  m_vertexTransformMat 0.987855 -0.025856 -0.153213 0.000000 0.042415 0.993481 0.105818 0.000000 0.149478 -0.111031 0.982511 0.000000 2.976905 -17.334864 1.340175 1.000000
aniFrame
  m_time 0.485000
  m_vertexTransformMat 0.987165 -0.030659 -0.156731 0.000000 0.028442 0.999461 -0.016372 0.000000 0.157148 0.011705 0.987506 0.000000 3.063351 -11.863192 1.525492 1.000000
aniFrame
  m_time 0.501000
  m_vertexTransformMat 0.986993 -0.033803 -0.157170 0.000000 0.014051 0.992042 -0.125124 0.000000 0.160148 0.121288 0.979613 0.000000 2.929102 -6.952498 1.144148 1.000000
aniFrame
  m_time 0.517000
  m_vertexTransformMat 0.986709 -0.032114 -0.159293 0.000000 -0.004305 0.974767 -0.223186 0.000000 0.162441 0.220905 0.961673 0.000000 2.760418 -2.545355 0.391389 1.000000
aniFrame
  m_time 0.533000
  m_vertexTransformMat 0.988149 -0.033564 -0.149783 0.000000 -0.010068 0.959529 -0.281432 0.000000 0.153167 0.279604 0.947819 0.000000 2.050717 0.223035 -0.293851 1.000000
aniFrame
  m_time 0.549000
  m_vertexTransformMat 0.992499 -0.047763 -0.112536 0.000000 0.016430 0.964282 -0.264369 0.000000 0.121144 0.260537 0.957834 0.000000 0.241543 -0.057855 -0.227406 1.000000
aniFrame
  m_time 0.565000
  m_vertexTransformMat 0.995350 -0.068031 -0.068190 0.000000 0.052716 0.977239 -0.205487 0.000000 0.080617 0.200936 0.976282 0.000000 -1.929142 -1.913675 0.080510 1.000000
aniFrame
  m_time 0.581000
  m_vertexTransformMat 0.995591 -0.089103 -0.029309 0.000000 0.084746 0.988391 -0.126105 0.000000 0.040205 0.123065 0.991584 0.000000 -3.993087 -4.424326 0.175282 1.000000
aniFrame
  m_time 0.597000
  m_vertexTransformMat 0.993962 -0.109718 -0.000897 0.000000 0.109563 0.992932 -0.045632 0.000000 0.005898 0.045258 0.998958 0.000000 -5.689913 -6.877539 -0.027769 1.000000
aniFrame
  m_time 0.613000
  m_vertexTransformMat 0.993531 -0.113389 0.006240 0.000000 0.113513 0.993205 -0.025679 0.000000 -0.003286 0.026222 0.999651 0.000000 -6.136914 -6.984465 -0.166784 1.000000
aniFrame
  m_time 0.629000
  m_vertexTransformMat 0.993945 -0.109853 0.002294 0.000000 0.109864 0.993287 -0.036209 0.000000 0.001700 0.036242 0.999342 0.000000 -5.903169 -5.870780 -0.073440 1.000000
aniFrame
  m_time 0.645000
  m_vertexTransformMat 0.994125 -0.108221 0.001715 0.000000 0.108211 0.993451 -0.036698 0.000000 0.002268 0.036668 0.999325 0.000000 -5.892111 -5.163305 -0.023726 1.000000
aniFrame
  m_time 0.661000
  m_vertexTransformMat 0.994514 -0.104591 0.001877 0.000000 0.104591 0.993873 -0.035736 0.000000 0.001872 0.035736 0.999360 0.000000 -5.925484 -4.543621 -0.027347 1.000000
aniFrame
  m_time 0.677000
  m_vertexTransformMat 0.994914 -0.100708 0.001942 0.000000 0.100715 0.994312 -0.034660 0.000000 0.001559 0.034679 0.999398 0.000000 -5.961297 -3.932580 -0.012425 1.000000
aniFrame
  m_time 0.693000
  m_vertexTransformMat 0.995390 -0.095890 0.002031 0.000000 0.095905 0.994835 -0.033271 0.000000 0.001170 0.033312 0.999444 0.000000 -6.004066 -3.341117 0.001867 1.000000
aniFrame
  m_time 0.709000
  m_vertexTransformMat 0.995887 -0.090575 0.002137 0.000000 0.090598 0.995380 -0.031798 0.000000 0.000753 0.031861 0.999492 0.000000 -6.051126 -2.760876 0.018347 1.000000
aniFrame
  m_time 0.725000
  m_vertexTransformMat 0.996403 -0.084711 0.002245 0.000000 0.084740 0.995948 -0.030116 0.000000 0.000315 0.030198 0.999544 0.000000 -6.101883 -2.193345 0.035957 1.000000
aniFrame
  m_time 0.741000
  m_vertexTransformMat 0.996916 -0.078437 0.002394 0.000000 0.078474 0.996513 -0.028336 0.000000 -0.000163 0.028437 0.999596 0.000000 -6.155180 -1.634169 0.052318 1.000000
aniFrame
  m_time 0.757000
  m_vertexTransformMat 0.997401 -0.072012 0.002524 0.000000 0.072053 0.997048 -0.026521 0.000000 -0.000607 0.026634 0.999645 0.000000 -6.208848 -1.077853 0.071387 1.000000
aniFrame
  m_time 0.773000
  m_vertexTransformMat 0.997858 -0.065360 0.002735 0.000000 0.065408 0.997555 -0.024621 0.000000 -0.001119 0.024747 0.999693 0.000000 -6.264164 -0.525185 0.084163 1.000000
aniFrame
  m_time 0.789000
  m_vertexTransformMat 0.998261 -0.058880 0.002908 0.000000 0.058931 0.998001 -0.022823 0.000000 -0.001558 0.022954 0.999735 0.000000 -6.316323 0.033035 0.100182 1.000000
aniFrame
  m_time 0.805000
  m_vertexTransformMat 0.998611 -0.052597 0.003076 0.000000 0.052650 0.998392 -0.020993 0.000000 -0.001966 0.021125 0.999775 0.000000 -6.366622 0.596306 0.118584 1.000000
aniFrame
  m_time 0.821000
  m_vertexTransformMat 0.998907 -0.046637 0.003284 0.000000 0.046692 0.998722 -0.019376 0.000000 -0.002376 0.019508 0.999807 0.000000 -6.413627 1.170576 0.131013 1.000000
aniFrame
  m_time 0.837000
  m_vertexTransformMat 0.999144 -0.041225 0.003421 0.000000 0.041280 0.998990 -0.017770 0.000000 -0.002685 0.017896 0.999836 0.000000 -6.454401 1.756165 0.145893 1.000000
aniFrame
  m_time 0.853000
  m_vertexTransformMat 0.999331 -0.036399 0.003649 0.000000 0.036454 0.999199 -0.016539 0.000000 -0.003044 0.016661 0.999857 0.000000 -6.492951 2.362561 0.156393 1.000000
aniFrame
  m_time 0.869000
  m_vertexTransformMat 0.999474 -0.032236 0.003714 0.000000 0.032289 0.999363 -0.015216 0.000000 -0.003221 0.015328 0.999877 0.000000 -6.521472 2.981228 0.166383 1.000000
aniFrame
  m_time 0.885000
  m_vertexTransformMat 0.999573 -0.028940 0.003930 0.000000 0.028994 0.999474 -0.014534 0.000000 -0.003507 0.014642 0.999887 0.000000 -6.548563 3.631508 0.172433 1.000000
aniFrame
  m_time 0.901000
  m_vertexTransformMat 0.999641 -0.026508 0.003916 0.000000 0.026559 0.999555 -0.013586 0.000000 -0.003554 0.013685 0.999900 0.000000 -6.563698 4.293752 0.180133 1.000000
aniFrame
  m_time 0.917000
  m_vertexTransformMat 0.999675 -0.025189 0.003908 0.000000 0.025240 0.999591 -0.013479 0.000000 -0.003567 0.013573 0.999902 0.000000 -6.572527 5.001735 0.184960 1.000000
aniFrame
  m_time 0.933000
  m_vertexTransformMat 0.999691 -0.024541 0.004021 0.000000 0.024591 0.999612 -0.013094 0.000000 -0.003698 0.013188 0.999906 0.000000 -6.579127 5.710634 0.185286 1.000000
aniFrame
  m_time 0.949000
  m_vertexTransformMat 0.999697 -0.024341 0.003631 0.000000 0.024384 0.999629 -0.012174 0.000000 -0.003334 0.012258 0.999920 0.000000 -6.567009 6.400882 0.184355 1.000000
aniFrame
  m_time 0.965000
  m_vertexTransformMat 0.999691 -0.024505 0.004074 0.000000 0.024550 0.999634 -0.011338 0.000000 -0.003795 0.011435 0.999927 0.000000 -6.571784 7.091155 0.168395 1.000000
aniFrame
  m_time 0.981000
  m_vertexTransformMat 0.999692 -0.024473 0.004177 0.000000 0.024509 0.999660 -0.008902 0.000000 -0.003958 0.009001 0.999952 0.000000 -6.567980 7.728101 0.155386 1.000000
aniFrame
  m_time 0.997000
  m_vertexTransformMat 0.999692 -0.024431 0.004274 0.000000 0.024460 0.999677 -0.006867 0.000000 -0.004104 0.006969 0.999968 0.000000 -6.565567 8.380202 0.133915 1.000000
aniFrame
  m_time 1.013000
  m_vertexTransformMat 0.999688 -0.024443 0.005121 0.000000 0.024465 0.999692 -0.004268 0.000000 -0.005015 0.004392 0.999978 0.000000 -6.585385 9.050464 0.114372 1.000000
aniFrame
  m_time 1.029000
  m_vertexTransformMat 0.999692 -0.024370 0.004791 0.000000 0.024380 0.999701 -0.002123 0.000000 -0.004738 0.002239 0.999986 0.000000 -6.583205 9.766179 0.105402 1.000000
aniFrame
  m_time 1.045000
  m_vertexTransformMat 0.999688 -0.024408 0.005265 0.000000 0.024436 0.999687 -0.005426 0.000000 -0.005131 0.005553 0.999972 0.000000 -6.607054 10.804223 0.076931 1.000000
aniFrame
  m_time 1.061000
  m_vertexTransformMat 0.999690 -0.024355 0.005258 0.000000 0.024386 0.999686 -0.005865 0.000000 -0.005114 0.005991 0.999969 0.000000 -6.630682 11.759643 0.083112 1.000000
aniFrame
  m_time 1.077000
  m_vertexTransformMat 0.999694 -0.024375 0.004153 0.000000 0.024262 0.999383 0.025409 0.000000 -0.004770 -0.025300 0.999669 0.000000 -6.680798 11.097958 0.232601 1.000000
aniFrame
  m_time 1.093000
  m_vertexTransformMat 0.999689 -0.024819 0.002686 0.000000 0.024519 0.996390 0.081279 0.000000 -0.004694 -0.081187 0.996688 0.000000 -6.777173 9.222517 0.377321 1.000000
aniFrame
  m_time 1.109000
  m_vertexTransformMat 0.999678 -0.025288 0.002348 0.000000 0.024779 0.991455 0.128073 0.000000 -0.005567 -0.127973 0.991762 0.000000 -6.967530 7.946402 0.365589 1.000000
aniFrame
  m_time 1.125000
  m_vertexTransformMat 0.999679 -0.025217 0.002532 0.000000 0.024410 0.984885 0.171480 0.000000 -0.006818 -0.171363 0.985185 0.000000 -7.195123 6.955666 0.286268 1.000000
aniFrame
  m_time 1.141000
  m_vertexTransformMat 0.999631 -0.025923 -0.008105 0.000000 0.027131 0.967151 0.252753 0.000000 0.001287 -0.252880 0.967497 0.000000 -6.773939 3.382535 -0.216234 1.000000
aniFrame
  m_time 1.157000
  m_vertexTransformMat 0.999356 -0.022668 -0.027819 0.000000 0.031342 0.928896 0.369012 0.000000 0.017477 -0.369646 0.929009 0.000000 -5.798985 -2.697054 -1.671274 1.000000
aniFrame
  m_time 1.173000
  m_vertexTransformMat 0.998742 -0.014662 -0.047947 0.000000 0.036547 0.867564 0.495981 0.000000 0.034325 -0.497110 0.867009 0.000000 -4.727021 -9.662138 -4.230885 1.000000
aniFrame
  m_time 1.189000
  m_vertexTransformMat 0.997732 -0.000078 -0.067309 0.000000 0.042617 0.774760 0.630818 0.000000 0.052099 -0.632256 0.773006 0.000000 -3.549287 -17.371088 -8.325617 1.000000
aniFrame
  m_time 1.205000
  m_vertexTransformMat 0.996714 0.014572 -0.079682 0.000000 0.048434 0.681277 0.730423 0.000000 0.064929 -0.731881 0.678332 0.000000 -2.579336 -23.397045 -12.583423 1.000000
aniFrame
  m_time 1.221000
  m_vertexTransformMat 0.996098 0.025387 -0.084531 0.000000 0.052209 0.602733 0.796234 0.000000 0.071164 -0.797539 0.599055 0.000000 -1.881353 -27.701738 -16.153814 1.000000
aniFrame
  m_time 1.237000
  m_vertexTransformMat 0.996475 0.030514 -0.078153 0.000000 0.049070 0.543599 0.837910 0.000000 0.068052 -0.838790 0.540185 0.000000 -1.592708 -30.841728 -18.905514 1.000000
aniFrame
  m_time 1.253000
  m_vertexTransformMat 0.998104 0.025702 -0.055927 0.000000 0.034844 0.513076 0.857636 0.000000 0.050738 -0.857958 0.511208 0.000000 -1.904482 -32.911865 -20.427776 1.000000
aniFrame
  m_time 1.269000
  m_vertexTransformMat 0.999519 0.016332 -0.026354 0.000000 0.014869 0.493382 0.869686 0.000000 0.027207 -0.869659 0.492902 0.000000 -2.504625 -34.729824 -21.541737 1.000000
aniFrame
  m_time 1.285000
  m_vertexTransformMat 0.999945 0.002945 0.010068 0.000000 -0.010254 0.476887 0.878905 0.000000 -0.002213 -0.878960 0.476891 0.000000 -3.370168 -36.644638 -22.663361 1.000000
aniFrame
  m_time 1.301000
  m_vertexTransformMat 0.998953 -0.009155 0.044839 0.000000 -0.035269 0.470320 0.881791 0.000000 -0.029162 -0.882449 0.469504 0.000000 -4.188535 -38.318119 -23.316412 1.000000
aniFrame
  m_time 1.317000
  m_vertexTransformMat 0.997418 -0.018636 0.069352 0.000000 -0.052170 0.475612 0.878107 0.000000 -0.049349 -0.879458 0.473412 0.000000 -4.835862 -39.595295 -23.280767 1.000000
aniFrame
  m_time 1.333000
  m_vertexTransformMat 0.996399 -0.023672 0.081411 0.000000 -0.059610 0.487225 0.871240 0.000000 -0.060289 -0.872956 0.484060 0.000000 -5.180303 -40.688435 -22.789211 1.000000
aniFrame
  m_time 1.349000
  m_vertexTransformMat 0.997099 -0.022356 0.072759 0.000000 -0.051802 0.501059 0.863862 0.000000 -0.055769 -0.865125 0.498447 0.000000 -4.971114 -41.697334 -21.921989 1.000000
aniFrame
  m_time 1.365000
  m_vertexTransformMat 0.998582 -0.018372 0.049963 0.000000 -0.033264 0.517411 0.855090 0.000000 -0.041561 -0.855540 0.516067 0.000000 -4.413019 -42.610004 -20.805944 1.000000
aniFrame
  m_time 1.381000
  m_vertexTransformMat 0.999745 -0.012212 0.019010 0.000000 -0.009573 0.533190 0.845942 0.000000 -0.020466 -0.845908 0.532937 0.000000 -3.568012 -43.600628 -19.713339 1.000000
aniFrame
  m_time 1.397000
  m_vertexTransformMat 0.999828 -0.007093 -0.017147 0.000000 0.018202 0.554575 0.831935 0.000000 0.003608 -0.832103 0.554609 0.000000 -2.613211 -44.363712 -18.399986 1.000000
aniFrame
  m_time 1.413000
  m_vertexTransformMat 0.998877 -0.003657 -0.047234 0.000000 0.040326 0.588900 0.807199 0.000000 0.024864 -0.808197 0.588387 0.000000 -1.751940 -44.476006 -16.644918 1.000000
aniFrame
  m_time 1.429000
  m_vertexTransformMat 0.997350 -0.001694 -0.072729 0.000000 0.057283 0.634548 0.770758 0.000000 0.044844 -0.772882 0.632964 0.000000 -0.928207 -43.932632 -14.485863 1.000000
aniFrame
  m_time 1.445000
  m_vertexTransformMat 0.995881 -0.002368 -0.090643 0.000000 0.066875 0.694261 0.716610 0.000000 0.061233 -0.719720 0.691559 0.000000 -0.251705 -42.396091 -11.790128 1.000000
aniFrame
  m_time 1.461000
  m_vertexTransformMat 0.994555 -0.003656 -0.104153 0.000000 0.070163 0.762464 0.643216 0.000000 0.077061 -0.647021 0.758569 0.000000 0.395772 -39.822086 -8.777122 1.000000
aniFrame
  m_time 1.477000
  m_vertexTransformMat 0.993074 -0.006854 -0.117290 0.000000 0.070943 0.830745 0.552115 0.000000 0.093653 -0.556612 0.825477 0.000000 1.063479 -36.330479 -5.747958 1.000000
aniFrame
  m_time 1.493000
  m_vertexTransformMat 0.991440 -0.011122 -0.130088 0.000000 0.067920 0.894867 0.441135 0.000000 0.111505 -0.446194 0.887963 0.000000 1.763118 -31.820238 -2.905854 1.000000
aniFrame
  m_time 1.509000
  m_vertexTransformMat 0.989875 -0.016597 -0.140973 0.000000 0.061479 0.945285 0.320401 0.000000 0.127942 -0.325823 0.936734 0.000000 2.345545 -26.719223 -0.699364 1.000000
aniFrame
  m_time 1.525000
  m_vertexTransformMat 0.988621 -0.022132 -0.148790 0.000000 0.050587 0.980425 0.190286 0.000000 0.141666 -0.195647 0.970388 0.000000 2.781482 -21.055229 0.804687 1.000000
aniFrame
  m_time 1.541000
  m_vertexTransformMat 0.987549 -0.027613 -0.154871 0.000000 0.037992 0.997197 0.064463 0.000000 0.152657 -0.069544 0.985829 0.000000 3.034706 -15.494061 1.478825 1.000000
aniFrame
  m_time 1.557000
  m_vertexTransformMat 0.987070 -0.031911 -0.157081 0.000000 0.023549 0.998219 -0.054814 0.000000 0.158550 0.050407 0.986064 0.000000 3.038460 -10.128101 1.447432 1.000000
aniFrame
  m_time 1.573000
  m_vertexTransformMat 0.986898 -0.033720 -0.157780 0.000000 0.008307 0.987239 -0.159027 0.000000 0.161129 0.155633 0.974585 0.000000 2.882043 -5.430089 0.929478 1.000000
aniFrame
  m_time 1.589000
  m_vertexTransformMat 0.986838 -0.031651 -0.158586 0.000000 -0.009041 0.968327 -0.249521 0.000000 0.161460 0.247671 0.955296 0.000000 2.623564 -1.340111 0.112798 1.000000
aniFrame
  m_time 1.605000
  m_vertexTransformMat 0.989454 -0.036854 -0.140081 0.000000 -0.004449 0.958901 -0.283706 0.000000 0.144779 0.281337 0.948625 0.000000 1.559005 0.447565 -0.354408 1.000000
aniFrame
  m_time 1.621000
  m_vertexTransformMat 0.993779 -0.054541 -0.097106 0.000000 0.029067 0.968681 -0.246602 0.000000 0.107514 0.242245 0.964240 0.000000 -0.497696 -0.618795 -0.109624 1.000000
aniFrame
  m_time 1.637000
  m_vertexTransformMat 0.995712 -0.074108 -0.055362 0.000000 0.062787 0.980948 -0.183847 0.000000 0.067932 0.179582 0.981395 0.000000 -2.587997 -2.578918 0.131645 1.000000
aniFrame
  m_time 1.653000
  m_vertexTransformMat 0.995125 -0.096998 -0.017813 0.000000 0.094878 0.990902 -0.095459 0.000000 0.026910 0.093304 0.995274 0.000000 -4.654800 -5.395777 0.137006 1.000000
aniFrame
  m_time 1.669000
  m_vertexTransformMat 0.993600 -0.112890 0.003795 0.000000 0.112954 0.993080 -0.032152 0.000000 -0.000139 0.032375 0.999476 0.000000 -5.985790 -7.179393 -0.104481 1.000000
aniFrame
  m_time 1.685000
  m_vertexTransformMat 0.993673 -0.112191 0.005261 0.000000 0.112296 0.993266 -0.028519 0.000000 -0.002026 0.028930 0.999580 0.000000 -6.076295 -6.643635 -0.150728 1.000000
aniFrame
  m_time 1.701000
  m_vertexTransformMat 0.993991 -0.109451 0.001797 0.000000 0.109442 0.993300 -0.037133 0.000000 0.002280 0.037106 0.999309 0.000000 -5.881056 -5.600563 -0.045559 1.000000
aniFrame
  m_time 1.717000
  m_vertexTransformMat 0.994240 -0.107161 0.001749 0.000000 0.107153 0.993576 -0.036400 0.000000 0.002162 0.036378 0.999336 0.000000 -5.901708 -4.953742 -0.023321 1.000000
aniFrame
  m_time 1.733000
  m_vertexTransformMat 0.994644 -0.103338 0.001914 0.000000 0.103341 0.994016 -0.035409 0.000000 0.001756 0.035417 0.999371 0.000000 -5.937243 -4.338499 -0.024602 1.000000
aniFrame
  m_time 1.749000
  m_vertexTransformMat 0.995066 -0.099195 0.001967 0.000000 0.099204 0.994479 -0.034219 0.000000 0.001438 0.034245 0.999413 0.000000 -5.974806 -3.733398 -0.007814 1.000000
aniFrame
  m_time 1.765000
  m_vertexTransformMat 0.995555 -0.094159 0.002068 0.000000 0.094176 0.995016 -0.032791 0.000000 0.001030 0.032840 0.999460 0.000000 -6.019396 -3.146337 0.006398 1.000000
aniFrame
  m_time 1.781000
  m_vertexTransformMat 0.996058 -0.088683 0.002170 0.000000 0.088708 0.995567 -0.031260 0.000000 0.000612 0.031329 0.999509 0.000000 -6.067645 -2.569995 0.023743 1.000000
aniFrame
  m_time 1.797000
  m_vertexTransformMat 0.996576 -0.082646 0.002293 0.000000 0.082678 0.996139 -0.029524 0.000000 0.000156 0.029613 0.999561 0.000000 -6.119487 -2.006029 0.040615 1.000000
aniFrame
  m_time 1.813000
  m_vertexTransformMat 0.997081 -0.076317 0.002436 0.000000 0.076356 0.996695 -0.027740 0.000000 -0.000311 0.027845 0.999612 0.000000 -6.172982 -1.447748 0.058058 1.000000
aniFrame
  m_time 1.829000
  m_vertexTransformMat 0.997557 -0.069816 0.002584 0.000000 0.069859 0.997221 -0.025893 0.000000 -0.000769 0.026010 0.999662 0.000000 -6.227133 -0.892710 0.075728 1.000000
aniFrame
  m_time 1.845000
  m_vertexTransformMat 0.997999 -0.063176 0.002797 0.000000 0.063225 0.997710 -0.024014 0.000000 -0.001274 0.024143 0.999708 0.000000 -6.281848 -0.339226 0.088230 1.000000
aniFrame
  m_time 1.861000
  m_vertexTransformMat 0.998382 -0.056782 0.002951 0.000000 0.056834 0.998137 -0.022219 0.000000 -0.001684 0.022351 0.999749 0.000000 -6.332849 0.220897 0.106301 1.000000
aniFrame
  m_time 1.877000
  m_vertexTransformMat 0.998717 -0.050539 0.003158 0.000000 0.050593 0.998510 -0.020432 0.000000 -0.002121 0.020566 0.999786 0.000000 -6.383232 0.786596 0.120379 1.000000
aniFrame
  m_time 1.893000
  m_vertexTransformMat 0.998993 -0.044756 0.003342 0.000000 0.044811 0.998818 -0.018850 0.000000 -0.002495 0.018981 0.999817 0.000000 -6.427875 1.365085 0.133513 1.000000
aniFrame
  m_time 1.909000
  m_vertexTransformMat 0.999211 -0.039559 0.003483 0.000000 0.039614 0.999065 -0.017310 0.000000 -0.002795 0.017434 0.999844 0.000000 -6.467490 1.956550 0.149896 1.000000
aniFrame
  m_time 1.925000
  m_vertexTransformMat 0.999383 -0.034929 0.003691 0.000000 0.034984 0.999258 -0.016112 0.000000 -0.003125 0.016232 0.999864 0.000000 -6.503579 2.567996 0.158661 1.000000
aniFrame
  m_time 1.941000
  m_vertexTransformMat 0.999511 -0.031037 0.003761 0.000000 0.031090 0.999406 -0.014900 0.000000 -0.003297 0.015010 0.999882 0.000000 -6.530540 3.194624 0.168233 1.000000
aniFrame
  m_time 1.957000
  m_vertexTransformMat 0.999599 -0.028027 0.003971 0.000000 0.028081 0.999504 -0.014266 0.000000 -0.003569 0.014372 0.999891 0.000000 -6.555614 3.851573 0.173584 1.000000
aniFrame
  m_time 1.973000
  m_vertexTransformMat 0.999656 -0.025944 0.003882 0.000000 0.025994 0.999572 -0.013403 0.000000 -0.003533 0.013499 0.999903 0.000000 -6.566107 4.522866 0.182037 1.000000
aniFrame
  m_time 1.989000
  m_vertexTransformMat 0.999681 -0.024935 0.003991 0.000000 0.024987 0.999597 -0.013532 0.000000 -0.003652 0.013628 0.999901 0.000000 -6.575019 5.238519 0.183847 1.000000
aniFrame
  m_time 2.005000
  m_vertexTransformMat 0.999695 -0.024402 0.003933 0.000000 0.024450 0.999621 -0.012698 0.000000 -0.003621 0.012791 0.999912 0.000000 -6.578407 5.944691 0.187162 1.000000
aniFrame
  m_time 2.021000
  m_vertexTransformMat 0.999695 -0.024400 0.003775 0.000000 0.024444 0.999628 -0.012130 0.000000 -0.003478 0.012218 0.999920 0.000000 -6.576825 6.670502 0.187098 1.000000
aniFrame
  m_time 2.037000
  m_vertexTransformMat 0.999690 -0.024517 0.004259 0.000000 0.024561 0.999642 -0.010594 0.000000 -0.003997 0.010695 0.999935 0.000000 -6.592859 7.379212 0.181589 1.000000
aniFrame
  m_time 2.053000
  m_vertexTransformMat 0.999694 -0.024433 0.003942 0.000000 0.024465 0.999667 -0.008294 0.000000 -0.003738 0.008388 0.999958 0.000000 -6.592510 8.069441 0.181370 1.000000
aniFrame
  m_time 2.069000
  m_vertexTransformMat 0.999690 -0.024465 0.004738 0.000000 0.024494 0.999681 -0.006123 0.000000 -0.004586 0.006237 0.999970 0.000000 -6.619170 8.772144 0.168432 1.000000
aniFrame
  m_time 2.085000
  m_vertexTransformMat 0.999690 -0.024411 0.004921 0.000000 0.024427 0.999696 -0.003387 0.000000 -0.004837 0.003506 0.999982 0.000000 -6.631123 9.469965 0.162389 1.000000
aniFrame
  m_time 2.101000
  m_vertexTransformMat 0.999690 -0.024394 0.004911 0.000000 0.024403 0.999701 -0.001820 0.000000 -0.004865 0.001939 0.999986 0.000000 -6.636968 10.208424 0.149368 1.000000
aniFrame
  m_time 2.117000
