m_aniFrameList.size 84
aniFrame
  m_time -1.066000
  m_vertexTransformMat 0.968774 0.134464 -0.208315 0.000000 -0.069822 0.954122 0.291161 0.000000 0.237909 -0.267525 0.933718 0.000000 5.868177 -6.879499 -2.368804 1.000000
aniFrame
  m_time -1.027000
  m_vertexTransformMat 0.973007 0.121366 -0.196282 0.000000 -0.044001 0.932503 0.358471 0.000000 0.226540 -0.340159 0.912673 0.000000 5.117865 -8.596341 -3.306281 1.000000
aniFrame
  m_time -0.988000
  m_vertexTransformMat 0.976690 0.100372 -0.189742 0.000000 -0.030090 0.939233 0.341958 0.000000 0.212535 -0.328278 0.920360 0.000000 4.284274 -8.297414 -3.563599 1.000000
aniFrame
  m_time -0.949000
  m_vertexTransformMat 0.981393 0.069179 -0.179113 0.000000 -0.037231 0.983697 0.175937 0.000000 0.188364 -0.165995 0.967970 0.000000 3.324554 -4.436558 -2.708857 1.000000
aniFrame
  m_time -0.910000
  m_vertexTransformMat 0.986063 0.025532 -0.164399 0.000000 -0.030594 0.999130 -0.028334 0.000000 0.163533 0.032969 0.985987 0.000000 2.536636 0.314286 -2.267325 1.000000
aniFrame
  m_time -0.871000
  m_vertexTransformMat 0.987830 -0.063675 -0.141910 0.000000 0.029809 0.972955 -0.229065 0.000000 0.152657 0.222047 0.963012 0.000000 2.189900 4.941053 -2.579597 1.000000
aniFrame
  m_time -0.832000
  m_vertexTransformMat 0.979149 -0.177340 -0.099086 0.000000 0.119864 0.898160 -0.423014 0.000000 0.164012 0.402317 0.900689 0.000000 2.459488 9.407478 -3.761929 1.000000
aniFrame
  m_time -0.793000
  m_vertexTransformMat 0.969981 -0.237091 -0.054090 0.000000 0.163447 0.800303 -0.576888 0.000000 0.180063 0.550729 0.815031 0.000000 2.901340 12.956419 -5.480065 1.000000
aniFrame
  m_time -0.754000
  m_vertexTransformMat 0.976095 -0.214715 -0.033701 0.000000 0.129791 0.700220 -0.702030 0.000000 0.174334 0.680874 0.711350 0.000000 2.835527 15.850992 -7.618820 1.000000
aniFrame
  m_time -0.715000
  m_vertexTransformMat 0.984540 -0.170736 -0.039123 0.000000 0.077506 0.624934 -0.776821 0.000000 0.157081 0.761779 0.628506 0.000000 2.524604 17.561752 -9.334385 1.000000
aniFrame
  m_time -0.676000
  m_vertexTransformMat 0.986599 -0.153380 -0.055647 0.000000 0.053234 0.624978 -0.778825 0.000000 0.154234 0.765426 0.624768 0.000000 2.605337 17.550138 -9.268484 1.000000
aniFrame
  m_time -0.637000
  m_vertexTransformMat 0.985795 -0.149501 -0.076535 0.000000 0.044749 0.673015 -0.738274 0.000000 0.161882 0.724362 0.670145 0.000000 2.974711 16.534937 -8.100234 1.000000
aniFrame
  m_time -0.598000
  m_vertexTransformMat 0.983816 -0.147118 -0.102288 0.000000 0.040577 0.738948 -0.672539 0.000000 0.174528 0.657504 0.732958 0.000000 3.492660 14.926424 -6.556460 1.000000
aniFrame
  m_time -0.559000
  m_vertexTransformMat 0.981122 -0.142290 -0.130970 0.000000 0.037433 0.804153 -0.593242 0.000000 0.189732 0.577140 0.794299 0.000000 4.096002 12.999364 -5.064682 1.000000
aniFrame
  m_time -0.520000
  m_vertexTransformMat 0.976818 -0.131438 -0.168971 0.000000 0.028439 0.861996 -0.506116 0.000000 0.212175 0.489578 0.845751 0.000000 4.923861 10.885761 -3.808913 1.000000
aniFrame
  m_time -0.481000
  m_vertexTransformMat 0.969014 -0.108680 -0.221814 0.000000 0.014421 0.921365 -0.388432 0.000000 0.246586 0.373197 0.894382 0.000000 6.189108 8.054212 -2.689501 1.000000
aniFrame
  m_time -0.442000
  m_vertexTransformMat 0.961745 -0.098611 -0.255581 0.000000 -0.019566 0.905857 -0.423132 0.000000 0.273246 0.411946 0.869274 0.000000 7.318466 8.943711 -3.355928 1.000000
aniFrame
  m_time -0.403000
  m_vertexTransformMat 0.956794 -0.087408 -0.277316 0.000000 -0.044384 0.898664 -0.436387 0.000000 0.287358 0.429841 0.855957 0.000000 7.978815 9.357389 -3.624417 1.000000
aniFrame
  m_time -0.364000
  m_vertexTransformMat 0.955169 -0.064860 -0.288870 0.000000 -0.054355 0.920704 -0.386458 0.000000 0.291029 0.384834 0.875902 0.000000 8.196177 8.280897 -2.955106 1.000000
aniFrame
  m_time -0.325000
  m_vertexTransformMat 0.954854 -0.038680 -0.294545 0.000000 -0.057436 0.948743 -0.310787 0.000000 0.291468 0.313674 0.903690 0.000000 8.282995 6.628788 -2.048842 1.000000
aniFrame
  m_time -0.286000
  m_vertexTransformMat 0.955548 -0.009798 -0.294673 0.000000 -0.054245 0.976544 -0.208372 0.000000 0.289803 0.215094 0.932603 0.000000 8.272574 4.364049 -1.113702 1.000000
aniFrame
  m_time -0.247000
  m_vertexTransformMat 0.956952 0.019606 -0.289581 0.000000 -0.048012 0.994664 -0.091318 0.000000 0.286246 0.101290 0.952787 0.000000 8.171813 1.747758 -0.430114 1.000000
aniFrame
  m_time -0.208000
  m_vertexTransformMat 0.958607 0.045354 -0.281095 0.000000 -0.046249 0.998924 0.003450 0.000000 0.280949 0.009693 0.959674 0.000000 7.994146 -0.361123 -0.142189 1.000000
aniFrame
  m_time -0.169000
  m_vertexTransformMat 0.960022 0.068438 -0.271430 0.000000 -0.047552 0.995431 0.082802 0.000000 0.275856 -0.066585 0.958890 0.000000 7.799253 -2.138871 -0.173717 1.000000
aniFrame
  m_time -0.130000
  m_vertexTransformMat 0.961231 0.088496 -0.261158 0.000000 -0.052304 0.988423 0.142422 0.000000 0.270739 -0.123241 0.954732 0.000000 7.553714 -3.460715 -0.476410 1.000000
aniFrame
  m_time -0.091000
  m_vertexTransformMat 0.962879 0.106955 -0.247839 0.000000 -0.059578 0.979716 0.191328 0.000000 0.263276 -0.169460 0.949721 0.000000 7.171515 -4.547578 -0.961016 1.000000
aniFrame
  m_time -0.052000
  m_vertexTransformMat 0.965094 0.122697 -0.231385 0.000000 -0.067564 0.970207 0.232667 0.000000 0.253038 -0.208912 0.944631 0.000000 6.658147 -5.485164 -1.529113 1.000000
aniFrame
  m_time -0.013000
  m_vertexTransformMat 0.967655 0.132918 -0.214423 0.000000 -0.071899 0.959997 0.270622 0.000000 0.241816 -0.246452 0.938502 0.000000 6.082910 -6.380408 -2.108449 1.000000
aniFrame
  m_time 0.025000
  m_vertexTransformMat 0.971343 0.129792 -0.199115 0.000000 -0.057565 0.941261 0.332737 0.000000 0.230605 -0.311740 0.921759 0.000000 5.423791 -7.911966 -2.934335 1.000000
aniFrame
  m_time 0.064000
  m_vertexTransformMat 0.974880 0.110226 -0.193544 0.000000 -0.032713 0.930394 0.365098 0.000000 0.220316 -0.349596 0.910628 0.000000 4.671650 -8.778018 -3.654177 1.000000
aniFrame
  m_time 0.103000
  m_vertexTransformMat 0.979501 0.080546 -0.184634 0.000000 -0.034860 0.970528 0.238455 0.000000 0.198399 -0.227131 0.953441 0.000000 3.683317 -5.869153 -2.991938 1.000000
aniFrame
  m_time 0.142000
  m_vertexTransformMat 0.984394 0.043410 -0.170538 0.000000 -0.036706 0.998432 0.042273 0.000000 0.172105 -0.035353 0.984444 0.000000 2.786757 -1.318897 -2.347296 1.000000
aniFrame
  m_time 0.181000
  m_vertexTransformMat 0.988039 -0.026525 -0.151903 0.000000 0.002001 0.987217 -0.159366 0.000000 0.154188 0.157156 0.975463 0.000000 2.248063 3.337439 -2.379902 1.000000
aniFrame
  m_time 0.220000
  m_vertexTransformMat 0.983263 -0.140013 -0.116574 0.000000 0.089917 0.929429 -0.357879 0.000000 0.158454 0.341407 0.926463 0.000000 2.317668 7.904565 -3.254421 1.000000
aniFrame
  m_time 0.259000
  m_vertexTransformMat 0.971568 -0.226617 -0.068566 0.000000 0.157704 0.835421 -0.526500 0.000000 0.176595 0.500717 0.847406 0.000000 2.795727 11.789598 -4.821569 1.000000
aniFrame
  m_time 0.298000
  m_vertexTransformMat 0.972845 -0.228279 -0.038221 0.000000 0.146591 0.735475 -0.661504 0.000000 0.179118 0.637938 0.748967 0.000000 2.923396 14.911277 -6.830729 1.000000
aniFrame
  m_time 0.337000
  m_vertexTransformMat 0.982285 -0.184081 -0.035078 0.000000 0.093458 0.643481 -0.759736 0.000000 0.162425 0.742998 0.649285 0.000000 2.611560 17.177612 -8.915538 1.000000
aniFrame
  m_time 0.376000
  m_vertexTransformMat 0.986563 -0.155730 -0.049408 0.000000 0.057860 0.615843 -0.785742 0.000000 0.152791 0.772325 0.616579 0.000000 2.513478 17.735161 -9.507594 1.000000
aniFrame
  m_time 0.415000
  m_vertexTransformMat 0.986225 -0.150548 -0.068530 0.000000 0.047218 0.653291 -0.755633 0.000000 0.158529 0.741988 0.651401 0.000000 2.825534 16.964630 -8.571574 1.000000
aniFrame
  m_time 0.454000
  m_vertexTransformMat 0.984628 -0.148040 -0.092691 0.000000 0.041882 0.715314 -0.697547 0.000000 0.169568 0.682942 0.710518 0.000000 3.295464 15.536690 -7.104828 1.000000
aniFrame
  m_time 0.493000
  m_vertexTransformMat 0.982091 -0.144521 -0.120878 0.000000 0.038842 0.783096 -0.620687 0.000000 0.184362 0.604876 0.774684 0.000000 3.881627 13.665618 -5.542991 1.000000
aniFrame
  m_time 0.532000
  m_vertexTransformMat 0.979040 -0.136318 -0.151319 0.000000 0.033394 0.840365 -0.540991 0.000000 0.200910 0.524599 0.827303 0.000000 4.534174 11.732872 -4.258667 1.000000
aniFrame
  m_time 0.571000
  m_vertexTransformMat 0.971657 -0.117922 -0.204884 0.000000 0.017680 0.900520 -0.434455 0.000000 0.235734 0.418518 0.877081 0.000000 5.756104 9.157153 -3.067288 1.000000
aniFrame
  m_time 0.610000
  m_vertexTransformMat 0.964434 -0.096790 -0.245965 0.000000 -0.003390 0.925938 -0.377659 0.000000 0.264302 0.365061 0.892679 0.000000 6.935753 7.825734 -2.784734 1.000000
aniFrame
  m_time 0.649000
  m_vertexTransformMat 0.957977 -0.094346 -0.270885 0.000000 -0.038296 0.893841 -0.446746 0.000000 0.284277 0.438346 0.852666 0.000000 7.817291 9.568506 -3.734416 1.000000
aniFrame
  m_time 0.688000
  m_vertexTransformMat 0.955506 -0.073421 -0.285687 0.000000 -0.051846 0.911646 -0.407693 0.000000 0.290378 0.404365 0.867277 0.000000 8.146914 8.743755 -3.238712 1.000000
aniFrame
  m_time 0.727000
  m_vertexTransformMat 0.954837 -0.048233 -0.293189 0.000000 -0.057015 0.938658 -0.340102 0.000000 0.291608 0.341459 0.893516 0.000000 8.264904 7.270308 -2.378590 1.000000
aniFrame
  m_time 0.766000
  m_vertexTransformMat 0.955190 -0.020399 -0.295290 0.000000 -0.056294 0.966894 -0.248892 0.000000 0.290591 0.254362 0.922419 0.000000 8.286676 5.268139 -1.438740 1.000000
aniFrame
  m_time 0.805000
  m_vertexTransformMat 0.956375 0.009606 -0.291983 0.000000 -0.049910 0.990138 -0.130904 0.000000 0.287846 0.139767 0.947423 0.000000 8.220446 2.631218 -0.622124 1.000000
aniFrame
  m_time 0.844000
  m_vertexTransformMat 0.958012 0.036783 -0.284360 0.000000 -0.046333 0.998563 -0.026930 0.000000 0.282961 0.038974 0.958339 0.000000 8.063695 0.314990 -0.206376 1.000000
aniFrame
  m_time 0.883000
  m_vertexTransformMat 0.959551 0.060600 -0.274936 0.000000 -0.046902 0.997321 0.056132 0.000000 0.277601 -0.040967 0.959823 0.000000 7.869857 -1.539498 -0.127991 1.000000
aniFrame
  m_time 0.922000
  m_vertexTransformMat 0.960780 0.081599 -0.265036 0.000000 -0.050315 0.991160 0.122760 0.000000 0.272710 -0.104609 0.956392 0.000000 7.652356 -3.025008 -0.345087 1.000000
aniFrame
  m_time 0.961000
  m_vertexTransformMat 0.962162 0.100732 -0.253172 0.000000 -0.056649 0.982804 0.175747 0.000000 0.266522 -0.154755 0.951324 0.000000 7.328656 -4.200473 -0.783096 1.000000
aniFrame
  m_time 1.000000
  m_vertexTransformMat 0.964195 0.117879 -0.237554 0.000000 -0.064566 0.973170 0.220842 0.000000 0.257213 -0.197597 0.945937 0.000000 6.858103 -5.215523 -1.338888 1.000000
aniFrame
  m_time 1.039000
  m_vertexTransformMat 0.966701 0.130334 -0.220233 0.000000 -0.070127 0.962564 0.261827 0.000000 0.246113 -0.237664 0.939651 0.000000 6.294188 -6.170305 -1.939826 1.000000
aniFrame
  m_time 1.078000
  m_vertexTransformMat 0.969915 0.133369 -0.203658 0.000000 -0.065190 0.948316 0.310558 0.000000 0.234551 -0.287939 0.928481 0.000000 5.669734 -7.358042 -2.622215 1.000000
aniFrame
  m_time 1.117000
  m_vertexTransformMat 0.973665 0.118849 -0.194555 0.000000 -0.040530 0.930013 0.365284 0.000000 0.224353 -0.347779 0.910338 0.000000 4.952099 -8.745743 -3.504188 1.000000
aniFrame
  m_time 1.156000
  m_vertexTransformMat 0.977821 0.091618 -0.188341 0.000000 -0.032734 0.955050 0.294632 0.000000 0.206869 -0.281932 0.936867 0.000000 4.030692 -7.168130 -3.285711 1.000000
aniFrame
  m_time 1.195000
  m_vertexTransformMat 0.982725 0.058647 -0.175532 0.000000 -0.039207 0.992907 0.112239 0.000000 0.180870 -0.103418 0.978055 0.000000 3.067310 -2.940002 -2.504020 1.000000
aniFrame
  m_time 1.234000
  m_vertexTransformMat 0.987207 0.005443 -0.159349 0.000000 -0.019912 0.995802 -0.089343 0.000000 0.158193 0.091373 0.983172 0.000000 2.375929 1.725669 -2.279680 1.000000
aniFrame
  m_time 1.273000
  m_vertexTransformMat 0.986537 -0.096921 -0.131720 0.000000 0.055468 0.956018 -0.288014 0.000000 0.153841 0.276831 0.948524 0.000000 2.208088 6.297299 -2.837093 1.000000
aniFrame
  m_time 1.312000
  m_vertexTransformMat 0.975500 -0.203039 -0.084706 0.000000 0.140049 0.870053 -0.472646 0.000000 0.169665 0.449203 0.877172 0.000000 2.608335 10.550729 -4.227337 1.000000
aniFrame
  m_time 1.351000
  m_vertexTransformMat 0.970686 -0.236040 -0.045315 0.000000 0.158470 0.770279 -0.617704 0.000000 0.180707 0.592416 0.785104 0.000000 2.936560 13.899821 -6.089074 1.000000
aniFrame
  m_time 1.390000
  m_vertexTransformMat 0.979356 -0.199403 -0.033173 0.000000 0.111736 0.670758 -0.733211 0.000000 0.168456 0.714368 0.679192 0.000000 2.720227 16.571701 -8.295760 1.000000
aniFrame
  m_time 1.429000
  m_vertexTransformMat 0.985884 -0.161622 -0.043709 0.000000 0.066225 0.616213 -0.784791 0.000000 0.153774 0.770818 0.618218 0.000000 2.484927 17.733578 -9.524040 1.000000
aniFrame
  m_time 1.468000
  m_vertexTransformMat 0.986466 -0.151991 -0.061513 0.000000 0.050083 0.636532 -0.769623 0.000000 0.156130 0.756126 0.635529 0.000000 2.702983 17.314781 -8.980414 1.000000
aniFrame
  m_time 1.507000
  m_vertexTransformMat 0.985286 -0.148759 -0.084158 0.000000 0.042847 0.691660 -0.720951 0.000000 0.165457 0.706737 0.687857 0.000000 3.121816 16.108685 -7.660714 1.000000
aniFrame
  m_time 1.546000
  m_vertexTransformMat 0.983022 -0.146086 -0.111024 0.000000 0.039548 0.759545 -0.649252 0.000000 0.179174 0.633838 0.752427 0.000000 3.673367 14.359418 -6.083035 1.000000
aniFrame
  m_time 1.585000
  m_vertexTransformMat 0.980334 -0.139803 -0.139286 0.000000 0.036024 0.820707 -0.570212 0.000000 0.194031 0.553980 0.809603 0.000000 4.271711 12.441524 -4.690261 1.000000
aniFrame
  m_time 1.624000
  m_vertexTransformMat 0.974399 -0.125680 -0.186417 0.000000 0.023012 0.880558 -0.473380 0.000000 0.223645 0.456971 0.860906 0.000000 5.314906 10.093517 -3.442149 1.000000
aniFrame
  m_time 1.663000
  m_vertexTransformMat 0.966882 -0.100928 -0.234420 0.000000 0.009348 0.931876 -0.362656 0.000000 0.255052 0.348454 0.901958 0.000000 6.542856 7.444417 -2.540105 1.000000
aniFrame
  m_time 1.702000
  m_vertexTransformMat 0.959678 -0.098950 -0.263110 0.000000 -0.030068 0.894492 -0.446071 0.000000 0.279489 0.435996 0.855449 0.000000 7.589819 9.518898 -3.683548 1.000000
aniFrame
  m_time 1.741000
  m_vertexTransformMat 0.956016 -0.081512 -0.281762 0.000000 -0.048395 0.903610 -0.425613 0.000000 0.289295 0.420528 0.859921 0.000000 8.080330 9.132055 -3.485363 1.000000
aniFrame
  m_time 1.780000
  m_vertexTransformMat 0.954952 -0.057446 -0.291148 0.000000 -0.055843 0.928774 -0.366417 0.000000 0.291460 0.366169 0.883726 0.000000 8.234148 7.844394 -2.698467 1.000000
aniFrame
  m_time 1.819000
  m_vertexTransformMat 0.954957 -0.030498 -0.295172 0.000000 -0.057124 0.957206 -0.283712 0.000000 0.291194 0.287795 0.912349 0.000000 8.290189 6.035391 -1.765836 1.000000
aniFrame
  m_time 1.858000
  m_vertexTransformMat 0.955904 -0.000858 -0.293677 0.000000 -0.051995 0.983704 -0.172113 0.000000 0.289039 0.179793 0.940282 0.000000 8.253875 3.552207 -0.863409 1.000000
aniFrame
  m_time 1.897000
  m_vertexTransformMat 0.957478 0.028399 -0.287106 0.000000 -0.045553 0.997542 -0.053246 0.000000 0.284888 0.064060 0.956418 0.000000 8.126845 0.886613 -0.298697 1.000000
aniFrame
  m_time 1.936000
  m_vertexTransformMat 0.959094 0.053431 -0.278001 0.000000 -0.044761 0.998296 0.037444 0.000000 0.279528 -0.023469 0.959851 0.000000 7.939746 -1.136851 -0.128263 1.000000
aniFrame
  m_time 1.975000
  m_vertexTransformMat 0.960461 0.075976 -0.267847 0.000000 -0.046377 0.992264 0.115159 0.000000 0.274524 -0.098183 0.956555 0.000000 7.734639 -2.891204 -0.269674 1.000000
aniFrame
  m_time 2.014000
  m_vertexTransformMat 0.961857 0.094910 -0.256560 0.000000 -0.051220 0.983782 0.171904 0.000000 0.268715 -0.152205 0.951118 0.000000 7.433107 -4.167076 -0.656542 1.000000
aniFrame
  m_time 2.053000
  m_vertexTransformMat 0.963744 0.110078 -0.243063 0.000000 -0.056660 0.974589 0.216717 0.000000 0.260742 -0.195088 0.945492 0.000000 6.995109 -5.181690 -1.190652 1.000000
aniFrame
  m_time 2.092000
  m_vertexTransformMat 0.966148 0.122516 -0.227044 0.000000 -0.063002 0.965446 0.252873 0.000000 0.250180 -0.230009 0.940482 0.000000 6.455856 -6.004627 -1.764607 1.000000
aniFrame
  m_time 2.131000
  m_vertexTransformMat 0.968644 0.133648 -0.209444 0.000000 -0.070176 0.955843 0.285377 0.000000 0.238336 -0.261731 0.935250 0.000000 5.892979 -6.742865 -2.309526 1.000000
aniFrame
  m_time 2.133000
  m_vertexTransformMat 0.968745 0.134082 -0.208698 0.000000 -0.070522 0.955478 0.286510 0.000000 0.237822 -0.262838 0.935070 0.000000 5.866373 -6.768129 -2.334743 1.000000
