m_aniFrameList.size 84
aniFrame
  m_time -1.066000
  m_vertexTransformMat 0.183075 -0.315343 -0.931151 0.000000 -0.625933 0.692981 -0.357751 0.000000 0.758084 0.648333 -0.070516 0.000000 13.744207 8.643237 -3.816712 1.000000
aniFrame
  m_time -1.027000
  m_vertexTransformMat 0.207743 -0.422680 -0.882148 0.000000 -0.549691 0.695517 -0.462706 0.000000 0.809125 0.581032 -0.087855 0.000000 13.390676 9.744409 -4.991902 1.000000
aniFrame
  m_time -0.988000
  m_vertexTransformMat 0.227709 -0.542920 -0.808323 0.000000 -0.453876 0.675254 -0.581402 0.000000 0.861478 0.499269 -0.092657 0.000000 13.112708 10.848731 -6.458398 1.000000
aniFrame
  m_time -0.949000
  m_vertexTransformMat 0.234564 -0.648908 -0.723809 0.000000 -0.361234 0.633080 -0.684632 0.000000 0.902491 0.422054 -0.085910 0.000000 13.054379 11.815774 -7.890718 1.000000
aniFrame
  m_time -0.910000
  m_vertexTransformMat 0.229967 -0.719876 -0.654900 0.000000 -0.297501 0.588722 -0.751599 0.000000 0.926612 0.367676 -0.078778 0.000000 13.200347 12.592908 -8.904831 1.000000
aniFrame
  m_time -0.871000
  m_vertexTransformMat 0.220836 -0.741461 -0.633615 0.000000 -0.285565 0.572027 -0.768920 0.000000 0.932569 0.350743 -0.085412 0.000000 13.348116 13.199090 -9.208842 1.000000
aniFrame
  m_time -0.832000
  m_vertexTransformMat 0.210353 -0.719786 -0.661558 0.000000 -0.327429 0.585745 -0.741413 0.000000 0.921163 0.372572 -0.112465 0.000000 13.372862 13.772069 -8.940187 1.000000
aniFrame
  m_time -0.793000
  m_vertexTransformMat 0.194990 -0.675742 -0.710881 0.000000 -0.401725 0.606183 -0.686410 0.000000 0.894760 0.419422 -0.153263 0.000000 13.279955 14.406730 -8.516898 1.000000
aniFrame
  m_time -0.754000
  m_vertexTransformMat 0.170130 -0.613746 -0.770955 0.000000 -0.496715 0.622288 -0.605006 0.000000 0.851076 0.485874 -0.198987 0.000000 13.081534 15.080093 -8.062782 1.000000
aniFrame
  m_time -0.715000
  m_vertexTransformMat 0.133629 -0.539507 -0.831309 0.000000 -0.599323 0.624068 -0.501349 0.000000 0.789275 0.565217 -0.239945 0.000000 12.790643 15.749563 -7.670801 1.000000
aniFrame
  m_time -0.676000
  m_vertexTransformMat 0.084305 -0.459181 -0.884333 0.000000 -0.697169 0.606911 -0.381595 0.000000 0.711933 0.648700 -0.268961 0.000000 12.466367 16.356348 -7.334649 1.000000
aniFrame
  m_time -0.637000
  m_vertexTransformMat 0.024038 -0.379285 -0.924968 0.000000 -0.779289 0.572444 -0.254984 0.000000 0.626204 0.726947 -0.281812 0.000000 12.195911 16.836920 -7.033570 1.000000
aniFrame
  m_time -0.598000
  m_vertexTransformMat -0.043444 -0.305485 -0.951205 0.000000 -0.838522 0.528757 -0.131516 0.000000 0.543133 0.791893 -0.279127 0.000000 12.099920 17.133745 -6.795484 1.000000
aniFrame
  m_time -0.559000
  m_vertexTransformMat -0.111344 -0.241107 -0.964090 0.000000 -0.872196 0.488685 -0.021484 0.000000 0.476316 0.838483 -0.264705 0.000000 12.282173 17.192137 -6.637681 1.000000
aniFrame
  m_time -0.520000
  m_vertexTransformMat -0.176835 -0.181607 -0.967341 0.000000 -0.878571 0.472158 0.071965 0.000000 0.443669 0.862604 -0.243049 0.000000 13.012232 16.804834 -6.594255 1.000000
aniFrame
  m_time -0.481000
  m_vertexTransformMat -0.247926 -0.100734 -0.963528 0.000000 -0.845144 0.508667 0.164285 0.000000 0.473566 0.855050 -0.211246 0.000000 14.946592 15.251563 -6.782384 1.000000
aniFrame
  m_time -0.442000
  m_vertexTransformMat -0.306465 0.005868 -0.951864 0.000000 -0.773669 0.581027 0.252674 0.000000 0.554541 0.813863 -0.173525 0.000000 17.463066 12.477329 -7.172304 1.000000
aniFrame
  m_time -0.403000
  m_vertexTransformMat -0.328262 0.115361 -0.937516 0.000000 -0.685179 0.654122 0.320397 0.000000 0.650211 0.747540 -0.135681 0.000000 19.387150 9.141263 -7.432630 1.000000
aniFrame
  m_time -0.364000
  m_vertexTransformMat -0.312087 0.196107 -0.929594 0.000000 -0.610753 0.708073 0.354420 0.000000 0.727724 0.678362 -0.101207 0.000000 20.254601 6.226845 -7.281655 1.000000
aniFrame
  m_time -0.325000
  m_vertexTransformMat -0.275411 0.220341 -0.935734 0.000000 -0.580713 0.737579 0.344600 0.000000 0.766108 0.638299 -0.075182 0.000000 20.300804 4.749716 -6.678831 1.000000
aniFrame
  m_time -0.286000
  m_vertexTransformMat -0.229791 0.202253 -0.951993 0.000000 -0.585602 0.752549 0.301233 0.000000 0.777346 0.626709 -0.054489 0.000000 19.947996 4.357961 -5.734362 1.000000
aniFrame
  m_time -0.247000
  m_vertexTransformMat -0.176205 0.164348 -0.970537 0.000000 -0.602226 0.761913 0.238356 0.000000 0.778638 0.626481 -0.035278 0.000000 19.395100 4.326678 -4.648871 1.000000
aniFrame
  m_time -0.208000
  m_vertexTransformMat -0.117464 0.108810 -0.987098 0.000000 -0.623744 0.765370 0.158593 0.000000 0.772752 0.634325 -0.022034 0.000000 18.663233 4.620551 -3.634662 1.000000
aniFrame
  m_time -0.169000
  m_vertexTransformMat -0.055580 0.039574 -0.997670 0.000000 -0.644631 0.761629 0.066123 0.000000 0.762471 0.646804 -0.016821 0.000000 17.794861 5.181983 -2.873273 1.000000
aniFrame
  m_time -0.130000
  m_vertexTransformMat 0.007705 -0.038913 -0.999213 0.000000 -0.659592 0.750840 -0.034327 0.000000 0.751585 0.659338 -0.019881 0.000000 16.817492 5.922017 -2.500349 1.000000
aniFrame
  m_time -0.091000
  m_vertexTransformMat 0.068749 -0.122671 -0.990063 0.000000 -0.664079 0.734971 -0.137178 0.000000 0.744495 0.666912 -0.030935 0.000000 15.785385 6.749480 -2.550326 1.000000
aniFrame
  m_time -0.052000
  m_vertexTransformMat 0.124084 -0.207193 -0.970399 0.000000 -0.656503 0.716172 -0.236858 0.000000 0.744048 0.666460 -0.047157 0.000000 14.799469 7.593976 -2.948957 1.000000
aniFrame
  m_time -0.013000
  m_vertexTransformMat 0.169347 -0.286989 -0.942846 0.000000 -0.637156 0.697977 -0.326895 0.000000 0.751900 0.656099 -0.064657 0.000000 13.984417 8.376386 -3.559734 1.000000
aniFrame
  m_time 0.025000
  m_vertexTransformMat 0.206688 -0.374906 -0.903729 0.000000 -0.593216 0.686514 -0.420468 0.000000 0.778059 0.623012 -0.080506 0.000000 13.349470 9.182967 -4.411940 1.000000
aniFrame
  m_time 0.064000
  m_vertexTransformMat 0.234631 -0.489333 -0.839942 0.000000 -0.510569 0.673247 -0.534844 0.000000 0.827205 0.554339 -0.091874 0.000000 12.925296 10.200070 -5.739802 1.000000
aniFrame
  m_time 0.103000
  m_vertexTransformMat 0.244571 -0.605466 -0.757361 0.000000 -0.410723 0.642858 -0.646561 0.000000 0.878346 0.469195 -0.091455 0.000000 12.812716 11.258144 -7.270895 1.000000
aniFrame
  m_time 0.142000
  m_vertexTransformMat 0.237683 -0.695273 -0.678308 0.000000 -0.325231 0.601049 -0.730045 0.000000 0.915277 0.394126 -0.083265 0.000000 13.010409 12.192075 -8.547209 1.000000
aniFrame
  m_time 0.181000
  m_vertexTransformMat 0.224557 -0.738858 -0.635346 0.000000 -0.284497 0.573882 -0.767933 0.000000 0.932006 0.353199 -0.081334 0.000000 13.287926 12.933832 -9.164600 1.000000
aniFrame
  m_time 0.220000
  m_vertexTransformMat 0.214203 -0.730416 -0.648544 0.000000 -0.307210 0.579886 -0.754556 0.000000 0.927221 0.360867 -0.100178 0.000000 13.384093 13.556127 -9.053609 1.000000
aniFrame
  m_time 0.259000
  m_vertexTransformMat 0.201136 -0.693019 -0.692293 0.000000 -0.372936 0.599338 -0.708317 0.000000 0.905794 0.400649 -0.137903 0.000000 13.325052 14.179533 -8.667879 1.000000
aniFrame
  m_time 0.298000
  m_vertexTransformMat 0.180197 -0.636986 -0.749518 0.000000 -0.461879 0.617965 -0.636228 0.000000 0.868445 0.460834 -0.182855 0.000000 13.163230 14.842625 -8.212485 1.000000
aniFrame
  m_time 0.337000
  m_vertexTransformMat 0.147974 -0.566419 -0.810724 0.000000 -0.563151 0.625614 -0.539877 0.000000 0.812997 0.536448 -0.226404 0.000000 12.900191 15.515168 -7.793438 1.000000
aniFrame
  m_time 0.376000
  m_vertexTransformMat 0.103051 -0.487396 -0.867079 0.000000 -0.664022 0.615322 -0.424798 0.000000 0.740578 0.619535 -0.260233 0.000000 12.578280 16.147974 -7.442251 1.000000
aniFrame
  m_time 0.415000
  m_vertexTransformMat 0.046361 -0.406562 -0.912446 0.000000 -0.752711 0.586291 -0.299481 0.000000 0.656716 0.700693 -0.278842 0.000000 12.275646 16.679239 -7.125149 1.000000
aniFrame
  m_time 0.454000
  m_vertexTransformMat -0.019234 -0.330066 -0.943762 0.000000 -0.820643 0.544410 -0.173674 0.000000 0.571118 0.771151 -0.281337 0.000000 12.103817 17.048647 -6.863052 1.000000
aniFrame
  m_time 0.493000
  m_vertexTransformMat -0.088054 -0.261927 -0.961062 0.000000 -0.863293 0.501410 -0.057557 0.000000 0.496962 0.824610 -0.270271 0.000000 12.181195 17.193199 -6.674775 1.000000
aniFrame
  m_time 0.532000
  m_vertexTransformMat -0.153054 -0.203707 -0.966995 0.000000 -0.880664 0.472054 0.039947 0.000000 0.448336 0.857711 -0.251647 0.000000 12.619714 17.049835 -6.584361 1.000000
aniFrame
  m_time 0.571000
  m_vertexTransformMat -0.222415 -0.133214 -0.965808 0.000000 -0.862257 0.489212 0.131091 0.000000 0.455021 0.861932 -0.223673 0.000000 14.118349 15.972047 -6.680447 1.000000
aniFrame
  m_time 0.610000
  m_vertexTransformMat -0.289128 -0.033690 -0.956698 0.000000 -0.802326 0.553674 0.222977 0.000000 0.522187 0.832052 -0.187113 0.000000 16.584925 13.568069 -7.026896 1.000000
aniFrame
  m_time 0.649000
  m_vertexTransformMat -0.325351 0.078207 -0.942354 0.000000 -0.716619 0.629800 0.299683 0.000000 0.616931 0.772811 -0.148862 0.000000 18.821316 10.329356 -7.376025 1.000000
aniFrame
  m_time 0.688000
  m_vertexTransformMat -0.321112 0.173338 -0.931043 0.000000 -0.632933 0.692023 0.347133 0.000000 0.704474 0.700756 -0.112505 0.000000 20.064522 7.123349 -7.385674 1.000000
aniFrame
  m_time 0.727000
  m_vertexTransformMat -0.289461 0.217686 -0.932108 0.000000 -0.586345 0.729380 0.352427 0.000000 0.756579 0.648550 -0.083488 0.000000 20.344458 5.113449 -6.935850 1.000000
aniFrame
  m_time 0.766000
  m_vertexTransformMat -0.246875 0.210690 -0.945866 0.000000 -0.582436 0.747839 0.318598 0.000000 0.774481 0.629560 -0.061909 0.000000 20.093182 4.461465 -6.091455 1.000000
aniFrame
  m_time 0.805000
  m_vertexTransformMat -0.196049 0.179877 -0.963955 0.000000 -0.595202 0.759403 0.262759 0.000000 0.779294 0.625261 -0.041817 0.000000 19.613829 4.293034 -5.039456 1.000000
aniFrame
  m_time 0.844000
  m_vertexTransformMat -0.139084 0.130162 -0.981689 0.000000 -0.615726 0.765039 0.188671 0.000000 0.775589 0.630692 -0.026260 0.000000 18.941645 4.478906 -3.981035 1.000000
aniFrame
  m_time 0.883000
  m_vertexTransformMat -0.078363 0.065165 -0.994793 0.000000 -0.637441 0.763949 0.100257 0.000000 0.766504 0.641978 -0.018326 0.000000 18.118101 4.956030 -3.115870 1.000000
aniFrame
  m_time 0.922000
  m_vertexTransformMat -0.015343 -0.010790 -0.999824 0.000000 -0.655931 0.754819 0.001920 0.000000 0.754665 0.655845 -0.018659 0.000000 17.170586 5.664299 -2.597990 1.000000
aniFrame
  m_time 0.961000
  m_vertexTransformMat 0.047096 -0.093324 -0.994521 0.000000 -0.664015 0.740871 -0.100967 0.000000 0.746234 0.665132 -0.027077 0.000000 16.154512 6.462575 -2.502458 1.000000
aniFrame
  m_time 1.000000
  m_vertexTransformMat 0.105058 -0.178064 -0.978395 0.000000 -0.660762 0.722766 -0.202491 0.000000 0.743207 0.667760 -0.041726 0.000000 15.140126 7.308547 -2.786710 1.000000
aniFrame
  m_time 1.039000
  m_vertexTransformMat 0.154666 -0.260622 -0.952971 0.000000 -0.645009 0.704006 -0.297218 0.000000 0.748359 0.660645 -0.059218 0.000000 14.249465 8.124929 -3.343301 1.000000
aniFrame
  m_time 1.078000
  m_vertexTransformMat 0.194375 -0.341969 -0.919389 0.000000 -0.612624 0.689680 -0.386048 0.000000 0.766101 0.638278 -0.075441 0.000000 13.552793 8.889536 -4.073877 1.000000
aniFrame
  m_time 1.117000
  m_vertexTransformMat 0.226504 -0.447228 -0.865265 0.000000 -0.543275 0.679318 -0.493334 0.000000 0.808423 0.581820 -0.089099 0.000000 13.044550 9.827229 -5.227260 1.000000
aniFrame
  m_time 1.156000
  m_vertexTransformMat 0.243587 -0.566915 -0.786939 0.000000 -0.445124 0.655534 -0.610033 0.000000 0.861702 0.498881 -0.092668 0.000000 12.813009 10.896893 -6.740695 1.000000
aniFrame
  m_time 1.195000
  m_vertexTransformMat 0.242031 -0.668790 -0.702952 0.000000 -0.350032 0.615520 -0.706126 0.000000 0.904930 0.416960 -0.085123 0.000000 12.922317 11.882943 -8.149699 1.000000
aniFrame
  m_time 1.234000
  m_vertexTransformMat 0.229642 -0.730410 -0.643246 0.000000 -0.290224 0.579451 -0.761582 0.000000 0.928997 0.361577 -0.078917 0.000000 13.209795 12.695781 -9.032609 1.000000
aniFrame
  m_time 1.273000
  m_vertexTransformMat 0.218218 -0.738866 -0.637541 0.000000 -0.291348 0.574169 -0.765145 0.000000 0.931396 0.352715 -0.089973 0.000000 13.375019 13.345219 -9.154585 1.000000
aniFrame
  m_time 1.312000
  m_vertexTransformMat 0.206908 -0.708790 -0.674393 0.000000 -0.346379 0.591592 -0.728038 0.000000 0.914992 0.384232 -0.123105 0.000000 13.357135 13.958085 -8.819816 1.000000
aniFrame
  m_time 1.351000
  m_vertexTransformMat 0.188983 -0.658841 -0.728158 0.000000 -0.428407 0.611915 -0.664852 0.000000 0.883602 0.437593 -0.166611 0.000000 13.231461 14.607352 -8.375446 1.000000
aniFrame
  m_time 1.390000
  m_vertexTransformMat 0.160700 -0.592514 -0.789368 0.000000 -0.527169 0.624605 -0.576161 0.000000 0.834427 0.508719 -0.211981 0.000000 13.001799 15.285021 -7.935635 1.000000
aniFrame
  m_time 1.429000
  m_vertexTransformMat 0.120238 -0.515752 -0.848259 0.000000 -0.629643 0.620991 -0.466820 0.000000 0.767524 0.590229 -0.250073 0.000000 12.693383 15.940341 -7.566280 1.000000
aniFrame
  m_time 1.468000
  m_vertexTransformMat 0.067202 -0.434791 -0.898021 0.000000 -0.723746 0.598303 -0.343839 0.000000 0.686786 0.673045 -0.274471 0.000000 12.377752 16.511154 -7.237313 1.000000
aniFrame
  m_time 1.507000
  m_vertexTransformMat 0.004028 -0.356213 -0.934397 0.000000 -0.799643 0.559932 -0.216906 0.000000 0.600463 0.748057 -0.282587 0.000000 12.150741 16.942854 -6.955475 1.000000
aniFrame
  m_time 1.546000
  m_vertexTransformMat -0.064360 -0.284862 -0.956406 0.000000 -0.851298 0.515764 -0.096331 0.000000 0.520721 0.807986 -0.275697 0.000000 12.126387 17.173386 -6.737917 1.000000
aniFrame
  m_time 1.585000
  m_vertexTransformMat -0.130404 -0.224164 -0.965788 0.000000 -0.877826 0.478924 0.007367 0.000000 0.460887 0.848754 -0.259231 0.000000 12.390232 17.166353 -6.606869 1.000000
aniFrame
  m_time 1.624000
  m_vertexTransformMat -0.197533 -0.160868 -0.967007 0.000000 -0.873246 0.477115 0.099009 0.000000 0.445446 0.863992 -0.234723 0.000000 13.457141 16.490742 -6.620757 1.000000
aniFrame
  m_time 1.663000
  m_vertexTransformMat -0.268317 -0.070677 -0.960735 0.000000 -0.826911 0.528519 0.192062 0.000000 0.494191 0.845975 -0.200254 0.000000 15.703492 14.523067 -6.891049 1.000000
aniFrame
  m_time 1.702000
  m_vertexTransformMat -0.317336 0.039142 -0.947505 0.000000 -0.748084 0.603720 0.275486 0.000000 0.582810 0.796235 -0.162301 0.000000 18.133041 11.514288 -7.281283 1.000000
aniFrame
  m_time 1.741000
  m_vertexTransformMat -0.326888 0.143555 -0.934097 0.000000 -0.660237 0.672504 0.334404 0.000000 0.676189 0.726037 -0.125053 0.000000 19.754646 8.188904 -7.438815 1.000000
aniFrame
  m_time 1.780000
  m_vertexTransformMat -0.302437 0.208975 -0.929979 0.000000 -0.597177 0.718903 0.355751 0.000000 0.742908 0.662954 -0.092628 0.000000 20.330925 5.637431 -7.146467 1.000000
aniFrame
  m_time 1.819000
  m_vertexTransformMat -0.262897 0.216969 -0.940112 0.000000 -0.579738 0.743346 0.333678 0.000000 0.771226 0.632742 -0.069638 0.000000 20.219923 4.586908 -6.428143 1.000000
aniFrame
  m_time 1.858000
  m_vertexTransformMat -0.215901 0.190689 -0.957614 0.000000 -0.584926 0.760031 0.283221 0.000000 0.781823 0.621281 -0.052553 0.000000 19.819681 4.331944 -5.464385 1.000000
aniFrame
  m_time 1.897000
  m_vertexTransformMat -0.162770 0.144132 -0.976080 0.000000 -0.597424 0.772913 0.213757 0.000000 0.785233 0.617926 -0.039699 0.000000 19.246017 4.463825 -4.452270 1.000000
aniFrame
  m_time 1.936000
  m_vertexTransformMat -0.105407 0.080845 -0.991138 0.000000 -0.612993 0.779523 0.128775 0.000000 0.783025 0.621135 -0.032610 0.000000 18.527472 4.927498 -3.566956 1.000000
aniFrame
  m_time 1.975000
  m_vertexTransformMat -0.045258 0.005491 -0.998960 0.000000 -0.627781 0.777703 0.032717 0.000000 0.777074 0.628609 -0.031750 0.000000 17.694178 5.632122 -2.960361 1.000000
aniFrame
  m_time 2.014000
  m_vertexTransformMat 0.015879 -0.076662 -0.996931 0.000000 -0.638334 0.766650 -0.069121 0.000000 0.769596 0.637473 -0.036763 0.000000 16.739033 6.463894 -2.741760 1.000000
aniFrame
  m_time 2.053000
  m_vertexTransformMat 0.075893 -0.160365 -0.984136 0.000000 -0.641451 0.747791 -0.171319 0.000000 0.763401 0.644277 -0.046114 0.000000 15.709906 7.293291 -2.881429 1.000000
aniFrame
  m_time 2.092000
  m_vertexTransformMat 0.131729 -0.240282 -0.961724 0.000000 -0.637516 0.722394 -0.267808 0.000000 0.759092 0.648392 -0.058024 0.000000 14.690281 8.040776 -3.279974 1.000000
aniFrame
  m_time 2.131000
  m_vertexTransformMat 0.180818 -0.311267 -0.932962 0.000000 -0.626578 0.694719 -0.353220 0.000000 0.758093 0.648442 -0.069415 0.000000 13.786134 8.604961 -3.781137 1.000000
aniFrame
  m_time 2.133000
  m_vertexTransformMat 0.183075 -0.315343 -0.931151 0.000000 -0.625933 0.692981 -0.357751 0.000000 0.758084 0.648333 -0.070516 0.000000 13.744205 8.643237 -3.816716 1.000000
