m_aniFrameList.size 202
aniFrame
  m_time -1.066000
  m_vertexTransformMat -0.812666 -0.179746 0.554315 0.000000 -0.446309 0.803602 -0.393740 0.000000 -0.374676 -0.567375 -0.733283 0.000000 26.782902 -7.156285 -47.351429 1.000000
aniFrame
  m_time -1.050000
  m_vertexTransformMat -0.829589 -0.133063 0.542289 0.000000 -0.412901 0.799986 -0.435357 0.000000 -0.375893 -0.585079 -0.718602 0.000000 27.083294 -8.831683 -46.833675 1.000000
aniFrame
  m_time -1.034000
  m_vertexTransformMat -0.845714 -0.084889 0.526841 0.000000 -0.377520 0.792941 -0.478250 0.000000 -0.377156 -0.603356 -0.702649 0.000000 27.360579 -10.561934 -46.195313 1.000000
aniFrame
  m_time -1.018000
  m_vertexTransformMat -0.862092 -0.031400 0.505779 0.000000 -0.336638 0.781510 -0.525277 0.000000 -0.378778 -0.623102 -0.684304 0.000000 27.628540 -12.501245 -45.357979 1.000000
aniFrame
  m_time -1.002000
  m_vertexTransformMat -0.876879 0.023597 0.480131 0.000000 -0.293137 0.765353 -0.572980 0.000000 -0.380990 -0.643178 -0.664205 0.000000 27.839081 -14.497573 -44.355591 1.000000
aniFrame
  m_time -0.986000
  m_vertexTransformMat -0.889041 0.077072 0.451293 0.000000 -0.249487 0.744952 -0.618710 0.000000 -0.383877 -0.662651 -0.643065 0.000000 27.975647 -16.435946 -43.228722 1.000000
aniFrame
  m_time -0.970000
  m_vertexTransformMat -0.898444 0.128004 0.420017 0.000000 -0.206518 0.720969 -0.661479 0.000000 -0.387491 -0.681043 -0.621315 0.000000 28.033844 -18.273912 -42.005798 1.000000
aniFrame
  m_time -0.954000
  m_vertexTransformMat -0.904725 0.173364 0.389125 0.000000 -0.167414 0.695256 -0.698994 0.000000 -0.391722 -0.697541 -0.599992 0.000000 28.023916 -19.894281 -40.771931 1.000000
aniFrame
  m_time -0.938000
  m_vertexTransformMat -0.908579 0.213254 0.359177 0.000000 -0.132071 0.669095 -0.731349 0.000000 -0.396286 -0.711925 -0.579760 0.000000 27.969547 -21.298254 -39.555920 1.000000
aniFrame
  m_time -0.922000
  m_vertexTransformMat -0.909945 0.244638 0.334893 0.000000 -0.104894 0.645485 -0.756536 0.000000 -0.401246 -0.723535 -0.561695 0.000000 27.856197 -22.364187 -38.520531 1.000000
aniFrame
  m_time -0.906000
  m_vertexTransformMat -0.910147 0.268732 0.315303 0.000000 -0.083989 0.625583 -0.775624 0.000000 -0.405683 -0.732413 -0.546803 0.000000 27.754133 -23.136942 -37.644356 1.000000
aniFrame
  m_time -0.890000
  m_vertexTransformMat -0.908996 0.282799 0.306190 0.000000 -0.073824 0.613759 -0.786035 0.000000 -0.410216 -0.737106 -0.537027 0.000000 27.612921 -23.486452 -37.167942 1.000000
aniFrame
  m_time -0.874000
  m_vertexTransformMat -0.907343 0.286745 0.307421 0.000000 -0.074859 0.609379 -0.789338 0.000000 -0.413674 -0.739213 -0.531450 0.000000 27.483778 -23.439341 -37.063183 1.000000
aniFrame
  m_time -0.858000
  m_vertexTransformMat -0.905364 0.282828 0.316742 0.000000 -0.083596 0.612604 -0.785958 0.000000 -0.416328 -0.738056 -0.530986 0.000000 27.373892 -23.049896 -37.288918 1.000000
aniFrame
  m_time -0.842000
  m_vertexTransformMat -0.901972 0.269694 0.337212 0.000000 -0.104241 0.621853 -0.776165 0.000000 -0.419023 -0.735230 -0.532781 0.000000 27.200880 -22.306044 -37.895035 1.000000
aniFrame
  m_time -0.826000
  m_vertexTransformMat -0.898115 0.252043 0.360367 0.000000 -0.129142 0.632167 -0.763994 0.000000 -0.420372 -0.732693 -0.535209 0.000000 27.048239 -21.418701 -38.590069 1.000000
aniFrame
  m_time -0.810000
  m_vertexTransformMat -0.892195 0.229070 0.389249 0.000000 -0.160221 0.645261 -0.746973 0.000000 -0.422276 -0.728811 -0.538997 0.000000 26.801622 -20.305958 -39.494442 1.000000
aniFrame
  m_time -0.794000
  m_vertexTransformMat -0.884276 0.201847 0.421087 0.000000 -0.195768 0.658436 -0.726730 0.000000 -0.423947 -0.725065 -0.542724 0.000000 26.487673 -19.055717 -40.496628 1.000000
aniFrame
  m_time -0.778000
  m_vertexTransformMat -0.874006 0.169649 0.455338 0.000000 -0.235311 0.672095 -0.702080 0.000000 -0.425138 -0.720769 -0.547495 0.000000 26.103935 -17.617830 -41.600487 1.000000
aniFrame
  m_time -0.762000
  m_vertexTransformMat -0.860443 0.133488 0.491751 0.000000 -0.278419 0.685103 -0.673139 0.000000 -0.426756 -0.716111 -0.552327 0.000000 25.587536 -16.040205 -42.790844 1.000000
aniFrame
  m_time -0.746000
  m_vertexTransformMat -0.843871 0.093527 0.528332 0.000000 -0.323824 0.696351 -0.640495 0.000000 -0.427808 -0.711581 -0.557344 0.000000 24.980227 -14.336877 -44.008316 1.000000
aniFrame
  m_time -0.730000
  m_vertexTransformMat -0.823868 0.050486 0.564529 0.000000 -0.370567 0.705671 -0.603911 0.000000 -0.428860 -0.706739 -0.562671 0.000000 24.251499 -12.531296 -45.235455 1.000000
aniFrame
  m_time -0.714000
  m_vertexTransformMat -0.800131 0.005030 0.599805 0.000000 -0.418290 0.712025 -0.563963 0.000000 -0.429912 -0.702137 -0.567609 0.000000 23.394217 -10.650990 -46.448757 1.000000
aniFrame
  m_time -0.698000
  m_vertexTransformMat -0.773028 -0.042295 0.632961 0.000000 -0.465512 0.715659 -0.520703 0.000000 -0.430961 -0.697169 -0.572913 0.000000 22.423317 -8.714120 -47.609798 1.000000
aniFrame
  m_time -0.682000
  m_vertexTransformMat -0.742495 -0.090412 0.663722 0.000000 -0.511782 0.715852 -0.475010 0.000000 -0.432180 -0.692373 -0.577788 0.000000 21.335365 -6.761126 -48.694908 1.000000
aniFrame
  m_time -0.666000
  m_vertexTransformMat -0.708957 -0.138729 0.691473 0.000000 -0.556105 0.712959 -0.427126 0.000000 -0.433738 -0.687345 -0.582605 0.000000 20.146301 -4.811235 -49.689850 1.000000
aniFrame
  m_time -0.650000
  m_vertexTransformMat -0.673310 -0.186448 0.715465 0.000000 -0.597494 0.707191 -0.377997 0.000000 -0.435494 -0.681995 -0.587561 0.000000 18.884138 -2.892470 -50.569042 1.000000
aniFrame
  m_time -0.634000
  m_vertexTransformMat -0.635400 -0.232382 0.736387 0.000000 -0.635811 0.698613 -0.328154 0.000000 -0.438192 -0.676712 -0.591650 0.000000 17.543268 -1.046166 -51.346363 1.000000
aniFrame
  m_time -0.618000
  m_vertexTransformMat -0.596742 -0.276521 0.753283 0.000000 -0.669966 0.688355 -0.278053 0.000000 -0.441638 -0.670600 -0.596030 0.000000 16.172691 0.729729 -52.000698 1.000000
aniFrame
  m_time -0.602000
  m_vertexTransformMat -0.558197 -0.317404 0.766598 0.000000 -0.699699 0.676631 -0.229331 0.000000 -0.445913 -0.664399 -0.599780 0.000000 14.802022 2.384237 -52.536266 1.000000
aniFrame
  m_time -0.586000
  m_vertexTransformMat -0.520097 -0.355176 0.776756 0.000000 -0.724731 0.664753 -0.181299 0.000000 -0.451958 -0.657232 -0.603143 0.000000 13.436882 3.924575 -52.970795 1.000000
aniFrame
  m_time -0.570000
  m_vertexTransformMat -0.484648 -0.389156 0.783373 0.000000 -0.744677 0.653398 -0.136119 0.000000 -0.458883 -0.649330 -0.606463 0.000000 12.154753 5.328565 -53.292873 1.000000
aniFrame
  m_time -0.554000
  m_vertexTransformMat -0.452023 -0.418411 0.787786 0.000000 -0.759853 0.643208 -0.094372 0.000000 -0.467224 -0.641260 -0.608676 0.000000 10.960848 6.557835 -53.529488 1.000000
aniFrame
  m_time -0.538000
  m_vertexTransformMat -0.423313 -0.444133 0.789653 0.000000 -0.769755 0.635970 -0.054950 0.000000 -0.477790 -0.631101 -0.611088 0.000000 9.883909 7.668085 -53.693512 1.000000
aniFrame
  m_time -0.522000
  m_vertexTransformMat -0.400489 -0.465119 0.789477 0.000000 -0.771068 0.636548 -0.016129 0.000000 -0.495038 -0.615200 -0.613569 0.000000 8.954490 8.656697 -53.834064 1.000000
aniFrame
  m_time -0.506000
  m_vertexTransformMat -0.383825 -0.482603 0.787257 0.000000 -0.764203 0.644582 0.022556 0.000000 -0.518337 -0.592966 -0.616213 0.000000 8.187314 9.570000 -53.948586 1.000000
aniFrame
  m_time -0.490000
  m_vertexTransformMat -0.373971 -0.497160 0.782929 0.000000 -0.747830 0.660943 0.062493 0.000000 -0.548540 -0.562127 -0.618964 0.000000 7.590813 10.454332 -54.046940 1.000000
aniFrame
  m_time -0.474000
  m_vertexTransformMat -0.371369 -0.508781 0.776677 0.000000 -0.721411 0.684715 0.103596 0.000000 -0.584510 -0.521831 -0.621322 0.000000 7.191282 11.318923 -54.124630 1.000000
aniFrame
  m_time -0.458000
  m_vertexTransformMat -0.375070 -0.517654 0.768998 0.000000 -0.688608 0.710951 0.142718 0.000000 -0.620598 -0.476009 -0.623117 0.000000 6.995800 12.135468 -54.154118 1.000000
aniFrame
  m_time -0.442000
  m_vertexTransformMat -0.385282 -0.523662 0.759826 0.000000 -0.648920 0.739166 0.180378 0.000000 -0.656095 -0.423570 -0.624602 0.000000 7.020041 12.910528 -54.136749 1.000000
aniFrame
  m_time -0.426000
  m_vertexTransformMat -0.400280 -0.526585 0.749990 0.000000 -0.606613 0.765694 0.213853 0.000000 -0.686875 -0.369352 -0.625925 0.000000 7.230616 13.588385 -54.059441 1.000000
aniFrame
  m_time -0.410000
  m_vertexTransformMat -0.419987 -0.526507 0.739190 0.000000 -0.562020 0.790417 0.243670 0.000000 -0.712562 -0.313102 -0.627872 0.000000 7.626429 14.172830 -53.920116 1.000000
aniFrame
  m_time -0.394000
  m_vertexTransformMat -0.441812 -0.523413 0.728589 0.000000 -0.519880 0.811259 0.267551 0.000000 -0.731114 -0.260572 -0.630536 0.000000 8.160564 14.599829 -53.743694 1.000000
aniFrame
  m_time -0.378000
  m_vertexTransformMat -0.465432 -0.517759 0.717843 0.000000 -0.481064 0.828772 0.285859 0.000000 -0.742934 -0.212281 -0.634812 0.000000 8.814170 14.876558 -53.525879 1.000000
aniFrame
  m_time -0.362000
  m_vertexTransformMat -0.487890 -0.510184 0.708291 0.000000 -0.450215 0.842239 0.296547 0.000000 -0.747844 -0.174201 -0.640613 0.000000 9.525763 14.954976 -53.319187 1.000000
aniFrame
  m_time -0.346000
  m_vertexTransformMat -0.508098 -0.501522 0.700223 0.000000 -0.429508 0.852223 0.298729 0.000000 -0.746565 -0.148967 -0.648421 0.000000 10.260194 14.832895 -53.139400 1.000000
aniFrame
  m_time -0.330000
  m_vertexTransformMat -0.526386 -0.492394 0.693157 0.000000 -0.416946 0.859978 0.294268 0.000000 -0.740995 -0.134111 -0.657982 0.000000 11.005218 14.549776 -52.975811 1.000000
aniFrame
  m_time -0.314000
  m_vertexTransformMat -0.542259 -0.483320 0.687283 0.000000 -0.413257 0.865627 0.282682 0.000000 -0.731556 -0.130738 -0.669129 0.000000 11.745721 14.109132 -52.830849 1.000000
aniFrame
  m_time -0.298000
  m_vertexTransformMat -0.557323 -0.474030 0.681680 0.000000 -0.414002 0.870320 0.266731 0.000000 -0.719718 -0.133562 -0.681298 0.000000 12.506612 13.556637 -52.682484 1.000000
aniFrame
  m_time -0.282000
  m_vertexTransformMat -0.572753 -0.464376 0.675507 0.000000 -0.416838 0.874557 0.247782 0.000000 -0.705833 -0.139659 -0.694475 0.000000 13.325839 12.916336 -52.508736 1.000000
aniFrame
  m_time -0.266000
  m_vertexTransformMat -0.587761 -0.454279 0.669454 0.000000 -0.421760 0.878186 0.225627 0.000000 -0.690403 -0.149734 -0.707760 0.000000 14.157352 12.183261 -52.325394 1.000000
aniFrame
  m_time -0.250000
  m_vertexTransformMat -0.602790 -0.443844 0.663059 0.000000 -0.428653 0.881039 0.200067 0.000000 -0.672979 -0.163624 -0.721337 0.000000 15.027456 11.367008 -52.122643 1.000000
aniFrame
  m_time -0.234000
  m_vertexTransformMat -0.617274 -0.432865 0.656963 0.000000 -0.436617 0.883123 0.171639 0.000000 -0.654476 -0.180893 -0.734125 0.000000 15.891491 10.468723 -51.913361 1.000000
aniFrame
  m_time -0.218000
  m_vertexTransformMat -0.631718 -0.420947 0.650950 0.000000 -0.444797 0.884565 0.140363 0.000000 -0.634893 -0.200871 -0.746031 0.000000 16.767179 9.488072 -51.694862 1.000000
aniFrame
  m_time -0.202000
  m_vertexTransformMat -0.645880 -0.409104 0.644572 0.000000 -0.454150 0.884555 0.106348 0.000000 -0.613667 -0.224045 -0.757111 0.000000 17.663107 8.458770 -51.455322 1.000000
aniFrame
  m_time -0.186000
  m_vertexTransformMat -0.659292 -0.396065 0.639114 0.000000 -0.462455 0.883823 0.070658 0.000000 -0.592849 -0.248977 -0.765859 0.000000 18.508263 7.358928 -51.229282 1.000000
aniFrame
  m_time -0.170000
  m_vertexTransformMat -0.673529 -0.382455 0.632525 0.000000 -0.470599 0.881765 0.032052 0.000000 -0.569996 -0.276078 -0.773877 0.000000 19.422522 6.208353 -50.964603 1.000000
aniFrame
  m_time -0.154000
  m_vertexTransformMat -0.686132 -0.369526 0.626637 0.000000 -0.479129 0.877716 -0.007033 0.000000 -0.547410 -0.305065 -0.779280 0.000000 20.257414 5.062398 -50.717468 1.000000
aniFrame
  m_time -0.138000
  m_vertexTransformMat -0.700039 -0.353485 0.620479 0.000000 -0.484054 0.873700 -0.048376 0.000000 -0.525012 -0.334211 -0.782730 0.000000 21.112705 3.809025 -50.452923 1.000000
aniFrame
  m_time -0.122000
  m_vertexTransformMat -0.713871 -0.337616 0.613518 0.000000 -0.487975 0.868203 -0.090024 0.000000 -0.502264 -0.363647 -0.784533 0.000000 21.962963 2.566189 -50.163223 1.000000
aniFrame
  m_time -0.106000
  m_vertexTransformMat -0.726761 -0.320344 0.607616 0.000000 -0.490230 0.861517 -0.132153 0.000000 -0.481137 -0.393915 -0.783159 0.000000 22.717537 1.282957 -49.888725 1.000000
aniFrame
  m_time -0.090000
  m_vertexTransformMat -0.740541 -0.302332 0.600162 0.000000 -0.489992 0.854116 -0.174340 0.000000 -0.459899 -0.423180 -0.780649 0.000000 23.490196 0.002204 -49.560303 1.000000
aniFrame
  m_time -0.074000
  m_vertexTransformMat -0.753182 -0.283252 0.593705 0.000000 -0.488117 0.845689 -0.215760 0.000000 -0.440976 -0.452304 -0.775218 0.000000 24.168457 -1.290097 -49.246960 1.000000
aniFrame
  m_time -0.058000
  m_vertexTransformMat -0.766764 -0.262925 0.585615 0.000000 -0.483282 0.836882 -0.257038 0.000000 -0.422509 -0.480105 -0.768757 0.000000 24.847406 -2.580934 -48.868557 1.000000
aniFrame
  m_time -0.042000
  m_vertexTransformMat -0.779423 -0.241901 0.577914 0.000000 -0.476592 0.827679 -0.296325 0.000000 -0.406646 -0.506391 -0.760400 0.000000 25.444405 -3.851741 -48.496597 1.000000
aniFrame
  m_time -0.026000
  m_vertexTransformMat -0.791933 -0.219588 0.569758 0.000000 -0.467491 0.818306 -0.334407 0.000000 -0.392805 -0.531185 -0.750699 0.000000 25.989847 -5.108470 -48.089317 1.000000
aniFrame
  m_time -0.010000
  m_vertexTransformMat -0.803917 -0.197686 0.560926 0.000000 -0.456677 0.809378 -0.369260 0.000000 -0.381003 -0.553016 -0.740952 0.000000 26.476028 -6.287051 -47.666328 1.000000
aniFrame
  m_time 0.005000
  m_vertexTransformMat -0.817431 -0.169363 0.550566 0.000000 -0.439815 0.800734 -0.406679 0.000000 -0.371981 -0.574579 -0.729034 0.000000 26.933853 -7.628914 -47.176514 1.000000
aniFrame
  m_time 0.021000
  m_vertexTransformMat -0.832456 -0.134864 0.537428 0.000000 -0.416305 0.792314 -0.446015 0.000000 -0.365661 -0.595022 -0.715711 0.000000 27.359182 -9.116235 -46.598778 1.000000
aniFrame
  m_time 0.037000
  m_vertexTransformMat -0.848426 -0.092710 0.521133 0.000000 -0.385783 0.782413 -0.488878 0.000000 -0.362417 -0.615820 -0.699585 0.000000 27.732933 -10.814763 -45.900185 1.000000
aniFrame
  m_time 0.053000
  m_vertexTransformMat -0.865334 -0.041900 0.499441 0.000000 -0.346637 0.769765 -0.536008 0.000000 -0.361993 -0.636950 -0.680629 0.000000 28.055588 -12.754196 -45.018612 1.000000
aniFrame
  m_time 0.069000
  m_vertexTransformMat -0.880213 0.011642 0.474436 0.000000 -0.304125 0.753614 -0.582730 0.000000 -0.364325 -0.657215 -0.659800 0.000000 28.263880 -14.730230 -44.014317 1.000000
aniFrame
  m_time 0.085000
  m_vertexTransformMat -0.892932 0.066856 0.445202 0.000000 -0.258430 0.733625 -0.628497 0.000000 -0.368630 -0.676258 -0.637799 0.000000 28.380709 -16.707756 -42.862507 1.000000
aniFrame
  m_time 0.101000
  m_vertexTransformMat -0.902011 0.119417 0.414869 0.000000 -0.214076 0.710787 -0.670041 0.000000 -0.374898 -0.693197 -0.615573 0.000000 28.370171 -18.535419 -41.666035 1.000000
aniFrame
  m_time 0.117000
  m_vertexTransformMat -0.908186 0.168379 0.383208 0.000000 -0.171311 0.685804 -0.707338 0.000000 -0.381906 -0.708041 -0.593992 0.000000 28.306883 -20.190325 -40.407833 1.000000
aniFrame
  m_time 0.133000
  m_vertexTransformMat -0.910995 0.210612 0.354586 0.000000 -0.134400 0.661232 -0.738045 0.000000 -0.389904 -0.720011 -0.574072 0.000000 28.147404 -21.557354 -39.253098 1.000000
aniFrame
  m_time 0.149000
  m_vertexTransformMat -0.911365 0.244496 0.331112 0.000000 -0.105587 0.638658 -0.762212 0.000000 -0.397825 -0.729615 -0.556236 0.000000 27.948429 -22.597525 -38.256348 1.000000
aniFrame
  m_time 0.165000
  m_vertexTransformMat -0.910722 0.270159 0.312409 0.000000 -0.083118 0.621043 -0.779357 0.000000 -0.404570 -0.735744 -0.543143 0.000000 27.782925 -23.301575 -37.449108 1.000000
aniFrame
  m_time 0.181000
  m_vertexTransformMat -0.908671 0.283480 0.306525 0.000000 -0.074787 0.611780 -0.787485 0.000000 -0.410762 -0.738488 -0.534706 0.000000 27.578209 -23.533894 -37.107357 1.000000
aniFrame
  m_time 0.197000
  m_vertexTransformMat -0.906793 0.286149 0.309590 0.000000 -0.077007 0.609578 -0.788978 0.000000 -0.414484 -0.739280 -0.530725 0.000000 27.445780 -23.374266 -37.092789 1.000000
aniFrame
  m_time 0.213000
  m_vertexTransformMat -0.904423 0.279695 0.322164 0.000000 -0.088726 0.615306 -0.783280 0.000000 -0.417309 -0.737001 -0.531680 0.000000 27.322115 -22.851330 -37.446156 1.000000
aniFrame
  m_time 0.229000
  m_vertexTransformMat -0.900731 0.264184 0.344804 0.000000 -0.112297 0.625182 -0.772358 0.000000 -0.419610 -0.734407 -0.533454 0.000000 27.147097 -22.025377 -38.119816 1.000000
aniFrame
  m_time 0.245000
  m_vertexTransformMat -0.896418 0.244997 0.369338 0.000000 -0.138761 0.636293 -0.758865 0.000000 -0.420927 -0.731510 -0.536389 0.000000 26.979294 -21.070307 -38.869179 1.000000
aniFrame
  m_time 0.261000
  m_vertexTransformMat -0.889668 0.220413 0.399886 0.000000 -0.171843 0.649762 -0.740460 0.000000 -0.423038 -0.727481 -0.540196 0.000000 26.695038 -19.900269 -39.828251 1.000000
aniFrame
  m_time 0.277000
  m_vertexTransformMat -0.881210 0.191677 0.432123 0.000000 -0.208431 0.662916 -0.719096 0.000000 -0.424295 -0.723742 -0.544217 0.000000 26.374073 -18.598867 -40.849476 1.000000
aniFrame
  m_time 0.293000
  m_vertexTransformMat -0.869837 0.157941 0.467374 0.000000 -0.249397 0.676622 -0.692809 0.000000 -0.425658 -0.719192 -0.549161 0.000000 25.945278 -17.101954 -41.992779 1.000000
aniFrame
  m_time 0.309000
  m_vertexTransformMat -0.855260 0.120605 0.503970 0.000000 -0.293340 0.689040 -0.662704 0.000000 -0.427180 -0.714618 -0.553930 0.000000 25.394966 -15.487722 -43.194347 1.000000
aniFrame
  m_time 0.325000
  m_vertexTransformMat -0.837625 0.079442 0.540439 0.000000 -0.339295 0.699703 -0.628725 0.000000 -0.428094 -0.710003 -0.559134 0.000000 24.754141 -13.742887 -44.417107 1.000000
aniFrame
  m_time 0.341000
  m_vertexTransformMat -0.816350 0.035605 0.576459 0.000000 -0.386413 0.708136 -0.590955 0.000000 -0.429253 -0.705178 -0.564329 0.000000 23.977831 -11.913222 -45.643223 1.000000
aniFrame
  m_time 0.357000
  m_vertexTransformMat -0.791456 -0.010594 0.611135 0.000000 -0.434172 0.713510 -0.549909 0.000000 -0.430225 -0.700566 -0.569311 0.000000 23.083845 -10.009407 -46.843575 1.000000
aniFrame
  m_time 0.373000
  m_vertexTransformMat -0.763241 -0.058282 0.643481 0.000000 -0.481030 0.716162 -0.505691 0.000000 -0.431363 -0.695497 -0.574640 0.000000 22.073038 -8.063770 -47.980114 1.000000
aniFrame
  m_time 0.389000
  m_vertexTransformMat -0.731595 -0.106518 0.673367 0.000000 -0.526871 0.715156 -0.459303 0.000000 -0.432639 -0.690801 -0.579326 0.000000 20.949078 -6.110031 -49.038017 1.000000
aniFrame
  m_time 0.405000
  m_vertexTransformMat -0.697315 -0.154780 0.699854 0.000000 -0.570192 0.711435 -0.410782 0.000000 -0.434320 -0.685495 -0.584348 0.000000 19.733257 -4.165475 -49.995667 1.000000
aniFrame
  m_time 0.421000
  m_vertexTransformMat -0.660911 -0.201979 0.722773 0.000000 -0.610662 0.704561 -0.361506 0.000000 -0.436221 -0.680294 -0.588993 0.000000 18.446011 -2.268310 -50.838959 1.000000
aniFrame
  m_time 0.437000
  m_vertexTransformMat -0.622457 -0.247314 0.742552 0.000000 -0.647680 0.695409 -0.311316 0.000000 -0.439384 -0.674717 -0.593042 0.000000 17.084261 -0.445859 -51.580730 1.000000
aniFrame
  m_time 0.453000
  m_vertexTransformMat -0.583916 -0.290585 0.758026 0.000000 -0.680381 0.684544 -0.261689 0.000000 -0.442859 -0.668551 -0.597424 0.000000 15.717545 1.297364 -52.190060 1.000000
aniFrame
  m_time 0.469000
  m_vertexTransformMat -0.545293 -0.330228 0.770458 0.000000 -0.708570 0.672669 -0.213178 0.000000 -0.447866 -0.662168 -0.600791 0.000000 14.340573 2.906079 -52.694820 1.000000
aniFrame
  m_time 0.485000
  m_vertexTransformMat -0.507947 -0.367063 0.779266 0.000000 -0.731970 0.660848 -0.165835 0.000000 -0.454104 -0.654634 -0.604354 0.000000 12.999345 4.412687 -53.088867 1.000000
aniFrame
  m_time 0.501000
  m_vertexTransformMat -0.473473 -0.399269 0.785117 0.000000 -0.750129 0.649972 -0.121832 0.000000 -0.461660 -0.646623 -0.607247 0.000000 11.746168 5.752935 -53.382328 1.000000
aniFrame
  m_time 0.517000
  m_vertexTransformMat -0.441903 -0.427449 0.788676 0.000000 -0.763938 0.640176 -0.081078 0.000000 -0.470235 -0.638328 -0.609440 0.000000 10.587257 6.941236 -53.589455 1.000000
aniFrame
  m_time 0.533000
  m_vertexTransformMat -0.415018 -0.451631 0.789803 0.000000 -0.771152 0.635267 -0.041955 0.000000 -0.482788 -0.626471 -0.611924 0.000000 9.556359 8.010169 -53.742577 1.000000
aniFrame
  m_time 0.549000
  m_vertexTransformMat -0.394230 -0.471283 0.788971 0.000000 -0.769715 0.638380 -0.003278 0.000000 -0.502118 -0.608575 -0.614422 0.000000 8.680610 8.966709 -53.874897 1.000000
aniFrame
  m_time 0.565000
  m_vertexTransformMat -0.379724 -0.487782 0.786052 0.000000 -0.759950 0.649005 0.035623 0.000000 -0.527528 -0.583834 -0.617133 0.000000 7.968275 9.866080 -53.982292 1.000000
aniFrame
  m_time 0.581000
  m_vertexTransformMat -0.372345 -0.501355 0.781026 0.000000 -0.739955 0.668322 0.076244 0.000000 -0.560202 -0.549535 -0.619827 0.000000 7.435138 10.746413 -54.076801 1.000000
aniFrame
  m_time 0.597000
  m_vertexTransformMat -0.371908 -0.512031 0.774280 0.000000 -0.711129 0.693277 0.116889 0.000000 -0.596641 -0.507140 -0.621955 0.000000 7.102752 11.596222 -54.140205 1.000000
aniFrame
  m_time 0.613000
  m_vertexTransformMat -0.377820 -0.519998 0.766064 0.000000 -0.675985 0.720312 0.155548 0.000000 -0.632690 -0.459079 -0.623659 0.000000 6.980472 12.401007 -54.154095 1.000000
aniFrame
  m_time 0.629000
  m_vertexTransformMat -0.389808 -0.524970 0.756609 0.000000 -0.634939 0.748302 0.192084 0.000000 -0.667010 -0.405525 -0.625018 0.000000 7.071128 13.148719 -54.118313 1.000000
aniFrame
  m_time 0.645000
  m_vertexTransformMat -0.406417 -0.526905 0.746456 0.000000 -0.591849 0.774222 0.224265 0.000000 -0.696089 -0.350643 -0.626506 0.000000 7.343165 13.796075 -54.018814 1.000000
aniFrame
  m_time 0.661000
  m_vertexTransformMat -0.427151 -0.525790 0.735587 0.000000 -0.547456 0.797863 0.252401 0.000000 -0.719607 -0.294888 -0.628655 0.000000 7.792038 14.335187 -53.864498 1.000000
aniFrame
  m_time 0.677000
  m_vertexTransformMat -0.449565 -0.521794 0.724998 0.000000 -0.506454 0.817474 0.274303 0.000000 -0.735796 -0.243861 -0.631773 0.000000 8.366813 14.709883 -53.674236 1.000000
aniFrame
  m_time 0.693000
  m_vertexTransformMat -0.473233 -0.515398 0.714434 0.000000 -0.469591 0.833750 0.290422 0.000000 -0.745342 -0.198054 -0.636585 0.000000 9.048992 14.927620 -53.452400 1.000000
aniFrame
  m_time 0.709000
  m_vertexTransformMat -0.494832 -0.507384 0.705480 0.000000 -0.442292 0.845872 0.298126 0.000000 -0.748010 -0.164506 -0.642977 0.000000 9.768183 14.934126 -53.257355 1.000000
aniFrame
  m_time 0.725000
  m_vertexTransformMat -0.514415 -0.498505 0.697760 0.000000 -0.424498 0.855018 0.297900 0.000000 -0.745103 -0.142954 -0.651450 0.000000 10.508256 14.755041 -53.083103 1.000000
aniFrame
  m_time 0.741000
  m_vertexTransformMat -0.531919 -0.489357 0.691081 0.000000 -0.414782 0.862072 0.291182 0.000000 -0.738253 -0.131762 -0.661529 0.000000 11.252206 14.419526 -52.925900 1.000000
aniFrame
  m_time 0.757000
  m_vertexTransformMat -0.547248 -0.480279 0.685458 0.000000 -0.413360 0.867216 0.277618 0.000000 -0.727773 -0.131415 -0.673110 0.000000 11.995012 13.934154 -52.783348 1.000000
aniFrame
  m_time 0.773000
  m_vertexTransformMat -0.562472 -0.470839 0.679659 0.000000 -0.414595 0.871820 0.260850 0.000000 -0.715358 -0.135062 -0.685581 0.000000 12.773925 13.354151 -52.627071 1.000000
aniFrame
  m_time 0.789000
  m_vertexTransformMat -0.577827 -0.461075 0.673444 0.000000 -0.418337 0.875820 0.240692 0.000000 -0.700793 -0.142648 -0.698958 0.000000 13.604626 12.681638 -52.447639 1.000000
aniFrame
  m_time 0.805000
  m_vertexTransformMat -0.592722 -0.450817 0.667417 0.000000 -0.423766 0.879254 0.217565 0.000000 -0.684911 -0.153873 -0.712194 0.000000 14.438774 11.920484 -52.261745 1.000000
aniFrame
  m_time 0.821000
  m_vertexTransformMat -0.607747 -0.440276 0.660910 0.000000 -0.431313 0.881796 0.190804 0.000000 -0.666794 -0.169098 -0.725805 0.000000 15.322267 11.076309 -52.051319 1.000000
aniFrame
  m_time 0.837000
  m_vertexTransformMat -0.621934 -0.428978 0.655116 0.000000 -0.439200 0.883715 0.161714 0.000000 -0.648307 -0.187151 -0.738019 0.000000 16.170021 10.151514 -51.846008 1.000000
aniFrame
  m_time 0.853000
  m_vertexTransformMat -0.636610 -0.416936 0.648763 0.000000 -0.447815 0.884748 0.129169 0.000000 -0.627846 -0.208295 -0.749949 0.000000 17.072472 9.147396 -51.614445 1.000000
aniFrame
  m_time 0.869000
  m_vertexTransformMat -0.650180 -0.405165 0.642735 0.000000 -0.457247 0.884265 0.094877 0.000000 -0.606788 -0.232201 -0.760192 0.000000 17.939079 8.109249 -51.381435 1.000000
aniFrame
  m_time 0.885000
  m_vertexTransformMat -0.664091 -0.391333 0.637058 0.000000 -0.464981 0.883421 0.057958 0.000000 -0.585471 -0.257731 -0.768635 0.000000 18.809881 6.972054 -51.144966 1.000000
aniFrame
  m_time 0.901000
  m_vertexTransformMat -0.677809 -0.378498 0.630329 0.000000 -0.473773 0.880437 0.019222 0.000000 -0.562240 -0.285604 -0.776091 0.000000 19.711987 5.839803 -50.877159 1.000000
aniFrame
  m_time 0.917000
  m_vertexTransformMat -0.690553 -0.364370 0.624797 0.000000 -0.481093 0.876427 -0.020610 0.000000 -0.540079 -0.314817 -0.780516 0.000000 20.533400 4.650508 -50.635765 1.000000
aniFrame
  m_time 0.933000
  m_vertexTransformMat -0.704887 -0.348200 0.617974 0.000000 -0.485399 0.872071 -0.062295 0.000000 -0.517225 -0.343875 -0.783727 0.000000 21.410645 3.395099 -50.351982 1.000000
aniFrame
  m_time 0.949000
  m_vertexTransformMat -0.718122 -0.332023 0.611606 0.000000 -0.488989 0.866069 -0.103986 0.000000 -0.495167 -0.373744 -0.784299 0.000000 22.217491 2.141863 -50.075031 1.000000
aniFrame
  m_time 0.965000
  m_vertexTransformMat -0.731374 -0.314365 0.605199 0.000000 -0.490369 0.859142 -0.146331 0.000000 -0.473950 -0.403794 -0.782509 0.000000 22.977774 0.853905 -49.781597 1.000000
aniFrame
  m_time 0.981000
  m_vertexTransformMat -0.744782 -0.296156 0.597990 0.000000 -0.489608 0.851404 -0.188135 0.000000 -0.453413 -0.432900 -0.779110 0.000000 23.722982 -0.425825 -49.457775 1.000000
aniFrame
  m_time 0.997000
  m_vertexTransformMat -0.757594 -0.276536 0.591253 0.000000 -0.486846 0.842760 -0.229644 0.000000 -0.434779 -0.461826 -0.773101 0.000000 24.393457 -1.723858 -49.128624 1.000000
aniFrame
  m_time 1.013000
  m_vertexTransformMat -0.771102 -0.256072 0.582949 0.000000 -0.481257 0.833866 -0.270296 0.000000 -0.416886 -0.488974 -0.766232 0.000000 25.056755 -3.004395 -48.743458 1.000000
aniFrame
  m_time 1.029000
  m_vertexTransformMat -0.783562 -0.234497 0.575363 0.000000 -0.473829 0.824536 -0.309236 0.000000 -0.401893 -0.514929 -0.757187 0.000000 25.629124 -4.277050 -48.367676 1.000000
aniFrame
  m_time 1.045000
  m_vertexTransformMat -0.795920 -0.212512 0.566878 0.000000 -0.464229 0.815266 -0.346169 0.000000 -0.388591 -0.538684 -0.747541 0.000000 26.157930 -5.500178 -47.950237 1.000000
aniFrame
  m_time 1.061000
  m_vertexTransformMat -0.808146 -0.189270 0.557744 0.000000 -0.451956 0.806497 -0.381180 0.000000 -0.377673 -0.560124 -0.737309 0.000000 26.629971 -6.705673 -47.514912 1.000000
aniFrame
  m_time 1.077000
  m_vertexTransformMat -0.822322 -0.158504 0.546501 0.000000 -0.432676 0.797942 -0.419619 0.000000 -0.369565 -0.581520 -0.724746 0.000000 27.080523 -8.109665 -46.993668 1.000000
aniFrame
  m_time 1.093000
  m_vertexTransformMat -0.837678 -0.121835 0.532403 0.000000 -0.406992 0.789305 -0.459734 0.000000 -0.364217 -0.601792 -0.710769 0.000000 27.489967 -9.652301 -46.382961 1.000000
aniFrame
  m_time 1.109000
  m_vertexTransformMat -0.854071 -0.076499 0.514500 0.000000 -0.373544 0.778537 -0.504326 0.000000 -0.361977 -0.622919 -0.693502 0.000000 27.848684 -11.443126 -45.625656 1.000000
aniFrame
  m_time 1.125000
  m_vertexTransformMat -0.870664 -0.024046 0.491291 0.000000 -0.332511 0.764792 -0.551841 0.000000 -0.362466 -0.643828 -0.673873 0.000000 28.140341 -13.419044 -44.693008 1.000000
aniFrame
  m_time 1.141000
  m_vertexTransformMat -0.884690 0.029885 0.465222 0.000000 -0.289282 0.747372 -0.598123 0.000000 -0.365568 -0.663734 -0.652547 0.000000 28.312624 -15.390436 -43.647480 1.000000
aniFrame
  m_time 1.157000
  m_vertexTransformMat -0.896464 0.085014 0.434885 0.000000 -0.243078 0.726228 -0.643044 0.000000 -0.370493 -0.682177 -0.630372 0.000000 28.393442 -17.345140 -42.459118 1.000000
aniFrame
  m_time 1.173000
  m_vertexTransformMat -0.904313 0.136025 0.404617 0.000000 -0.199837 0.702682 -0.682864 0.000000 -0.377204 -0.698380 -0.608262 0.000000 28.351542 -19.102428 -41.257332 1.000000
aniFrame
  m_time 1.189000
  m_vertexTransformMat -0.909558 0.183550 0.372846 0.000000 -0.157851 0.677345 -0.718532 0.000000 -0.384431 -0.712400 -0.587111 0.000000 28.268677 -20.690128 -39.994900 1.000000
aniFrame
  m_time 1.205000
  m_vertexTransformMat -0.911220 0.222561 0.346619 0.000000 -0.124365 0.653563 -0.746586 0.000000 -0.392698 -0.723411 -0.567861 0.000000 28.074482 -21.929817 -38.918274 1.000000
aniFrame
  m_time 1.221000
  m_vertexTransformMat -0.911288 0.254184 0.323953 0.000000 -0.097087 0.631918 -0.768931 0.000000 -0.400162 -0.732169 -0.551181 0.000000 27.893391 -22.878878 -37.949234 1.000000
aniFrame
  m_time 1.237000
  m_vertexTransformMat -0.910156 0.276022 0.308914 0.000000 -0.078549 0.617178 -0.782893 0.000000 -0.406751 -0.736820 -0.540047 0.000000 27.717302 -23.429537 -37.285011 1.000000
aniFrame
  m_time 1.253000
  m_vertexTransformMat -0.907972 0.285328 0.306881 0.000000 -0.074789 0.610251 -0.788671 0.000000 -0.412304 -0.739042 -0.532751 0.000000 27.522150 -23.517908 -37.073963 1.000000
aniFrame
  m_time 1.269000
  m_vertexTransformMat -0.906189 0.285418 0.312023 0.000000 -0.079044 0.610533 -0.788037 0.000000 -0.415419 -0.738774 -0.530698 0.000000 27.414152 -23.253101 -37.150478 1.000000
aniFrame
  m_time 1.285000
  m_vertexTransformMat -0.903283 0.275130 0.329216 0.000000 -0.095871 0.618488 -0.779924 0.000000 -0.418197 -0.736054 -0.532292 0.000000 27.264454 -22.593111 -37.656570 1.000000
aniFrame
  m_time 1.301000
  m_vertexTransformMat -0.899481 0.258399 0.352369 0.000000 -0.120493 0.628468 -0.768446 0.000000 -0.420019 -0.733661 -0.534159 0.000000 27.099140 -21.734264 -38.345356 1.000000
aniFrame
  m_time 1.317000
  m_vertexTransformMat -0.894443 0.237307 0.379022 0.000000 -0.149160 0.640713 -0.753153 0.000000 -0.421572 -0.730187 -0.537684 0.000000 26.896578 -20.697622 -39.172863 1.000000
aniFrame
  m_time 1.333000
  m_vertexTransformMat -0.887041 0.211377 0.410461 0.000000 -0.183662 0.654113 -0.733761 0.000000 -0.423588 -0.726262 -0.541403 0.000000 26.590900 -19.486240 -40.160480 1.000000
aniFrame
  m_time 1.349000
  m_vertexTransformMat -0.877795 0.180921 0.443558 0.000000 -0.221630 0.667496 -0.710866 0.000000 -0.424683 -0.722300 -0.545827 0.000000 26.246769 -18.118313 -41.218216 1.000000
aniFrame
  m_time 1.365000
  m_vertexTransformMat -0.865305 0.145884 0.479548 0.000000 -0.263787 0.680979 -0.683144 0.000000 -0.426222 -0.717625 -0.550772 0.000000 25.772013 -16.575748 -42.390675 1.000000
aniFrame
  m_time 1.381000
  m_vertexTransformMat -0.849742 0.107268 0.516172 0.000000 -0.308492 0.692792 -0.651823 0.000000 -0.427519 -0.713116 -0.555602 0.000000 25.193102 -14.919304 -43.600475 1.000000
aniFrame
  m_time 1.397000
  m_vertexTransformMat -0.830969 0.065077 0.552500 0.000000 -0.354877 0.702824 -0.616523 0.000000 -0.428432 -0.708381 -0.560931 0.000000 24.511997 -13.140199 -44.826305 1.000000
aniFrame
  m_time 1.413000
  m_vertexTransformMat -0.808433 0.020442 0.588233 0.000000 -0.402347 0.710243 -0.577644 0.000000 -0.429596 -0.703660 -0.565959 0.000000 23.692116 -11.286054 -46.048149 1.000000
aniFrame
  m_time 1.429000
  m_vertexTransformMat -0.782420 -0.026385 0.622194 0.000000 -0.449928 0.714719 -0.535484 0.000000 -0.430564 -0.698915 -0.571081 0.000000 22.760441 -9.363121 -47.231049 1.000000
aniFrame
  m_time 1.445000
  m_vertexTransformMat -0.753055 -0.074327 0.653746 0.000000 -0.496478 0.716207 -0.490468 0.000000 -0.431763 -0.693920 -0.576245 0.000000 21.710247 -7.412598 -48.342003 1.000000
aniFrame
  m_time 1.461000
  m_vertexTransformMat -0.720397 -0.122628 0.682635 0.000000 -0.541670 0.714174 -0.443340 0.000000 -0.433154 -0.689143 -0.580913 0.000000 20.552286 -5.459871 -49.370144 1.000000
aniFrame
  m_time 1.477000
  m_vertexTransformMat -0.685442 -0.170705 0.707834 0.000000 -0.583993 0.709501 -0.394412 0.000000 -0.434881 -0.683717 -0.586012 0.000000 19.312986 -3.525230 -50.288269 1.000000
aniFrame
  m_time 1.493000
  m_vertexTransformMat -0.648260 -0.217286 0.729758 0.000000 -0.623453 0.701676 -0.344902 0.000000 -0.437111 -0.678556 -0.590336 0.000000 17.998682 -1.653038 -51.098232 1.000000
aniFrame
  m_time 1.509000
  m_vertexTransformMat -0.609580 -0.262068 0.748154 0.000000 -0.659064 0.691988 -0.294598 0.000000 -0.440508 -0.672662 -0.594541 0.000000 16.627796 0.147587 -51.798244 1.000000
aniFrame
  m_time 1.525000
  m_vertexTransformMat -0.571074 -0.304213 0.762449 0.000000 -0.690298 0.680612 -0.245472 0.000000 -0.444256 -0.666500 -0.598678 0.000000 15.261051 1.848890 -52.368107 1.000000
aniFrame
  m_time 1.541000
  m_vertexTransformMat -0.532560 -0.342855 0.773842 0.000000 -0.716923 0.668706 -0.197115 0.000000 -0.449891 -0.659760 -0.601927 0.000000 13.884390 3.420849 -52.839802 1.000000
aniFrame
  m_time 1.557000
  m_vertexTransformMat -0.496132 -0.378413 0.781446 0.000000 -0.738623 0.657041 -0.150774 0.000000 -0.456387 -0.651998 -0.605483 0.000000 12.572133 4.881505 -53.195618 1.000000
aniFrame
  m_time 1.573000
  m_vertexTransformMat -0.462576 -0.408999 0.786603 0.000000 -0.755199 0.646550 -0.107930 0.000000 -0.464434 -0.643967 -0.607954 0.000000 11.347566 6.161680 -53.461174 1.000000
aniFrame
  m_time 1.589000
  m_vertexTransformMat -0.432304 -0.436046 0.789289 0.000000 -0.767293 0.637685 -0.067965 0.000000 -0.473682 -0.634998 -0.610249 0.000000 10.227913 7.311504 -53.643318 1.000000
aniFrame
  m_time 1.605000
  m_vertexTransformMat -0.407425 -0.458582 0.789752 0.000000 -0.771538 0.635522 -0.029002 0.000000 -0.488604 -0.621140 -0.612741 0.000000 9.246417 8.338617 -53.790073 1.000000
aniFrame
  m_time 1.621000
  m_vertexTransformMat -0.388668 -0.477106 0.788231 0.000000 -0.767440 0.641049 0.009602 0.000000 -0.509875 -0.601188 -0.615305 0.000000 8.424838 9.270605 -53.912930 1.000000
aniFrame
  m_time 1.637000
  m_vertexTransformMat -0.376419 -0.492636 0.784614 0.000000 -0.754543 0.654426 0.048903 0.000000 -0.537563 -0.573617 -0.618054 0.000000 7.768730 10.160439 -54.014938 1.000000
aniFrame
  m_time 1.653000
  m_vertexTransformMat -0.371495 -0.505227 0.778934 0.000000 -0.731087 0.676323 0.089997 0.000000 -0.572280 -0.536035 -0.620615 0.000000 7.301967 11.035122 -54.103127 1.000000
aniFrame
  m_time 1.669000
  m_vertexTransformMat -0.373087 -0.514990 0.771746 0.000000 -0.700348 0.701899 0.129810 0.000000 -0.608538 -0.492060 -0.622542 0.000000 7.036467 11.866615 -54.149357 1.000000
aniFrame
  m_time 1.685000
  m_vertexTransformMat -0.381254 -0.522004 0.762992 0.000000 -0.662682 0.729780 0.168150 0.000000 -0.644591 -0.441513 -0.624154 0.000000 6.989124 12.660343 -54.148506 1.000000
aniFrame
  m_time 1.701000
  m_vertexTransformMat -0.394744 -0.525935 0.753372 0.000000 -0.620964 0.757058 0.203142 0.000000 -0.677186 -0.387628 -0.625431 0.000000 7.140173 13.372617 -54.092785 1.000000
aniFrame
  m_time 1.717000
  m_vertexTransformMat -0.413030 -0.526881 0.742834 0.000000 -0.576903 0.782503 0.234248 0.000000 -0.704691 -0.331792 -0.627157 0.000000 7.475884 13.992056 -53.971985 1.000000
aniFrame
  m_time 1.733000
  m_vertexTransformMat -0.434382 -0.524749 0.732087 0.000000 -0.533475 0.804764 0.260307 0.000000 -0.725753 -0.277477 -0.629515 0.000000 7.969627 14.476151 -53.806522 1.000000
aniFrame
  m_time 1.749000
  m_vertexTransformMat -0.457490 -0.519902 0.721391 0.000000 -0.493434 0.823331 0.280445 0.000000 -0.739747 -0.227657 -0.633204 0.000000 8.585682 14.803105 -53.600746 1.000000
aniFrame
  m_time 1.765000
  m_vertexTransformMat -0.480740 -0.512860 0.711241 0.000000 -0.459260 0.838235 0.294011 0.000000 -0.746974 -0.185302 -0.638509 0.000000 9.286761 14.953959 -53.383144 1.000000
aniFrame
  m_time 1.781000
  m_vertexTransformMat -0.501545 -0.504587 0.702741 0.000000 -0.435499 0.849124 0.298879 0.000000 -0.747525 -0.156141 -0.645622 0.000000 10.013686 14.895243 -53.196438 1.000000
aniFrame
  m_time 1.797000
  m_vertexTransformMat -0.520506 -0.495518 0.695367 0.000000 -0.420365 0.857564 0.296442 0.000000 -0.743214 -0.138008 -0.654665 0.000000 10.757240 14.661986 -53.027843 1.000000
aniFrame
  m_time 1.813000
  m_vertexTransformMat -0.537227 -0.485850 0.689447 0.000000 -0.413168 0.864224 0.287068 0.000000 -0.735309 -0.130637 -0.665022 0.000000 11.492096 14.259844 -52.883602 1.000000
aniFrame
  m_time 1.829000
  m_vertexTransformMat -0.552416 -0.475663 0.684531 0.000000 -0.412208 0.869651 0.271646 0.000000 -0.724515 -0.132108 -0.676481 0.000000 12.229601 13.714103 -52.751839 1.000000
aniFrame
  m_time 1.845000
  m_vertexTransformMat -0.568042 -0.464254 0.679556 0.000000 -0.412311 0.875145 0.253222 0.000000 -0.712270 -0.136348 -0.688536 0.000000 13.009438 13.068429 -52.608166 1.000000
aniFrame
  m_time 1.861000
  m_vertexTransformMat -0.583578 -0.451808 0.674763 0.000000 -0.414298 0.880306 0.231124 0.000000 -0.698422 -0.144675 -0.700911 0.000000 13.815758 12.316609 -52.455368 1.000000
aniFrame
  m_time 1.877000
  m_vertexTransformMat -0.598944 -0.438581 0.670010 0.000000 -0.417683 0.884955 0.205901 0.000000 -0.683233 -0.156529 -0.713227 0.000000 14.637141 11.479354 -52.294899 1.000000
aniFrame
  m_time 1.893000
  m_vertexTransformMat -0.614226 -0.424525 0.665211 0.000000 -0.422397 0.888909 0.177263 0.000000 -0.666564 -0.172103 -0.725310 0.000000 15.481048 10.553742 -52.120464 1.000000
aniFrame
  m_time 1.909000
  m_vertexTransformMat -0.629190 -0.409799 0.660443 0.000000 -0.427624 0.892068 0.146132 0.000000 -0.649044 -0.190477 -0.736520 0.000000 16.323666 9.557315 -51.937737 1.000000
aniFrame
  m_time 1.925000
  m_vertexTransformMat -0.644221 -0.394464 0.655270 0.000000 -0.433610 0.894120 0.111949 0.000000 -0.630050 -0.212011 -0.747054 0.000000 17.195318 8.490390 -51.732239 1.000000
aniFrame
  m_time 1.941000
  m_vertexTransformMat -0.658595 -0.378504 0.650375 0.000000 -0.439159 0.895167 0.076258 0.000000 -0.611057 -0.235395 -0.755777 0.000000 18.034193 7.368187 -51.525959 1.000000
aniFrame
  m_time 1.957000
  m_vertexTransformMat -0.673406 -0.361869 0.644652 0.000000 -0.444724 0.894871 0.037766 0.000000 -0.590547 -0.261261 -0.763543 0.000000 18.918026 6.185307 -51.287666 1.000000
aniFrame
  m_time 1.973000
  m_vertexTransformMat -0.687061 -0.346066 0.638895 0.000000 -0.450727 0.892661 -0.001184 0.000000 -0.569907 -0.288781 -0.769294 0.000000 19.749977 5.004152 -51.048626 1.000000
aniFrame
  m_time 1.989000
  m_vertexTransformMat -0.701278 -0.328507 0.632687 0.000000 -0.454842 0.889569 -0.042266 0.000000 -0.548934 -0.317413 -0.773254 0.000000 20.591358 3.744141 -50.792282 1.000000
aniFrame
  m_time 2.005000
  m_vertexTransformMat -0.714914 -0.312362 0.625563 0.000000 -0.459361 0.884326 -0.083404 0.000000 -0.527149 -0.346986 -0.775703 0.000000 21.416550 2.517379 -50.509438 1.000000
aniFrame
  m_time 2.021000
  m_vertexTransformMat -0.728011 -0.295053 0.618824 0.000000 -0.462159 0.877927 -0.125111 0.000000 -0.506369 -0.377077 -0.775502 0.000000 22.178154 1.243739 -50.228291 1.000000
aniFrame
  m_time 2.037000
  m_vertexTransformMat -0.742007 -0.277673 0.610183 0.000000 -0.463190 0.870345 -0.167194 0.000000 -0.484644 -0.406690 -0.774418 0.000000 22.976635 -0.029152 -49.882504 1.000000
aniFrame
  m_time 2.053000
