m_aniFrameList.size 202
aniFrame
  m_time -1.066000
  m_vertexTransformMat 0.938747 -0.027530 0.343507 0.000000 0.111868 0.967165 -0.228203 0.000000 -0.325946 0.252652 0.911003 0.000000 0.151156 -2.057024 -2.212451 1.000000
aniFrame
  m_time -1.050000
  m_vertexTransformMat 0.946600 -0.020659 0.321748 0.000000 0.098974 0.968380 -0.229009 0.000000 -0.306843 0.248624 0.918713 0.000000 -0.017350 -2.033242 -2.240491 1.000000
aniFrame
  m_time -1.034000
  m_vertexTransformMat 0.953958 -0.013017 0.299658 0.000000 0.085408 0.969487 -0.229783 0.000000 -0.287524 0.244796 0.925962 0.000000 -0.181901 -2.000800 -2.271147 1.000000
aniFrame
  m_time -1.018000
  m_vertexTransformMat 0.960667 -0.004060 0.277674 0.000000 0.070618 0.970596 -0.230125 0.000000 -0.268575 0.240682 0.932706 0.000000 -0.354701 -1.974470 -2.318591 1.000000
aniFrame
  m_time -1.002000
  m_vertexTransformMat 0.966708 0.005098 0.255829 0.000000 0.055733 0.971603 -0.229960 0.000000 -0.249737 0.236562 0.938973 0.000000 -0.522377 -1.945035 -2.368460 1.000000
aniFrame
  m_time -0.986000
  m_vertexTransformMat 0.972040 0.012852 0.234462 0.000000 0.042357 0.972525 -0.228916 0.000000 -0.230962 0.232446 0.944789 0.000000 -0.672512 -1.909603 -2.405751 1.000000
aniFrame
  m_time -0.970000
  m_vertexTransformMat 0.976730 0.018848 0.213644 0.000000 0.030848 0.973428 -0.226907 0.000000 -0.212244 0.228217 0.950195 0.000000 -0.802647 -1.867944 -2.427150 1.000000
aniFrame
  m_time -0.954000
  m_vertexTransformMat 0.980822 0.021361 0.193730 0.000000 0.022998 0.974348 -0.223871 0.000000 -0.193542 0.224033 0.955171 0.000000 -0.894064 -1.812568 -2.411524 1.000000
aniFrame
  m_time -0.938000
  m_vertexTransformMat 0.984427 0.020107 0.174642 0.000000 0.019039 0.975401 -0.219617 0.000000 -0.174762 0.219522 0.959828 0.000000 -0.953018 -1.746535 -2.361847 1.000000
aniFrame
  m_time -0.922000
  m_vertexTransformMat 0.987641 0.012460 0.156240 0.000000 0.021442 0.976722 -0.213435 0.000000 -0.155263 0.214147 0.964383 0.000000 -0.980037 -1.657648 -2.267044 1.000000
aniFrame
  m_time -0.906000
  m_vertexTransformMat 0.990384 -0.000937 0.138344 0.000000 0.029669 0.978151 -0.205767 0.000000 -0.135129 0.207893 0.968773 0.000000 -0.978613 -1.552999 -2.130498 1.000000
aniFrame
  m_time -0.890000
  m_vertexTransformMat 0.992609 -0.018273 0.119979 0.000000 0.041915 0.979384 -0.197610 0.000000 -0.113895 0.201178 0.972911 0.000000 -0.968077 -1.436666 -1.965980 1.000000
aniFrame
  m_time -0.874000
  m_vertexTransformMat 0.994087 -0.039540 0.101132 0.000000 0.058244 0.980193 -0.189285 0.000000 -0.091644 0.194057 0.976700 0.000000 -0.946450 -1.311419 -1.771848 1.000000
aniFrame
  m_time -0.858000
  m_vertexTransformMat 0.994792 -0.060671 0.081902 0.000000 0.074822 0.980339 -0.182588 0.000000 -0.069214 0.187765 0.979773 0.000000 -0.917863 -1.195895 -1.560273 1.000000
aniFrame
  m_time -0.842000
  m_vertexTransformMat 0.994676 -0.081976 0.062439 0.000000 0.091896 0.979812 -0.177550 0.000000 -0.046624 0.182343 0.982129 0.000000 -0.882322 -1.088363 -1.330505 1.000000
aniFrame
  m_time -0.826000
  m_vertexTransformMat 0.994104 -0.099477 0.043143 0.000000 0.105563 0.978805 -0.175494 0.000000 -0.024771 0.179014 0.983535 0.000000 -0.842357 -1.010534 -1.097931 1.000000
aniFrame
  m_time -0.810000
  m_vertexTransformMat 0.993272 -0.113209 0.024390 0.000000 0.115740 0.977560 -0.176013 0.000000 -0.003917 0.177651 0.984086 0.000000 -0.798620 -0.960733 -0.862992 1.000000
aniFrame
  m_time -0.794000
  m_vertexTransformMat 0.992523 -0.121929 0.005609 0.000000 0.120915 0.975916 -0.181569 0.000000 0.016664 0.180889 0.983362 0.000000 -0.754710 -0.943109 -0.638354 1.000000
aniFrame
  m_time -0.778000
  m_vertexTransformMat 0.992041 -0.125217 -0.013207 0.000000 0.120357 0.973860 -0.192644 0.000000 0.036984 0.189521 0.981180 0.000000 -0.710519 -0.955712 -0.423797 1.000000
aniFrame
  m_time -0.762000
  m_vertexTransformMat 0.991558 -0.125714 -0.031755 0.000000 0.116534 0.971403 -0.206872 0.000000 0.056854 0.201425 0.977853 0.000000 -0.667311 -0.989779 -0.234625 1.000000
aniFrame
  m_time -0.746000
  m_vertexTransformMat 0.991040 -0.123721 -0.050322 0.000000 0.109444 0.968193 -0.224998 0.000000 0.076558 0.217474 0.973059 0.000000 -0.623980 -1.037014 -0.072714 1.000000
aniFrame
  m_time -0.730000
  m_vertexTransformMat 0.990385 -0.120451 -0.068036 0.000000 0.100711 0.964955 -0.242320 0.000000 0.094839 0.233138 0.967808 0.000000 -0.578436 -1.098393 0.056176 1.000000
aniFrame
  m_time -0.714000
  m_vertexTransformMat 0.989624 -0.115932 -0.084883 0.000000 0.090445 0.961650 -0.258937 0.000000 0.111647 0.248573 0.962157 0.000000 -0.526244 -1.159528 0.148711 1.000000
aniFrame
  m_time -0.698000
  m_vertexTransformMat 0.988733 -0.111236 -0.100172 0.000000 0.080467 0.959228 -0.270937 0.000000 0.126226 0.259823 0.957371 0.000000 -0.467334 -1.228730 0.209773 1.000000
aniFrame
  m_time -0.682000
  m_vertexTransformMat 0.987806 -0.106683 -0.113393 0.000000 0.071529 0.957888 -0.278092 0.000000 0.138286 0.266590 0.953838 0.000000 -0.397900 -1.289341 0.242599 1.000000
aniFrame
  m_time -0.666000
  m_vertexTransformMat 0.986857 -0.102607 -0.124841 0.000000 0.064528 0.958498 -0.277702 0.000000 0.148154 0.265997 0.952521 0.000000 -0.313085 -1.343867 0.246394 1.000000
aniFrame
  m_time -0.650000
  m_vertexTransformMat 0.985987 -0.099774 -0.133695 0.000000 0.061223 0.961928 -0.266358 0.000000 0.155181 0.254440 0.954557 0.000000 -0.222491 -1.385591 0.221324 1.000000
aniFrame
  m_time -0.634000
  m_vertexTransformMat 0.985182 -0.097084 -0.141393 0.000000 0.059725 0.966969 -0.247800 0.000000 0.160780 0.235683 0.958438 0.000000 -0.107602 -1.405297 0.173025 1.000000
aniFrame
  m_time -0.618000
  m_vertexTransformMat 0.984586 -0.094008 -0.147486 0.000000 0.059753 0.973328 -0.221503 0.000000 0.164375 0.209276 0.963942 0.000000 0.013074 -1.425187 0.104267 1.000000
aniFrame
  m_time -0.602000
  m_vertexTransformMat 0.984303 -0.090115 -0.151743 0.000000 0.060176 0.979657 -0.191445 0.000000 0.165908 0.179308 0.969703 0.000000 0.135270 -1.424826 0.021503 1.000000
aniFrame
  m_time -0.586000
  m_vertexTransformMat 0.984304 -0.084364 -0.155009 0.000000 0.059108 0.985205 -0.160865 0.000000 0.166287 0.149178 0.974728 0.000000 0.272855 -1.432893 -0.073814 1.000000
aniFrame
  m_time -0.570000
  m_vertexTransformMat 0.984852 -0.076972 -0.155374 0.000000 0.056623 0.989712 -0.131391 0.000000 0.163889 0.120603 0.979079 0.000000 0.391814 -1.438416 -0.177563 1.000000
aniFrame
  m_time -0.554000
  m_vertexTransformMat 0.985781 -0.067133 -0.154044 0.000000 0.050550 0.992739 -0.109152 0.000000 0.160253 0.099813 0.982017 0.000000 0.510582 -1.446569 -0.280468 1.000000
aniFrame
  m_time -0.538000
  m_vertexTransformMat 0.987121 -0.054801 -0.150298 0.000000 0.041139 0.994858 -0.092545 0.000000 0.154597 0.085170 0.984300 0.000000 0.623540 -1.475930 -0.393018 1.000000
aniFrame
  m_time -0.522000
  m_vertexTransformMat 0.988865 -0.038594 -0.143722 0.000000 0.026248 0.995878 -0.086825 0.000000 0.146480 0.082086 0.985802 0.000000 0.745902 -1.510875 -0.535378 1.000000
aniFrame
  m_time -0.506000
  m_vertexTransformMat 0.990689 -0.018596 -0.134867 0.000000 0.006463 0.995934 -0.089852 0.000000 0.135990 0.088143 0.986782 0.000000 0.878104 -1.568130 -0.705863 1.000000
aniFrame
  m_time -0.490000
  m_vertexTransformMat 0.992251 0.004409 -0.124177 0.000000 -0.016659 0.995068 -0.097784 0.000000 0.123133 0.099095 0.987430 0.000000 1.022262 -1.627007 -0.909003 1.000000
aniFrame
  m_time -0.474000
  m_vertexTransformMat 0.993216 0.030803 -0.112134 0.000000 -0.043268 0.992936 -0.110487 0.000000 0.107939 0.114590 0.987532 0.000000 1.179129 -1.697803 -1.142104 1.000000
aniFrame
  m_time -0.458000
  m_vertexTransformMat 0.993300 0.058017 -0.099945 0.000000 -0.070238 0.989863 -0.123447 0.000000 0.091770 0.129639 0.987306 0.000000 1.322635 -1.761644 -1.367132 1.000000
aniFrame
  m_time -0.442000
  m_vertexTransformMat 0.992416 0.086318 -0.087521 0.000000 -0.097772 0.985821 -0.136376 0.000000 0.074508 0.143899 0.986784 0.000000 1.455890 -1.828111 -1.587973 1.000000
aniFrame
  m_time -0.426000
  m_vertexTransformMat 0.990693 0.112833 -0.076133 0.000000 -0.122954 0.981776 -0.144909 0.000000 0.058395 0.152921 0.986512 0.000000 1.550551 -1.877130 -1.766493 1.000000
aniFrame
  m_time -0.410000
  m_vertexTransformMat 0.988413 0.137016 -0.065317 0.000000 -0.145401 0.978191 -0.148329 0.000000 0.043569 0.156108 0.986779 0.000000 1.604015 -1.912568 -1.904640 1.000000
aniFrame
  m_time -0.394000
  m_vertexTransformMat 0.985627 0.159741 -0.054978 0.000000 -0.166185 0.975297 -0.145531 0.000000 0.030373 0.152575 0.987825 0.000000 1.625193 -1.937039 -1.995850 1.000000
aniFrame
  m_time -0.378000
  m_vertexTransformMat 0.982519 0.180665 -0.044909 0.000000 -0.185162 0.973358 -0.135238 0.000000 0.019280 0.141190 0.989795 0.000000 1.610163 -1.952241 -2.037529 1.000000
aniFrame
  m_time -0.362000
  m_vertexTransformMat 0.979087 0.200615 -0.033815 0.000000 -0.203274 0.971469 -0.122178 0.000000 0.008340 0.126496 0.991932 0.000000 1.587979 -1.967134 -2.049154 1.000000
aniFrame
  m_time -0.346000
  m_vertexTransformMat 0.975204 0.220273 -0.021371 0.000000 -0.221290 0.969331 -0.106903 0.000000 -0.002832 0.108982 0.994040 0.000000 1.565938 -1.984935 -2.033543 1.000000
aniFrame
  m_time -0.330000
  m_vertexTransformMat 0.971407 0.237292 -0.007787 0.000000 -0.236992 0.967169 -0.091751 0.000000 -0.014240 0.090973 0.995752 0.000000 1.543138 -2.006660 -1.995046 1.000000
aniFrame
  m_time -0.314000
  m_vertexTransformMat 0.967856 0.251416 0.006671 0.000000 -0.250167 0.965102 -0.077425 0.000000 -0.025904 0.073267 0.996976 0.000000 1.521802 -2.032217 -1.932179 1.000000
aniFrame
  m_time -0.298000
  m_vertexTransformMat 0.965019 0.261283 0.021675 0.000000 -0.259412 0.963544 -0.065488 0.000000 -0.037996 0.057574 0.997618 0.000000 1.497561 -2.061706 -1.854472 1.000000
aniFrame
  m_time -0.282000
  m_vertexTransformMat 0.963151 0.266445 0.036704 0.000000 -0.264163 0.962781 -0.057195 0.000000 -0.050577 0.045391 0.997688 0.000000 1.469845 -2.096958 -1.764504 1.000000
aniFrame
  m_time -0.266000
  m_vertexTransformMat 0.962582 0.265998 0.051783 0.000000 -0.263397 0.963287 -0.051961 0.000000 -0.063704 0.036377 0.997306 0.000000 1.434123 -2.127743 -1.668022 1.000000
aniFrame
  m_time -0.250000
  m_vertexTransformMat 0.963716 0.258418 0.066872 0.000000 -0.255421 0.965526 -0.050189 0.000000 -0.077536 0.031288 0.996499 0.000000 1.385032 -2.142656 -1.569479 1.000000
aniFrame
  m_time -0.234000
  m_vertexTransformMat 0.965989 0.245247 0.081965 0.000000 -0.241729 0.969026 -0.050549 0.000000 -0.091823 0.029016 0.995353 0.000000 1.327097 -2.147315 -1.473644 1.000000
aniFrame
  m_time -0.218000
  m_vertexTransformMat 0.969042 0.226955 0.097205 0.000000 -0.222818 0.973492 -0.051631 0.000000 -0.106346 0.028374 0.993924 0.000000 1.261586 -2.139546 -1.386945 1.000000
aniFrame
  m_time -0.202000
  m_vertexTransformMat 0.972309 0.204774 0.112616 0.000000 -0.199804 0.978352 -0.053898 0.000000 -0.121215 0.029905 0.992176 0.000000 1.192444 -2.125036 -1.312812 1.000000
aniFrame
  m_time -0.186000
  m_vertexTransformMat 0.975079 0.180931 0.128395 0.000000 -0.174774 0.982911 -0.057797 0.000000 -0.136658 0.033916 0.990038 0.000000 1.125220 -2.108433 -1.258667 1.000000
aniFrame
  m_time -0.170000
  m_vertexTransformMat 0.977120 0.155930 0.144641 0.000000 -0.148117 0.986938 -0.063364 0.000000 -0.152632 0.040491 0.987453 0.000000 1.057728 -2.090956 -1.226226 1.000000
aniFrame
  m_time -0.154000
  m_vertexTransformMat 0.977950 0.133063 0.160956 0.000000 -0.123087 0.989890 -0.070485 0.000000 -0.168707 0.049119 0.984442 0.000000 0.992876 -2.088588 -1.225174 1.000000
aniFrame
  m_time -0.138000
  m_vertexTransformMat 0.977647 0.111543 0.178226 0.000000 -0.098513 0.991884 -0.080386 0.000000 -0.185746 0.061032 0.980701 0.000000 0.921732 -2.084325 -1.252317 1.000000
aniFrame
  m_time -0.122000
  m_vertexTransformMat 0.975998 0.090636 0.198023 0.000000 -0.073278 0.992938 -0.093305 0.000000 -0.205081 0.076555 0.975746 0.000000 0.852243 -2.095794 -1.316920 1.000000
aniFrame
  m_time -0.106000
  m_vertexTransformMat 0.972805 0.070859 0.220520 0.000000 -0.047288 0.992762 -0.110395 0.000000 -0.226747 0.096965 0.969115 0.000000 0.774294 -2.096141 -1.412017 1.000000
aniFrame
  m_time -0.090000
  m_vertexTransformMat 0.968111 0.050323 0.245417 0.000000 -0.018793 0.991445 -0.129164 0.000000 -0.249817 0.120433 0.960774 0.000000 0.686285 -2.101108 -1.531826 1.000000
aniFrame
  m_time -0.074000
  m_vertexTransformMat 0.961999 0.030139 0.271385 0.000000 0.011451 0.988562 -0.150378 0.000000 -0.272813 0.147771 0.950651 0.000000 0.610638 -2.095137 -1.673094 1.000000
aniFrame
  m_time -0.058000
  m_vertexTransformMat 0.955060 0.012286 0.296157 0.000000 0.040267 0.984501 -0.170696 0.000000 -0.293664 0.174951 0.939763 0.000000 0.511564 -2.087819 -1.813590 1.000000
aniFrame
  m_time -0.042000
  m_vertexTransformMat 0.948199 -0.003517 0.317657 0.000000 0.067330 0.979447 -0.190135 0.000000 -0.310460 0.201674 0.928947 0.000000 0.426593 -2.085737 -1.955239 1.000000
aniFrame
  m_time -0.026000
  m_vertexTransformMat 0.942762 -0.015236 0.333120 0.000000 0.088979 0.974231 -0.207262 0.000000 -0.321377 0.225039 0.919823 0.000000 0.331863 -2.069169 -2.070702 1.000000
aniFrame
  m_time -0.010000
  m_vertexTransformMat 0.939311 -0.024286 0.342206 0.000000 0.105489 0.969612 -0.220739 0.000000 -0.326446 0.243441 0.913329 0.000000 0.229646 -2.064420 -2.162209 1.000000
aniFrame
  m_time 0.005000
  m_vertexTransformMat 0.939131 -0.028043 0.342414 0.000000 0.113217 0.966252 -0.231386 0.000000 -0.324369 0.256068 0.910612 0.000000 0.106121 -2.051522 -2.234117 1.000000
aniFrame
  m_time 0.021000
  m_vertexTransformMat 0.942629 -0.026460 0.332792 0.000000 0.111068 0.964924 -0.237878 0.000000 -0.314825 0.261193 0.912504 0.000000 -0.046383 -2.045726 -2.287299 1.000000
aniFrame
  m_time 0.037000
  m_vertexTransformMat 0.948300 -0.021276 0.316661 0.000000 0.102498 0.964816 -0.242126 0.000000 -0.300368 0.262065 0.917116 0.000000 -0.215641 -2.035423 -2.333089 1.000000
aniFrame
  m_time 0.053000
  m_vertexTransformMat 0.955763 -0.011839 0.293898 0.000000 0.086863 0.965986 -0.243569 0.000000 -0.281018 0.258323 0.924282 0.000000 -0.405466 -2.026617 -2.379010 1.000000
aniFrame
  m_time 0.069000
  m_vertexTransformMat 0.963359 -0.001575 0.268211 0.000000 0.069158 0.967628 -0.242722 0.000000 -0.259146 0.252378 0.932281 0.000000 -0.586094 -2.009097 -2.410710 1.000000
aniFrame
  m_time 0.085000
  m_vertexTransformMat 0.970662 0.008954 0.240280 0.000000 0.050356 0.969576 -0.239553 0.000000 -0.235114 0.244625 0.940681 0.000000 -0.752954 -1.984485 -2.427272 1.000000
aniFrame
  m_time 0.101000
  m_vertexTransformMat 0.976860 0.016981 0.213206 0.000000 0.034294 0.971510 -0.234505 0.000000 -0.211114 0.236390 0.948447 0.000000 -0.885953 -1.945223 -2.420261 1.000000
aniFrame
  m_time 0.117000
  m_vertexTransformMat 0.981728 0.020741 0.189155 0.000000 0.023502 0.973215 -0.228692 0.000000 -0.188832 0.228959 0.954946 0.000000 -0.971200 -1.886572 -2.384653 1.000000
aniFrame
  m_time 0.133000
  m_vertexTransformMat 0.985690 0.019022 0.167490 0.000000 0.018837 0.974958 -0.221589 0.000000 -0.167511 0.221573 0.960649 0.000000 -1.018493 -1.807141 -2.317696 1.000000
aniFrame
  m_time 0.149000
  m_vertexTransformMat 0.988768 0.009219 0.149178 0.000000 0.023067 0.976726 -0.213249 0.000000 -0.147672 0.214294 0.965542 0.000000 -1.024590 -1.698336 -2.211414 1.000000
aniFrame
  m_time 0.165000
  m_vertexTransformMat 0.991230 -0.006034 0.132014 0.000000 0.033176 0.978328 -0.204388 0.000000 -0.127920 0.206975 0.969948 0.000000 -1.006211 -1.572199 -2.071910 1.000000
aniFrame
  m_time 0.181000
  m_vertexTransformMat 0.993204 -0.025088 0.113652 0.000000 0.047087 0.979623 -0.195248 0.000000 -0.106438 0.199272 0.974147 0.000000 -0.981536 -1.433596 -1.900819 1.000000
aniFrame
  m_time 0.197000
  m_vertexTransformMat 0.994408 -0.046650 0.094750 0.000000 0.063797 0.980305 -0.186900 0.000000 -0.084165 0.191899 0.977799 0.000000 -0.947564 -1.293208 -1.702309 1.000000
aniFrame
  m_time 0.213000
  m_vertexTransformMat 0.994835 -0.067924 0.075433 0.000000 0.080620 0.980254 -0.180564 0.000000 -0.061679 0.185713 0.980666 0.000000 -0.910691 -1.167656 -1.485203 1.000000
aniFrame
  m_time 0.229000
  m_vertexTransformMat 0.994513 -0.088385 0.055957 0.000000 0.096983 0.979509 -0.176513 0.000000 -0.039209 0.180972 0.982706 0.000000 -0.869953 -1.059642 -1.252729 1.000000
aniFrame
  m_time 0.245000
  m_vertexTransformMat 0.993843 -0.104490 0.036849 0.000000 0.109368 0.978423 -0.175293 0.000000 -0.017738 0.178243 0.983827 0.000000 -0.827382 -0.989423 -1.019525 1.000000
aniFrame
  m_time 0.261000
  m_vertexTransformMat 0.992993 -0.116768 0.018161 0.000000 0.118135 0.977065 -0.177164 0.000000 0.002943 0.178068 0.984014 0.000000 -0.783751 -0.950773 -0.786393 1.000000
aniFrame
  m_time 0.277000
  m_vertexTransformMat 0.992343 -0.123513 -0.000680 0.000000 0.121262 0.975272 -0.184771 0.000000 0.023485 0.183273 0.982781 0.000000 -0.739998 -0.944375 -0.565315 1.000000
aniFrame
  m_time 0.293000
  m_vertexTransformMat 0.991895 -0.125568 -0.019425 0.000000 0.119327 0.973091 -0.197115 0.000000 0.043654 0.193199 0.980188 0.000000 -0.695926 -0.965169 -0.356991 1.000000
aniFrame
  m_time 0.309000
  m_vertexTransformMat 0.991390 -0.125318 -0.037957 0.000000 0.114526 0.970407 -0.212591 0.000000 0.063475 0.206414 0.976404 0.000000 -0.653013 -1.004054 -0.177732 1.000000
aniFrame
  m_time 0.325000
  m_vertexTransformMat 0.990843 -0.122684 -0.056386 0.000000 0.106584 0.967060 -0.231159 0.000000 0.082888 0.223032 0.971281 0.000000 -0.609143 -1.055965 -0.025493 1.000000
aniFrame
  m_time 0.341000
  m_vertexTransformMat 0.990142 -0.119094 -0.073729 0.000000 0.097474 0.963870 -0.247899 0.000000 0.100589 0.238268 0.965977 0.000000 -0.561944 -1.119066 0.090751 1.000000
aniFrame
  m_time 0.357000
  m_vertexTransformMat 0.989341 -0.114290 -0.090234 0.000000 0.086914 0.960651 -0.263809 0.000000 0.116834 0.253155 0.960345 0.000000 -0.507212 -1.180935 0.172375 1.000000
aniFrame
  m_time 0.373000
  m_vertexTransformMat 0.988423 -0.109747 -0.104761 0.000000 0.077441 0.958703 -0.273664 0.000000 0.130469 0.262383 0.956103 0.000000 -0.445941 -1.251415 0.223812 1.000000
aniFrame
  m_time 0.389000
  m_vertexTransformMat 0.987492 -0.105210 -0.117430 0.000000 0.068842 0.957764 -0.279194 0.000000 0.141844 0.267618 0.953027 0.000000 -0.371107 -1.306790 0.247186 1.000000
aniFrame
  m_time 0.405000
  m_vertexTransformMat 0.986551 -0.101549 -0.128079 0.000000 0.063068 0.959408 -0.274880 0.000000 0.150794 0.263105 0.952910 0.000000 -0.283681 -1.361949 0.240999 1.000000
aniFrame
  m_time 0.421000
  m_vertexTransformMat 0.985716 -0.098940 -0.136291 0.000000 0.060636 0.963465 -0.260880 0.000000 0.157123 0.248890 0.955702 0.000000 -0.187877 -1.392681 0.207552 1.000000
aniFrame
  m_time 0.437000
  m_vertexTransformMat 0.984937 -0.096028 -0.143799 0.000000 0.059423 0.968943 -0.240041 0.000000 0.162383 0.227881 0.960053 0.000000 -0.064650 -1.413797 0.152333 1.000000
aniFrame
  m_time 0.453000
  m_vertexTransformMat 0.984468 -0.092901 -0.148973 0.000000 0.060058 0.975537 -0.211473 0.000000 0.164975 0.199241 0.965964 0.000000 0.051327 -1.426635 0.077835 1.000000
aniFrame
  m_time 0.469000
  m_vertexTransformMat 0.984248 -0.088318 -0.153152 0.000000 0.059795 0.981528 -0.181738 0.000000 0.166373 0.169718 0.971348 0.000000 0.183115 -1.425721 -0.008456 1.000000
aniFrame
  m_time 0.485000
  m_vertexTransformMat 0.984430 -0.082146 -0.155405 0.000000 0.058609 0.986888 -0.150394 0.000000 0.165721 0.138944 0.976336 0.000000 0.313709 -1.436145 -0.108083 1.000000
aniFrame
  m_time 0.501000
  m_vertexTransformMat 0.985127 -0.073908 -0.155121 0.000000 0.054886 0.990824 -0.123516 0.000000 0.162827 0.113165 0.980144 0.000000 0.432134 -1.438113 -0.212210 1.000000
aniFrame
  m_time 0.517000
  m_vertexTransformMat 0.986176 -0.063370 -0.153106 0.000000 0.047896 0.993557 -0.102721 0.000000 0.158629 0.093967 0.982857 0.000000 0.548227 -1.455165 -0.315667 1.000000
aniFrame
  m_time 0.533000
  m_vertexTransformMat 0.987668 -0.049882 -0.148404 0.000000 0.036848 0.995322 -0.089315 0.000000 0.152165 0.082745 0.984885 0.000000 0.662890 -1.485472 -0.437013 1.000000
aniFrame
  m_time 0.549000
  m_vertexTransformMat 0.989484 -0.032289 -0.140990 0.000000 0.020087 0.995995 -0.087124 0.000000 0.143239 0.083375 0.986170 0.000000 0.788990 -1.528529 -0.589109 1.000000
aniFrame
  m_time 0.565000
  m_vertexTransformMat 0.991250 -0.011318 -0.131515 0.000000 -0.000826 0.995766 -0.091924 0.000000 0.131999 0.091228 0.987043 0.000000 0.924053 -1.587257 -0.768947 1.000000
aniFrame
  m_time 0.581000
  m_vertexTransformMat 0.992661 0.012955 -0.120234 0.000000 -0.025299 0.994492 -0.101713 0.000000 0.118254 0.104008 0.987521 0.000000 1.074569 -1.650185 -0.985538 1.000000
aniFrame
  m_time 0.597000
  m_vertexTransformMat 0.993343 0.039830 -0.108088 0.000000 -0.052276 0.992003 -0.114877 0.000000 0.102648 0.119762 0.987482 0.000000 1.228764 -1.719947 -1.218410 1.000000
aniFrame
  m_time 0.613000
  m_vertexTransformMat 0.993117 0.067430 -0.095765 0.000000 -0.079459 0.988595 -0.127935 0.000000 0.086046 0.134664 0.987149 0.000000 1.369272 -1.784184 -1.442804 1.000000
aniFrame
  m_time 0.629000
  m_vertexTransformMat 0.991914 0.095509 -0.083577 0.000000 -0.106574 0.984414 -0.139900 0.000000 0.068913 0.147676 0.986632 0.000000 1.493090 -1.847278 -1.653642 1.000000
aniFrame
  m_time 0.645000
  m_vertexTransformMat 0.989991 0.121094 -0.072486 0.000000 -0.130671 0.980523 -0.146629 0.000000 0.053319 0.154633 0.986532 0.000000 1.572320 -1.890062 -1.816903 1.000000
aniFrame
  m_time 0.661000
  m_vertexTransformMat 0.987538 0.144736 -0.061806 0.000000 -0.152486 0.977132 -0.148195 0.000000 0.038943 0.155773 0.987025 0.000000 1.614589 -1.922035 -1.940949 1.000000
aniFrame
  m_time 0.677000
  m_vertexTransformMat 0.984619 0.166905 -0.051655 0.000000 -0.172693 0.974575 -0.142765 0.000000 0.026513 0.149490 0.988408 0.000000 1.623283 -1.942742 -2.014370 1.000000
aniFrame
  m_time 0.693000
  m_vertexTransformMat 0.981421 0.187352 -0.041380 0.000000 -0.191222 0.972775 -0.130934 0.000000 0.015723 0.136414 0.990527 0.000000 1.601851 -1.956786 -2.043834 1.000000
aniFrame
  m_time 0.709000
  m_vertexTransformMat 0.977826 0.207286 -0.029807 0.000000 -0.209367 0.970772 -0.117335 0.000000 0.004614 0.120974 0.992645 0.000000 1.581045 -1.972762 -2.047046 1.000000
aniFrame
  m_time 0.725000
  m_vertexTransformMat 0.973895 0.226368 -0.016953 0.000000 -0.226906 0.968598 -0.101639 0.000000 -0.006588 0.102833 0.994677 0.000000 1.558164 -1.991651 -2.022864 1.000000
aniFrame
  m_time 0.741000
  m_vertexTransformMat 0.970195 0.242306 -0.003057 0.000000 -0.241648 0.966464 -0.086912 0.000000 -0.018105 0.085061 0.996211 0.000000 1.536026 -2.014803 -1.976780 1.000000
aniFrame
  m_time 0.757000
  m_vertexTransformMat 0.966790 0.255307 0.011638 0.000000 -0.253821 0.964491 -0.073022 0.000000 -0.029868 0.067643 0.997263 0.000000 1.514294 -2.041558 -1.907112 1.000000
aniFrame
  m_time 0.773000
  m_vertexTransformMat 0.964297 0.263475 0.026693 0.000000 -0.261449 0.963200 -0.062377 0.000000 -0.042145 0.053171 0.997696 0.000000 1.488664 -2.072992 -1.826186 1.000000
aniFrame
  m_time 0.789000
  m_vertexTransformMat 0.962782 0.267041 0.041714 0.000000 -0.264649 0.962768 -0.055118 0.000000 -0.054879 0.042027 0.997608 0.000000 1.459258 -2.108487 -1.732286 1.000000
aniFrame
  m_time 0.805000
  m_vertexTransformMat 0.962786 0.264223 0.056831 0.000000 -0.261508 0.963855 -0.050963 0.000000 -0.068242 0.034205 0.997082 0.000000 1.419131 -2.134459 -1.635889 1.000000
aniFrame
  m_time 0.821000
  m_vertexTransformMat 0.964385 0.254547 0.071888 0.000000 -0.251385 0.966584 -0.050207 0.000000 -0.082266 0.030347 0.996148 0.000000 1.366386 -2.144889 -1.536429 1.000000
aniFrame
  m_time 0.837000
  m_vertexTransformMat 0.966904 0.239835 0.087036 0.000000 -0.236132 0.970394 -0.050758 0.000000 -0.096633 0.028526 0.994911 0.000000 1.306493 -2.147154 -1.444366 1.000000
aniFrame
  m_time 0.853000
  m_vertexTransformMat 0.970168 0.219785 0.102315 0.000000 -0.215396 0.975127 -0.052266 0.000000 -0.111258 0.028669 0.993378 0.000000 1.238287 -2.134163 -1.360013 1.000000
aniFrame
  m_time 0.869000
  m_vertexTransformMat 0.973264 0.197171 0.117818 0.000000 -0.191862 0.979884 -0.054930 0.000000 -0.126279 0.030857 0.991515 0.000000 1.170521 -2.122054 -1.293341 1.000000
aniFrame
  m_time 0.885000
  m_vertexTransformMat 0.975879 0.172526 0.133769 0.000000 -0.165864 0.984350 -0.059529 0.000000 -0.141946 0.035906 0.989223 0.000000 1.102325 -2.100621 -1.244567 1.000000
aniFrame
  m_time 0.901000
  m_vertexTransformMat 0.977522 0.148048 0.150105 0.000000 -0.139594 0.988045 -0.065430 0.000000 -0.157997 0.043006 0.986503 0.000000 1.036570 -2.091405 -1.223116 1.000000
aniFrame
  m_time 0.917000
  m_vertexTransformMat 0.977982 0.125815 0.166497 0.000000 -0.114931 0.990651 -0.073501 0.000000 -0.174187 0.052747 0.983299 0.000000 0.969757 -2.085826 -1.230549 1.000000
aniFrame
  m_time 0.933000
  m_vertexTransformMat 0.977261 0.104422 0.184546 0.000000 -0.090134 0.992363 -0.084210 0.000000 -0.191930 0.065661 0.979209 0.000000 0.897708 -2.088024 -1.269622 1.000000
aniFrame
  m_time 0.949000
  m_vertexTransformMat 0.975109 0.084003 0.205197 0.000000 -0.064784 0.993011 -0.098655 0.000000 -0.212051 0.082906 0.973736 0.000000 0.828572 -2.096850 -1.345804 1.000000
aniFrame
  m_time 0.965000
  m_vertexTransformMat 0.971400 0.064171 0.228613 0.000000 -0.038151 0.992461 -0.116471 0.000000 -0.234363 0.104419 0.966525 0.000000 0.743364 -2.096718 -1.448735 1.000000
aniFrame
  m_time 0.981000
  m_vertexTransformMat 0.966217 0.043397 0.254051 0.000000 -0.008720 0.990662 -0.136059 0.000000 -0.257583 0.129247 0.957573 0.000000 0.661922 -2.101238 -1.577935 1.000000
aniFrame
  m_time 0.997000
  m_vertexTransformMat 0.959738 0.023962 0.279875 0.000000 0.021253 0.987305 -0.157411 0.000000 -0.280093 0.157021 0.947044 0.000000 0.579848 -2.090700 -1.720047 1.000000
aniFrame
  m_time 1.013000
  m_vertexTransformMat 0.952694 0.006662 0.303859 0.000000 0.049664 0.982910 -0.177264 0.000000 -0.299847 0.183969 0.936081 0.000000 0.481604 -2.088458 -1.861939 1.000000
aniFrame
  m_time 1.029000
  m_vertexTransformMat 0.946183 -0.007870 0.323536 0.000000 0.075241 0.977661 -0.196261 0.000000 -0.314764 0.210042 0.925638 0.000000 0.397889 -2.080891 -1.997608 1.000000
aniFrame
  m_time 1.045000
  m_vertexTransformMat 0.941336 -0.018622 0.336957 0.000000 0.095170 0.972599 -0.212118 0.000000 -0.323774 0.231742 0.917314 0.000000 0.298512 -2.066683 -2.103400 1.000000
aniFrame
  m_time 1.061000
  m_vertexTransformMat 0.938822 -0.026284 0.343400 0.000000 0.109260 0.968308 -0.224592 0.000000 -0.326614 0.248371 0.911940 0.000000 0.192183 -2.062066 -2.188391 1.000000
aniFrame
  m_time 1.077000
  m_vertexTransformMat 0.939950 -0.027991 0.340164 0.000000 0.113433 0.965600 -0.233988 0.000000 -0.321913 0.258522 0.910790 0.000000 0.057840 -2.048359 -2.253469 1.000000
aniFrame
  m_time 1.093000
  m_vertexTransformMat 0.944352 -0.025094 0.327979 0.000000 0.108783 0.964807 -0.239403 0.000000 -0.310429 0.261760 0.913847 0.000000 -0.101329 -2.044119 -2.302734 1.000000
aniFrame
  m_time 1.109000
  m_vertexTransformMat 0.950636 -0.018531 0.309754 0.000000 0.097987 0.965068 -0.242988 0.000000 -0.294430 0.261345 0.919244 0.000000 -0.277383 -2.031849 -2.348827 1.000000
aniFrame
  m_time 1.125000
  m_vertexTransformMat 0.958375 -0.008269 0.285392 0.000000 0.080830 0.966545 -0.243430 0.000000 -0.273831 0.256366 0.926981 0.000000 -0.468579 -2.023029 -2.392037 1.000000
aniFrame
  m_time 1.141000
  m_vertexTransformMat 0.965829 0.001874 0.259174 0.000000 0.063057 0.968228 -0.241989 0.000000 -0.251393 0.250063 0.935024 0.000000 -0.643073 -2.001060 -2.417706 1.000000
aniFrame
  m_time 1.157000
  m_vertexTransformMat 0.972909 0.012184 0.230868 0.000000 0.044319 0.970260 -0.237972 0.000000 -0.226902 0.241757 0.943435 0.000000 -0.802907 -1.974250 -2.428480 1.000000
aniFrame
  m_time 1.173000
  m_vertexTransformMat 0.978593 0.018628 0.204962 0.000000 0.030232 0.972081 -0.232690 0.000000 -0.203574 0.233905 0.950708 0.000000 -0.918864 -1.927149 -2.411191 1.000000
aniFrame
  m_time 1.189000
  m_vertexTransformMat 0.983143 0.020949 0.181638 0.000000 0.021092 0.973788 -0.226478 0.000000 -0.181621 0.226491 0.956931 0.000000 -0.990952 -1.863091 -2.366386 1.000000
aniFrame
  m_time 1.205000
  m_vertexTransformMat 0.986814 0.016631 0.161004 0.000000 0.019276 0.975553 -0.218919 0.000000 -0.160708 0.219135 0.962368 0.000000 -1.025375 -1.773833 -2.286526 1.000000
aniFrame
  m_time 1.221000
  m_vertexTransformMat 0.989636 0.004522 0.143531 0.000000 0.026038 0.977287 -0.210314 0.000000 -0.141222 0.211871 0.967041 0.000000 -1.019493 -1.657390 -2.168159 1.000000
aniFrame
  m_time 1.237000
  m_vertexTransformMat 0.991967 -0.011774 0.125949 0.000000 0.037189 0.978804 -0.201398 0.000000 -0.120908 0.204464 0.971379 0.000000 -0.999540 -1.528189 -2.018975 1.000000
aniFrame
  m_time 1.253000
  m_vertexTransformMat 0.993691 -0.032269 0.107411 0.000000 0.052604 0.979932 -0.192266 0.000000 -0.099052 0.196703 0.975447 0.000000 -0.970777 -1.385390 -1.836815 1.000000
aniFrame
  m_time 1.269000
  m_vertexTransformMat 0.994649 -0.053554 0.088346 0.000000 0.069184 0.980371 -0.184627 0.000000 -0.076724 0.189751 0.978830 0.000000 -0.935773 -1.250977 -1.632813 1.000000
aniFrame
  m_time 1.285000
  m_vertexTransformMat 0.994791 -0.075091 0.068941 0.000000 0.086377 0.980071 -0.178883 0.000000 -0.054134 0.183906 0.981452 0.000000 -0.897431 -1.128263 -1.408329 1.000000
aniFrame
  m_time 1.301000
  m_vertexTransformMat 0.994328 -0.094136 0.049505 0.000000 0.101458 0.979165 -0.175903 0.000000 -0.031915 0.179928 0.983162 0.000000 -0.855970 -1.032511 -1.175651 1.000000
aniFrame
  m_time 1.317000
  m_vertexTransformMat 0.993560 -0.109093 0.030608 0.000000 0.112790 0.978010 -0.175425 0.000000 -0.010797 0.177748 0.984017 0.000000 -0.812864 -0.972973 -0.940967 1.000000
aniFrame
  m_time 1.333000
  m_vertexTransformMat 0.992739 -0.119699 0.011900 0.000000 0.119888 0.976517 -0.179000 0.000000 0.009805 0.179127 0.983777 0.000000 -0.769263 -0.945150 -0.711791 1.000000
aniFrame
  m_time 1.349000
  m_vertexTransformMat 0.992186 -0.124570 -0.006956 0.000000 0.121039 0.974586 -0.188497 0.000000 0.030260 0.186182 0.982049 0.000000 -0.725233 -0.948675 -0.493516 1.000000
aniFrame
  m_time 1.365000
  m_vertexTransformMat 0.991734 -0.125736 -0.025599 0.000000 0.118060 0.972282 -0.201818 0.000000 0.050265 0.197127 0.979089 0.000000 -0.681537 -0.976694 -0.293925 1.000000
aniFrame
  m_time 1.381000
  m_vertexTransformMat 0.991221 -0.124625 -0.044162 0.000000 0.112127 0.969324 -0.218723 0.000000 0.070066 0.211850 0.974787 0.000000 -0.638584 -1.019740 -0.123611 1.000000
aniFrame
  m_time 1.397000
  m_vertexTransformMat 0.990624 -0.121585 -0.062299 0.000000 0.103658 0.965974 -0.236960 0.000000 0.088990 0.228280 0.969520 0.000000 -0.594009 -1.076603 0.017586 1.000000
aniFrame
  m_time 1.413000
  m_vertexTransformMat 0.989890 -0.117559 -0.079363 0.000000 0.094009 0.962747 -0.253538 0.000000 0.106212 0.243514 0.964065 0.000000 -0.544522 -1.139151 0.121546 1.000000
aniFrame
  m_time 1.429000
  m_vertexTransformMat 0.989043 -0.112705 -0.095352 0.000000 0.083549 0.959823 -0.267881 0.000000 0.121712 0.256979 0.958722 0.000000 -0.487535 -1.203937 0.192681 1.000000
aniFrame
  m_time 1.445000
  m_vertexTransformMat 0.988116 -0.108211 -0.109168 0.000000 0.074429 0.958229 -0.276149 0.000000 0.134490 0.264742 0.954895 0.000000 -0.422846 -1.271243 0.234779 1.000000
aniFrame
  m_time 1.461000
  m_vertexTransformMat 0.987175 -0.103838 -0.121257 0.000000 0.066472 0.957941 -0.279162 0.000000 0.145145 0.267521 0.952557 0.000000 -0.342674 -1.324626 0.248471 1.000000
aniFrame
  m_time 1.477000
  m_vertexTransformMat 0.986264 -0.100624 -0.130991 0.000000 0.062002 0.960565 -0.271056 0.000000 0.153100 0.259211 0.953609 0.000000 -0.254030 -1.375699 0.232548 1.000000
aniFrame
  m_time 1.493000
  m_vertexTransformMat 0.985447 -0.098063 -0.138845 0.000000 0.060159 0.965152 -0.254683 0.000000 0.158982 0.242624 0.957005 0.000000 -0.149567 -1.398568 0.191402 1.000000
aniFrame
  m_time 1.509000
  m_vertexTransformMat 0.984740 -0.095025 -0.145798 0.000000 0.059486 0.971099 -0.231147 0.000000 0.163548 0.218947 0.961933 0.000000 -0.024978 -1.420843 0.129238 1.000000
aniFrame
  m_time 1.525000
  m_vertexTransformMat 0.984376 -0.091629 -0.150360 0.000000 0.060246 0.977662 -0.201367 0.000000 0.165452 0.189162 0.967907 0.000000 0.091512 -1.425946 0.050211 1.000000
aniFrame
  m_time 1.541000
  m_vertexTransformMat 0.984244 -0.086405 -0.154264 0.000000 0.059457 0.983396 -0.171457 0.000000 0.166517 0.159583 0.973039 0.000000 0.229420 -1.428979 -0.040402 1.000000
aniFrame
  m_time 1.557000
  m_vertexTransformMat 0.984616 -0.079700 -0.155501 0.000000 0.057826 0.988398 -0.140447 0.000000 0.164890 0.129294 0.977801 0.000000 0.352890 -1.438009 -0.142773 1.000000
aniFrame
  m_time 1.573000
  m_vertexTransformMat 0.985434 -0.070625 -0.154703 0.000000 0.052848 0.991824 -0.116158 0.000000 0.161642 0.106291 0.981109 0.000000 0.472039 -1.440603 -0.246304 1.000000
aniFrame
  m_time 1.589000
  m_vertexTransformMat 0.986622 -0.059278 -0.151863 0.000000 0.044791 0.994266 -0.097102 0.000000 0.156748 0.089001 0.983620 0.000000 0.585619 -1.465361 -0.352873 1.000000
aniFrame
  m_time 1.605000
  m_vertexTransformMat 0.988254 -0.044473 -0.146201 0.000000 0.031863 0.995656 -0.087489 0.000000 0.149457 0.081803 0.985379 0.000000 0.703850 -1.496212 -0.484697 1.000000
aniFrame
  m_time 1.621000
  m_vertexTransformMat 0.990097 -0.025606 -0.138031 0.000000 0.013463 0.996013 -0.088193 0.000000 0.139739 0.085461 0.986494 0.000000 0.833071 -1.548051 -0.645930 1.000000
aniFrame
  m_time 1.637000
  m_vertexTransformMat 0.991773 -0.003716 -0.127960 0.000000 -0.008457 0.995493 -0.094458 0.000000 0.127735 0.094763 0.987271 0.000000 0.971683 -1.605737 -0.836196 1.000000
aniFrame
  m_time 1.653000
  m_vertexTransformMat 0.992987 0.021797 -0.116200 0.000000 -0.034221 0.993775 -0.106023 0.000000 0.113165 0.109256 0.987551 0.000000 1.127296 -1.674160 -1.063868 1.000000
aniFrame
  m_time 1.669000
  m_vertexTransformMat 0.993372 0.048801 -0.104069 0.000000 -0.061158 0.991002 -0.119060 0.000000 0.097322 0.124636 0.987418 0.000000 1.275591 -1.740136 -1.292006 1.000000
aniFrame
  m_time 1.685000
  m_vertexTransformMat 0.992821 0.076910 -0.091602 0.000000 -0.088685 0.987233 -0.132316 0.000000 0.080256 0.139489 0.986966 0.000000 1.414150 -1.806703 -1.517061 1.000000
aniFrame
  m_time 1.701000
  m_vertexTransformMat 0.991335 0.104332 -0.079814 0.000000 -0.114950 0.983070 -0.142688 0.000000 0.063576 0.150626 0.986545 0.000000 1.524414 -1.863139 -1.712385 1.000000
aniFrame
  m_time 1.717000
  m_vertexTransformMat 0.989231 0.129144 -0.068880 0.000000 -0.138141 0.979324 -0.147789 0.000000 0.048369 0.155712 0.986618 0.000000 1.590034 -1.901892 -1.863119 1.000000
aniFrame
  m_time 1.733000
  m_vertexTransformMat 0.986605 0.152332 -0.058352 0.000000 -0.159432 0.976153 -0.147332 0.000000 0.034517 0.154661 0.987365 0.000000 1.622092 -1.930213 -1.971526 1.000000
aniFrame
  m_time 1.749000
  m_vertexTransformMat 0.983584 0.173865 -0.048317 0.000000 -0.179002 0.973943 -0.139259 0.000000 0.022846 0.145622 0.989077 0.000000 1.617792 -1.947684 -2.027978 1.000000
aniFrame
  m_time 1.765000
  m_vertexTransformMat 0.980282 0.193976 -0.037686 0.000000 -0.197233 0.972150 -0.126582 0.000000 0.012083 0.131519 0.991240 0.000000 1.594323 -1.961699 -2.047688 1.000000
aniFrame
  m_time 1.781000
  m_vertexTransformMat 0.976523 0.213878 -0.025669 0.000000 -0.215411 0.970055 -0.112213 0.000000 0.000900 0.115108 0.993353 0.000000 1.573615 -1.978465 -2.041584 1.000000
aniFrame
  m_time 1.797000
  m_vertexTransformMat 0.972623 0.232056 -0.012425 0.000000 -0.232157 0.967872 -0.096574 0.000000 -0.010385 0.096815 0.995248 0.000000 1.550499 -1.998761 -2.009929 1.000000
aniFrame
  m_time 1.813000
  m_vertexTransformMat 0.969003 0.247042 0.001824 0.000000 -0.246066 0.965779 -0.081989 0.000000 -0.022016 0.078999 0.996631 0.000000 1.528796 -2.024906 -1.956160 1.000000
aniFrame
  m_time 1.829000
  m_vertexTransformMat 0.965840 0.258594 0.016826 0.000000 -0.256904 0.963995 -0.068666 0.000000 -0.033977 0.061998 0.997498 0.000000 1.506212 -2.054901 -1.882892 1.000000
aniFrame
  m_time 1.845000
  m_vertexTransformMat 0.963674 0.265148 0.032093 0.000000 -0.263002 0.962998 -0.058859 0.000000 -0.046512 0.048281 0.997750 0.000000 1.481036 -2.087961 -1.800354 1.000000
aniFrame
  m_time 1.861000
  m_vertexTransformMat 0.962593 0.266766 0.047428 0.000000 -0.264321 0.963028 -0.052065 0.000000 -0.059564 0.037581 0.997517 0.000000 1.451780 -2.119027 -1.707707 1.000000
aniFrame
  m_time 1.877000
  m_vertexTransformMat 0.963182 0.261398 0.062861 0.000000 -0.258662 0.964753 -0.048441 0.000000 -0.073308 0.030397 0.996846 0.000000 1.411886 -2.131452 -1.614684 1.000000
aniFrame
  m_time 1.893000
  m_vertexTransformMat 0.965148 0.249726 0.078270 0.000000 -0.246586 0.967949 -0.047654 0.000000 -0.087662 0.026693 0.995793 0.000000 1.362808 -2.126233 -1.520589 1.000000
aniFrame
  m_time 1.909000
  m_vertexTransformMat 0.967918 0.233114 0.093776 0.000000 -0.229516 0.972139 -0.047624 0.000000 -0.102265 0.024573 0.994454 0.000000 1.307789 -2.110059 -1.435912 1.000000
aniFrame
  m_time 1.925000
  m_vertexTransformMat 0.971221 0.211575 0.109392 0.000000 -0.207361 0.977052 -0.048691 0.000000 -0.117183 0.024606 0.992805 0.000000 1.246780 -2.078665 -1.359792 1.000000
aniFrame
  m_time 1.941000
  m_vertexTransformMat 0.974108 0.188226 0.125234 0.000000 -0.183130 0.981758 -0.051140 0.000000 -0.132576 0.026882 0.990808 0.000000 1.188097 -2.049114 -1.302958 1.000000
aniFrame
  m_time 1.957000
  m_vertexTransformMat 0.976438 0.162947 0.141481 0.000000 -0.156524 0.986115 -0.055469 0.000000 -0.148555 0.032017 0.988386 0.000000 1.128898 -2.011566 -1.263825 1.000000
aniFrame
  m_time 1.973000
  m_vertexTransformMat 0.977605 0.138958 0.158049 0.000000 -0.130730 0.989517 -0.061365 0.000000 -0.164919 0.039329 0.985523 0.000000 1.068832 -1.991437 -1.255822 1.000000
aniFrame
  m_time 1.989000
  m_vertexTransformMat 0.977599 0.116603 0.175225 0.000000 -0.105772 0.991926 -0.069960 0.000000 -0.181968 0.049859 0.982040 0.000000 1.001368 -1.971300 -1.277257 1.000000
aniFrame
  m_time 2.005000
  m_vertexTransformMat 0.976522 0.096156 0.192767 0.000000 -0.081860 0.993361 -0.080821 0.000000 -0.199259 0.063144 0.977910 0.000000 0.927150 -1.972503 -1.327230 1.000000
aniFrame
  m_time 2.021000
  m_vertexTransformMat 0.974412 0.078375 0.210663 0.000000 -0.059276 0.993663 -0.095502 0.000000 -0.216813 0.080570 0.972882 0.000000 0.843530 -1.976909 -1.403923 1.000000
aniFrame
  m_time 2.037000
  m_vertexTransformMat 0.971383 0.061302 0.229469 0.000000 -0.036163 0.993027 -0.112203 0.000000 -0.234747 0.100694 0.966827 0.000000 0.743730 -1.990271 -1.499073 1.000000
aniFrame
  m_time 2.053000
  m_vertexTransformMat 0.967764 0.044859 0.247834 0.000000 -0.012306 0.991258 -0.131367 0.000000 -0.251560 0.124082 0.959855 0.000000 0.651136 -2.005013 -1.611076 1.000000
aniFrame
  m_time 2.069000
  m_vertexTransformMat 0.963139 0.029131 0.267424 0.000000 0.012224 0.988353 -0.151689 0.000000 -0.268728 0.149366 0.951565 0.000000 0.538964 -2.015670 -1.730612 1.000000
aniFrame
  m_time 2.085000
  m_vertexTransformMat 0.957942 0.014029 0.286620 0.000000 0.037057 0.984394 -0.172032 0.000000 -0.284560 0.175418 0.942472 0.000000 0.435036 -2.035270 -1.857935 1.000000
aniFrame
  m_time 2.101000
  m_vertexTransformMat 0.952155 -0.000216 0.305617 0.000000 0.061994 0.979347 -0.192449 0.000000 -0.299263 0.202188 0.932503 0.000000 0.337009 -2.041352 -1.981971 1.000000
aniFrame
  m_time 2.117000
  m_vertexTransformMat 0.945618 -0.014640 0.324951 0.000000 0.087143 0.973872 -0.209712 0.000000 -0.313391 0.226624 0.922186 0.000000 0.234680 -2.065774 -2.100895 1.000000
aniFrame
  m_time 2.133000
