m_aniFrameList.size 84
aniFrame
  m_time -1.066000
  m_vertexTransformMat 0.938747 -0.027530 0.343507 0.000000 0.111868 0.967165 -0.228203 0.000000 -0.325946 0.252652 0.911003 0.000000 0.151156 -2.057024 -2.212451 1.000000
aniFrame
  m_time -1.027000
  m_vertexTransformMat 0.956965 -0.009305 0.290054 0.000000 0.079133 0.969976 -0.229965 0.000000 -0.279206 0.243022 0.928970 0.000000 -0.256426 -1.988812 -2.289678 1.000000
aniFrame
  m_time -0.988000
  m_vertexTransformMat 0.971409 0.011925 0.237111 0.000000 0.043982 0.972410 -0.229094 0.000000 -0.233301 0.232973 0.944084 0.000000 -0.654320 -1.914049 -2.401350 1.000000
aniFrame
  m_time -0.949000
  m_vertexTransformMat 0.981993 0.021504 0.187690 0.000000 0.021223 0.974654 -0.222710 0.000000 -0.187722 0.222683 0.956647 0.000000 -0.915780 -1.793800 -2.400132 1.000000
aniFrame
  m_time -0.910000
  m_vertexTransformMat 0.989743 0.002804 0.142832 0.000000 0.027211 0.977804 -0.207750 0.000000 -0.140244 0.209505 0.967698 0.000000 -0.980381 -1.580227 -2.167568 1.000000
aniFrame
  m_time -0.871000
  m_vertexTransformMat 0.994277 -0.043571 0.097549 0.000000 0.061390 0.980272 -0.187882 0.000000 -0.087438 0.192795 0.977336 0.000000 -0.941502 -1.288815 -1.733318 1.000000
aniFrame
  m_time -0.832000
  m_vertexTransformMat 0.994352 -0.093448 0.050308 0.000000 0.100928 0.979209 -0.175963 0.000000 -0.032819 0.180047 0.983110 0.000000 -0.857811 -1.035823 -1.185262 1.000000
aniFrame
  m_time -0.793000
  m_vertexTransformMat 0.992487 -0.122272 0.004430 0.000000 0.121029 0.975799 -0.182124 0.000000 0.017946 0.181292 0.983266 0.000000 -0.751961 -0.943100 -0.624601 1.000000
aniFrame
  m_time -0.754000
  m_vertexTransformMat 0.991306 -0.125003 -0.041062 0.000000 0.113369 0.969873 -0.215622 0.000000 0.066779 0.209092 0.975613 0.000000 -0.645819 -1.011707 -0.150298 1.000000
aniFrame
  m_time -0.715000
  m_vertexTransformMat 0.989675 -0.116241 -0.083859 0.000000 0.091115 0.961851 -0.257957 0.000000 0.110645 0.247652 0.962510 0.000000 -0.529733 -1.155649 0.143888 1.000000
aniFrame
  m_time -0.676000
  m_vertexTransformMat 0.987453 -0.105032 -0.117920 0.000000 0.068526 0.957768 -0.279258 0.000000 0.142271 0.267674 0.952948 0.000000 -0.367636 -1.308976 0.247527 1.000000
aniFrame
  m_time -0.637000
  m_vertexTransformMat 0.985330 -0.097651 -0.139960 0.000000 0.059968 0.965932 -0.251755 0.000000 0.159776 0.239669 0.957617 0.000000 -0.131630 -1.401275 0.183630 1.000000
aniFrame
  m_time -0.598000
  m_vertexTransformMat 0.984258 -0.088782 -0.152817 0.000000 0.059893 0.981061 -0.184207 0.000000 0.166277 0.172154 0.970935 0.000000 0.171120 -1.425212 -0.000786 1.000000
aniFrame
  m_time -0.559000
  m_vertexTransformMat 0.985454 -0.070414 -0.154670 0.000000 0.052713 0.991884 -0.115708 0.000000 0.161562 0.105872 0.981167 0.000000 0.474484 -1.440884 -0.248431 1.000000
aniFrame
  m_time -0.520000
  m_vertexTransformMat 0.989097 -0.036277 -0.142726 0.000000 0.023997 0.995934 -0.086835 0.000000 0.145295 0.082463 0.985946 0.000000 0.761941 -1.517201 -0.555169 1.000000
aniFrame
  m_time -0.481000
  m_vertexTransformMat 0.992895 0.019010 -0.117467 0.000000 -0.031412 0.994013 -0.104649 0.000000 0.114774 0.107595 0.987548 0.000000 1.110854 -1.666651 -1.039309 1.000000
aniFrame
  m_time -0.442000
  m_vertexTransformMat 0.992416 0.086318 -0.087521 0.000000 -0.097772 0.985821 -0.136376 0.000000 0.074508 0.143899 0.986784 0.000000 1.455890 -1.828111 -1.587973 1.000000
aniFrame
  m_time -0.403000
  m_vertexTransformMat 0.987253 0.147122 -0.060720 0.000000 -0.154670 0.976817 -0.148006 0.000000 0.037538 0.155511 0.987121 0.000000 1.617247 -1.924731 -1.951145 1.000000
aniFrame
  m_time -0.364000
  m_vertexTransformMat 0.979543 0.198116 -0.035283 0.000000 -0.200998 0.971727 -0.123883 0.000000 0.009742 0.128440 0.991670 0.000000 1.590410 -1.965076 -2.049027 1.000000
aniFrame
  m_time -0.325000
  m_vertexTransformMat 0.970271 0.242000 -0.003355 0.000000 -0.241363 0.966508 -0.087215 0.000000 -0.017863 0.085432 0.996184 0.000000 1.536468 -2.014282 -1.978017 1.000000
aniFrame
  m_time -0.286000
  m_vertexTransformMat 0.963524 0.265585 0.032951 0.000000 -0.263392 0.962885 -0.058977 0.000000 -0.047391 0.048146 0.997716 0.000000 1.477179 -2.087957 -1.788229 1.000000
aniFrame
  m_time -0.247000
  m_vertexTransformMat 0.964078 0.256312 0.069693 0.000000 -0.253224 0.966106 -0.050177 0.000000 -0.080192 0.030727 0.996306 0.000000 1.374648 -2.144029 -1.550810 1.000000
aniFrame
  m_time -0.208000
  m_vertexTransformMat 0.971136 0.213279 0.106807 0.000000 -0.208649 0.976558 -0.052921 0.000000 -0.115590 0.029108 0.992870 0.000000 1.217963 -2.129635 -1.338088 1.000000
aniFrame
  m_time -0.169000
  m_vertexTransformMat 0.977207 0.154423 0.145666 0.000000 -0.146494 0.987156 -0.063743 0.000000 -0.153639 0.040951 0.987278 0.000000 1.053694 -2.090747 -1.225317 1.000000
aniFrame
  m_time -0.130000
  m_vertexTransformMat 0.977008 0.100888 0.187821 0.000000 -0.085912 0.992562 -0.086259 0.000000 -0.195127 0.068140 0.978408 0.000000 0.886102 -2.090689 -1.279982 1.000000
aniFrame
  m_time -0.091000
  m_vertexTransformMat 0.968448 0.051631 0.243811 0.000000 -0.020663 0.991571 -0.127907 0.000000 -0.248360 0.118834 0.961351 0.000000 0.691012 -2.100848 -1.523433 1.000000
aniFrame
  m_time -0.052000
  m_vertexTransformMat 0.952401 0.005979 0.304790 0.000000 0.050821 0.982703 -0.178081 0.000000 -0.300583 0.185094 0.935623 0.000000 0.478038 -2.088500 -1.867963 1.000000
aniFrame
  m_time -0.013000
  m_vertexTransformMat 0.939751 -0.022888 0.341094 0.000000 0.102923 0.970406 -0.218447 0.000000 -0.326000 0.240392 0.914296 0.000000 0.249605 -2.065103 -2.146544 1.000000
aniFrame
  m_time 0.025000
  m_vertexTransformMat 0.943903 -0.025469 0.329239 0.000000 0.109411 0.964827 -0.239037 0.000000 -0.311571 0.261650 0.913490 0.000000 -0.087456 -2.044650 -2.298932 1.000000
aniFrame
  m_time 0.064000
  m_vertexTransformMat 0.961072 -0.004605 0.276259 0.000000 0.074515 0.967133 -0.243106 0.000000 -0.266059 0.254228 0.929828 0.000000 -0.532674 -2.016917 -2.403294 1.000000
aniFrame
  m_time 0.103000
  m_vertexTransformMat 0.977523 0.017631 0.210090 0.000000 0.032730 0.971725 -0.233837 0.000000 -0.208273 0.235457 0.949307 0.000000 -0.898836 -1.938570 -2.417150 1.000000
aniFrame
  m_time 0.142000
  m_vertexTransformMat 0.987524 0.014438 0.156805 0.000000 0.020190 0.975961 -0.217010 0.000000 -0.156169 0.217469 0.963493 0.000000 -1.026966 -1.749058 -2.262541 1.000000
aniFrame
  m_time 0.181000
  m_vertexTransformMat 0.993204 -0.025088 0.113652 0.000000 0.047087 0.979623 -0.195248 0.000000 -0.106438 0.199272 0.974147 0.000000 -0.981536 -1.433596 -1.900819 1.000000
aniFrame
  m_time 0.220000
  m_vertexTransformMat 0.994762 -0.077283 0.066910 0.000000 0.088137 0.979999 -0.178420 0.000000 -0.051783 0.183382 0.981677 0.000000 -0.893206 -1.116519 -1.384082 1.000000
aniFrame
  m_time 0.259000
  m_vertexTransformMat 0.993096 -0.115503 0.020498 0.000000 0.117307 0.977257 -0.176658 0.000000 0.000373 0.177843 0.984059 0.000000 -0.789200 -0.953832 -0.814928 1.000000
aniFrame
  m_time 0.298000
  m_vertexTransformMat 0.991744 -0.125729 -0.025214 0.000000 0.118145 0.972333 -0.201519 0.000000 0.049854 0.196876 0.979160 0.000000 -0.682429 -0.975920 -0.297743 1.000000
aniFrame
  m_time 0.337000
  m_vertexTransformMat 0.990325 -0.120133 -0.069462 0.000000 0.099930 0.964691 -0.243692 0.000000 0.096285 0.234393 0.967362 0.000000 -0.574405 -1.103670 0.065184 1.000000
aniFrame
  m_time 0.376000
  m_vertexTransformMat 0.988250 -0.108885 -0.107262 0.000000 0.075739 0.958425 -0.275111 0.000000 0.132758 0.263754 0.955410 0.000000 -0.433170 -1.262847 0.230365 1.000000
aniFrame
  m_time 0.415000
  m_vertexTransformMat 0.986021 -0.099878 -0.133365 0.000000 0.061308 0.961747 -0.266990 0.000000 0.154930 0.255081 0.954427 0.000000 -0.226583 -1.384533 0.222871 1.000000
aniFrame
  m_time 0.454000
  m_vertexTransformMat 0.984449 -0.092678 -0.149238 0.000000 0.060106 0.975944 -0.209575 0.000000 0.165070 0.197345 0.966337 0.000000 0.058663 -1.426629 0.072742 1.000000
aniFrame
  m_time 0.493000
  m_vertexTransformMat 0.984728 -0.078375 -0.155460 0.000000 0.057285 0.989081 -0.135786 0.000000 0.164404 0.124807 0.978466 0.000000 0.372277 -1.438371 -0.160168 1.000000
aniFrame
  m_time 0.532000
  m_vertexTransformMat 0.987562 -0.050841 -0.148784 0.000000 0.037706 0.995245 -0.089807 0.000000 0.152643 0.083080 0.984783 0.000000 0.655358 -1.483832 -0.428432 1.000000
aniFrame
  m_time 0.571000
  m_vertexTransformMat 0.991835 -0.002728 -0.127499 0.000000 -0.009453 0.995448 -0.094833 0.000000 0.127177 0.095264 0.987295 0.000000 0.977866 -1.608255 -0.845024 1.000000
aniFrame
  m_time 0.610000
  m_vertexTransformMat 0.993234 0.062119 -0.098119 0.000000 -0.074263 0.989322 -0.125410 0.000000 0.089281 0.131848 0.987242 0.000000 1.343169 -1.771439 -1.400287 1.000000
aniFrame
  m_time 0.649000
  m_vertexTransformMat 0.989426 0.127149 -0.069777 0.000000 -0.136295 0.979618 -0.147554 0.000000 0.049593 0.155504 0.986590 0.000000 1.585967 -1.899042 -1.851987 1.000000
aniFrame
  m_time 0.688000
  m_vertexTransformMat 0.982451 0.181086 -0.044692 0.000000 -0.185543 0.973322 -0.134975 0.000000 0.019058 0.140899 0.989841 0.000000 1.609647 -1.952522 -2.038006 1.000000
aniFrame
  m_time 0.727000
  m_vertexTransformMat 0.973412 0.228554 -0.015265 0.000000 -0.228923 0.968325 -0.099704 0.000000 -0.008006 0.100548 0.994900 0.000000 1.555268 -1.994299 -2.018285 1.000000
aniFrame
  m_time 0.766000
  m_vertexTransformMat 0.965259 0.260521 0.020104 0.000000 -0.258704 0.963663 -0.066532 0.000000 -0.036706 0.059019 0.997582 0.000000 1.500347 -2.058400 -1.862840 1.000000
aniFrame
  m_time 0.805000
  m_vertexTransformMat 0.962786 0.264223 0.056831 0.000000 -0.261508 0.963855 -0.050963 0.000000 -0.068242 0.034205 0.997082 0.000000 1.419131 -2.134459 -1.635889 1.000000
aniFrame
  m_time 0.844000
  m_vertexTransformMat 0.968278 0.231642 0.093703 0.000000 -0.227664 0.972389 -0.051268 0.000000 -0.102992 0.028309 0.994279 0.000000 1.277408 -2.142902 -1.406307 1.000000
aniFrame
  m_time 0.883000
  m_vertexTransformMat 0.975591 0.175685 0.131748 0.000000 -0.169217 0.983819 -0.058862 0.000000 -0.139957 0.035131 0.989534 0.000000 1.110894 -2.103454 -1.249530 1.000000
aniFrame
  m_time 0.922000
  m_vertexTransformMat 0.977894 0.119104 0.171863 0.000000 -0.107272 0.991275 -0.076594 0.000000 -0.179487 0.056465 0.982139 0.000000 0.947440 -2.084051 -1.238778 1.000000
aniFrame
  m_time 0.961000
  m_vertexTransformMat 0.972469 0.069202 0.222521 0.000000 -0.045033 0.992697 -0.111914 0.000000 -0.228640 0.098812 0.968483 0.000000 0.766772 -2.096125 -1.420987 1.000000
aniFrame
  m_time 1.000000
  m_vertexTransformMat 0.958444 0.020641 0.284532 0.000000 0.026609 0.986563 -0.161202 0.000000 -0.284036 0.162074 0.945017 0.000000 0.560144 -2.088747 -1.745809 1.000000
aniFrame
  m_time 1.039000
  m_vertexTransformMat 0.942955 -0.014797 0.332592 0.000000 0.088170 0.974440 -0.206626 0.000000 -0.321033 0.224164 0.920157 0.000000 0.336039 -2.069626 -2.066449 1.000000
aniFrame
  m_time 1.078000
  m_vertexTransformMat 0.940147 -0.027924 0.339625 0.000000 0.113360 0.965504 -0.234419 0.000000 -0.321363 0.258888 0.910880 0.000000 0.048468 -2.047965 -2.256883 1.000000
aniFrame
  m_time 1.117000
  m_vertexTransformMat 0.954454 -0.013604 0.298048 0.000000 0.089817 0.965722 -0.243546 0.000000 -0.284519 0.259223 0.922959 0.000000 -0.373379 -2.027978 -2.371846 1.000000
aniFrame
  m_time 1.156000
  m_vertexTransformMat 0.972500 0.011609 0.232615 0.000000 0.045415 0.970134 -0.238282 0.000000 -0.228434 0.242293 0.942928 0.000000 -0.793896 -1.976333 -2.428485 1.000000
aniFrame
  m_time 1.195000
  m_vertexTransformMat 0.984620 0.020295 0.173527 0.000000 0.019357 0.974442 -0.223804 0.000000 -0.173634 0.223721 0.959063 0.000000 -1.008347 -1.833281 -2.341151 1.000000
aniFrame
  m_time 1.234000
  m_vertexTransformMat 0.991561 -0.008460 0.129371 0.000000 0.034847 0.978539 -0.203094 0.000000 -0.124876 0.205888 0.970576 0.000000 -1.003471 -1.553291 -2.049286 1.000000
aniFrame
  m_time 1.273000
  m_vertexTransformMat 0.994766 -0.058877 0.083519 0.000000 0.073391 0.980366 -0.183018 0.000000 -0.071103 0.188189 0.979556 0.000000 -0.926619 -1.219426 -1.578709 1.000000
aniFrame
  m_time 1.312000
  m_vertexTransformMat 0.993826 -0.104791 0.036458 0.000000 0.109594 0.978398 -0.175290 0.000000 -0.017302 0.178203 0.983842 0.000000 -0.826475 -0.988292 -1.014608 1.000000
aniFrame
  m_time 1.351000
  m_vertexTransformMat 0.992132 -0.124854 -0.009304 0.000000 0.120831 0.974319 -0.190008 0.000000 0.032788 0.187389 0.981739 0.000000 -0.719705 -0.951009 -0.467082 1.000000
aniFrame
  m_time 1.390000
  m_vertexTransformMat 0.990907 -0.123018 -0.054504 0.000000 0.107490 0.967412 -0.229261 0.000000 0.080931 0.221317 0.971838 0.000000 -0.613807 -1.049860 -0.039829 1.000000
aniFrame
  m_time 1.429000
  m_vertexTransformMat 0.989043 -0.112705 -0.095352 0.000000 0.083549 0.959823 -0.267881 0.000000 0.121712 0.256979 0.958722 0.000000 -0.487535 -1.203937 0.192681 1.000000
aniFrame
  m_time 1.468000
  m_vertexTransformMat 0.986759 -0.102258 -0.125896 0.000000 0.064023 0.958753 -0.276937 0.000000 0.149022 0.265210 0.952605 0.000000 -0.303808 -1.349988 0.245056 1.000000
aniFrame
  m_time 1.507000
  m_vertexTransformMat 0.984809 -0.095398 -0.145090 0.000000 0.059429 0.970276 -0.234591 0.000000 0.163157 0.222405 0.961206 0.000000 -0.039565 -1.418476 0.138144 1.000000
aniFrame
  m_time 1.546000
  m_vertexTransformMat 0.984299 -0.084496 -0.154973 0.000000 0.059133 0.985095 -0.161528 0.000000 0.166312 0.149828 0.974624 0.000000 0.270221 -1.432657 -0.071690 1.000000
aniFrame
  m_time 1.585000
  m_vertexTransformMat 0.986282 -0.062380 -0.152825 0.000000 0.047166 0.993744 -0.101230 0.000000 0.158184 0.092634 0.983055 0.000000 0.557571 -1.457609 -0.324743 1.000000
aniFrame
  m_time 1.624000
  m_vertexTransformMat 0.990434 -0.021699 -0.136275 0.000000 0.009566 0.995980 -0.089065 0.000000 0.137660 0.086909 0.986659 0.000000 0.858287 -1.559368 -0.679257 1.000000
aniFrame
  m_time 1.663000
  m_vertexTransformMat 0.993333 0.038705 -0.108591 0.000000 -0.051158 0.992124 -0.114340 0.000000 0.103310 0.119133 0.987489 0.000000 1.222725 -1.717301 -1.209041 1.000000
aniFrame
  m_time 1.702000
  m_vertexTransformMat 0.991219 0.105946 -0.079121 0.000000 -0.116474 0.982825 -0.143140 0.000000 0.062597 0.151098 0.986535 0.000000 1.529659 -1.865842 -1.722789 1.000000
aniFrame
  m_time 1.741000
  m_vertexTransformMat 0.985127 0.163351 -0.053314 0.000000 -0.169466 0.974922 -0.144255 0.000000 0.028413 0.151144 0.988104 0.000000 1.624775 -1.940008 -2.005779 1.000000
aniFrame
  m_time 1.780000
  m_vertexTransformMat 0.976769 0.212653 -0.026457 0.000000 -0.214287 0.970190 -0.113192 0.000000 0.001597 0.116231 0.993221 0.000000 1.575035 -1.977350 -2.042821 1.000000
aniFrame
  m_time 1.819000
  m_vertexTransformMat 0.967721 0.251918 0.007384 0.000000 -0.250635 0.965040 -0.076681 0.000000 -0.026443 0.072355 0.997028 0.000000 1.520622 -2.035876 -1.930045 1.000000
aniFrame
  m_time 1.858000
  m_vertexTransformMat 0.962682 0.266944 0.044543 0.000000 -0.264549 0.962908 -0.053117 0.000000 -0.057070 0.039351 0.997594 0.000000 1.457924 -2.114175 -1.725193 1.000000
aniFrame
  m_time 1.897000
  m_vertexTransformMat 0.965768 0.246063 0.082137 0.000000 -0.242814 0.968904 -0.047607 0.000000 -0.091297 0.026034 0.995484 0.000000 1.349695 -2.123611 -1.498529 1.000000
aniFrame
  m_time 1.936000
  m_vertexTransformMat 0.973248 0.195780 0.120245 0.000000 -0.191003 0.980307 -0.050158 0.000000 -0.127697 0.025849 0.991476 0.000000 1.206328 -2.059713 -1.319067 1.000000
aniFrame
  m_time 1.975000
  m_vertexTransformMat 0.977666 0.136084 0.160158 0.000000 -0.127578 0.989870 -0.062294 0.000000 -0.167013 0.040470 0.985124 0.000000 1.060896 -1.988773 -1.256977 1.000000
aniFrame
  m_time 2.014000
  m_vertexTransformMat 0.975460 0.085918 0.202721 0.000000 -0.069098 0.993663 -0.088650 0.000000 -0.209053 0.072467 0.975215 0.000000 0.882301 -1.975203 -1.367623 1.000000
aniFrame
  m_time 2.053000
  m_vertexTransformMat 0.967764 0.044859 0.247834 0.000000 -0.012306 0.991258 -0.131367 0.000000 -0.251560 0.124082 0.959855 0.000000 0.651136 -2.005013 -1.611076 1.000000
aniFrame
  m_time 2.092000
  m_vertexTransformMat 0.955529 0.007729 0.294795 0.000000 0.047932 0.982293 -0.181117 0.000000 -0.290975 0.187193 0.938239 0.000000 0.394031 -2.039570 -1.913440 1.000000
aniFrame
  m_time 2.131000
  m_vertexTransformMat 0.939631 -0.026130 0.341192 0.000000 0.108820 0.968136 -0.225544 0.000000 -0.324427 0.249056 0.912534 0.000000 0.160832 -2.063906 -2.199327 1.000000
aniFrame
  m_time 2.133000
  m_vertexTransformMat 0.938747 -0.027530 0.343507 0.000000 0.111868 0.967165 -0.228203 0.000000 -0.325946 0.252652 0.911003 0.000000 0.151156 -2.057025 -2.212451 1.000000
