m_aniFrameList.size 84
aniFrame
  m_time -1.066000
  m_vertexTransformMat -0.169914 0.397977 0.901523 0.000000 0.895033 0.445131 -0.027813 0.000000 -0.412365 0.802167 -0.431837 0.000000 -12.506250 21.056353 -9.824297 1.000000
aniFrame
  m_time -1.027000
  m_vertexTransformMat -0.245053 0.315151 0.916859 0.000000 0.849054 0.526298 0.046027 0.000000 -0.468035 0.789742 -0.396550 0.000000 -15.171438 19.021982 -9.595550 1.000000
aniFrame
  m_time -0.988000
  m_vertexTransformMat -0.319267 0.208923 0.924348 0.000000 0.785256 0.604358 0.134627 0.000000 -0.530510 0.768832 -0.357010 0.000000 -17.838257 16.455826 -9.527434 1.000000
aniFrame
  m_time -0.949000
  m_vertexTransformMat -0.372685 0.098319 0.922735 0.000000 0.713073 0.666672 0.216969 0.000000 -0.593829 0.738838 -0.318567 0.000000 -19.980104 13.685063 -9.512559 1.000000
aniFrame
  m_time -0.910000
  m_vertexTransformMat -0.394576 0.008156 0.918828 0.000000 0.649549 0.709757 0.272639 0.000000 -0.649920 0.704400 -0.285351 0.000000 -21.293428 11.204607 -9.304506 1.000000
aniFrame
  m_time -0.871000
  m_vertexTransformMat -0.382080 -0.034175 0.923498 0.000000 0.614059 0.737413 0.281344 0.000000 -0.690614 0.674578 -0.260765 0.000000 -21.781717 9.603524 -8.734828 1.000000
aniFrame
  m_time -0.832000
  m_vertexTransformMat -0.344166 -0.028202 0.938485 0.000000 0.608532 0.754488 0.245836 0.000000 -0.715009 0.655707 -0.242507 0.000000 -21.683073 8.929843 -7.820714 1.000000
aniFrame
  m_time -0.793000
  m_vertexTransformMat -0.294098 0.002593 0.955772 0.000000 0.617774 0.763547 0.188022 0.000000 -0.729289 0.645748 -0.226159 0.000000 -21.287033 8.700686 -6.776357 1.000000
aniFrame
  m_time -0.754000
  m_vertexTransformMat -0.235895 0.053168 0.970323 0.000000 0.633983 0.765164 0.112201 0.000000 -0.736490 0.641636 -0.214206 0.000000 -20.661053 8.809920 -5.845402 1.000000
aniFrame
  m_time -0.715000
  m_vertexTransformMat -0.172849 0.119181 0.977711 0.000000 0.650963 0.758773 0.022591 0.000000 -0.739169 0.640359 -0.208735 0.000000 -19.865557 9.187634 -5.238273 1.000000
aniFrame
  m_time -0.676000
  m_vertexTransformMat -0.107619 0.195639 0.974753 0.000000 0.664132 0.743747 -0.075950 0.000000 -0.739828 0.639191 -0.209972 0.000000 -18.949921 9.760555 -5.014441 1.000000
aniFrame
  m_time -0.637000
  m_vertexTransformMat -0.044440 0.277192 0.959787 0.000000 0.667239 0.723265 -0.177988 0.000000 -0.743517 0.632497 -0.217095 0.000000 -18.024773 10.386198 -5.165370 1.000000
aniFrame
  m_time -0.598000
  m_vertexTransformMat 0.012461 0.359202 0.933177 0.000000 0.659263 0.698728 -0.277760 0.000000 -0.751809 0.618670 -0.228102 0.000000 -17.165434 11.016136 -5.646727 1.000000
aniFrame
  m_time -0.559000
  m_vertexTransformMat 0.058397 0.436971 0.897578 0.000000 0.639668 0.673906 -0.369697 0.000000 -0.766430 0.595741 -0.240162 0.000000 -16.483992 11.578846 -6.359761 1.000000
aniFrame
  m_time -0.520000
  m_vertexTransformMat 0.091103 0.511393 0.854505 0.000000 0.603833 0.653967 -0.455755 0.000000 -0.791887 0.557499 -0.249218 0.000000 -16.052332 12.039175 -7.220049 1.000000
aniFrame
  m_time -0.481000
  m_vertexTransformMat 0.108785 0.603358 0.790016 0.000000 0.531668 0.636196 -0.559092 0.000000 -0.839937 0.480847 -0.251577 0.000000 -15.943988 12.491051 -8.499690 1.000000
aniFrame
  m_time -0.442000
  m_vertexTransformMat 0.107462 0.702632 0.703393 0.000000 0.432713 0.603911 -0.669366 0.000000 -0.895104 0.376298 -0.239140 0.000000 -16.163137 12.911698 -10.055560 1.000000
aniFrame
  m_time -0.403000
  m_vertexTransformMat 0.089957 0.782782 0.615760 0.000000 0.339675 0.557082 -0.757813 0.000000 -0.936231 0.277329 -0.215778 0.000000 -16.631762 13.272593 -11.415580 1.000000
aniFrame
  m_time -0.364000
  m_vertexTransformMat 0.068664 0.828768 0.555363 0.000000 0.281944 0.517864 -0.807666 0.000000 -0.956971 0.212039 -0.198107 0.000000 -17.113552 13.658501 -12.244677 1.000000
aniFrame
  m_time -0.325000
  m_vertexTransformMat 0.058116 0.833965 0.548749 0.000000 0.286038 0.512722 -0.809505 0.000000 -0.956454 0.204008 -0.208748 0.000000 -17.230665 14.268418 -12.463715 1.000000
aniFrame
  m_time -0.286000
  m_vertexTransformMat 0.053741 0.811418 0.581991 0.000000 0.342448 0.532512 -0.774055 0.000000 -0.937999 0.240900 -0.249251 0.000000 -16.996183 15.106762 -12.357273 1.000000
aniFrame
  m_time -0.247000
  m_vertexTransformMat 0.048368 0.773945 0.631403 0.000000 0.425722 0.555875 -0.713978 0.000000 -0.903560 0.303336 -0.302599 0.000000 -16.513885 16.128790 -12.136768 1.000000
aniFrame
  m_time -0.208000
  m_vertexTransformMat 0.037513 0.723338 0.689475 0.000000 0.525982 0.572358 -0.629087 0.000000 -0.849668 0.386250 -0.358991 0.000000 -15.799468 17.274923 -11.823923 1.000000
aniFrame
  m_time -0.169000
  m_vertexTransformMat 0.018267 0.663346 0.748091 0.000000 0.630380 0.573125 -0.523593 0.000000 -0.776072 0.481146 -0.407690 0.000000 -14.894202 18.433403 -11.443242 1.000000
aniFrame
  m_time -0.130000
  m_vertexTransformMat -0.011263 0.598143 0.801311 0.000000 0.726907 0.555183 -0.404201 0.000000 -0.686644 0.577926 -0.441047 0.000000 -13.922535 19.485891 -11.039044 1.000000
aniFrame
  m_time -0.091000
  m_vertexTransformMat -0.050973 0.532700 0.844768 0.000000 0.805782 0.521660 -0.280332 0.000000 -0.590014 0.666409 -0.455830 0.000000 -13.064535 20.331964 -10.636333 1.000000
aniFrame
  m_time -0.052000
  m_vertexTransformMat -0.098966 0.471085 0.876519 0.000000 0.860898 0.482295 -0.162007 0.000000 -0.499059 0.738560 -0.453287 0.000000 -12.497063 20.885654 -10.251363 1.000000
aniFrame
  m_time -0.013000
  m_vertexTransformMat -0.150167 0.416881 0.896472 0.000000 0.891001 0.450017 -0.060018 0.000000 -0.428448 0.789744 -0.439019 0.000000 -12.360923 21.110376 -9.922462 1.000000
aniFrame
  m_time 0.025000
  m_vertexTransformMat -0.213761 0.357292 0.909203 0.000000 0.890360 0.454210 0.030838 0.000000 -0.401951 0.816110 -0.415211 0.000000 -13.279943 20.610670 -9.696014 1.000000
aniFrame
  m_time 0.064000
  m_vertexTransformMat -0.296085 0.268729 0.916580 0.000000 0.849041 0.513649 0.123673 0.000000 -0.437566 0.814831 -0.380245 0.000000 -15.685480 18.829056 -9.649741 1.000000
aniFrame
  m_time 0.103000
  m_vertexTransformMat -0.366319 0.157131 0.917126 0.000000 0.774559 0.597679 0.206975 0.000000 -0.515624 0.786187 -0.340648 0.000000 -18.513142 15.972412 -9.694374 1.000000
aniFrame
  m_time 0.142000
  m_vertexTransformMat -0.399157 0.047173 0.915668 0.000000 0.688840 0.674532 0.265529 0.000000 -0.605122 0.736737 -0.301739 0.000000 -20.654524 12.710618 -9.538476 1.000000
aniFrame
  m_time 0.181000
  m_vertexTransformMat -0.391930 -0.023815 0.919687 0.000000 0.625905 0.725754 0.285526 0.000000 -0.674266 0.687542 -0.269539 0.000000 -21.665567 10.159299 -9.008123 1.000000
aniFrame
  m_time 0.220000
  m_vertexTransformMat -0.359121 -0.034449 0.932655 0.000000 0.607671 0.749839 0.261682 0.000000 -0.708355 0.660723 -0.248350 0.000000 -21.766916 9.077526 -8.163979 1.000000
aniFrame
  m_time 0.259000
  m_vertexTransformMat -0.312487 -0.010554 0.949864 0.000000 0.613550 0.761137 0.210303 0.000000 -0.725196 0.648506 -0.231370 0.000000 -21.453148 8.741883 -7.135311 1.000000
aniFrame
  m_time 0.298000
  m_vertexTransformMat -0.256703 0.033555 0.965907 0.000000 0.628267 0.765227 0.140387 0.000000 -0.734428 0.642886 -0.217517 0.000000 -20.898336 8.744553 -6.135611 1.000000
aniFrame
  m_time 0.337000
  m_vertexTransformMat -0.195059 0.094489 0.976230 0.000000 0.645836 0.761468 0.055341 0.000000 -0.738138 0.641279 -0.209555 0.000000 -20.154165 9.039482 -5.399899 1.000000
aniFrame
  m_time 0.376000
  m_vertexTransformMat -0.130081 0.167712 0.977217 0.000000 0.660995 0.749291 -0.040608 0.000000 -0.739029 0.640653 -0.208326 0.000000 -19.271599 9.554822 -5.040712 1.000000
aniFrame
  m_time 0.415000
  m_vertexTransformMat -0.065669 0.247985 0.966536 0.000000 0.667253 0.731122 -0.142250 0.000000 -0.741931 0.635583 -0.213481 0.000000 -18.348106 10.155606 -5.060257 1.000000
aniFrame
  m_time 0.454000
  m_vertexTransformMat -0.006463 0.330427 0.943810 0.000000 0.663441 0.707606 -0.243189 0.000000 -0.748201 0.624590 -0.223792 0.000000 -17.453733 10.794036 -5.442930 1.000000
aniFrame
  m_time 0.493000
  m_vertexTransformMat 0.043829 0.410335 0.910882 0.000000 0.647807 0.682425 -0.338590 0.000000 -0.760543 0.604915 -0.235908 0.000000 -16.696175 11.387435 -6.092539 1.000000
aniFrame
  m_time 0.532000
  m_vertexTransformMat 0.081115 0.483449 0.871606 0.000000 0.620281 0.660022 -0.423817 0.000000 -0.780174 0.575019 -0.246337 0.000000 -16.169004 11.877256 -6.874508 1.000000
aniFrame
  m_time 0.571000
  m_vertexTransformMat 0.104394 0.568298 0.816174 0.000000 0.562142 0.643271 -0.519807 0.000000 -0.820426 0.513070 -0.252310 0.000000 -15.942185 12.330787 -7.991405 1.000000
aniFrame
  m_time 0.610000
  m_vertexTransformMat 0.109856 0.668614 0.735451 0.000000 0.469240 0.617394 -0.631378 0.000000 -0.876210 0.414464 -0.245916 0.000000 -16.052689 12.775833 -9.511442 1.000000
aniFrame
  m_time 0.649000
  m_vertexTransformMat 0.097102 0.757819 0.645199 0.000000 0.370712 0.574077 -0.730075 0.000000 -0.923658 0.310074 -0.225188 0.000000 -16.443867 13.156276 -10.994219 1.000000
aniFrame
  m_time 0.688000
  m_vertexTransformMat 0.074976 0.817265 0.571363 0.000000 0.298328 0.528350 -0.794888 0.000000 -0.951514 0.230051 -0.204200 0.000000 -16.953756 13.522650 -12.060466 1.000000
aniFrame
  m_time 0.727000
  m_vertexTransformMat 0.059309 0.836236 0.545153 0.000000 0.278821 0.510502 -0.813417 0.000000 -0.958510 0.200243 -0.202883 0.000000 -17.235619 14.016703 -12.468259 1.000000
aniFrame
  m_time 0.766000
  m_vertexTransformMat 0.054649 0.820897 0.568457 0.000000 0.319989 0.524884 -0.788736 0.000000 -0.945844 0.225003 -0.233993 0.000000 -17.104805 14.790582 -12.416124 1.000000
aniFrame
  m_time 0.805000
  m_vertexTransformMat 0.050355 0.788732 0.612673 0.000000 0.394199 0.547949 -0.737808 0.000000 -0.917645 0.278667 -0.283325 0.000000 -16.709579 15.749183 -12.230597 1.000000
aniFrame
  m_time 0.844000
  m_vertexTransformMat 0.041841 0.742355 0.668700 0.000000 0.489829 0.568093 -0.661315 0.000000 -0.870814 0.355218 -0.339857 0.000000 -16.074547 16.863186 -11.947055 1.000000
aniFrame
  m_time 0.883000
  m_vertexTransformMat 0.026016 0.685263 0.727831 0.000000 0.594104 0.574950 -0.562560 0.000000 -0.803967 0.447043 -0.392160 0.000000 -15.227790 18.032494 -11.585093 1.000000
aniFrame
  m_time 0.922000
  m_vertexTransformMat 0.000278 0.621436 0.783466 0.000000 0.694732 0.563403 -0.447131 0.000000 -0.719269 0.544423 -0.431574 0.000000 -14.258514 19.139885 -11.187198 1.000000
aniFrame
  m_time 0.961000
  m_vertexTransformMat -0.035729 0.555566 0.830705 0.000000 0.780626 0.534518 -0.323905 0.000000 -0.623977 0.636897 -0.452787 0.000000 -13.336265 20.070429 -10.779252 1.000000
aniFrame
  m_time 1.000000
  m_vertexTransformMat -0.081123 0.492306 0.866635 0.000000 0.844433 0.495856 -0.202635 0.000000 -0.529484 0.715376 -0.455944 0.000000 -12.646583 20.733894 -10.384525 1.000000
aniFrame
  m_time 1.039000
  m_vertexTransformMat -0.132248 0.434948 0.890691 0.000000 0.882974 0.460008 -0.093532 0.000000 -0.450407 0.774088 -0.444883 0.000000 -12.358873 21.067772 -10.031532 1.000000
aniFrame
  m_time 1.078000
  m_vertexTransformMat -0.189160 0.380374 0.905282 0.000000 0.894734 0.446599 -0.000693 0.000000 -0.404562 0.809855 -0.424812 0.000000 -12.788440 20.907927 -9.760246 1.000000
aniFrame
  m_time 1.117000
  m_vertexTransformMat -0.266494 0.303450 0.914822 0.000000 0.868223 0.487732 0.091137 0.000000 -0.418532 0.818557 -0.393440 0.000000 -14.715403 19.605843 -9.643441 1.000000
aniFrame
  m_time 1.156000
  m_vertexTransformMat -0.345218 0.197273 0.917555 0.000000 0.803114 0.567970 0.180049 0.000000 -0.485625 0.799058 -0.354506 0.000000 -17.561899 17.053493 -9.684821 1.000000
aniFrame
  m_time 1.195000
  m_vertexTransformMat -0.392667 0.082773 0.915948 0.000000 0.717778 0.650245 0.248951 0.000000 -0.574984 0.755202 -0.314742 0.000000 -20.032753 13.821515 -9.630930 1.000000
aniFrame
  m_time 1.234000
  m_vertexTransformMat -0.398337 -0.006582 0.917216 0.000000 0.642494 0.711666 0.284136 0.000000 -0.654621 0.702487 -0.279254 0.000000 -21.444124 10.869925 -9.231369 1.000000
aniFrame
  m_time 1.273000
  m_vertexTransformMat -0.372663 -0.037228 0.927220 0.000000 0.609075 0.744032 0.274669 0.000000 -0.700107 0.667106 -0.254598 0.000000 -21.809841 9.292767 -8.489774 1.000000
aniFrame
  m_time 1.312000
  m_vertexTransformMat -0.330140 -0.021301 0.943692 0.000000 0.610168 0.757979 0.230570 0.000000 -0.720210 0.651931 -0.237242 0.000000 -21.591496 8.821421 -7.508966 1.000000
aniFrame
  m_time 1.351000
  m_vertexTransformMat -0.276961 0.015943 0.960749 0.000000 0.622477 0.764666 0.166756 0.000000 -0.731994 0.644229 -0.221706 0.000000 -21.117559 8.706622 -6.465333 1.000000
aniFrame
  m_time 1.390000
  m_vertexTransformMat -0.216857 0.071638 0.973572 0.000000 0.639393 0.764032 0.086201 0.000000 -0.737665 0.641188 -0.211491 0.000000 -20.435591 8.902023 -5.613927 1.000000
aniFrame
  m_time 1.429000
  m_vertexTransformMat -0.152754 0.141218 0.978123 0.000000 0.655525 0.755145 -0.006652 0.000000 -0.739563 0.640167 -0.207923 0.000000 -19.599131 9.342826 -5.120426 1.000000
aniFrame
  m_time 1.468000
  m_vertexTransformMat -0.087606 0.219463 0.971680 0.000000 0.665798 0.738455 -0.106759 0.000000 -0.740971 0.637590 -0.210811 0.000000 -18.670750 9.933332 -5.004591 1.000000
aniFrame
  m_time 1.507000
  m_vertexTransformMat -0.025907 0.301634 0.953072 0.000000 0.665846 0.716332 -0.208610 0.000000 -0.745640 0.629194 -0.219400 0.000000 -17.749287 10.571379 -5.262875 1.000000
aniFrame
  m_time 1.546000
  m_vertexTransformMat 0.027915 0.382925 0.923358 0.000000 0.654437 0.691234 -0.306446 0.000000 -0.755602 0.612833 -0.231304 0.000000 -16.932882 11.189089 -5.833159 1.000000
aniFrame
  m_time 1.585000
  m_vertexTransformMat 0.069575 0.457868 0.886294 0.000000 0.632101 0.667095 -0.394248 0.000000 -0.771756 0.587657 -0.243006 0.000000 -16.323015 11.717709 -6.580052 1.000000
aniFrame
  m_time 1.624000
  m_vertexTransformMat 0.098200 0.536234 0.838338 0.000000 0.586629 0.649294 -0.484029 0.000000 -0.803880 0.539325 -0.250809 0.000000 -15.981781 12.168571 -7.544324 1.000000
aniFrame
  m_time 1.663000
  m_vertexTransformMat 0.110349 0.633695 0.765672 0.000000 0.503472 0.628579 -0.592794 0.000000 -0.856936 0.450909 -0.249685 0.000000 -15.977023 12.624481 -8.961531 1.000000
aniFrame
  m_time 1.702000
  m_vertexTransformMat 0.102958 0.729103 0.676616 0.000000 0.403992 0.590948 -0.698263 0.000000 -0.908950 0.345239 -0.233708 0.000000 -16.277527 13.026357 -10.511341 1.000000
aniFrame
  m_time 1.741000
  m_vertexTransformMat 0.082458 0.800243 0.593979 0.000000 0.318878 0.543490 -0.776489 0.000000 -0.944202 0.253434 -0.210365 0.000000 -16.783627 13.378126 -11.746576 1.000000
aniFrame
  m_time 1.780000
  m_vertexTransformMat 0.063138 0.834091 0.548001 0.000000 0.276753 0.512929 -0.812596 0.000000 -0.958865 0.202966 -0.198452 0.000000 -17.201469 13.798743 -12.372179 1.000000
aniFrame
  m_time 1.819000
  m_vertexTransformMat 0.056252 0.828778 0.556743 0.000000 0.298032 0.518265 -0.801610 0.000000 -0.952897 0.211020 -0.217849 0.000000 -17.198690 14.471237 -12.423665 1.000000
aniFrame
  m_time 1.858000
  m_vertexTransformMat 0.050369 0.801719 0.595576 0.000000 0.354698 0.543098 -0.761074 0.000000 -0.933623 0.249584 -0.257013 0.000000 -16.967005 15.195006 -12.174630 1.000000
aniFrame
  m_time 1.897000
  m_vertexTransformMat 0.041680 0.760085 0.648487 0.000000 0.429648 0.572340 -0.698449 0.000000 -0.902034 0.307732 -0.302713 0.000000 -16.589466 15.975287 -11.765159 1.000000
aniFrame
  m_time 1.936000
  m_vertexTransformMat 0.026278 0.705501 0.708222 0.000000 0.517846 0.596391 -0.613313 0.000000 -0.855070 0.382866 -0.349668 0.000000 -16.076754 16.804817 -11.294630 1.000000
aniFrame
  m_time 1.975000
  m_vertexTransformMat 0.002036 0.641573 0.767059 0.000000 0.611414 0.606184 -0.508639 0.000000 -0.791308 0.470026 -0.391033 0.000000 -15.446888 17.662621 -10.850605 1.000000
aniFrame
  m_time 2.014000
  m_vertexTransformMat -0.031648 0.573301 0.818734 0.000000 0.702118 0.595748 -0.390020 0.000000 -0.711357 0.562504 -0.421379 0.000000 -14.766504 18.528637 -10.507134 1.000000
aniFrame
  m_time 2.053000
  m_vertexTransformMat -0.073534 0.506581 0.859052 0.000000 0.782505 0.563336 -0.265216 0.000000 -0.618288 0.652709 -0.437826 0.000000 -14.064639 19.385353 -10.252462 1.000000
aniFrame
  m_time 2.092000
  m_vertexTransformMat -0.120643 0.447217 0.886252 0.000000 0.847070 0.511883 -0.142995 0.000000 -0.517607 0.733466 -0.440579 0.000000 -13.330221 20.218203 -10.045433 1.000000
aniFrame
  m_time 2.131000
  m_vertexTransformMat -0.167545 0.399747 0.901183 0.000000 0.893073 0.448701 -0.032998 0.000000 -0.417553 0.799293 -0.432181 0.000000 -12.549664 21.009232 -9.827196 1.000000
aniFrame
  m_time 2.133000
  m_vertexTransformMat -0.169914 0.397977 0.901523 0.000000 0.895033 0.445131 -0.027813 0.000000 -0.412365 0.802167 -0.431837 0.000000 -12.506251 21.056355 -9.824294 1.000000
