m_aniFrameList.size 202
aniFrame
  m_time -1.066000
  m_vertexTransformMat 0.990268 -0.036152 -0.134396 0.000000 0.036152 0.999343 -0.002442 0.000000 0.134396 -0.002441 0.990925 0.000000 -0.904548 -1.777861 -1.581368 1.000000
aniFrame
  m_time -1.050000
  m_vertexTransformMat 0.991944 -0.034754 -0.121818 0.000000 0.035104 0.999383 0.000728 0.000000 0.121718 -0.004998 0.992552 0.000000 -0.988599 -1.724494 -1.689833 1.000000
aniFrame
  m_time -1.034000
  m_vertexTransformMat 0.993460 -0.033363 -0.109195 0.000000 0.033948 0.999418 0.003503 0.000000 0.109014 -0.007187 0.994014 0.000000 -1.070460 -1.660211 -1.801009 1.000000
aniFrame
  m_time -1.018000
  m_vertexTransformMat 0.994923 -0.032048 -0.095405 0.000000 0.032872 0.999435 0.007074 0.000000 0.095124 -0.010174 0.995414 0.000000 -1.160031 -1.595461 -1.929720 1.000000
aniFrame
  m_time -1.002000
  m_vertexTransformMat 0.996209 -0.030821 -0.081344 0.000000 0.031801 0.999436 0.010779 0.000000 0.080965 -0.013325 0.996628 0.000000 -1.247298 -1.526734 -2.060614 1.000000
aniFrame
  m_time -0.986000
  m_vertexTransformMat 0.997258 -0.029791 -0.067736 0.000000 0.030836 0.999420 0.014434 0.000000 0.067267 -0.016484 0.997599 0.000000 -1.323356 -1.457666 -2.177976 1.000000
aniFrame
  m_time -0.970000
  m_vertexTransformMat 0.998080 -0.028935 -0.054759 0.000000 0.029963 0.999388 0.018048 0.000000 0.054203 -0.019654 0.998337 0.000000 -1.386148 -1.389605 -2.278424 1.000000
aniFrame
  m_time -0.954000
  m_vertexTransformMat 0.998660 -0.028284 -0.043336 0.000000 0.029222 0.999349 0.021154 0.000000 0.042710 -0.022392 0.998837 0.000000 -1.420641 -1.322646 -2.340255 1.000000
aniFrame
  m_time -0.938000
  m_vertexTransformMat 0.999051 -0.027869 -0.033462 0.000000 0.028680 0.999301 0.024002 0.000000 0.032770 -0.024939 0.999152 0.000000 -1.432520 -1.260464 -2.367167 1.000000
aniFrame
  m_time -0.922000
  m_vertexTransformMat 0.999270 -0.027818 -0.026171 0.000000 0.028503 0.999251 0.026194 0.000000 0.025422 -0.026921 0.999314 0.000000 -1.426175 -1.201307 -2.349954 1.000000
aniFrame
  m_time -0.906000
  m_vertexTransformMat 0.999379 -0.028121 -0.021235 0.000000 0.028710 0.999197 0.027965 0.000000 0.020431 -0.028557 0.999384 0.000000 -1.404060 -1.149376 -2.292578 1.000000
aniFrame
  m_time -0.890000
  m_vertexTransformMat 0.999418 -0.028531 -0.018721 0.000000 0.029061 0.999166 0.028688 0.000000 0.017886 -0.029215 0.999413 0.000000 -1.383228 -1.102980 -2.208879 1.000000
aniFrame
  m_time -0.874000
  m_vertexTransformMat 0.999405 -0.029107 -0.018514 0.000000 0.029628 0.999154 0.028516 0.000000 0.017668 -0.029048 0.999422 0.000000 -1.362433 -1.064465 -2.097887 1.000000
aniFrame
  m_time -0.858000
  m_vertexTransformMat 0.999375 -0.029427 -0.019584 0.000000 0.029954 0.999183 0.027151 0.000000 0.018769 -0.027721 0.999440 0.000000 -1.340342 -1.038223 -1.968150 1.000000
aniFrame
  m_time -0.842000
  m_vertexTransformMat 0.999323 -0.029548 -0.021924 0.000000 0.030084 0.999246 0.024553 0.000000 0.021182 -0.025196 0.999458 0.000000 -1.317451 -1.023609 -1.818730 1.000000
aniFrame
  m_time -0.826000
  m_vertexTransformMat 0.999283 -0.029164 -0.024159 0.000000 0.029673 0.999340 0.020956 0.000000 0.023532 -0.021658 0.999488 0.000000 -1.288760 -1.026992 -1.661347 1.000000
aniFrame
  m_time -0.810000
  m_vertexTransformMat 0.999260 -0.028221 -0.026141 0.000000 0.028653 0.999457 0.016284 0.000000 0.025668 -0.017021 0.999526 0.000000 -1.254063 -1.047103 -1.495052 1.000000
aniFrame
  m_time -0.794000
  m_vertexTransformMat 0.999255 -0.026621 -0.027938 0.000000 0.026919 0.999584 0.010351 0.000000 0.027651 -0.011096 0.999556 0.000000 -1.212785 -1.083087 -1.334219 1.000000
aniFrame
  m_time -0.778000
  m_vertexTransformMat 0.999273 -0.024195 -0.029470 0.000000 0.024290 0.999701 0.002852 0.000000 0.029392 -0.003565 0.999562 0.000000 -1.163005 -1.132063 -1.178247 1.000000
aniFrame
  m_time -0.762000
  m_vertexTransformMat 0.999289 -0.021307 -0.031104 0.000000 0.021147 0.999761 -0.005469 0.000000 0.031213 0.004808 0.999501 0.000000 -1.111009 -1.193902 -1.043624 1.000000
aniFrame
  m_time -0.746000
  m_vertexTransformMat 0.999293 -0.017882 -0.033079 0.000000 0.017391 0.999735 -0.015070 0.000000 0.033339 0.014484 0.999340 0.000000 -1.056016 -1.262180 -0.933762 1.000000
aniFrame
  m_time -0.730000
  m_vertexTransformMat 0.999287 -0.014191 -0.034999 0.000000 0.013335 0.999610 -0.024564 0.000000 0.035334 0.024080 0.999086 0.000000 -0.999438 -1.340652 -0.850971 1.000000
aniFrame
  m_time -0.714000
  m_vertexTransformMat 0.999261 -0.010197 -0.037053 0.000000 0.008916 0.999363 -0.034567 0.000000 0.037382 0.034211 0.998715 0.000000 -0.937497 -1.415622 -0.797654 1.000000
aniFrame
  m_time -0.698000
  m_vertexTransformMat 0.999226 -0.006107 -0.038858 0.000000 0.004413 0.999043 -0.043526 0.000000 0.039086 0.043321 0.998296 0.000000 -0.872598 -1.497721 -0.766900 1.000000
aniFrame
  m_time -0.682000
  m_vertexTransformMat 0.999179 -0.002034 -0.040469 0.000000 -0.000071 0.998650 -0.051947 0.000000 0.040520 0.051907 0.997829 0.000000 -0.801771 -1.570721 -0.753316 1.000000
aniFrame
  m_time -0.666000
  m_vertexTransformMat 0.999118 0.002126 -0.041946 0.000000 -0.004607 0.998240 -0.059117 0.000000 0.041746 0.059258 0.997369 0.000000 -0.721863 -1.640738 -0.756574 1.000000
aniFrame
  m_time -0.650000
  m_vertexTransformMat 0.999079 0.006284 -0.042448 0.000000 -0.009022 0.997870 -0.064610 0.000000 0.041951 0.064934 0.997007 0.000000 -0.644488 -1.705814 -0.774834 1.000000
aniFrame
  m_time -0.634000
  m_vertexTransformMat 0.999007 0.010602 -0.043286 0.000000 -0.013598 0.997488 -0.069515 0.000000 0.042441 0.070034 0.996641 0.000000 -0.549088 -1.752477 -0.804421 1.000000
aniFrame
  m_time -0.618000
  m_vertexTransformMat 0.998938 0.015135 -0.043517 0.000000 -0.018277 0.997185 -0.072727 0.000000 0.042294 0.073445 0.996402 0.000000 -0.452088 -1.801120 -0.845154 1.000000
aniFrame
  m_time -0.602000
  m_vertexTransformMat 0.998872 0.019751 -0.043178 0.000000 -0.022987 0.996861 -0.075764 0.000000 0.041546 0.076671 0.996190 0.000000 -0.355227 -1.827164 -0.892191 1.000000
aniFrame
  m_time -0.586000
  m_vertexTransformMat 0.998755 0.024509 -0.043437 0.000000 -0.027828 0.996602 -0.077530 0.000000 0.041389 0.078642 0.996043 0.000000 -0.241348 -1.850588 -0.945555 1.000000
aniFrame
  m_time -0.570000
  m_vertexTransformMat 0.998668 0.029210 -0.042526 0.000000 -0.032498 0.996360 -0.078811 0.000000 0.040069 0.080088 0.995982 0.000000 -0.142075 -1.859811 -1.001942 1.000000
aniFrame
  m_time -0.554000
  m_vertexTransformMat 0.998543 0.033834 -0.042029 0.000000 -0.037123 0.996095 -0.080107 0.000000 0.039155 0.081550 0.995900 0.000000 -0.035089 -1.851488 -1.053398 1.000000
aniFrame
  m_time -0.538000
  m_vertexTransformMat 0.998400 0.038455 -0.041465 0.000000 -0.041685 0.995917 -0.080073 0.000000 0.038216 0.081673 0.995926 0.000000 0.073483 -1.843581 -1.108618 1.000000
aniFrame
  m_time -0.522000
  m_vertexTransformMat 0.998201 0.043225 -0.041554 0.000000 -0.046418 0.995776 -0.079219 0.000000 0.037954 0.081006 0.995991 0.000000 0.201002 -1.809210 -1.183964 1.000000
aniFrame
  m_time -0.506000
  m_vertexTransformMat 0.997946 0.048135 -0.042262 0.000000 -0.051272 0.995743 -0.076588 0.000000 0.038395 0.078598 0.996167 0.000000 0.345698 -1.767048 -1.279317 1.000000
aniFrame
  m_time -0.490000
  m_vertexTransformMat 0.997623 0.053266 -0.043721 0.000000 -0.056346 0.995772 -0.072544 0.000000 0.039672 0.074835 0.996406 0.000000 0.504980 -1.704838 -1.398024 1.000000
aniFrame
  m_time -0.474000
  m_vertexTransformMat 0.997229 0.058578 -0.045853 0.000000 -0.061562 0.995877 -0.066634 0.000000 0.041761 0.069272 0.996724 0.000000 0.678494 -1.631416 -1.539874 1.000000
aniFrame
  m_time -0.458000
  m_vertexTransformMat 0.996800 0.063744 -0.048230 0.000000 -0.066611 0.995950 -0.060388 0.000000 0.044185 0.063407 0.997010 0.000000 0.837180 -1.546512 -1.672772 1.000000
aniFrame
  m_time -0.442000
  m_vertexTransformMat 0.996332 0.068848 -0.050827 0.000000 -0.071539 0.996020 -0.053172 0.000000 0.046964 0.056613 0.997291 0.000000 0.983933 -1.458523 -1.800316 1.000000
aniFrame
  m_time -0.426000
  m_vertexTransformMat 0.995869 0.073505 -0.053308 0.000000 -0.076002 0.996026 -0.046446 0.000000 0.049682 0.050305 0.997497 0.000000 1.089180 -1.366432 -1.890161 1.000000
aniFrame
  m_time -0.410000
  m_vertexTransformMat 0.995412 0.077795 -0.055699 0.000000 -0.080063 0.995999 -0.039709 0.000000 0.052387 0.043986 0.997658 0.000000 1.151303 -1.276847 -1.942215 1.000000
aniFrame
  m_time -0.394000
  m_vertexTransformMat 0.995006 0.081704 -0.057343 0.000000 -0.083764 0.995889 -0.034479 0.000000 0.054290 0.039110 0.997759 0.000000 1.180508 -1.189962 -1.950513 1.000000
aniFrame
  m_time -0.378000
  m_vertexTransformMat 0.994646 0.085351 -0.058272 0.000000 -0.087238 0.995716 -0.030644 0.000000 0.055407 0.035564 0.997830 0.000000 1.173691 -1.110289 -1.910926 1.000000
aniFrame
  m_time -0.362000
  m_vertexTransformMat 0.994387 0.088573 -0.057878 0.000000 -0.090344 0.995496 -0.028726 0.000000 0.055073 0.033794 0.997910 0.000000 1.160131 -1.037548 -1.842604 1.000000
aniFrame
  m_time -0.346000
  m_vertexTransformMat 0.994235 0.091467 -0.055958 0.000000 -0.093195 0.995223 -0.029079 0.000000 0.053030 0.034127 0.998010 0.000000 1.147069 -0.971421 -1.747734 1.000000
aniFrame
  m_time -0.330000
  m_vertexTransformMat 0.994184 0.093720 -0.053062 0.000000 -0.095429 0.994964 -0.030648 0.000000 0.049923 0.035533 0.998121 0.000000 1.133514 -0.920514 -1.632673 1.000000
aniFrame
  m_time -0.314000
  m_vertexTransformMat 0.994233 0.095252 -0.049263 0.000000 -0.096963 0.994721 -0.033589 0.000000 0.045803 0.038172 0.998221 0.000000 1.121949 -0.885121 -1.497388 1.000000
aniFrame
  m_time -0.298000
  m_vertexTransformMat 0.994354 0.095975 -0.045259 0.000000 -0.097658 0.994548 -0.036562 0.000000 0.041503 0.040775 0.998306 0.000000 1.108341 -0.869561 -1.352049 1.000000
aniFrame
  m_time -0.282000
  m_vertexTransformMat 0.994535 0.095702 -0.041730 0.000000 -0.097333 0.994488 -0.038992 0.000000 0.037768 0.042841 0.998368 0.000000 1.091277 -0.876327 -1.201397 1.000000
aniFrame
  m_time -0.266000
  m_vertexTransformMat 0.994801 0.094473 -0.038023 0.000000 -0.096005 0.994547 -0.040728 0.000000 0.033968 0.044167 0.998447 0.000000 1.070405 -0.898486 -1.049351 1.000000
aniFrame
  m_time -0.250000
  m_vertexTransformMat 0.995175 0.092140 -0.033728 0.000000 -0.093505 0.994758 -0.041395 0.000000 0.029737 0.044349 0.998574 0.000000 1.043955 -0.929250 -0.899321 1.000000
aniFrame
  m_time -0.234000
  m_vertexTransformMat 0.995617 0.088882 -0.029114 0.000000 -0.090041 0.995082 -0.041272 0.000000 0.025303 0.043712 0.998724 0.000000 1.013546 -0.969640 -0.755757 1.000000
aniFrame
  m_time -0.218000
  m_vertexTransformMat 0.996105 0.084864 -0.023938 0.000000 -0.085786 0.995486 -0.040589 0.000000 0.020385 0.042485 0.998889 0.000000 0.980554 -1.016610 -0.623059 1.000000
aniFrame
  m_time -0.202000
  m_vertexTransformMat 0.996611 0.080047 -0.018965 0.000000 -0.080743 0.995959 -0.039309 0.000000 0.015741 0.040707 0.999047 0.000000 0.943186 -1.071413 -0.506710 1.000000
aniFrame
  m_time -0.186000
  m_vertexTransformMat 0.997103 0.074550 -0.015089 0.000000 -0.075073 0.996464 -0.037720 0.000000 0.012224 0.038743 0.999174 0.000000 0.899535 -1.131255 -0.416739 1.000000
aniFrame
  m_time -0.170000
  m_vertexTransformMat 0.997585 0.068311 -0.012527 0.000000 -0.068721 0.996990 -0.035894 0.000000 0.010037 0.036668 0.999277 0.000000 0.845562 -1.195307 -0.355252 1.000000
aniFrame
  m_time -0.154000
  m_vertexTransformMat 0.998020 0.061659 -0.012394 0.000000 -0.062047 0.997499 -0.033843 0.000000 0.010277 0.034545 0.999350 0.000000 0.777668 -1.268484 -0.335206 1.000000
aniFrame
  m_time -0.138000
  m_vertexTransformMat 0.998423 0.054202 -0.014644 0.000000 -0.054651 0.997985 -0.032252 0.000000 0.012867 0.033001 0.999373 0.000000 0.685638 -1.335853 -0.353812 1.000000
aniFrame
  m_time -0.122000
  m_vertexTransformMat 0.998725 0.045210 -0.022476 0.000000 -0.045858 0.998522 -0.029182 0.000000 0.021124 0.030175 0.999322 0.000000 0.564464 -1.419427 -0.421866 1.000000
aniFrame
  m_time -0.106000
  m_vertexTransformMat 0.998794 0.034749 -0.034690 0.000000 -0.035678 0.999011 -0.026535 0.000000 0.033734 0.027740 0.999046 0.000000 0.405624 -1.488836 -0.532066 1.000000
aniFrame
  m_time -0.090000
  m_vertexTransformMat 0.998483 0.022956 -0.050047 0.000000 -0.024102 0.999459 -0.022401 0.000000 0.049505 0.023573 0.998496 0.000000 0.213052 -1.566028 -0.674709 1.000000
aniFrame
  m_time -0.074000
  m_vertexTransformMat 0.997512 0.010075 -0.069775 0.000000 -0.011365 0.999772 -0.018107 0.000000 0.069576 0.018855 0.997399 0.000000 0.009080 -1.630978 -0.845410 1.000000
aniFrame
  m_time -0.058000
  m_vertexTransformMat 0.996139 -0.002417 -0.087760 0.000000 0.001190 0.999901 -0.014028 0.000000 0.087785 0.013869 0.996043 0.000000 -0.219301 -1.684346 -1.020564 1.000000
aniFrame
  m_time -0.042000
  m_vertexTransformMat 0.994205 -0.014345 -0.106540 0.000000 0.013394 0.999864 -0.009635 0.000000 0.106663 0.008152 0.994262 0.000000 -0.432746 -1.734579 -1.200856 1.000000
aniFrame
  m_time -0.026000
  m_vertexTransformMat 0.992363 -0.024352 -0.120923 0.000000 0.023690 0.999696 -0.006913 0.000000 0.121054 0.003995 0.992638 0.000000 -0.629024 -1.754982 -1.358485 1.000000
aniFrame
  m_time -0.010000
  m_vertexTransformMat 0.990845 -0.032291 -0.131084 0.000000 0.032051 0.999478 -0.003939 0.000000 0.131142 -0.000298 0.991364 0.000000 -0.802874 -1.777260 -1.496123 1.000000
aniFrame
  m_time 0.005000
  m_vertexTransformMat 0.990188 -0.037539 -0.134606 0.000000 0.037627 0.999290 -0.001889 0.000000 0.134582 -0.003194 0.990898 0.000000 -0.951478 -1.772463 -1.622282 1.000000
aniFrame
  m_time 0.021000
  m_vertexTransformMat 0.990662 -0.039708 -0.130430 0.000000 0.040082 0.999197 0.000242 0.000000 0.130315 -0.005468 0.991458 0.000000 -1.076196 -1.755787 -1.739448 1.000000
aniFrame
  m_time 0.037000
  m_vertexTransformMat 0.991801 -0.040060 -0.121349 0.000000 0.040658 0.999171 0.002453 0.000000 0.121151 -0.007367 0.992607 0.000000 -1.186045 -1.721698 -1.858441 1.000000
aniFrame
  m_time 0.053000
  m_vertexTransformMat 0.993485 -0.038582 -0.107231 0.000000 0.039360 0.999212 0.005148 0.000000 0.106948 -0.009335 0.994221 0.000000 -1.286761 -1.673462 -1.987487 1.000000
aniFrame
  m_time 0.069000
  m_vertexTransformMat 0.995182 -0.036320 -0.091074 0.000000 0.037195 0.999277 0.007928 0.000000 0.090721 -0.011278 0.995812 0.000000 -1.369871 -1.614106 -2.105792 1.000000
aniFrame
  m_time 0.085000
  m_vertexTransformMat 0.996737 -0.033513 -0.073428 0.000000 0.034405 0.999348 0.010921 0.000000 0.073014 -0.013412 0.997241 0.000000 -1.435321 -1.547020 -2.211108 1.000000
aniFrame
  m_time 0.101000
  m_vertexTransformMat 0.997908 -0.030910 -0.056795 0.000000 0.031755 0.999397 0.014048 0.000000 0.056327 -0.015822 0.998287 0.000000 -1.478017 -1.475512 -2.290730 1.000000
aniFrame
  m_time 0.117000
  m_vertexTransformMat 0.998666 -0.029049 -0.042686 0.000000 0.029816 0.999403 0.017452 0.000000 0.042154 -0.018701 0.998936 0.000000 -1.491715 -1.401327 -2.337367 1.000000
aniFrame
  m_time 0.133000
  m_vertexTransformMat 0.999115 -0.027898 -0.031494 0.000000 0.028563 0.999374 0.020876 0.000000 0.030892 -0.021758 0.999286 0.000000 -1.485278 -1.327998 -2.350146 1.000000
aniFrame
  m_time 0.149000
  m_vertexTransformMat 0.999315 -0.027817 -0.024414 0.000000 0.028409 0.999302 0.024246 0.000000 0.023722 -0.024923 0.999408 0.000000 -1.460866 -1.256618 -2.322031 1.000000
aniFrame
  m_time 0.165000
  m_vertexTransformMat 0.999394 -0.028259 -0.020348 0.000000 0.028804 0.999220 0.027024 0.000000 0.019569 -0.027594 0.999428 0.000000 -1.426986 -1.189970 -2.261040 1.000000
aniFrame
  m_time 0.181000
  m_vertexTransformMat 0.999415 -0.028737 -0.018549 0.000000 0.029254 0.999173 0.028235 0.000000 0.017722 -0.028761 0.999429 0.000000 -1.396028 -1.127864 -2.171443 1.000000
aniFrame
  m_time 0.197000
  m_vertexTransformMat 0.999396 -0.029251 -0.018746 0.000000 0.029772 0.999160 0.028158 0.000000 0.017906 -0.028699 0.999428 0.000000 -1.365165 -1.075922 -2.055884 1.000000
aniFrame
  m_time 0.213000
  m_vertexTransformMat 0.999359 -0.029498 -0.020273 0.000000 0.030031 0.999198 0.026500 0.000000 0.019475 -0.027092 0.999443 0.000000 -1.336991 -1.041164 -1.920130 1.000000
aniFrame
  m_time 0.229000
  m_vertexTransformMat 0.999306 -0.029490 -0.022738 0.000000 0.030023 0.999274 0.023465 0.000000 0.022030 -0.024132 0.999466 0.000000 -1.309314 -1.023827 -1.766814 1.000000
aniFrame
  m_time 0.245000
  m_vertexTransformMat 0.999273 -0.028914 -0.024841 0.000000 0.029402 0.999377 0.019530 0.000000 0.024261 -0.020246 0.999501 0.000000 -1.277159 -1.030510 -1.606449 1.000000
aniFrame
  m_time 0.261000
  m_vertexTransformMat 0.999256 -0.027771 -0.026767 0.000000 0.028165 0.999499 0.014463 0.000000 0.026352 -0.015206 0.999537 0.000000 -1.241059 -1.057181 -1.440207 1.000000
aniFrame
  m_time 0.277000
  m_vertexTransformMat 0.999259 -0.025893 -0.028467 0.000000 0.026130 0.999627 0.007998 0.000000 0.028249 -0.008736 0.999563 0.000000 -1.196910 -1.097988 -1.281276 1.000000
aniFrame
  m_time 0.293000
  m_vertexTransformMat 0.999280 -0.023265 -0.029979 0.000000 0.023279 0.999729 0.000138 0.000000 0.029968 -0.000836 0.999550 0.000000 -1.145594 -1.151335 -1.129970 1.000000
aniFrame
  m_time 0.309000
  m_vertexTransformMat 0.999292 -0.020225 -0.031739 0.000000 0.019963 0.999764 -0.008552 0.000000 0.031905 0.007912 0.999460 0.000000 -1.093101 -1.215918 -1.004447 1.000000
aniFrame
  m_time 0.325000
  m_vertexTransformMat 0.999292 -0.016659 -0.033745 0.000000 0.016046 0.999703 -0.018336 0.000000 0.034041 0.017781 0.999263 0.000000 -1.037176 -1.287067 -0.902810 1.000000
aniFrame
  m_time 0.341000
  m_vertexTransformMat 0.999281 -0.012901 -0.035660 0.000000 0.011911 0.999542 -0.027819 0.000000 0.036003 0.027374 0.998977 0.000000 -0.979582 -1.366295 -0.830186 1.000000
aniFrame
  m_time 0.357000
  m_vertexTransformMat 0.999249 -0.008821 -0.037723 0.000000 0.007393 0.999258 -0.037811 0.000000 0.038029 0.037504 0.998573 0.000000 -0.915821 -1.441236 -0.785316 1.000000
aniFrame
  m_time 0.373000
  m_vertexTransformMat 0.999213 -0.004762 -0.039373 0.000000 0.002937 0.998925 -0.046272 0.000000 0.039551 0.046120 0.998153 0.000000 -0.850305 -1.524618 -0.760474 1.000000
aniFrame
  m_time 0.389000
  m_vertexTransformMat 0.999158 -0.000656 -0.041016 0.000000 -0.001587 0.998505 -0.054633 0.000000 0.040991 0.054653 0.997663 0.000000 -0.775715 -1.592653 -0.752551 1.000000
aniFrame
  m_time 0.405000
  m_vertexTransformMat 0.999103 0.003515 -0.042202 0.000000 -0.006086 0.998122 -0.060947 0.000000 0.041908 0.061149 0.997248 0.000000 -0.696019 -1.665778 -0.761229 1.000000
aniFrame
  m_time 0.421000
  m_vertexTransformMat 0.999062 0.007690 -0.042620 0.000000 -0.010513 0.997738 -0.066395 0.000000 0.042013 0.066780 0.996883 0.000000 -0.615821 -1.721853 -0.783506 1.000000
aniFrame
  m_time 0.437000
  m_vertexTransformMat 0.998974 0.012111 -0.043634 0.000000 -0.015179 0.997383 -0.070690 0.000000 0.042663 0.071280 0.996544 0.000000 -0.513533 -1.769923 -0.816821 1.000000
aniFrame
  m_time 0.453000
  m_vertexTransformMat 0.998923 0.016658 -0.043302 0.000000 -0.019824 0.997080 -0.073747 0.000000 0.041947 0.074526 0.996337 0.000000 -0.422358 -1.812401 -0.860394 1.000000
aniFrame
  m_time 0.469000
  m_vertexTransformMat 0.998829 0.021336 -0.043430 0.000000 -0.024622 0.996760 -0.076580 0.000000 0.041655 0.077559 0.996117 0.000000 -0.315346 -1.833827 -0.908913 1.000000
aniFrame
  m_time 0.485000
  m_vertexTransformMat 0.998727 0.026085 -0.043178 0.000000 -0.029395 0.996528 -0.077898 0.000000 0.040996 0.079068 0.996026 0.000000 -0.207812 -1.857003 -0.964550 1.000000
aniFrame
  m_time 0.501000
  m_vertexTransformMat 0.998629 0.030765 -0.042359 0.000000 -0.034060 0.996262 -0.079389 0.000000 0.039758 0.080723 0.995944 0.000000 -0.106415 -1.855866 -1.019820 1.000000
aniFrame
  m_time 0.517000
  m_vertexTransformMat 0.998499 0.035362 -0.041819 0.000000 -0.038634 0.996029 -0.080208 0.000000 0.038816 0.081703 0.995901 0.000000 0.000151 -1.850533 -1.070400 1.000000
aniFrame
  m_time 0.533000
  m_vertexTransformMat 0.998340 0.040032 -0.041410 0.000000 -0.043248 0.995861 -0.079942 0.000000 0.038039 0.081600 0.995939 0.000000 0.113427 -1.834013 -1.131277 1.000000
aniFrame
  m_time 0.549000
  m_vertexTransformMat 0.998123 0.044842 -0.041720 0.000000 -0.048018 0.995755 -0.078521 0.000000 0.038021 0.080376 0.996039 0.000000 0.247722 -1.796465 -1.213571 1.000000
aniFrame
  m_time 0.565000
  m_vertexTransformMat 0.997848 0.049813 -0.042651 0.000000 -0.052932 0.995744 -0.075442 0.000000 0.038712 0.077537 0.996237 0.000000 0.396455 -1.748545 -1.315403 1.000000
aniFrame
  m_time 0.581000
  m_vertexTransformMat 0.997497 0.055036 -0.044384 0.000000 -0.058088 0.995805 -0.070699 0.000000 0.040307 0.073101 0.996510 0.000000 0.562847 -1.681579 -1.444500 1.000000
aniFrame
  m_time 0.597000
  m_vertexTransformMat 0.997090 0.060317 -0.046623 0.000000 -0.063265 0.995905 -0.064583 0.000000 0.042536 0.067345 0.996823 0.000000 0.733390 -1.604149 -1.585564 1.000000
aniFrame
  m_time 0.613000
  m_vertexTransformMat 0.996646 0.065468 -0.049090 0.000000 -0.068283 0.995977 -0.058033 0.000000 0.045093 0.061191 0.997107 0.000000 0.888588 -1.517493 -1.717171 1.000000
aniFrame
  m_time 0.629000
  m_vertexTransformMat 0.996175 0.070464 -0.051671 0.000000 -0.073090 0.996029 -0.050834 0.000000 0.047884 0.054416 0.997369 0.000000 1.024987 -1.428242 -1.835783 1.000000
aniFrame
  m_time 0.645000
  m_vertexTransformMat 0.995715 0.074972 -0.054143 0.000000 -0.077396 0.996022 -0.044159 0.000000 0.050617 0.048161 0.997556 0.000000 1.113975 -1.336160 -1.911628 1.000000
aniFrame
  m_time 0.661000
  m_vertexTransformMat 0.995269 0.079141 -0.056356 0.000000 -0.081333 0.995973 -0.037717 0.000000 0.053144 0.042122 0.997698 0.000000 1.164574 -1.247608 -1.950477 1.000000
aniFrame
  m_time 0.677000
  m_vertexTransformMat 0.994879 0.082951 -0.057747 0.000000 -0.084950 0.995837 -0.033056 0.000000 0.054765 0.037792 0.997784 0.000000 1.181285 -1.162465 -1.941852 1.000000
aniFrame
  m_time 0.693000
  m_vertexTransformMat 0.994545 0.086482 -0.058327 0.000000 -0.088322 0.995648 -0.029737 0.000000 0.055501 0.034727 0.997854 0.000000 1.168224 -1.085428 -1.890389 1.000000
aniFrame
  m_time 0.709000
  m_vertexTransformMat 0.994326 0.089577 -0.057382 0.000000 -0.091327 0.995409 -0.028637 0.000000 0.054553 0.033715 0.997941 0.000000 1.156154 -1.014409 -1.813996 1.000000
aniFrame
  m_time 0.725000
  m_vertexTransformMat 0.994206 0.092314 -0.055074 0.000000 -0.094035 0.995131 -0.029518 0.000000 0.052080 0.034526 0.998046 0.000000 1.142346 -0.952339 -1.711043 1.000000
aniFrame
  m_time 0.741000
  m_vertexTransformMat 0.994191 0.094302 -0.051887 0.000000 -0.096011 0.994882 -0.031481 0.000000 0.048653 0.036279 0.998157 0.000000 1.129586 -0.907067 -1.589837 1.000000
aniFrame
  m_time 0.757000
  m_vertexTransformMat 0.994267 0.095599 -0.047895 0.000000 -0.097307 0.994650 -0.034691 0.000000 0.044323 0.039153 0.998250 0.000000 1.117869 -0.877301 -1.449147 1.000000
aniFrame
  m_time 0.773000
  m_vertexTransformMat 0.994407 0.095993 -0.044047 0.000000 -0.097659 0.994518 -0.037382 0.000000 0.040217 0.041474 0.998330 0.000000 1.102958 -0.869683 -1.302747 1.000000
aniFrame
  m_time 0.789000
  m_vertexTransformMat 0.994613 0.095396 -0.040558 0.000000 -0.097004 0.994492 -0.039703 0.000000 0.036547 0.043423 0.998388 0.000000 1.084834 -0.882342 -1.150262 1.000000
aniFrame
  m_time 0.805000
  m_vertexTransformMat 0.994914 0.093831 -0.036634 0.000000 -0.095312 0.994601 -0.041031 0.000000 0.032586 0.044313 0.998486 0.000000 1.062235 -0.907965 -0.999484 1.000000
aniFrame
  m_time 0.821000
  m_vertexTransformMat 0.995318 0.091131 -0.032220 0.000000 -0.092431 0.994856 -0.041447 0.000000 0.028277 0.044231 0.998621 0.000000 1.034088 -0.941425 -0.850065 1.000000
aniFrame
  m_time 0.837000
  m_vertexTransformMat 0.995772 0.087654 -0.027486 0.000000 -0.088738 0.995208 -0.041070 0.000000 0.023754 0.043335 0.998778 0.000000 1.003006 -0.985331 -0.710972 1.000000
aniFrame
  m_time 0.853000
  m_vertexTransformMat 0.996276 0.083328 -0.022161 0.000000 -0.084170 0.995638 -0.040257 0.000000 0.018710 0.041972 0.998944 0.000000 0.968612 -1.033355 -0.581425 1.000000
aniFrame
  m_time 0.869000
  m_vertexTransformMat 0.996772 0.078318 -0.017646 0.000000 -0.078953 0.996127 -0.038709 0.000000 0.014546 0.039977 0.999095 0.000000 0.929591 -1.092712 -0.474711 1.000000
aniFrame
  m_time 0.885000
  m_vertexTransformMat 0.997268 0.072533 -0.013979 0.000000 -0.073009 0.996637 -0.037215 0.000000 0.011233 0.038134 0.999209 0.000000 0.882838 -1.150654 -0.392023 1.000000
aniFrame
  m_time 0.901000
  m_vertexTransformMat 0.997734 0.066132 -0.012345 0.000000 -0.066528 0.997170 -0.035021 0.000000 0.009994 0.035762 0.999310 0.000000 0.824769 -1.221883 -0.344678 1.000000
aniFrame
  m_time 0.917000
  m_vertexTransformMat 0.998159 0.059306 -0.012723 0.000000 -0.059702 0.997657 -0.033421 0.000000 0.010711 0.034119 0.999360 0.000000 0.750252 -1.289635 -0.336517 1.000000
aniFrame
  m_time 0.933000
  m_vertexTransformMat 0.998542 0.051384 -0.016535 0.000000 -0.051882 0.998164 -0.031259 0.000000 0.014898 0.032072 0.999375 0.000000 0.648165 -1.363888 -0.370814 1.000000
aniFrame
  m_time 0.949000
  m_vertexTransformMat 0.998778 0.041877 -0.026237 0.000000 -0.042617 0.998691 -0.028311 0.000000 0.025017 0.029395 0.999255 0.000000 0.516644 -1.443597 -0.454687 1.000000
aniFrame
  m_time 0.965000
  m_vertexTransformMat 0.998750 0.030982 -0.039225 0.000000 -0.031992 0.999165 -0.025396 0.000000 0.038406 0.026620 0.998907 0.000000 0.342835 -1.512842 -0.575655 1.000000
aniFrame
  m_time 0.981000
  m_vertexTransformMat 0.998228 0.018709 -0.056484 0.000000 -0.019914 0.999584 -0.020862 0.000000 0.056070 0.021950 0.998186 0.000000 0.147452 -1.590641 -0.729984 1.000000
aniFrame
  m_time 0.997000
  m_vertexTransformMat 0.997091 0.005834 -0.075998 0.000000 -0.007135 0.999833 -0.016859 0.000000 0.075887 0.017352 0.996966 0.000000 -0.065201 -1.647795 -0.903360 1.000000
aniFrame
  m_time 1.013000
  m_vertexTransformMat 0.995544 -0.006514 -0.094080 0.000000 0.005367 0.999909 -0.012438 0.000000 0.094152 0.011878 0.995487 0.000000 -0.293252 -1.703799 -1.081438 1.000000
aniFrame
  m_time 1.029000
  m_vertexTransformMat 0.993538 -0.017947 -0.112074 0.000000 0.017092 0.999817 -0.008585 0.000000 0.112208 0.006614 0.993663 0.000000 -0.499332 -1.743723 -1.256850 1.000000
aniFrame
  m_time 1.045000
  m_vertexTransformMat 0.991808 -0.027243 -0.124799 0.000000 0.026712 0.999626 -0.005935 0.000000 0.124914 0.002552 0.992164 0.000000 -0.690049 -1.762871 -1.405989 1.000000
aniFrame
  m_time 1.061000
  m_vertexTransformMat 0.990494 -0.034385 -0.133193 0.000000 0.034280 0.999407 -0.003084 0.000000 0.133220 -0.001511 0.991086 0.000000 -0.854942 -1.780225 -1.539233 1.000000
aniFrame
  m_time 1.077000
  m_vertexTransformMat 0.990240 -0.038554 -0.133936 0.000000 0.038737 0.999249 -0.001246 0.000000 0.133883 -0.003955 0.990989 0.000000 -0.995454 -1.767385 -1.661929 1.000000
aniFrame
  m_time 1.093000
  m_vertexTransformMat 0.990991 -0.039965 -0.127830 0.000000 0.040427 0.999182 0.001018 0.000000 0.127685 -0.006177 0.991796 0.000000 -1.113856 -1.747540 -1.778244 1.000000
aniFrame
  m_time 1.109000
  m_vertexTransformMat 0.992318 -0.039760 -0.117153 0.000000 0.040421 0.999178 0.003275 0.000000 0.116926 -0.007985 0.993109 0.000000 -1.220953 -1.706451 -1.900993 1.000000
aniFrame
  m_time 1.125000
  m_vertexTransformMat 0.994079 -0.037836 -0.101858 0.000000 0.038659 0.999234 0.006118 0.000000 0.101549 -0.010020 0.994780 0.000000 -1.316885 -1.655258 -2.029361 1.000000
aniFrame
  m_time 1.141000
  m_vertexTransformMat 0.995718 -0.035455 -0.085374 0.000000 0.036343 0.999300 0.008868 0.000000 0.085000 -0.011933 0.996309 0.000000 -1.393540 -1.592118 -2.142149 1.000000
aniFrame
  m_time 1.157000
  m_vertexTransformMat 0.997186 -0.032549 -0.067537 0.000000 0.033432 0.999369 0.011982 0.000000 0.067105 -0.014207 0.997645 0.000000 -1.452632 -1.523804 -2.241765 1.000000
aniFrame
  m_time 1.173000
  m_vertexTransformMat 0.998195 -0.030231 -0.051890 0.000000 0.031054 0.999403 0.015121 0.000000 0.051402 -0.016705 0.998538 0.000000 -1.485543 -1.450753 -2.309412 1.000000
aniFrame
  m_time 1.189000
  m_vertexTransformMat 0.998849 -0.028570 -0.038535 0.000000 0.029305 0.999397 0.018641 0.000000 0.037979 -0.019749 0.999083 0.000000 -1.491226 -1.376763 -2.345897 1.000000
aniFrame
  m_time 1.205000
  m_vertexTransformMat 0.999203 -0.027748 -0.028705 0.000000 0.028383 0.999356 0.021959 0.000000 0.028077 -0.022756 0.999347 0.000000 -1.479511 -1.303848 -2.345168 1.000000
aniFrame
  m_time 1.221000
  m_vertexTransformMat 0.999349 -0.027958 -0.022800 0.000000 0.028534 0.999272 0.025324 0.000000 0.022075 -0.025958 0.999419 0.000000 -1.449571 -1.233751 -2.304775 1.000000
aniFrame
  m_time 1.237000
  m_vertexTransformMat 0.999408 -0.028380 -0.019451 0.000000 0.028911 0.999202 0.027560 0.000000 0.018653 -0.028106 0.999431 0.000000 -1.416756 -1.168957 -2.234847 1.000000
aniFrame
  m_time 1.253000
  m_vertexTransformMat 0.999411 -0.028933 -0.018457 0.000000 0.029449 0.999164 0.028363 0.000000 0.017621 -0.028890 0.999427 0.000000 -1.385633 -1.108773 -2.135164 1.000000
aniFrame
  m_time 1.269000
  m_vertexTransformMat 0.999388 -0.029342 -0.019055 0.000000 0.029866 0.999167 0.027798 0.000000 0.018224 -0.028350 0.999432 0.000000 -1.355297 -1.062873 -2.013541 1.000000
aniFrame
  m_time 1.285000
  m_vertexTransformMat 0.999341 -0.029543 -0.021075 0.000000 0.030080 0.999219 0.025607 0.000000 0.020302 -0.026224 0.999450 0.000000 -1.328072 -1.033010 -1.870103 1.000000
aniFrame
  m_time 1.301000
  m_vertexTransformMat 0.999293 -0.029359 -0.023472 0.000000 0.029882 0.999305 0.022264 0.000000 0.022802 -0.022950 0.999476 0.000000 -1.298937 -1.023435 -1.714818 1.000000
aniFrame
  m_time 1.317000
  m_vertexTransformMat 0.999265 -0.028601 -0.025502 0.000000 0.029064 0.999416 0.017973 0.000000 0.024973 -0.018701 0.999513 0.000000 -1.265727 -1.037469 -1.550751 1.000000
aniFrame
  m_time 1.333000
  m_vertexTransformMat 0.999254 -0.027245 -0.027370 0.000000 0.027595 0.999541 0.012501 0.000000 0.027017 -0.013247 0.999547 0.000000 -1.227505 -1.069480 -1.386906 1.000000
aniFrame
  m_time 1.349000
  m_vertexTransformMat 0.999266 -0.025078 -0.028972 0.000000 0.025247 0.999666 0.005484 0.000000 0.028825 -0.006212 0.999565 0.000000 -1.180209 -1.114293 -1.228982 1.000000
aniFrame
  m_time 1.365000
  m_vertexTransformMat 0.999285 -0.022304 -0.030517 0.000000 0.022234 0.999749 -0.002619 0.000000 0.030568 0.001938 0.999531 0.000000 -1.128289 -1.172101 -1.085047 1.000000
aniFrame
  m_time 1.381000
  m_vertexTransformMat 0.999293 -0.019077 -0.032404 0.000000 0.018704 0.999756 -0.011782 0.000000 0.032621 0.011167 0.999406 0.000000 -1.074712 -1.238553 -0.967730 1.000000
aniFrame
  m_time 1.397000
  m_vertexTransformMat 0.999290 -0.015426 -0.034386 0.000000 0.014692 0.999661 -0.021501 0.000000 0.034706 0.020980 0.999178 0.000000 -1.018332 -1.313379 -0.875140 1.000000
aniFrame
  m_time 1.413000
  m_vertexTransformMat 0.999272 -0.011563 -0.036355 0.000000 0.010430 0.999459 -0.031196 0.000000 0.036696 0.030794 0.998852 0.000000 -0.958844 -1.390935 -0.812511 1.000000
aniFrame
  m_time 1.429000
  m_vertexTransformMat 0.999237 -0.007452 -0.038335 0.000000 0.005886 0.999149 -0.040823 0.000000 0.038606 0.040566 0.998431 0.000000 -0.894100 -1.468497 -0.775174 1.000000
aniFrame
  m_time 1.445000
  m_vertexTransformMat 0.999197 -0.003404 -0.039914 0.000000 0.001440 0.998792 -0.049120 0.000000 0.040033 0.049023 0.997995 0.000000 -0.826689 -1.548485 -0.755952 1.000000
aniFrame
  m_time 1.461000
  m_vertexTransformMat 0.999137 0.000732 -0.041525 0.000000 -0.003103 0.998366 -0.057061 0.000000 0.041415 0.057141 0.997507 0.000000 -0.748873 -1.615573 -0.753642 1.000000
aniFrame
  m_time 1.477000
  m_vertexTransformMat 0.999092 0.004897 -0.042335 0.000000 -0.007551 0.997999 -0.062781 0.000000 0.041943 0.063043 0.997129 0.000000 -0.670795 -1.687391 -0.767375 1.000000
aniFrame
  m_time 1.493000
  m_vertexTransformMat 0.999038 0.009126 -0.042896 0.000000 -0.012036 0.997609 -0.068062 0.000000 0.042172 0.068512 0.996759 0.000000 -0.584058 -1.736822 -0.793365 1.000000
aniFrame
  m_time 1.509000
  m_vertexTransformMat 0.998953 0.013621 -0.043671 0.000000 -0.016734 0.997284 -0.071725 0.000000 0.042576 0.072381 0.996468 0.000000 -0.481810 -1.786708 -0.830531 1.000000
aniFrame
  m_time 1.525000
  m_vertexTransformMat 0.998903 0.018194 -0.043149 0.000000 -0.021389 0.996971 -0.074779 0.000000 0.041658 0.075620 0.996266 0.000000 -0.390688 -1.820721 -0.876082 1.000000
aniFrame
  m_time 1.541000
  m_vertexTransformMat 0.998789 0.022925 -0.043536 0.000000 -0.026238 0.996676 -0.077129 0.000000 0.041623 0.078178 0.996070 0.000000 -0.277007 -1.842265 -0.926840 1.000000
aniFrame
  m_time 1.557000
  m_vertexTransformMat 0.998699 0.027651 -0.042839 0.000000 -0.030948 0.996449 -0.078311 0.000000 0.040521 0.079535 0.996008 0.000000 -0.175263 -1.860276 -0.983443 1.000000
aniFrame
  m_time 1.573000
  m_vertexTransformMat 0.998586 0.032305 -0.042216 0.000000 -0.035603 0.996172 -0.079842 0.000000 0.039475 0.081233 0.995913 0.000000 -0.070416 -1.852829 -1.036796 1.000000
aniFrame
  m_time 1.589000
  m_vertexTransformMat 0.998452 0.036900 -0.041617 0.000000 -0.040151 0.995971 -0.080180 0.000000 0.038490 0.081727 0.995911 0.000000 0.036050 -1.848460 -1.088565 1.000000
aniFrame
  m_time 1.605000
  m_vertexTransformMat 0.998273 0.041624 -0.041452 0.000000 -0.044830 0.995810 -0.079699 0.000000 0.037961 0.081420 0.995957 0.000000 0.156143 -1.821571 -1.156540 1.000000
aniFrame
  m_time 1.621000
  m_vertexTransformMat 0.998038 0.046478 -0.041954 0.000000 -0.049635 0.995746 -0.077631 0.000000 0.038167 0.079561 0.996099 0.000000 0.296039 -1.782687 -1.245364 1.000000
aniFrame
  m_time 1.637000
  m_vertexTransformMat 0.997740 0.051519 -0.043136 0.000000 -0.054622 0.995750 -0.074150 0.000000 0.039132 0.076338 0.996314 0.000000 0.449051 -1.727130 -1.354499 1.000000
aniFrame
  m_time 1.653000
  m_vertexTransformMat 0.997365 0.056812 -0.045101 0.000000 -0.059832 0.995842 -0.068701 0.000000 0.041010 0.071218 0.996618 0.000000 0.621171 -1.657164 -1.492319 1.000000
aniFrame
  m_time 1.669000
  m_vertexTransformMat 0.996948 0.062023 -0.047403 0.000000 -0.064935 0.995925 -0.062580 0.000000 0.043329 0.065467 0.996914 0.000000 0.785215 -1.575423 -1.628653 1.000000
aniFrame
  m_time 1.685000
  m_vertexTransformMat 0.996490 0.067176 -0.049961 0.000000 -0.069931 0.996001 -0.055600 0.000000 0.046027 0.058899 0.997202 0.000000 0.937987 -1.488216 -1.760230 1.000000
aniFrame
  m_time 1.701000
  m_vertexTransformMat 0.996023 0.072006 -0.052482 0.000000 -0.074570 0.996028 -0.048659 0.000000 0.048769 0.052379 0.997436 0.000000 1.059814 -1.397240 -1.865131 1.000000
aniFrame
  m_time 1.717000
  m_vertexTransformMat 0.995562 0.076404 -0.054951 0.000000 -0.078750 0.996014 -0.041885 0.000000 0.051532 0.046027 0.997610 0.000000 1.134560 -1.306331 -1.929122 1.000000
aniFrame
  m_time 1.733000
  m_vertexTransformMat 0.995135 0.080439 -0.056891 0.000000 -0.082561 0.995936 -0.035998 0.000000 0.053764 0.040520 0.997732 0.000000 1.174743 -1.218502 -1.953465 1.000000
aniFrame
  m_time 1.749000
  m_vertexTransformMat 0.994758 0.084170 -0.058068 0.000000 -0.086111 0.995779 -0.031764 0.000000 0.055149 0.036598 0.997807 0.000000 1.178528 -1.135935 -1.928366 1.000000
aniFrame
  m_time 1.765000
  m_vertexTransformMat 0.994458 0.087553 -0.058201 0.000000 -0.089354 0.995575 -0.029086 0.000000 0.055397 0.034125 0.997881 0.000000 1.163572 -1.061238 -1.867610 1.000000
aniFrame
  m_time 1.781000
  m_vertexTransformMat 0.994274 0.090549 -0.056741 0.000000 -0.092287 0.995316 -0.028796 0.000000 0.053868 0.033867 0.997973 0.000000 1.151721 -0.992028 -1.782104 1.000000
aniFrame
  m_time 1.797000
  m_vertexTransformMat 0.994188 0.093069 -0.054110 0.000000 -0.094785 0.995044 -0.030059 0.000000 0.051044 0.035013 0.998082 0.000000 1.137757 -0.935200 -1.672564 1.000000
aniFrame
  m_time 1.813000
  m_vertexTransformMat 0.994210 0.094816 -0.050567 0.000000 -0.096519 0.994805 -0.032376 0.000000 0.047235 0.037069 0.998196 0.000000 1.125605 -0.896795 -1.544942 1.000000
aniFrame
  m_time 1.829000
  m_vertexTransformMat 0.994314 0.095838 -0.046428 0.000000 -0.097516 0.994606 -0.035342 0.000000 0.042790 0.039668 0.998296 0.000000 1.113318 -0.875719 -1.401942 1.000000
aniFrame
  m_time 1.845000
  m_vertexTransformMat 0.994480 0.095883 -0.042624 0.000000 -0.097491 0.994534 -0.037395 0.000000 0.038805 0.041344 0.998391 0.000000 1.098761 -0.875481 -1.255788 1.000000
aniFrame
  m_time 1.861000
  m_vertexTransformMat 0.994722 0.094952 -0.038881 0.000000 -0.096458 0.994577 -0.038886 0.000000 0.034978 0.042431 0.998487 0.000000 1.082144 -0.890736 -1.105545 1.000000
aniFrame
  m_time 1.877000
  m_vertexTransformMat 0.995068 0.092980 -0.034546 0.000000 -0.094312 0.994773 -0.039148 0.000000 0.030725 0.042213 0.998636 0.000000 1.062447 -0.911673 -0.958668 1.000000
aniFrame
  m_time 1.893000
  m_vertexTransformMat 0.995502 0.089946 -0.029780 0.000000 -0.091062 0.995100 -0.038522 0.000000 0.026169 0.041061 0.998814 0.000000 1.039490 -0.936759 -0.815030 1.000000
aniFrame
  m_time 1.909000
  m_vertexTransformMat 0.995976 0.086175 -0.024610 0.000000 -0.087053 0.995511 -0.037149 0.000000 0.021298 0.039142 0.999007 0.000000 1.014971 -0.969401 -0.683049 1.000000
aniFrame
  m_time 1.925000
  m_vertexTransformMat 0.996486 0.081543 -0.019118 0.000000 -0.082180 0.995992 -0.035292 0.000000 0.016164 0.036739 0.999194 0.000000 0.987365 -1.004750 -0.562340 1.000000
aniFrame
  m_time 1.941000
  m_vertexTransformMat 0.996979 0.076261 -0.014765 0.000000 -0.076713 0.996511 -0.032886 0.000000 0.012205 0.033919 0.999350 0.000000 0.954445 -1.049766 -0.467225 1.000000
aniFrame
  m_time 1.957000
  m_vertexTransformMat 0.997469 0.070197 -0.011356 0.000000 -0.070515 0.997044 -0.030514 0.000000 0.009180 0.031237 0.999470 0.000000 0.913230 -1.094243 -0.396101 1.000000
aniFrame
  m_time 1.973000
  m_vertexTransformMat 0.997920 0.063609 -0.010465 0.000000 -0.063877 0.997574 -0.027672 0.000000 0.008679 0.028283 0.999562 0.000000 0.854588 -1.153269 -0.365610 1.000000
aniFrame
  m_time 1.989000
  m_vertexTransformMat 0.998340 0.056388 -0.011775 0.000000 -0.056674 0.998065 -0.025596 0.000000 0.010309 0.026221 0.999603 0.000000 0.772027 -1.207034 -0.374601 1.000000
aniFrame
  m_time 2.005000
  m_vertexTransformMat 0.998690 0.048384 -0.016674 0.000000 -0.048759 0.998549 -0.022848 0.000000 0.015544 0.023631 0.999600 0.000000 0.661626 -1.277255 -0.425451 1.000000
aniFrame
  m_time 2.021000
  m_vertexTransformMat 0.998894 0.039478 -0.025535 0.000000 -0.040013 0.998983 -0.020803 0.000000 0.024688 0.021801 0.999457 0.000000 0.518939 -1.342302 -0.518053 1.000000
aniFrame
  m_time 2.037000
  m_vertexTransformMat 0.998888 0.029722 -0.036605 0.000000 -0.030407 0.999371 -0.018276 0.000000 0.036039 0.019369 0.999163 0.000000 0.342978 -1.414532 -0.639580 1.000000
aniFrame
  m_time 2.053000
  m_vertexTransformMat 0.998492 0.019130 -0.051454 0.000000 -0.019957 0.999680 -0.015594 0.000000 0.051139 0.016597 0.998554 0.000000 0.157503 -1.486693 -0.787974 1.000000
aniFrame
  m_time 2.069000
  m_vertexTransformMat 0.997738 0.008037 -0.066752 0.000000 -0.008935 0.999874 -0.013160 0.000000 0.066637 0.013727 0.997684 0.000000 -0.058760 -1.551574 -0.948486 1.000000
aniFrame
  m_time 2.085000
  m_vertexTransformMat 0.996470 -0.003283 -0.083892 0.000000 0.002441 0.999946 -0.010144 0.000000 0.083920 0.009903 0.996423 0.000000 -0.275543 -1.622600 -1.118866 1.000000
aniFrame
  m_time 2.101000
  m_vertexTransformMat 0.994740 -0.014578 -0.101392 0.000000 0.013851 0.999873 -0.007865 0.000000 0.101494 0.006419 0.994816 0.000000 -0.489515 -1.676109 -1.283854 1.000000
aniFrame
  m_time 2.117000
