m_aniFrameList.size 84
aniFrame
  m_time -1.066000
  m_vertexTransformMat 0.041935 -0.102514 0.993847 0.000000 0.893930 0.448127 0.008504 0.000000 -0.446241 0.888073 0.110433 0.000000 -7.923344 10.283682 -2.667378 1.000000
aniFrame
  m_time -1.027000
  m_vertexTransformMat 0.009289 -0.169087 0.985558 0.000000 0.846131 0.526572 0.082366 0.000000 -0.532894 0.833146 0.147961 0.000000 -9.893321 8.231322 -2.963936 1.000000
aniFrame
  m_time -0.988000
  m_vertexTransformMat -0.018336 -0.250908 0.967837 0.000000 0.780645 0.601224 0.170655 0.000000 -0.624706 0.758666 0.184846 0.000000 -11.755037 5.733080 -3.503131 1.000000
aniFrame
  m_time -0.949000
  m_vertexTransformMat -0.027581 -0.331076 0.943202 0.000000 0.707499 0.660108 0.252394 0.000000 -0.706176 0.674275 0.216030 0.000000 -13.043985 3.161962 -4.087641 1.000000
aniFrame
  m_time -0.910000
  m_vertexTransformMat -0.014220 -0.390871 0.920336 0.000000 0.643990 0.700529 0.307468 0.000000 -0.764902 0.597059 0.241755 0.000000 -13.566886 0.987195 -4.387163 1.000000
aniFrame
  m_time -0.871000
  m_vertexTransformMat 0.019161 -0.411990 0.910987 0.000000 0.609472 0.727105 0.316011 0.000000 -0.792576 0.549166 0.265029 0.000000 -13.451861 -0.291010 -4.153681 1.000000
aniFrame
  m_time -0.832000
  m_vertexTransformMat 0.064410 -0.397558 0.915313 0.000000 0.605555 0.744615 0.280805 0.000000 -0.793193 0.536186 0.288704 0.000000 -12.963413 -0.714599 -3.435812 1.000000
aniFrame
  m_time -0.793000
  m_vertexTransformMat 0.114089 -0.366501 0.923397 0.000000 0.616682 0.754846 0.223409 0.000000 -0.778901 0.543953 0.312134 0.000000 -12.311705 -0.773486 -2.538586 1.000000
aniFrame
  m_time -0.754000
  m_vertexTransformMat 0.166677 -0.321495 0.932126 0.000000 0.634959 0.758240 0.147981 0.000000 -0.754351 0.567197 0.330517 0.000000 -11.521410 -0.539588 -1.682622 1.000000
aniFrame
  m_time -0.715000
  m_vertexTransformMat 0.220952 -0.264609 0.938702 0.000000 0.654113 0.754122 0.058613 0.000000 -0.723406 0.601067 0.339709 0.000000 -10.617196 -0.047269 -1.059803 1.000000
aniFrame
  m_time -0.676000
  m_vertexTransformMat 0.276148 -0.198614 0.940369 0.000000 0.669508 0.741730 -0.039948 0.000000 -0.689566 0.640616 0.337801 0.000000 -9.613912 0.660955 -0.735282 1.000000
aniFrame
  m_time -0.637000
  m_vertexTransformMat 0.331567 -0.125182 0.935090 0.000000 0.674815 0.724131 -0.142338 0.000000 -0.659309 0.678207 0.324572 0.000000 -8.553708 1.509109 -0.718864 1.000000
aniFrame
  m_time -0.598000
  m_vertexTransformMat 0.384490 -0.047445 0.921909 0.000000 0.668893 0.702585 -0.242810 0.000000 -0.636199 0.710016 0.301873 0.000000 -7.495433 2.462977 -0.998118 1.000000
aniFrame
  m_time -0.559000
  m_vertexTransformMat 0.431877 0.031517 0.901381 0.000000 0.651065 0.680727 -0.335746 0.000000 -0.624176 0.731859 0.273471 0.000000 -6.533665 3.467981 -1.514168 1.000000
aniFrame
  m_time -0.520000
  m_vertexTransformMat 0.474354 0.115562 0.872716 0.000000 0.616696 0.663831 -0.423100 0.000000 -0.628230 0.738900 0.243624 0.000000 -5.677903 4.570194 -2.234009 1.000000
aniFrame
  m_time -0.481000
  m_vertexTransformMat 0.517333 0.234714 0.822968 0.000000 0.545799 0.650193 -0.528538 0.000000 -0.659143 0.722605 0.208260 0.000000 -4.826117 6.209547 -3.478672 1.000000
aniFrame
  m_time -0.442000
  m_vertexTransformMat 0.548915 0.375333 0.746872 0.000000 0.447572 0.622658 -0.641854 0.000000 -0.705955 0.686602 0.173797 0.000000 -4.207303 8.220777 -5.225617 1.000000
aniFrame
  m_time -0.403000
  m_vertexTransformMat 0.559139 0.497304 0.663364 0.000000 0.354526 0.579864 -0.733532 0.000000 -0.749449 0.645326 0.147917 0.000000 -4.056929 10.082716 -6.946416 1.000000
aniFrame
  m_time -0.364000
  m_vertexTransformMat 0.554110 0.572224 0.604584 0.000000 0.296373 0.543078 -0.785640 0.000000 -0.777898 0.614513 0.131333 0.000000 -4.234199 11.456740 -8.055447 1.000000
aniFrame
  m_time -0.325000
  m_vertexTransformMat 0.544745 0.581060 0.604667 0.000000 0.300098 0.538220 -0.787566 0.000000 -0.783067 0.610482 0.118818 0.000000 -4.376620 12.187850 -8.137065 1.000000
aniFrame
  m_time -0.286000
  m_vertexTransformMat 0.529261 0.541727 0.653005 0.000000 0.356085 0.556754 -0.750486 0.000000 -0.770121 0.629728 0.101768 0.000000 -4.449950 12.474737 -7.464455 1.000000
aniFrame
  m_time -0.247000
  m_vertexTransformMat 0.503521 0.476103 0.720967 0.000000 0.438678 0.578022 -0.688079 0.000000 -0.744331 0.662734 0.082190 0.000000 -4.518534 12.573475 -6.502378 1.000000
aniFrame
  m_time -0.208000
  m_vertexTransformMat 0.462239 0.388759 0.796995 0.000000 0.537810 0.591704 -0.600539 0.000000 -0.705051 0.706224 0.064430 0.000000 -4.642756 12.505296 -5.416620 1.000000
aniFrame
  m_time -0.169000
  m_vertexTransformMat 0.403275 0.287684 0.868681 0.000000 0.640538 0.589206 -0.492491 0.000000 -0.653514 0.755033 0.053340 0.000000 -4.859859 12.287276 -4.385465 1.000000
aniFrame
  m_time -0.130000
  m_vertexTransformMat 0.327501 0.181861 0.927184 0.000000 0.734846 0.567811 -0.370935 0.000000 -0.593924 0.802819 0.052318 0.000000 -5.233457 11.947058 -3.559663 1.000000
aniFrame
  m_time -0.091000
  m_vertexTransformMat 0.239918 0.080779 0.967427 0.000000 0.811075 0.530942 -0.245476 0.000000 -0.533477 0.843549 0.061865 0.000000 -5.817173 11.527024 -3.005879 1.000000
aniFrame
  m_time -0.052000
  m_vertexTransformMat 0.149158 -0.008214 0.988780 0.000000 0.863350 0.488575 -0.126179 0.000000 -0.482057 0.872483 0.079966 0.000000 -6.604403 11.047602 -2.717146 1.000000
aniFrame
  m_time -0.013000
  m_vertexTransformMat 0.067328 -0.080089 0.994512 0.000000 0.890780 0.453813 -0.023760 0.000000 -0.449419 0.887491 0.101897 0.000000 -7.527970 10.528774 -2.645968 1.000000
aniFrame
  m_time 0.025000
  m_vertexTransformMat -0.000588 -0.144714 0.989473 0.000000 0.887630 0.455632 0.067165 0.000000 -0.460556 0.878326 0.128184 0.000000 -8.895506 9.583569 -2.807270 1.000000
aniFrame
  m_time 0.064000
  m_vertexTransformMat -0.050097 -0.221268 0.973925 0.000000 0.843986 0.512026 0.159741 0.000000 -0.534020 0.829982 0.161096 0.000000 -10.893139 7.643564 -3.309925 1.000000
aniFrame
  m_time 0.103000
  m_vertexTransformMat -0.065727 -0.303768 0.950477 0.000000 0.768159 0.592560 0.242499 0.000000 -0.636877 0.746055 0.194395 0.000000 -12.688374 4.947420 -3.967522 1.000000
aniFrame
  m_time 0.142000
  m_vertexTransformMat -0.043194 -0.373620 0.926576 0.000000 0.682524 0.666244 0.300465 0.000000 -0.729585 0.645388 0.226227 0.000000 -13.579639 2.138235 -4.395927 1.000000
aniFrame
  m_time 0.181000
  m_vertexTransformMat 0.001741 -0.409642 0.912245 0.000000 0.620764 0.715641 0.320173 0.000000 -0.783996 0.565731 0.255537 0.000000 -13.582619 0.112929 -4.316478 1.000000
aniFrame
  m_time 0.220000
  m_vertexTransformMat 0.048239 -0.405342 0.912892 0.000000 0.604099 0.739691 0.296515 0.000000 -0.795448 0.537173 0.280549 0.000000 -13.157858 -0.639754 -3.721717 1.000000
aniFrame
  m_time 0.259000
  m_vertexTransformMat 0.096482 -0.379023 0.920344 0.000000 0.611781 0.751954 0.245540 0.000000 -0.785121 0.539359 0.304428 0.000000 -12.555296 -0.785932 -2.854637 1.000000
aniFrame
  m_time 0.298000
  m_vertexTransformMat 0.148144 -0.338791 0.929125 0.000000 0.628510 0.757618 0.176041 0.000000 -0.763563 0.557885 0.325170 0.000000 -11.810538 -0.649215 -1.958996 1.000000
aniFrame
  m_time 0.337000
  m_vertexTransformMat 0.201755 -0.286131 0.936709 0.000000 0.648219 0.755961 0.091301 0.000000 -0.734239 0.588772 0.337995 0.000000 -10.946060 -0.244579 -1.241531 1.000000
aniFrame
  m_time 0.376000
  m_vertexTransformMat 0.256789 -0.223268 0.940325 0.000000 0.665596 0.746299 -0.004566 0.000000 -0.700744 0.627049 0.340248 0.000000 -9.974808 0.391651 -0.812105 1.000000
aniFrame
  m_time 0.415000
  m_vertexTransformMat 0.312725 -0.151862 0.937625 0.000000 0.674085 0.730945 -0.106439 0.000000 -0.669189 0.665325 0.330953 0.000000 -8.928092 1.188993 -0.685524 1.000000
aniFrame
  m_time 0.454000
  m_vertexTransformMat 0.366386 -0.075295 0.927412 0.000000 0.672375 0.710399 -0.207955 0.000000 -0.643174 0.699760 0.310906 0.000000 -7.862837 2.112431 -0.869153 1.000000
aniFrame
  m_time 0.493000
  m_vertexTransformMat 0.416120 0.003773 0.909302 0.000000 0.658626 0.688214 -0.304260 0.000000 -0.626942 0.725499 0.283894 0.000000 -6.853495 3.107075 -1.314227 1.000000
aniFrame
  m_time 0.532000
  m_vertexTransformMat 0.459103 0.082385 0.884555 0.000000 0.632643 0.668704 -0.390637 0.000000 -0.623688 0.738950 0.254884 0.000000 -5.982662 4.125475 -1.932504 1.000000
aniFrame
  m_time 0.571000
  m_vertexTransformMat 0.502204 0.187692 0.844134 0.000000 0.575852 0.655653 -0.488378 0.000000 -0.645124 0.731362 0.221189 0.000000 -5.123377 5.555432 -2.959207 1.000000
aniFrame
  m_time 0.610000
  m_vertexTransformMat 0.539650 0.325824 0.776284 0.000000 0.483914 0.634481 -0.602711 0.000000 -0.688915 0.700908 0.184727 0.000000 -4.383504 7.505840 -4.578664 1.000000
aniFrame
  m_time 0.649000
  m_vertexTransformMat 0.557442 0.458215 0.692314 0.000000 0.385625 0.595576 -0.704687 0.000000 -0.735223 0.659795 0.155300 0.000000 -4.058099 9.470575 -6.380818 1.000000
aniFrame
  m_time 0.688000
  m_vertexTransformMat 0.555992 0.552571 0.620917 0.000000 0.312892 0.552933 -0.772246 0.000000 -0.770047 0.623642 0.134532 0.000000 -4.154608 11.050232 -7.777470 1.000000
aniFrame
  m_time 0.727000
  m_vertexTransformMat 0.547102 0.585057 0.598656 0.000000 0.292953 0.536127 -0.791673 0.000000 -0.784129 0.608503 0.121922 0.000000 -4.345476 11.992554 -8.222998 1.000000
aniFrame
  m_time 0.766000
  m_vertexTransformMat 0.534982 0.558443 0.633984 0.000000 0.333772 0.549658 -0.765815 0.000000 -0.776139 0.621303 0.107665 0.000000 -4.430397 12.395049 -7.736803 1.000000
aniFrame
  m_time 0.805000
  m_vertexTransformMat 0.513779 0.501969 0.695744 0.000000 0.407424 0.570922 -0.712779 0.000000 -0.755008 0.649673 0.088814 0.000000 -4.491484 12.557482 -6.863444 1.000000
aniFrame
  m_time 0.844000
  m_vertexTransformMat 0.478381 0.421446 0.770413 0.000000 0.502100 0.588489 -0.633701 0.000000 -0.720450 0.689974 0.069914 0.000000 -4.591525 12.546439 -5.800428 1.000000
aniFrame
  m_time 0.883000
  m_vertexTransformMat 0.425892 0.324236 0.844682 0.000000 0.604908 0.592215 -0.532322 0.000000 -0.672831 0.737667 0.056087 0.000000 -4.770346 12.379663 -4.732178 1.000000
aniFrame
  m_time 0.922000
  m_vertexTransformMat 0.355688 0.219034 0.908576 0.000000 0.703504 0.577249 -0.414566 0.000000 -0.615279 0.786643 0.051229 0.000000 -5.080306 12.082383 -3.823278 1.000000
aniFrame
  m_time 0.961000
  m_vertexTransformMat 0.271700 0.115314 0.955449 0.000000 0.786891 0.544950 -0.289538 0.000000 -0.554060 0.830501 0.057323 0.000000 -5.582693 11.687722 -3.170864 1.000000
aniFrame
  m_time 1.000000
  m_vertexTransformMat 0.180965 0.021555 0.983254 0.000000 0.847894 0.503149 -0.167082 0.000000 -0.498325 0.863931 0.072775 0.000000 -6.300049 11.228971 -2.791557 1.000000
aniFrame
  m_time 1.039000
  m_vertexTransformMat 0.094422 -0.056847 0.993908 0.000000 0.883652 0.464615 -0.057374 0.000000 -0.458523 0.883686 0.094103 0.000000 -7.194789 10.715561 -2.653255 1.000000
aniFrame
  m_time 1.078000
  m_vertexTransformMat 0.021499 -0.121560 0.992352 0.000000 0.892874 0.448894 0.035645 0.000000 -0.449794 0.885278 0.118188 0.000000 -8.338242 10.004822 -2.718012 1.000000
aniFrame
  m_time 1.117000
  m_vertexTransformMat -0.035751 -0.192867 0.980573 0.000000 0.863922 0.487263 0.127337 0.000000 -0.502356 0.851691 0.149201 0.000000 -10.158440 8.440855 -3.097288 1.000000
aniFrame
  m_time 1.156000
  m_vertexTransformMat -0.064714 -0.275469 0.959129 0.000000 0.797030 0.564075 0.215783 0.000000 -0.600462 0.778419 0.183053 0.000000 -12.142016 5.935334 -3.744579 1.000000
aniFrame
  m_time 1.195000
  m_vertexTransformMat -0.054659 -0.352324 0.934281 0.000000 0.711278 0.642951 0.284074 0.000000 -0.700783 0.680060 0.215457 0.000000 -13.385239 3.068616 -4.296061 1.000000
aniFrame
  m_time 1.234000
  m_vertexTransformMat -0.014672 -0.402427 0.915335 0.000000 0.636872 0.701958 0.318824 0.000000 -0.770830 0.587628 0.245995 0.000000 -13.652468 0.656433 -4.409567 1.000000
aniFrame
  m_time 1.273000
  m_vertexTransformMat 0.032344 -0.410866 0.911122 0.000000 0.604934 0.733712 0.309389 0.000000 -0.795618 0.541162 0.272278 0.000000 -13.333164 -0.510127 -3.981515 1.000000
aniFrame
  m_time 1.312000
  m_vertexTransformMat 0.078995 -0.389834 0.917491 0.000000 0.607735 0.748387 0.265658 0.000000 -0.790201 0.536606 0.296035 0.000000 -12.783011 -0.765129 -3.174942 1.000000
aniFrame
  m_time 1.351000
  m_vertexTransformMat 0.129885 -0.354417 0.926023 0.000000 0.622002 0.756440 0.202270 0.000000 -0.772168 0.549716 0.318698 0.000000 -12.085828 -0.729358 -2.262340 1.000000
aniFrame
  m_time 1.390000
  m_vertexTransformMat 0.183249 -0.305554 0.934375 0.000000 0.641030 0.757745 0.122075 0.000000 -0.745319 0.576592 0.334726 0.000000 -11.258393 -0.414769 -1.460425 1.000000
aniFrame
  m_time 1.429000
  m_vertexTransformMat 0.238039 -0.245689 0.939667 0.000000 0.659362 0.751251 0.029393 0.000000 -0.713147 0.612584 0.340825 0.000000 -10.321610 0.144322 -0.926351 1.000000
aniFrame
  m_time 1.468000
  m_vertexTransformMat 0.293666 -0.177374 0.939308 0.000000 0.671870 0.737275 -0.070831 0.000000 -0.679964 0.651893 0.335685 0.000000 -9.292917 0.893290 -0.690771 1.000000
aniFrame
  m_time 1.507000
  m_vertexTransformMat 0.348456 -0.102459 0.931708 0.000000 0.674082 0.718078 -0.173139 0.000000 -0.651300 0.688380 0.319284 0.000000 -8.222375 1.779348 -0.766951 1.000000
aniFrame
  m_time 1.546000
  m_vertexTransformMat 0.399774 -0.023973 0.916300 0.000000 0.664645 0.695980 -0.271770 0.000000 -0.631211 0.717661 0.294168 0.000000 -7.185489 2.755011 -1.128944 1.000000
aniFrame
  m_time 1.585000
  m_vertexTransformMat 0.444443 0.053756 0.894193 0.000000 0.643953 0.674737 -0.360629 0.000000 -0.622731 0.736098 0.265266 0.000000 -6.277892 3.751996 -1.689458 1.000000
aniFrame
  m_time 1.624000
  m_vertexTransformMat 0.487329 0.146404 0.860858 0.000000 0.599900 0.660242 -0.451887 0.000000 -0.634532 0.736646 0.233927 0.000000 -5.418794 4.985757 -2.533778 1.000000
aniFrame
  m_time 1.663000
  m_vertexTransformMat 0.528654 0.276543 0.802526 0.000000 0.517893 0.644000 -0.563073 0.000000 -0.672541 0.713293 0.197234 0.000000 -4.600269 6.799653 -3.969960 1.000000
aniFrame
  m_time 1.702000
  m_vertexTransformMat 0.553442 0.414667 0.722325 0.000000 0.418894 0.611005 -0.671716 0.000000 -0.719882 0.674333 0.164454 0.000000 -4.113692 8.806787 -5.766716 1.000000
aniFrame
  m_time 1.741000
  m_vertexTransformMat 0.557737 0.525232 0.642699 0.000000 0.333589 0.567183 -0.753009 0.000000 -0.760032 0.634378 0.141127 0.000000 -4.092046 10.550081 -7.364671 1.000000
aniFrame
  m_time 1.780000
  m_vertexTransformMat 0.550611 0.581711 0.598698 0.000000 0.291021 0.538444 -0.790813 0.000000 -0.782390 0.609663 0.127183 0.000000 -4.299346 11.732357 -8.184066 1.000000
aniFrame
  m_time 1.819000
  m_vertexTransformMat 0.540855 0.572757 0.615975 0.000000 0.311975 0.543492 -0.779287 0.000000 -0.781119 0.613650 0.115265 0.000000 -4.406400 12.283021 -7.969007 1.000000
aniFrame
  m_time 1.858000
  m_vertexTransformMat 0.523650 0.528532 0.668165 0.000000 0.368155 0.566891 -0.736951 0.000000 -0.768279 0.631893 0.102271 0.000000 -4.495982 12.421803 -7.168838 1.000000
aniFrame
  m_time 1.897000
  m_vertexTransformMat 0.496902 0.461436 0.734960 0.000000 0.442353 0.593947 -0.671976 0.000000 -0.746601 0.659018 0.091016 0.000000 -4.627669 12.326180 -6.119390 1.000000
aniFrame
  m_time 1.936000
  m_vertexTransformMat 0.455858 0.374563 0.807401 0.000000 0.529365 0.615157 -0.584257 0.000000 -0.715519 0.693748 0.082144 0.000000 -4.854766 12.035113 -5.002412 1.000000
aniFrame
  m_time 1.975000
  m_vertexTransformMat 0.398243 0.273917 0.875427 0.000000 0.621226 0.621644 -0.477113 0.000000 -0.674893 0.733845 0.077401 0.000000 -5.210578 11.608278 -4.006780 1.000000
aniFrame
  m_time 2.014000
  m_vertexTransformMat 0.324166 0.167498 0.931054 0.000000 0.709695 0.607699 -0.356421 0.000000 -0.625500 0.776304 0.078123 0.000000 -5.746914 11.129244 -3.284173 1.000000
aniFrame
  m_time 2.053000
  m_vertexTransformMat 0.236564 0.064382 0.969481 0.000000 0.787405 0.571875 -0.230114 0.000000 -0.569237 0.817811 0.084590 0.000000 -6.442643 10.693636 -2.860953 1.000000
aniFrame
  m_time 2.092000
  m_vertexTransformMat 0.141075 -0.026819 0.989635 0.000000 0.849029 0.517395 -0.107010 0.000000 -0.509162 0.855326 0.095762 0.000000 -7.202616 10.390050 -2.687788 1.000000
aniFrame
  m_time 2.131000
  m_vertexTransformMat 0.046757 -0.099621 0.993927 0.000000 0.892118 0.451791 0.003316 0.000000 -0.449377 0.886544 0.109998 0.000000 -7.891061 10.274975 -2.661433 1.000000
aniFrame
  m_time 2.133000
  m_vertexTransformMat 0.041935 -0.102514 0.993847 0.000000 0.893930 0.448127 0.008504 0.000000 -0.446241 0.888073 0.110433 0.000000 -7.923344 10.283684 -2.667373 1.000000
