m_aniFrameList.size 84
aniFrame
  m_time -1.066000
  m_vertexTransformMat 0.058895 -0.716615 0.694977 0.000000 0.717135 0.514673 0.469925 0.000000 -0.694441 0.470716 0.544222 0.000000 -10.217218 -6.851710 -4.219136 1.000000
aniFrame
  m_time -1.027000
  m_vertexTransformMat 0.097191 -0.756067 0.647238 0.000000 0.644399 0.543408 0.538013 0.000000 -0.758488 0.364790 0.540023 0.000000 -10.480589 -8.887171 -5.775382 1.000000
aniFrame
  m_time -0.988000
  m_vertexTransformMat 0.147004 -0.794755 0.588858 0.000000 0.557430 0.558351 0.614423 0.000000 -0.817106 0.237924 0.525100 0.000000 -10.388669 -11.052471 -7.706699 1.000000
aniFrame
  m_time -0.949000
  m_vertexTransformMat 0.206859 -0.822227 0.530237 0.000000 0.473875 0.558348 0.680948 0.000000 -0.855951 0.110405 0.505133 0.000000 -9.795748 -12.994448 -9.538429 1.000000
aniFrame
  m_time -0.910000
  m_vertexTransformMat 0.268189 -0.833438 0.483173 0.000000 0.413099 0.552586 0.723877 0.000000 -0.870301 0.005463 0.492491 0.000000 -8.854691 -14.460860 -10.746776 1.000000
aniFrame
  m_time -0.871000
  m_vertexTransformMat 0.319059 -0.828545 0.460126 0.000000 0.392476 0.557425 0.731602 0.000000 -0.862650 -0.052836 0.503035 0.000000 -8.001886 -15.312482 -10.931951 1.000000
aniFrame
  m_time -0.832000
  m_vertexTransformMat 0.355137 -0.814473 0.458815 0.000000 0.409036 0.576719 0.707167 0.000000 -0.840576 -0.063469 0.537963 0.000000 -7.461088 -15.718504 -10.210669 1.000000
aniFrame
  m_time -0.793000
  m_vertexTransformMat 0.381928 -0.797901 0.466354 0.000000 0.443555 0.600946 0.664924 0.000000 -0.810796 -0.047100 0.583431 0.000000 -7.117206 -15.984977 -9.089884 1.000000
aniFrame
  m_time -0.754000
  m_vertexTransformMat 0.403059 -0.777909 0.482080 0.000000 0.487566 0.628309 0.606224 0.000000 -0.774482 -0.009298 0.632527 0.000000 -6.851427 -16.112730 -7.762107 1.000000
aniFrame
  m_time -0.715000
  m_vertexTransformMat 0.421507 -0.753062 0.505202 0.000000 0.534303 0.656379 0.532622 0.000000 -0.732702 0.045427 0.679032 0.000000 -6.571949 -16.060116 -6.399875 1.000000
aniFrame
  m_time -0.676000
  m_vertexTransformMat 0.439952 -0.722387 0.533478 0.000000 0.578704 0.682324 0.446693 0.000000 -0.686690 0.112203 0.718239 0.000000 -6.198239 -15.791487 -5.087506 1.000000
aniFrame
  m_time -0.637000
  m_vertexTransformMat 0.463315 -0.683497 0.564067 0.000000 0.613694 0.706645 0.352184 0.000000 -0.639312 0.182992 0.746857 0.000000 -5.617839 -15.303195 -3.884134 1.000000
aniFrame
  m_time -0.598000
  m_vertexTransformMat 0.491903 -0.636882 0.593644 0.000000 0.636390 0.728330 0.254055 0.000000 -0.594171 0.252819 0.763573 0.000000 -4.827578 -14.587171 -2.860007 1.000000
aniFrame
  m_time -0.559000
  m_vertexTransformMat 0.525867 -0.583406 0.618951 0.000000 0.644107 0.748401 0.158183 0.000000 -0.555509 0.315487 0.769336 0.000000 -3.859243 -13.673648 -2.065050 1.000000
aniFrame
  m_time -0.520000
  m_vertexTransformMat 0.569831 -0.518664 0.637401 0.000000 0.632118 0.772281 0.063309 0.000000 -0.525089 0.366837 0.767927 0.000000 -2.605378 -12.498046 -1.508461 1.000000
aniFrame
  m_time -0.481000
  m_vertexTransformMat 0.639509 -0.414189 0.647669 0.000000 0.583290 0.810204 -0.057810 0.000000 -0.500800 0.414749 0.759725 0.000000 -0.613722 -10.477655 -1.223755 1.000000
aniFrame
  m_time -0.442000
  m_vertexTransformMat 0.716942 -0.278060 0.639279 0.000000 0.502461 0.841772 -0.197366 0.000000 -0.483247 0.462712 0.743216 0.000000 1.638271 -7.664347 -1.380643 1.000000
aniFrame
  m_time -0.403000
  m_vertexTransformMat 0.774697 -0.149131 0.614495 0.000000 0.417305 0.850696 -0.319645 0.000000 -0.475080 0.504060 0.721265 0.000000 3.321172 -4.778133 -1.846361 1.000000
aniFrame
  m_time -0.364000
  m_vertexTransformMat 0.802781 -0.063981 0.592832 0.000000 0.358770 0.845950 -0.394528 0.000000 -0.476264 0.529410 0.702067 0.000000 4.118536 -2.594219 -2.216449 1.000000
aniFrame
  m_time -0.325000
  m_vertexTransformMat 0.797652 -0.053569 0.600734 0.000000 0.356894 0.844861 -0.398543 0.000000 -0.486187 0.532297 0.693023 0.000000 4.012984 -1.756823 -2.099500 1.000000
aniFrame
  m_time -0.286000
  m_vertexTransformMat 0.763495 -0.099867 0.638046 0.000000 0.401488 0.847251 -0.347815 0.000000 -0.505850 0.521722 0.686967 0.000000 3.206399 -1.931631 -1.537500 1.000000
aniFrame
  m_time -0.247000
  m_vertexTransformMat 0.706963 -0.175101 0.685232 0.000000 0.467250 0.842952 -0.266665 0.000000 -0.530925 0.508697 0.677751 0.000000 1.959613 -2.522001 -0.894163 1.000000
aniFrame
  m_time -0.208000
  m_vertexTransformMat 0.626269 -0.271137 0.730939 0.000000 0.543138 0.824339 -0.159579 0.000000 -0.559274 0.496940 0.663523 0.000000 0.300440 -3.358549 -0.397162 1.000000
aniFrame
  m_time -0.169000
  m_vertexTransformMat 0.523894 -0.376568 0.764023 0.000000 0.616635 0.786462 -0.035203 0.000000 -0.587619 0.489566 0.644228 0.000000 -1.664802 -4.265326 -0.250879 1.000000
aniFrame
  m_time -0.130000
  m_vertexTransformMat 0.406123 -0.480077 0.777555 0.000000 0.676811 0.729733 0.097047 0.000000 -0.613997 0.486844 0.621282 0.000000 -3.822206 -5.096067 -0.587756 1.000000
aniFrame
  m_time -0.091000
  m_vertexTransformMat 0.283545 -0.571754 0.769870 0.000000 0.716068 0.660227 0.226597 0.000000 -0.637847 0.487029 0.596619 0.000000 -6.027266 -5.753946 -1.388649 1.000000
aniFrame
  m_time -0.052000
  m_vertexTransformMat 0.170111 -0.645808 0.744308 0.000000 0.731233 0.589050 0.343974 0.000000 -0.660576 0.485749 0.572440 0.000000 -8.073181 -6.246778 -2.519691 1.000000
aniFrame
  m_time -0.013000
  m_vertexTransformMat 0.081051 -0.700576 0.708960 0.000000 0.725060 0.529507 0.440354 0.000000 -0.683900 0.478347 0.550877 0.000000 -9.742508 -6.651007 -3.760689 1.000000
aniFrame
  m_time 0.025000
  m_vertexTransformMat 0.036336 -0.745227 0.665820 0.000000 0.690019 0.500653 0.522705 0.000000 -0.722879 0.440435 0.532413 0.000000 -10.927402 -7.489930 -5.186060 1.000000
aniFrame
  m_time 0.064000
  m_vertexTransformMat 0.052887 -0.790397 0.610307 0.000000 0.615920 0.506885 0.603084 0.000000 -0.786032 0.344005 0.513629 0.000000 -11.450344 -9.293927 -7.065270 1.000000
aniFrame
  m_time 0.103000
  m_vertexTransformMat 0.121082 -0.825615 0.551090 0.000000 0.523138 0.524893 0.671428 0.000000 -0.843603 0.206998 0.495465 0.000000 -11.031120 -11.578804 -9.010256 1.000000
aniFrame
  m_time 0.142000
  m_vertexTransformMat 0.215164 -0.839529 0.498894 0.000000 0.440643 0.539360 0.717583 0.000000 -0.871515 0.065436 0.485984 0.000000 -9.753638 -13.668025 -10.463498 1.000000
aniFrame
  m_time 0.181000
  m_vertexTransformMat 0.297712 -0.833441 0.465559 0.000000 0.396245 0.551560 0.734011 0.000000 -0.868538 -0.034048 0.494452 0.000000 -8.367974 -15.034541 -10.998797 1.000000
aniFrame
  m_time 0.220000
  m_vertexTransformMat 0.344444 -0.819726 0.457611 0.000000 0.400150 0.569135 0.718308 0.000000 -0.849258 -0.064304 0.524048 0.000000 -7.610861 -15.610787 -10.532774 1.000000
aniFrame
  m_time 0.259000
  m_vertexTransformMat 0.373361 -0.804049 0.462718 0.000000 0.430264 0.591981 0.681492 0.000000 -0.821873 -0.055352 0.566976 0.000000 -7.225775 -15.904723 -9.511223 1.000000
aniFrame
  m_time 0.298000
  m_vertexTransformMat 0.395942 -0.785549 0.475545 0.000000 0.471942 0.618319 0.628452 0.000000 -0.787718 -0.024401 0.615552 0.000000 -6.947579 -16.084568 -8.235391 1.000000
aniFrame
  m_time 0.337000
  m_vertexTransformMat 0.414686 -0.762840 0.496095 0.000000 0.518564 0.646103 0.560038 0.000000 -0.747748 0.025017 0.663511 0.000000 -6.690027 -16.101257 -6.875685 1.000000
aniFrame
  m_time 0.376000
  m_vertexTransformMat 0.432687 -0.734538 0.522719 0.000000 0.564565 0.672807 0.478120 0.000000 -0.702886 0.088233 0.705809 0.000000 -6.362740 -15.913321 -5.544198 1.000000
aniFrame
  m_time 0.415000
  m_vertexTransformMat 0.454851 -0.698192 0.552846 0.000000 0.602815 0.698323 0.385953 0.000000 -0.655534 0.157713 0.738513 0.000000 -5.845405 -15.507798 -4.291902 1.000000
aniFrame
  m_time 0.454000
  m_vertexTransformMat 0.481195 -0.654275 0.583417 0.000000 0.630077 0.720859 0.288730 0.000000 -0.609470 0.228662 0.759118 0.000000 -5.130856 -14.869803 -3.199747 1.000000
aniFrame
  m_time 0.493000
  m_vertexTransformMat 0.513422 -0.602915 0.610649 0.000000 0.643203 0.741428 0.191244 0.000000 -0.568056 0.294582 0.768462 0.000000 -4.214866 -14.019409 -2.320660 1.000000
aniFrame
  m_time 0.532000
  m_vertexTransformMat 0.551291 -0.545407 0.631356 0.000000 0.640164 0.761816 0.099126 0.000000 -0.535041 0.349524 0.769132 0.000000 -3.132550 -12.994881 -1.683584 1.000000
aniFrame
  m_time 0.571000
  m_vertexTransformMat 0.611806 -0.456802 0.645776 0.000000 0.605534 0.795747 -0.010794 0.000000 -0.508943 0.397643 0.763451 0.000000 -1.406950 -11.316318 -1.278778 1.000000
aniFrame
  m_time 0.610000
  m_vertexTransformMat 0.690313 -0.327502 0.645144 0.000000 0.533389 0.832830 -0.147954 0.000000 -0.488840 0.446247 0.749599 0.000000 0.862129 -8.705830 -1.268587 1.000000
aniFrame
  m_time 0.649000
  m_vertexTransformMat 0.756894 -0.191702 0.624789 0.000000 0.446472 0.849819 -0.280127 0.000000 -0.477257 0.490977 0.728812 0.000000 2.812453 -5.755808 -1.664416 1.000000
aniFrame
  m_time 0.688000
  m_vertexTransformMat 0.795285 -0.086984 0.599962 0.000000 0.375555 0.847573 -0.374937 0.000000 -0.475898 0.523501 0.706730 0.000000 3.924634 -3.230209 -2.112980 1.000000
aniFrame
  m_time 0.727000
  m_vertexTransformMat 0.801957 -0.048796 0.595386 0.000000 0.351483 0.844430 -0.404224 0.000000 -0.483037 0.533438 0.694348 0.000000 4.129275 -1.902835 -2.190726 1.000000
aniFrame
  m_time 0.766000
  m_vertexTransformMat 0.777265 -0.080252 0.624034 0.000000 0.383353 0.846873 -0.368576 0.000000 -0.498898 0.525706 0.689009 0.000000 3.530456 -1.819187 -1.747467 1.000000
aniFrame
  m_time 0.805000
  m_vertexTransformMat 0.729290 -0.145754 0.668500 0.000000 0.442422 0.845760 -0.298251 0.000000 -0.521919 0.513271 0.681289 0.000000 2.445746 -2.278142 -1.112713 1.000000
aniFrame
  m_time 0.844000
  m_vertexTransformMat 0.657044 -0.235712 0.716054 0.000000 0.516130 0.832978 -0.199394 0.000000 -0.549457 0.500588 0.668961 0.000000 0.922699 -3.048778 -0.539802 1.000000
aniFrame
  m_time 0.883000
  m_vertexTransformMat 0.561907 -0.339160 0.754474 0.000000 0.591834 0.802058 -0.080228 0.000000 -0.577921 0.491604 0.651408 0.000000 -0.948000 -3.948470 -0.251831 1.000000
aniFrame
  m_time 0.922000
  m_vertexTransformMat 0.448475 -0.444579 0.775384 0.000000 0.657855 0.751460 0.050364 0.000000 -0.605060 0.487503 0.629479 0.000000 -3.053594 -4.815933 -0.412830 1.000000
aniFrame
  m_time 0.961000
  m_vertexTransformMat 0.326321 -0.541311 0.774918 0.000000 0.705124 0.685375 0.181831 0.000000 -0.629536 0.487078 0.605343 0.000000 -5.257738 -5.538203 -1.060522 1.000000
aniFrame
  m_time 1.000000
  m_vertexTransformMat 0.208085 -0.621802 0.755026 0.000000 0.728758 0.613424 0.304341 0.000000 -0.652391 0.486902 0.580787 0.000000 -7.380795 -6.081015 -2.092945 1.000000
aniFrame
  m_time 1.039000
  m_vertexTransformMat 0.109027 -0.683365 0.721890 0.000000 0.729136 0.548575 0.409177 0.000000 -0.675628 0.481745 0.558076 0.000000 -9.205903 -6.512065 -3.328601 1.000000
aniFrame
  m_time 1.078000
  m_vertexTransformMat 0.045586 -0.729780 0.682160 0.000000 0.706458 0.506354 0.494492 0.000000 -0.706285 0.459376 0.538642 0.000000 -10.573211 -7.100152 -4.645772 1.000000
aniFrame
  m_time 1.117000
  m_vertexTransformMat 0.040097 -0.774842 0.630883 0.000000 0.645734 0.501923 0.575414 0.000000 -0.762509 0.384310 0.520467 0.000000 -11.363035 -8.563876 -6.365270 1.000000
aniFrame
  m_time 1.156000
  m_vertexTransformMat 0.092941 -0.815403 0.571384 0.000000 0.555751 0.518639 0.649734 0.000000 -0.826137 0.257160 0.501364 0.000000 -11.289024 -10.774942 -8.363084 1.000000
aniFrame
  m_time 1.195000
  m_vertexTransformMat 0.181948 -0.837402 0.515415 0.000000 0.466170 0.534976 0.704618 0.000000 -0.865783 0.112067 0.487710 0.000000 -10.254484 -13.006252 -10.048323 1.000000
aniFrame
  m_time 1.234000
  m_vertexTransformMat 0.273185 -0.837147 0.473873 0.000000 0.405546 0.546921 0.732400 0.000000 -0.872298 -0.007904 0.488912 0.000000 -8.785832 -14.671445 -10.941308 1.000000
aniFrame
  m_time 1.273000
  m_vertexTransformMat 0.332139 -0.824728 0.457720 0.000000 0.393786 0.562198 0.727232 0.000000 -0.857098 -0.061298 0.511494 0.000000 -7.793730 -15.480860 -10.799394 1.000000
aniFrame
  m_time 1.312000
  m_vertexTransformMat 0.363994 -0.809788 0.460165 0.000000 0.417991 0.583534 0.696256 0.000000 -0.832341 -0.061088 0.550887 0.000000 -7.343169 -15.810896 -9.907289 1.000000
aniFrame
  m_time 1.351000
  m_vertexTransformMat 0.388695 -0.792432 0.470072 0.000000 0.456504 0.608800 0.648820 0.000000 -0.800325 -0.037604 0.598386 0.000000 -7.038006 -16.037725 -8.701667 1.000000
aniFrame
  m_time 1.390000
  m_vertexTransformMat 0.408878 -0.771063 0.488141 0.000000 0.501953 0.636734 0.585332 0.000000 -0.762143 0.005694 0.647384 0.000000 -6.775352 -16.116167 -7.347704 1.000000
aniFrame
  m_time 1.429000
  m_vertexTransformMat 0.427218 -0.744552 0.512960 0.000000 0.548431 0.664448 0.507675 0.000000 -0.718825 0.064435 0.692199 0.000000 -6.472840 -16.003759 -5.997671 1.000000
aniFrame
  m_time 1.468000
  m_vertexTransformMat 0.447135 -0.711543 0.542013 0.000000 0.590371 0.689991 0.418778 0.000000 -0.671962 0.132739 0.728593 0.000000 -6.036117 -15.675235 -4.711843 1.000000
aniFrame
  m_time 1.507000
  m_vertexTransformMat 0.471763 -0.670448 0.572660 0.000000 0.622070 0.713363 0.322710 0.000000 -0.624875 0.203992 0.753604 0.000000 -5.392424 -15.117433 -3.556581 1.000000
aniFrame
  m_time 1.546000
  m_vertexTransformMat 0.501812 -0.621633 0.601463 0.000000 0.640404 0.734419 0.224747 0.000000 -0.581435 0.272399 0.766637 0.000000 -4.546100 -14.337831 -2.598676 1.000000
aniFrame
  m_time 1.585000
  m_vertexTransformMat 0.536521 -0.567268 0.624781 0.000000 0.643735 0.753839 0.131648 0.000000 -0.545664 0.331562 0.769621 0.000000 -3.553456 -13.389545 -1.880902 1.000000
aniFrame
  m_time 1.624000
  m_vertexTransformMat 0.587881 -0.492756 0.641551 0.000000 0.621984 0.782417 0.031000 0.000000 -0.517236 0.380810 0.766454 0.000000 -2.090560 -12.011477 -1.389874 1.000000
aniFrame
  m_time 1.663000
  m_vertexTransformMat 0.663366 -0.375039 0.647527 0.000000 0.561352 0.821608 -0.099219 0.000000 -0.494802 0.429309 0.755556 0.000000 0.077804 -9.688504 -1.222618 1.000000
aniFrame
  m_time 1.702000
  m_vertexTransformMat 0.736103 -0.237656 0.633775 0.000000 0.476727 0.846727 -0.236189 0.000000 -0.480503 0.475997 0.736576 0.000000 2.211882 -6.783906 -1.499502 1.000000
aniFrame
  m_time 1.741000
  m_vertexTransformMat 0.785320 -0.117976 0.607745 0.000000 0.396348 0.849932 -0.347166 0.000000 -0.475585 0.513515 0.714228 0.000000 3.641890 -4.026639 -1.979767 1.000000
aniFrame
  m_time 1.780000
  m_vertexTransformMat 0.804135 -0.052649 0.592110 0.000000 0.351679 0.845192 -0.402458 0.000000 -0.479258 0.531863 0.698164 0.000000 4.169661 -2.202662 -2.235750 1.000000
aniFrame
  m_time 1.819000
  m_vertexTransformMat 0.790410 -0.063176 0.609312 0.000000 0.365934 0.846387 -0.386939 0.000000 -0.491268 0.528809 0.692110 0.000000 3.839043 -1.759511 -1.959721 1.000000
aniFrame
  m_time 1.858000
  m_vertexTransformMat 0.754945 -0.113912 0.645819 0.000000 0.409912 0.850674 -0.329130 0.000000 -0.511889 0.513205 0.688905 0.000000 3.015637 -2.115978 -1.379187 1.000000
aniFrame
  m_time 1.897000
  m_vertexTransformMat 0.702254 -0.188349 0.686560 0.000000 0.467099 0.849678 -0.244678 0.000000 -0.537270 0.492517 0.684667 0.000000 1.846494 -2.872789 -0.793189 1.000000
aniFrame
  m_time 1.936000
  m_vertexTransformMat 0.629728 -0.280868 0.724262 0.000000 0.530930 0.836211 -0.137349 0.000000 -0.567059 0.471025 0.675707 0.000000 0.320328 -3.879665 -0.394814 1.000000
aniFrame
  m_time 1.975000
  m_vertexTransformMat 0.537634 -0.383224 0.751058 0.000000 0.593449 0.804747 -0.014193 0.000000 -0.598973 0.453345 0.660083 0.000000 -1.520866 -4.957610 -0.366860 1.000000
aniFrame
  m_time 2.014000
  m_vertexTransformMat 0.428673 -0.486025 0.761590 0.000000 0.647338 0.753271 0.116352 0.000000 -0.630234 0.443129 0.637529 0.000000 -3.637411 -5.923290 -0.823899 1.000000
aniFrame
  m_time 2.053000
  m_vertexTransformMat 0.308143 -0.579992 0.754095 0.000000 0.687095 0.683923 0.245256 0.000000 -0.657989 0.442560 0.609255 0.000000 -5.908833 -6.618332 -1.719607 1.000000
aniFrame
  m_time 2.092000
  m_vertexTransformMat 0.183556 -0.657586 0.730676 0.000000 0.709979 0.602779 0.364125 0.000000 -0.679879 0.451928 0.577516 0.000000 -8.143452 -6.940840 -2.903888 1.000000
aniFrame
  m_time 2.131000
  m_vertexTransformMat 0.064904 -0.714464 0.696655 0.000000 0.717098 0.518878 0.465334 0.000000 -0.693944 0.469368 0.546018 0.000000 -10.121667 -6.873815 -4.156387 1.000000
aniFrame
  m_time 2.133000
  m_vertexTransformMat 0.058894 -0.716615 0.694978 0.000000 0.717135 0.514673 0.469925 0.000000 -0.694441 0.470717 0.544222 0.000000 -10.217222 -6.851708 -4.219130 1.000000
