m_aniFrameList.size 84
aniFrame
  m_time -1.066000
  m_vertexTransformMat 0.976880 0.131925 0.168229 0.000000 -0.089959 0.967499 -0.236334 0.000000 -0.193940 0.215736 0.956998 0.000000 -0.738526 -1.219529 -0.287199 1.000000
aniFrame
  m_time -1.027000
  m_vertexTransformMat 0.989438 0.083871 0.118227 0.000000 -0.056592 0.974391 -0.217626 0.000000 -0.133452 0.208637 0.968846 0.000000 -0.969239 -1.282151 -0.895069 1.000000
aniFrame
  m_time -0.988000
  m_vertexTransformMat 0.997092 0.035055 0.067657 0.000000 -0.020982 0.979880 -0.198479 0.000000 -0.073254 0.196483 0.977767 0.000000 -1.219707 -1.322999 -1.549803 1.000000
aniFrame
  m_time -0.949000
  m_vertexTransformMat 0.999754 -0.005560 0.021474 0.000000 0.009269 0.984223 -0.176689 0.000000 -0.020153 0.176845 0.984033 0.000000 -1.383412 -1.324403 -2.049635 1.000000
aniFrame
  m_time -0.910000
  m_vertexTransformMat 0.999323 -0.031892 -0.018331 0.000000 0.028860 0.988735 -0.146868 0.000000 0.022808 0.146239 0.988986 0.000000 -1.410987 -1.276001 -2.246934 1.000000
aniFrame
  m_time -0.871000
  m_vertexTransformMat 0.997353 -0.045629 -0.056605 0.000000 0.039214 0.993194 -0.109676 0.000000 0.061224 0.107166 0.992355 0.000000 -1.394020 -1.202319 -2.191403 1.000000
aniFrame
  m_time -0.832000
  m_vertexTransformMat 0.994607 -0.049954 -0.090888 0.000000 0.042592 0.995786 -0.081210 0.000000 0.094562 0.076901 0.992544 0.000000 -1.363884 -1.163583 -1.965030 1.000000
aniFrame
  m_time -0.793000
  m_vertexTransformMat 0.992249 -0.047863 -0.114678 0.000000 0.039070 0.996208 -0.077737 0.000000 0.117964 0.072654 0.990357 0.000000 -1.293306 -1.219416 -1.647511 1.000000
aniFrame
  m_time -0.754000
  m_vertexTransformMat 0.991224 -0.039075 -0.126282 0.000000 0.025320 0.993747 -0.108745 0.000000 0.129742 0.104593 0.986016 0.000000 -1.174392 -1.359086 -1.334504 1.000000
aniFrame
  m_time -0.715000
  m_vertexTransformMat 0.991449 -0.023677 -0.128327 0.000000 0.003332 0.987674 -0.156491 0.000000 0.130451 0.154725 0.979307 0.000000 -1.025679 -1.531722 -1.128547 1.000000
aniFrame
  m_time -0.676000
  m_vertexTransformMat 0.992276 -0.004207 -0.123974 0.000000 -0.020257 0.980513 -0.195407 0.000000 0.122380 0.196409 0.972854 0.000000 -0.842932 -1.688222 -1.039283 1.000000
aniFrame
  m_time -0.637000
  m_vertexTransformMat 0.993609 0.019527 -0.111181 0.000000 -0.042750 0.976655 -0.210517 0.000000 0.104474 0.213924 0.971248 0.000000 -0.619972 -1.783127 -1.024552 1.000000
aniFrame
  m_time -0.598000
  m_vertexTransformMat 0.994856 0.048724 -0.088812 0.000000 -0.066516 0.975450 -0.209939 0.000000 0.076402 0.214766 0.973672 0.000000 -0.351634 -1.794637 -1.043379 1.000000
aniFrame
  m_time -0.559000
  m_vertexTransformMat 0.994904 0.078934 -0.062738 0.000000 -0.090098 0.975290 -0.201721 0.000000 0.045265 0.206345 0.977432 0.000000 -0.073616 -1.732801 -1.081249 1.000000
aniFrame
  m_time -0.520000
  m_vertexTransformMat 0.993507 0.106556 -0.039878 0.000000 -0.112201 0.975699 -0.188208 0.000000 0.018854 0.191460 0.981319 0.000000 0.225907 -1.611168 -1.153669 1.000000
aniFrame
  m_time -0.481000
  m_vertexTransformMat 0.990878 0.133399 -0.019110 0.000000 -0.134738 0.978134 -0.158432 0.000000 -0.002443 0.159561 0.987185 0.000000 0.619454 -1.400766 -1.347127 1.000000
aniFrame
  m_time -0.442000
  m_vertexTransformMat 0.987543 0.157327 -0.002874 0.000000 -0.156481 0.979979 -0.123107 0.000000 -0.016552 0.122023 0.992389 0.000000 1.005285 -1.136108 -1.587798 1.000000
aniFrame
  m_time -0.403000
  m_vertexTransformMat 0.984643 0.174583 0.000223 0.000000 -0.173553 0.978971 -0.107213 0.000000 -0.018935 0.105528 0.994236 0.000000 1.188892 -0.888610 -1.704789 1.000000
aniFrame
  m_time -0.364000
  m_vertexTransformMat 0.982781 0.183593 -0.020846 0.000000 -0.184715 0.973379 -0.135699 0.000000 -0.004622 0.137213 0.990531 0.000000 1.171537 -0.716629 -1.673224 1.000000
aniFrame
  m_time -0.325000
  m_vertexTransformMat 0.981503 0.183456 -0.054743 0.000000 -0.190790 0.960993 -0.200227 0.000000 0.015875 0.206968 0.978219 0.000000 1.120014 -0.639473 -1.552590 1.000000
aniFrame
  m_time -0.286000
  m_vertexTransformMat 0.981161 0.176898 -0.077650 0.000000 -0.191332 0.945383 -0.263901 0.000000 0.026725 0.273786 0.961419 0.000000 1.071103 -0.668999 -1.306578 1.000000
aniFrame
  m_time -0.247000
  m_vertexTransformMat 0.982663 0.171226 -0.071103 0.000000 -0.184682 0.937760 -0.294108 0.000000 0.016319 0.302140 0.953124 0.000000 1.016563 -0.751098 -0.939809 1.000000
aniFrame
  m_time -0.208000
  m_vertexTransformMat 0.985320 0.166486 -0.037772 0.000000 -0.170187 0.940492 -0.294127 0.000000 -0.013444 0.296237 0.955020 0.000000 0.951386 -0.843085 -0.530779 1.000000
aniFrame
  m_time -0.169000
  m_vertexTransformMat 0.986916 0.161089 0.006789 0.000000 -0.152701 0.947380 -0.281344 0.000000 -0.051753 0.276626 0.959583 0.000000 0.854286 -0.952107 -0.194566 1.000000
aniFrame
  m_time -0.130000
  m_vertexTransformMat 0.986601 0.155620 0.049014 0.000000 -0.136893 0.953001 -0.270277 0.000000 -0.088771 0.259945 0.961534 0.000000 0.661179 -1.074514 -0.034207 1.000000
aniFrame
  m_time -0.091000
  m_vertexTransformMat 0.983473 0.154286 0.094745 0.000000 -0.124805 0.956803 -0.262588 0.000000 -0.131166 0.246424 0.960245 0.000000 0.292098 -1.154055 -0.007274 1.000000
aniFrame
  m_time -0.052000
  m_vertexTransformMat 0.978038 0.152236 0.142359 0.000000 -0.112891 0.961075 -0.252173 0.000000 -0.175207 0.230564 0.957154 0.000000 -0.187993 -1.182124 -0.054467 1.000000
aniFrame
  m_time -0.013000
  m_vertexTransformMat 0.975773 0.140160 0.167996 0.000000 -0.097273 0.965711 -0.240708 0.000000 -0.195973 0.218535 0.955948 0.000000 -0.615255 -1.202769 -0.196074 1.000000
aniFrame
  m_time 0.025000
  m_vertexTransformMat 0.982261 0.108857 0.152691 0.000000 -0.072227 0.971060 -0.227656 0.000000 -0.173054 0.212589 0.961696 0.000000 -0.938192 -1.270422 -0.564165 1.000000
aniFrame
  m_time 0.064000
  m_vertexTransformMat 0.992947 0.059918 0.102306 0.000000 -0.037165 0.976710 -0.211324 0.000000 -0.112585 0.206031 0.972047 0.000000 -1.214861 -1.363922 -1.206904 1.000000
aniFrame
  m_time 0.103000
  m_vertexTransformMat 0.999093 0.009820 0.041436 0.000000 -0.001755 0.981719 -0.190330 0.000000 -0.042548 0.190084 0.980846 0.000000 -1.412850 -1.418550 -1.851413 1.000000
aniFrame
  m_time 0.142000
  m_vertexTransformMat 0.999679 -0.024582 -0.006122 0.000000 0.023267 0.986527 -0.161934 0.000000 0.010020 0.161739 0.986783 0.000000 -1.461551 -1.379134 -2.204069 1.000000
aniFrame
  m_time 0.181000
  m_vertexTransformMat 0.998174 -0.042058 -0.043365 0.000000 0.036421 0.991681 -0.123461 0.000000 0.048197 0.121656 0.991402 0.000000 -1.420381 -1.266997 -2.231170 1.000000
aniFrame
  m_time 0.220000
  m_vertexTransformMat 0.995594 -0.049293 -0.079771 0.000000 0.042134 0.995135 -0.089061 0.000000 0.083773 0.085308 0.992827 0.000000 -1.379803 -1.174007 -2.058956 1.000000
aniFrame
  m_time 0.259000
  m_vertexTransformMat 0.992952 -0.049344 -0.107754 0.000000 0.041383 0.996332 -0.074909 0.000000 0.111055 0.069921 0.991352 0.000000 -1.323629 -1.188200 -1.762053 1.000000
aniFrame
  m_time 0.298000
  m_vertexTransformMat 0.991419 -0.042992 -0.123446 0.000000 0.031323 0.994988 -0.094956 0.000000 0.126910 0.090274 0.987798 0.000000 -1.219058 -1.304085 -1.433854 1.000000
aniFrame
  m_time 0.337000
  m_vertexTransformMat 0.991269 -0.029699 -0.128466 0.000000 0.011641 0.990211 -0.139096 0.000000 0.131340 0.136386 0.981911 0.000000 -1.082128 -1.473435 -1.184833 1.000000
aniFrame
  m_time 0.376000
  m_vertexTransformMat 0.991966 -0.011326 -0.125997 0.000000 -0.012104 0.982917 -0.183650 0.000000 0.125925 0.183700 0.974883 0.000000 -0.912942 -1.642933 -1.060249 1.000000
aniFrame
  m_time 0.415000
  m_vertexTransformMat 0.993121 0.010659 -0.116606 0.000000 -0.034856 0.977613 -0.207505 0.000000 0.111783 0.210142 0.971259 0.000000 -0.706280 -1.764895 -1.024207 1.000000
aniFrame
  m_time 0.454000
  m_vertexTransformMat 0.994532 0.038143 -0.097220 0.000000 -0.058051 0.975758 -0.211013 0.000000 0.086814 0.215503 0.972637 0.000000 -0.451450 -1.805348 -1.034822 1.000000
aniFrame
  m_time 0.493000
  m_vertexTransformMat 0.995069 0.068690 -0.071554 0.000000 -0.082035 0.975440 -0.204418 0.000000 0.055755 0.209280 0.976265 0.000000 -0.170594 -1.768425 -1.068148 1.000000
aniFrame
  m_time 0.532000
  m_vertexTransformMat 0.994148 0.097018 -0.047522 0.000000 -0.104477 0.975329 -0.194469 0.000000 0.027483 0.198296 0.979757 0.000000 0.109336 -1.668233 -1.115157 1.000000
aniFrame
  m_time 0.571000
  m_vertexTransformMat 0.991937 0.123950 -0.026415 0.000000 -0.126651 0.977057 -0.171227 0.000000 0.004586 0.173192 0.984877 0.000000 0.469486 -1.485229 -1.262583 1.000000
aniFrame
  m_time 0.610000
  m_vertexTransformMat 0.988736 0.149477 -0.007651 0.000000 -0.149134 0.979557 -0.135007 0.000000 -0.012686 0.134627 0.990816 0.000000 0.880004 -1.229370 -1.505838 1.000000
aniFrame
  m_time 0.649000
  m_vertexTransformMat 0.985557 0.169341 0.001166 0.000000 -0.168200 0.979670 -0.109343 0.000000 -0.019658 0.107568 0.994003 0.000000 1.151545 -0.969325 -1.681997 1.000000
aniFrame
  m_time 0.688000
  m_vertexTransformMat 0.983352 0.181359 -0.011295 0.000000 -0.181383 0.975952 -0.120906 0.000000 -0.010904 0.120942 0.992600 0.000000 1.188411 -0.766990 -1.696129 1.000000
aniFrame
  m_time 0.727000
  m_vertexTransformMat 0.981882 0.184454 -0.043406 0.000000 -0.189260 0.965957 -0.176374 0.000000 0.009396 0.181393 0.983366 0.000000 1.137789 -0.653773 -1.608259 1.000000
aniFrame
  m_time 0.766000
  m_vertexTransformMat 0.981116 0.179294 -0.072555 0.000000 -0.191790 0.950385 -0.244918 0.000000 0.025043 0.254209 0.966825 0.000000 1.088587 -0.647623 -1.408348 1.000000
aniFrame
  m_time 0.805000
  m_vertexTransformMat 0.981878 0.172879 -0.077645 0.000000 -0.188110 0.938839 -0.288436 0.000000 0.023031 0.297814 0.954346 0.000000 1.037032 -0.723280 -1.081063 1.000000
aniFrame
  m_time 0.844000
  m_vertexTransformMat 0.984382 0.168295 -0.051667 0.000000 -0.176042 0.938677 -0.296471 0.000000 -0.001396 0.300936 0.953643 0.000000 0.975965 -0.809839 -0.673273 1.000000
aniFrame
  m_time 0.883000
  m_vertexTransformMat 0.986568 0.163084 -0.009362 0.000000 -0.158900 0.944805 -0.286522 0.000000 -0.037882 0.284161 0.958028 0.000000 0.895031 -0.911754 -0.298307 1.000000
aniFrame
  m_time 0.922000
  m_vertexTransformMat 0.986976 0.157213 0.034114 0.000000 -0.142046 0.951200 -0.273936 0.000000 -0.075516 0.265523 0.961143 0.000000 0.746395 -1.029735 -0.071923 1.000000
aniFrame
  m_time 0.961000
  m_vertexTransformMat 0.984941 0.154547 0.077501 0.000000 -0.128982 0.955339 -0.265877 0.000000 -0.115130 0.251876 0.960887 0.000000 0.443632 -1.127924 -0.007693 1.000000
aniFrame
  m_time 1.000000
  m_vertexTransformMat 0.979943 0.153850 0.126657 0.000000 -0.117509 0.959439 -0.256261 0.000000 -0.160945 0.236238 0.958274 0.000000 -0.011160 -1.169161 -0.027180 1.000000
aniFrame
  m_time 1.039000
  m_vertexTransformMat 0.975858 0.145960 0.162474 0.000000 -0.103378 0.963976 -0.245081 0.000000 -0.192393 0.222368 0.955792 0.000000 -0.476804 -1.187362 -0.135075 1.000000
aniFrame
  m_time 1.078000
  m_vertexTransformMat 0.978950 0.122427 0.163307 0.000000 -0.082379 0.969064 -0.232654 0.000000 -0.186738 0.214303 0.958751 0.000000 -0.834752 -1.236595 -0.399162 1.000000
aniFrame
  m_time 1.117000
  m_vertexTransformMat 0.989351 0.078284 0.122703 0.000000 -0.050144 0.974755 -0.217575 0.000000 -0.136638 0.209105 0.968300 0.000000 -1.122539 -1.330432 -0.961777 1.000000
aniFrame
  m_time 1.156000
  m_vertexTransformMat 0.997734 0.026110 0.062010 0.000000 -0.013322 0.980047 -0.198320 0.000000 -0.065951 0.197044 0.978174 0.000000 -1.358267 -1.408942 -1.649229 1.000000
aniFrame
  m_time 1.195000
  m_vertexTransformMat 0.999852 -0.014786 0.008744 0.000000 0.016079 0.984736 -0.173312 0.000000 -0.006048 0.173427 0.984828 0.000000 -1.459087 -1.404683 -2.123162 1.000000
aniFrame
  m_time 1.234000
  m_vertexTransformMat 0.998861 -0.037158 -0.029924 0.000000 0.032711 0.989974 -0.137407 0.000000 0.034730 0.136272 0.990063 0.000000 -1.434634 -1.309422 -2.246277 1.000000
aniFrame
  m_time 1.273000
  m_vertexTransformMat 0.996575 -0.047768 -0.067501 0.000000 0.040904 0.994182 -0.099647 0.000000 0.071868 0.096545 0.992731 0.000000 -1.393017 -1.199030 -2.139795 1.000000
aniFrame
  m_time 1.312000
  m_vertexTransformMat 0.993806 -0.049983 -0.099252 0.000000 0.042420 0.996136 -0.076900 0.000000 0.102712 0.072213 0.992086 0.000000 -1.347005 -1.168651 -1.875766 1.000000
aniFrame
  m_time 1.351000
  m_vertexTransformMat 0.991791 -0.045959 -0.119322 0.000000 0.036008 0.995793 -0.084255 0.000000 0.122692 0.079267 0.989274 0.000000 -1.260839 -1.254319 -1.546267 1.000000
aniFrame
  m_time 1.390000
  m_vertexTransformMat 0.991191 -0.034999 -0.127732 0.000000 0.019207 0.992242 -0.122830 0.000000 0.131040 0.119294 0.984174 0.000000 -1.132722 -1.409197 -1.258196 1.000000
aniFrame
  m_time 1.429000
  m_vertexTransformMat 0.991667 -0.018086 -0.127552 0.000000 -0.003941 0.985374 -0.170362 0.000000 0.128768 0.169445 0.977091 0.000000 -0.974573 -1.582835 -1.091924 1.000000
aniFrame
  m_time 1.468000
  m_vertexTransformMat 0.992610 0.002411 -0.121327 0.000000 -0.027125 0.978914 -0.202463 0.000000 0.118280 0.204258 0.971745 0.000000 -0.778961 -1.728725 -1.028992 1.000000
aniFrame
  m_time 1.507000
  m_vertexTransformMat 0.994000 0.027823 -0.105783 0.000000 -0.049820 0.976130 -0.211396 0.000000 0.097376 0.215397 0.971659 0.000000 -0.537180 -1.799281 -1.028229 1.000000
aniFrame
  m_time 1.546000
  m_vertexTransformMat 0.995001 0.057952 -0.081331 0.000000 -0.073784 0.975419 -0.207640 0.000000 0.067298 0.212603 0.974819 0.000000 -0.262839 -1.787640 -1.054162 1.000000
aniFrame
  m_time 1.585000
  m_vertexTransformMat 0.994625 0.087333 -0.055616 0.000000 -0.096753 0.975228 -0.198920 0.000000 0.036866 0.203232 0.978437 0.000000 0.008109 -1.707853 -1.092611 1.000000
aniFrame
  m_time 1.624000
  m_vertexTransformMat 0.992848 0.114563 -0.033607 0.000000 -0.118780 0.976256 -0.181151 0.000000 0.012056 0.183847 0.982881 0.000000 0.334338 -1.559734 -1.197766 1.000000
aniFrame
  m_time 1.663000
  m_vertexTransformMat 0.989907 0.141086 -0.013353 0.000000 -0.141508 0.978935 -0.147182 0.000000 -0.007693 0.147586 0.989020 0.000000 0.745184 -1.323678 -1.422469 1.000000
aniFrame
  m_time 1.702000
  m_vertexTransformMat 0.986590 0.163220 -0.000312 0.000000 -0.162160 0.979960 -0.115684 0.000000 -0.018576 0.114184 0.993286 0.000000 1.087431 -1.057249 -1.640970 1.000000
aniFrame
  m_time 1.741000
  m_vertexTransformMat 0.983994 0.178168 -0.003611 0.000000 -0.177463 0.977849 -0.110991 0.000000 -0.016244 0.109855 0.993815 0.000000 1.200207 -0.827039 -1.709026 1.000000
aniFrame
  m_time 1.780000
  m_vertexTransformMat 0.982340 0.184544 -0.030837 0.000000 -0.187095 0.970362 -0.152948 0.000000 0.001697 0.156016 0.987753 0.000000 1.157083 -0.681569 -1.648280 1.000000
aniFrame
  m_time 1.819000
  m_vertexTransformMat 0.981257 0.181761 -0.064007 0.000000 -0.191565 0.956111 -0.221710 0.000000 0.020900 0.229817 0.973010 0.000000 1.105372 -0.640253 -1.493679 1.000000
aniFrame
  m_time 1.858000
  m_vertexTransformMat 0.981400 0.174947 -0.079046 0.000000 -0.190188 0.942079 -0.276253 0.000000 0.026138 0.286148 0.957829 0.000000 1.059477 -0.694815 -1.213079 1.000000
aniFrame
  m_time 1.897000
  m_vertexTransformMat 0.983505 0.169949 -0.061926 0.000000 -0.180690 0.938765 -0.293379 0.000000 0.008275 0.299729 0.953989 0.000000 1.015637 -0.755556 -0.829593 1.000000
aniFrame
  m_time 1.936000
  m_vertexTransformMat 0.986047 0.164827 -0.023302 0.000000 -0.164547 0.943886 -0.286365 0.000000 -0.025206 0.286203 0.957837 0.000000 0.964429 -0.819634 -0.440491 1.000000
aniFrame
  m_time 1.975000
  m_vertexTransformMat 0.987035 0.158948 0.022329 0.000000 -0.147050 0.951236 -0.271156 0.000000 -0.064340 0.264357 0.962276 0.000000 0.863728 -0.898526 -0.153456 1.000000
aniFrame
  m_time 2.014000
  m_vertexTransformMat 0.986242 0.153076 0.062413 0.000000 -0.131901 0.956263 -0.261080 0.000000 -0.099648 0.249255 0.963298 0.000000 0.625547 -0.994646 -0.058522 1.000000
aniFrame
  m_time 2.053000
  m_vertexTransformMat 0.984255 0.147237 0.097796 0.000000 -0.118371 0.959953 -0.253928 0.000000 -0.131267 0.238353 0.962267 0.000000 0.228991 -1.089664 -0.109493 1.000000
aniFrame
  m_time 2.092000
  m_vertexTransformMat 0.981154 0.140377 0.132779 0.000000 -0.104654 0.963721 -0.245541 0.000000 -0.162431 0.227017 0.960250 0.000000 -0.252482 -1.167385 -0.211698 1.000000
aniFrame
  m_time 2.131000
  m_vertexTransformMat 0.977098 0.132254 0.166698 0.000000 -0.090630 0.967440 -0.236317 0.000000 -0.192524 0.215797 0.957270 0.000000 -0.716881 -1.226160 -0.285005 1.000000
aniFrame
  m_time 2.133000
  m_vertexTransformMat 0.976880 0.131925 0.168229 0.000000 -0.089959 0.967499 -0.236334 0.000000 -0.193940 0.215736 0.956998 0.000000 -0.738525 -1.219530 -0.287196 1.000000
