m_aniFrameList.size 202
aniFrame
  m_time -1.066000
  m_vertexTransformMat -0.512955 0.809881 0.284554 0.000000 0.843125 0.537620 -0.010272 0.000000 -0.161301 0.234645 -0.958605 0.000000 -18.336737 25.617538 -29.842978 1.000000
aniFrame
  m_time -1.050000
  m_vertexTransformMat -0.547997 0.782039 0.296840 0.000000 0.822399 0.568546 0.020370 0.000000 -0.152837 0.255283 -0.954710 0.000000 -19.234589 25.173723 -29.700270 1.000000
aniFrame
  m_time -1.034000
  m_vertexTransformMat -0.583221 0.751673 0.307965 0.000000 0.799187 0.598841 0.051856 0.000000 -0.145444 0.276366 -0.949984 0.000000 -20.147800 24.678535 -29.579653 1.000000
aniFrame
  m_time -1.018000
  m_vertexTransformMat -0.620215 0.716532 0.319243 0.000000 0.772245 0.629187 0.088099 0.000000 -0.137738 0.301175 -0.943569 0.000000 -21.087393 24.138281 -29.453716 1.000000
aniFrame
  m_time -1.002000
  m_vertexTransformMat -0.657170 0.677875 0.329566 0.000000 0.742208 0.658179 0.126205 0.000000 -0.131362 0.327545 -0.935659 0.000000 -22.034286 23.544317 -29.333509 1.000000
aniFrame
  m_time -0.986000
  m_vertexTransformMat -0.692276 0.637154 0.338805 0.000000 0.710290 0.684542 0.163985 0.000000 -0.127443 0.354172 -0.926456 0.000000 -22.955605 22.906952 -29.204245 1.000000
aniFrame
  m_time -0.970000
  m_vertexTransformMat -0.725155 0.594784 0.346961 0.000000 0.676929 0.708092 0.200934 0.000000 -0.126169 0.380576 -0.916102 0.000000 -23.845453 22.227604 -29.063320 1.000000
aniFrame
  m_time -0.954000
  m_vertexTransformMat -0.754212 0.552970 0.354103 0.000000 0.643986 0.728239 0.234417 0.000000 -0.128246 0.404837 -0.905351 0.000000 -24.666758 21.523199 -28.893562 1.000000
aniFrame
  m_time -0.938000
  m_vertexTransformMat -0.779450 0.512181 0.360734 0.000000 0.612102 0.745243 0.264470 0.000000 -0.133378 0.426947 -0.894387 0.000000 -25.420984 20.804007 -28.687950 1.000000
aniFrame
  m_time -0.922000
  m_vertexTransformMat -0.799673 0.475121 0.367129 0.000000 0.583453 0.759272 0.288251 0.000000 -0.141796 0.444709 -0.884381 0.000000 -26.095064 20.092520 -28.442696 1.000000
aniFrame
  m_time -0.906000
  m_vertexTransformMat -0.815191 0.442252 0.374002 0.000000 0.558640 0.770855 0.306111 0.000000 -0.152923 0.458471 -0.875454 0.000000 -26.689262 19.404663 -28.145821 1.000000
aniFrame
  m_time -0.890000
  m_vertexTransformMat -0.824915 0.416909 0.381709 0.000000 0.540089 0.780589 0.314618 0.000000 -0.166791 0.465690 -0.869088 0.000000 -27.209183 18.770531 -27.822693 1.000000
aniFrame
  m_time -0.874000
  m_vertexTransformMat -0.829396 0.399288 0.390733 0.000000 0.527921 0.788976 0.314351 0.000000 -0.182762 0.466998 -0.865166 0.000000 -27.654821 18.205111 -27.458075 1.000000
aniFrame
  m_time -0.858000
  m_vertexTransformMat -0.829610 0.388530 0.400988 0.000000 0.521262 0.796312 0.306876 0.000000 -0.200081 0.463607 -0.863155 0.000000 -28.041759 17.700987 -27.058811 1.000000
aniFrame
  m_time -0.842000
  m_vertexTransformMat -0.825568 0.385135 0.412444 0.000000 0.520232 0.802605 0.291862 0.000000 -0.218624 0.455518 -0.862964 0.000000 -28.369850 17.271194 -26.621206 1.000000
aniFrame
  m_time -0.826000
  m_vertexTransformMat -0.819385 0.385401 0.424353 0.000000 0.521758 0.808027 0.273607 0.000000 -0.237440 0.445599 -0.863171 0.000000 -28.661575 16.871822 -26.161568 1.000000
aniFrame
  m_time -0.810000
  m_vertexTransformMat -0.810878 0.389425 0.436837 0.000000 0.525889 0.812372 0.251979 0.000000 -0.256747 0.434052 -0.863528 0.000000 -28.921831 16.510208 -25.670252 1.000000
aniFrame
  m_time -0.794000
  m_vertexTransformMat -0.800821 0.396583 0.448784 0.000000 0.531518 0.815948 0.227414 0.000000 -0.275996 0.420655 -0.864220 0.000000 -29.143450 16.169643 -25.195086 1.000000
aniFrame
  m_time -0.778000
  m_vertexTransformMat -0.788513 0.407275 0.460841 0.000000 0.539100 0.818348 0.199190 0.000000 -0.296003 0.405504 -0.864840 0.000000 -29.337725 15.865359 -24.709358 1.000000
aniFrame
  m_time -0.762000
  m_vertexTransformMat -0.775484 0.420254 0.471181 0.000000 0.546933 0.819980 0.168807 0.000000 -0.315417 0.388612 -0.865732 0.000000 -29.492050 15.568928 -24.284601 1.000000
aniFrame
  m_time -0.746000
  m_vertexTransformMat -0.760771 0.435756 0.480982 0.000000 0.555363 0.820578 0.134998 0.000000 -0.335857 0.369822 -0.866275 0.000000 -29.634897 15.287997 -23.878342 1.000000
aniFrame
  m_time -0.730000
  m_vertexTransformMat -0.744961 0.453744 0.489029 0.000000 0.564463 0.819432 0.099565 0.000000 -0.355549 0.350211 -0.866567 0.000000 -29.730503 15.048743 -23.530781 1.000000
aniFrame
  m_time -0.714000
  m_vertexTransformMat -0.729153 0.472554 0.495005 0.000000 0.571983 0.817943 0.061698 0.000000 -0.375730 0.328121 -0.866697 0.000000 -29.821560 14.776241 -23.251963 1.000000
aniFrame
  m_time -0.698000
  m_vertexTransformMat -0.711612 0.493498 0.500070 0.000000 0.580157 0.814206 0.022072 0.000000 -0.396268 0.305826 -0.865704 0.000000 -29.885450 14.557158 -22.988066 1.000000
aniFrame
  m_time -0.682000
  m_vertexTransformMat -0.694786 0.515121 0.501919 0.000000 0.586888 0.809460 -0.018346 0.000000 -0.415734 0.281824 -0.864720 0.000000 -29.916792 14.328026 -22.818424 1.000000
aniFrame
  m_time -0.666000
  m_vertexTransformMat -0.678112 0.536039 0.502819 0.000000 0.590947 0.804430 -0.060612 0.000000 -0.436973 0.256038 -0.862264 0.000000 -29.979795 14.049646 -22.651348 1.000000
aniFrame
  m_time -0.650000
  m_vertexTransformMat -0.661942 0.557425 0.501109 0.000000 0.594154 0.797782 -0.102588 0.000000 -0.456961 0.229829 -0.859282 0.000000 -30.016266 13.789001 -22.555277 1.000000
aniFrame
  m_time -0.634000
  m_vertexTransformMat -0.646751 0.578350 0.497217 0.000000 0.595189 0.790369 -0.145150 0.000000 -0.476932 0.202062 -0.855399 0.000000 -30.047060 13.505624 -22.503878 1.000000
aniFrame
  m_time -0.618000
  m_vertexTransformMat -0.632442 0.598145 0.492179 0.000000 0.594173 0.782256 -0.187174 0.000000 -0.496968 0.174063 -0.850133 0.000000 -30.091019 13.204679 -22.466631 1.000000
aniFrame
  m_time -0.602000
  m_vertexTransformMat -0.619994 0.617131 0.484517 0.000000 0.591281 0.773419 -0.228495 0.000000 -0.515746 0.144820 -0.844413 0.000000 -30.132591 12.887099 -22.496372 1.000000
aniFrame
  m_time -0.586000
  m_vertexTransformMat -0.608776 0.634193 0.476646 0.000000 0.585730 0.764522 -0.269123 0.000000 -0.535082 0.115351 -0.836888 0.000000 -30.195097 12.539989 -22.502861 1.000000
aniFrame
  m_time -0.570000
  m_vertexTransformMat -0.600027 0.649655 0.466814 0.000000 0.578423 0.755427 -0.307826 0.000000 -0.552625 0.085312 -0.829052 0.000000 -30.268614 12.171300 -22.565901 1.000000
aniFrame
  m_time -0.554000
  m_vertexTransformMat -0.593093 0.662960 0.456864 0.000000 0.569131 0.746582 -0.344536 0.000000 -0.569500 0.055674 -0.820104 0.000000 -30.357275 11.790161 -22.610487 1.000000
aniFrame
  m_time -0.538000
  m_vertexTransformMat -0.588571 0.673724 0.446856 0.000000 0.557309 0.738536 -0.379435 0.000000 -0.585653 0.025712 -0.810154 0.000000 -30.469715 11.368252 -22.651060 1.000000
aniFrame
  m_time -0.522000
  m_vertexTransformMat -0.588109 0.681758 0.435124 0.000000 0.538951 0.731493 -0.417672 0.000000 -0.603041 -0.011126 -0.797632 0.000000 -30.650522 10.802959 -22.705158 1.000000
aniFrame
  m_time -0.506000
  m_vertexTransformMat -0.591311 0.686720 0.422809 0.000000 0.514561 0.724974 -0.457864 0.000000 -0.620950 -0.053179 -0.782044 0.000000 -30.882504 10.109358 -22.742901 1.000000
aniFrame
  m_time -0.490000
  m_vertexTransformMat -0.598623 0.689127 0.408356 0.000000 0.482852 0.717194 -0.502481 0.000000 -0.639143 -0.103622 -0.762075 0.000000 -31.170649 9.251256 -22.778040 1.000000
aniFrame
  m_time -0.474000
  m_vertexTransformMat -0.609295 0.688530 0.393301 0.000000 0.443735 0.707133 -0.550511 0.000000 -0.657159 -0.160903 -0.736378 0.000000 -31.496740 8.243720 -22.754698 1.000000
aniFrame
  m_time -0.458000
  m_vertexTransformMat -0.621808 0.686091 0.377669 0.000000 0.402576 0.693654 -0.597308 0.000000 -0.671779 -0.219370 -0.707524 0.000000 -31.802870 7.212392 -22.695971 1.000000
aniFrame
  m_time -0.442000
  m_vertexTransformMat -0.635382 0.681448 0.363206 0.000000 0.358027 0.676715 -0.643331 0.000000 -0.684183 -0.278723 -0.673949 0.000000 -32.104763 6.148088 -22.532131 1.000000
aniFrame
  m_time -0.426000
  m_vertexTransformMat -0.649187 0.676019 0.348648 0.000000 0.317056 0.657151 -0.683834 0.000000 -0.691399 -0.333395 -0.640949 0.000000 -32.341965 5.185079 -22.371807 1.000000
aniFrame
  m_time -0.410000
  m_vertexTransformMat -0.662034 0.669743 0.336387 0.000000 0.276761 0.635571 -0.720731 0.000000 -0.696502 -0.384049 -0.606128 0.000000 -32.580482 4.299094 -22.096895 1.000000
aniFrame
  m_time -0.394000
  m_vertexTransformMat -0.674278 0.663123 0.324988 0.000000 0.243578 0.615159 -0.749833 0.000000 -0.697151 -0.426436 -0.576310 0.000000 -32.746368 3.577368 -21.876535 1.000000
aniFrame
  m_time -0.378000
  m_vertexTransformMat -0.684178 0.657972 0.314602 0.000000 0.217947 0.596112 -0.772755 0.000000 -0.695989 -0.460135 -0.551249 0.000000 -32.873489 3.068249 -21.685480 1.000000
aniFrame
  m_time -0.362000
  m_vertexTransformMat -0.691730 0.652721 0.308974 0.000000 0.198629 0.583313 -0.787587 0.000000 -0.694303 -0.483426 -0.533144 0.000000 -32.985146 2.757691 -21.485952 1.000000
aniFrame
  m_time -0.346000
  m_vertexTransformMat -0.696981 0.650210 0.302397 0.000000 0.194599 0.577378 -0.792948 0.000000 -0.690180 -0.493824 -0.528952 0.000000 -32.985889 2.760475 -21.552328 1.000000
aniFrame
  m_time -0.330000
  m_vertexTransformMat -0.698021 0.650952 0.298376 0.000000 0.200057 0.577365 -0.791598 0.000000 -0.687564 -0.492860 -0.533240 0.000000 -32.956284 3.064375 -21.695848 1.000000
aniFrame
  m_time -0.314000
  m_vertexTransformMat -0.697475 0.653172 0.294781 0.000000 0.216651 0.584305 -0.782081 0.000000 -0.683075 -0.481617 -0.549049 0.000000 -32.850311 3.603611 -22.024935 1.000000
aniFrame
  m_time -0.298000
  m_vertexTransformMat -0.695710 0.657458 0.289373 0.000000 0.240759 0.592967 -0.768392 0.000000 -0.676774 -0.464908 -0.570822 0.000000 -32.673077 4.281799 -22.491547 1.000000
aniFrame
  m_time -0.282000
  m_vertexTransformMat -0.692284 0.663035 0.284830 0.000000 0.268886 0.603291 -0.750827 0.000000 -0.669659 -0.443199 -0.595930 0.000000 -32.445950 5.101483 -22.994568 1.000000
aniFrame
  m_time -0.266000
  m_vertexTransformMat -0.687859 0.669971 0.279268 0.000000 0.302449 0.614313 -0.728797 0.000000 -0.659830 -0.416844 -0.625193 0.000000 -32.128693 6.046630 -23.592922 1.000000
aniFrame
  m_time -0.250000
  m_vertexTransformMat -0.681575 0.678477 0.274092 0.000000 0.339317 0.624907 -0.703105 0.000000 -0.648322 -0.386214 -0.656139 0.000000 -31.744331 7.115188 -24.210886 1.000000
aniFrame
  m_time -0.234000
  m_vertexTransformMat -0.674036 0.688001 0.268945 0.000000 0.379990 0.635146 -0.672457 0.000000 -0.633470 -0.351063 -0.689544 0.000000 -31.254204 8.304957 -24.875376 1.000000
aniFrame
  m_time -0.218000
  m_vertexTransformMat -0.664969 0.698730 0.263805 0.000000 0.422911 0.643396 -0.638113 0.000000 -0.615600 -0.312759 -0.723339 0.000000 -30.666533 9.580478 -25.549480 1.000000
aniFrame
  m_time -0.202000
  m_vertexTransformMat -0.654191 0.710346 0.259697 0.000000 0.467134 0.649530 -0.599914 0.000000 -0.594828 -0.271145 -0.756744 0.000000 -29.983534 10.940914 -26.198837 1.000000
aniFrame
  m_time -0.186000
  m_vertexTransformMat -0.642236 0.722553 0.255833 0.000000 0.512108 0.652819 -0.558187 0.000000 -0.570333 -0.227474 -0.789289 0.000000 -29.189955 12.349413 -26.837505 1.000000
aniFrame
  m_time -0.170000
  m_vertexTransformMat -0.628823 0.735196 0.253117 0.000000 0.556803 0.652994 -0.513390 0.000000 -0.542726 -0.181895 -0.819978 0.000000 -28.303839 13.800958 -27.428875 1.000000
aniFrame
  m_time -0.154000
  m_vertexTransformMat -0.614577 0.747680 0.251537 0.000000 0.600177 0.650104 -0.465996 0.000000 -0.511941 -0.135423 -0.848279 0.000000 -27.335340 15.253998 -27.970398 1.000000
aniFrame
  m_time -0.138000
  m_vertexTransformMat -0.599470 0.760125 0.250692 0.000000 0.641894 0.643668 -0.416732 0.000000 -0.478130 -0.088901 -0.873779 0.000000 -26.296198 16.702206 -28.465210 1.000000
aniFrame
  m_time -0.122000
  m_vertexTransformMat -0.584172 0.771586 0.251791 0.000000 0.680528 0.634704 -0.366108 0.000000 -0.442296 -0.042519 -0.895861 0.000000 -25.219984 18.105387 -28.867527 1.000000
aniFrame
  m_time -0.106000
  m_vertexTransformMat -0.568867 0.782449 0.253307 0.000000 0.716186 0.622711 -0.315132 0.000000 -0.404312 0.002146 -0.914619 0.000000 -24.115477 19.455021 -29.220600 1.000000
aniFrame
  m_time -0.090000
  m_vertexTransformMat -0.554506 0.791765 0.256184 0.000000 0.747917 0.609140 -0.263761 0.000000 -0.364889 0.045348 -0.929946 0.000000 -23.017914 20.718294 -29.491858 1.000000
aniFrame
  m_time -0.074000
  m_vertexTransformMat -0.541016 0.799746 0.260210 0.000000 0.775382 0.594146 -0.213948 0.000000 -0.325707 0.086013 -0.941551 0.000000 -21.951880 21.887808 -29.679321 1.000000
aniFrame
  m_time -0.058000
  m_vertexTransformMat -0.529801 0.805886 0.264309 0.000000 0.798451 0.579018 -0.164967 0.000000 -0.285984 0.123638 -0.950225 0.000000 -20.948456 22.935080 -29.824234 1.000000
aniFrame
  m_time -0.042000
  m_vertexTransformMat -0.520610 0.810002 0.269931 0.000000 0.816859 0.564524 -0.118551 0.000000 -0.248409 0.158778 -0.955554 0.000000 -20.039974 23.863604 -29.876678 1.000000
aniFrame
  m_time -0.026000
  m_vertexTransformMat -0.514449 0.812259 0.274914 0.000000 0.830604 0.551693 -0.075708 0.000000 -0.213163 0.189397 -0.958484 0.000000 -19.260698 24.643621 -29.904282 1.000000
aniFrame
  m_time -0.010000
  m_vertexTransformMat -0.511031 0.812531 0.280431 0.000000 0.840312 0.540910 -0.035945 0.000000 -0.180894 0.217280 -0.959202 0.000000 -18.613773 25.297180 -29.876148 1.000000
aniFrame
  m_time 0.005000
  m_vertexTransformMat -0.515632 0.807426 0.286683 0.000000 0.843201 0.537593 0.002491 0.000000 -0.152107 0.243015 -0.958023 0.000000 -18.258490 25.735840 -29.827219 1.000000
aniFrame
  m_time 0.021000
  m_vertexTransformMat -0.529197 0.796024 0.293763 0.000000 0.838904 0.542773 0.040460 0.000000 -0.127240 0.267850 -0.955022 0.000000 -18.232321 25.952467 -29.761303 1.000000
aniFrame
  m_time 0.037000
  m_vertexTransformMat -0.551964 0.777342 0.301788 0.000000 0.827018 0.556615 0.078876 0.000000 -0.106666 0.293121 -0.950107 0.000000 -18.541895 25.946371 -29.680948 1.000000
aniFrame
  m_time 0.053000
  m_vertexTransformMat -0.584988 0.749226 0.310563 0.000000 0.805914 0.579977 0.118867 0.000000 -0.091061 0.319823 -0.943091 0.000000 -19.229689 25.674854 -29.599119 1.000000
aniFrame
  m_time 0.069000
  m_vertexTransformMat -0.622530 0.714547 0.319187 0.000000 0.778351 0.607741 0.157548 0.000000 -0.081407 0.346517 -0.934505 0.000000 -20.140265 25.202005 -29.506445 1.000000
aniFrame
  m_time 0.085000
  m_vertexTransformMat -0.662946 0.673057 0.327867 0.000000 0.744550 0.638582 0.194576 0.000000 -0.078409 0.373107 -0.924470 0.000000 -21.237883 24.521812 -29.392584 1.000000
aniFrame
  m_time 0.101000
  m_vertexTransformMat -0.702470 0.627288 0.336223 0.000000 0.706988 0.669376 0.228263 0.000000 -0.081872 0.398054 -0.913702 0.000000 -22.406879 23.680971 -29.249033 1.000000
aniFrame
  m_time 0.117000
  m_vertexTransformMat -0.739212 0.578473 0.344870 0.000000 0.667190 0.698801 0.257944 0.000000 -0.091782 0.420768 -0.902513 0.000000 -23.584934 22.704479 -29.048544 1.000000
aniFrame
  m_time 0.133000
  m_vertexTransformMat -0.770985 0.529628 0.353663 0.000000 0.627827 0.725256 0.282554 0.000000 -0.106848 0.439884 -0.891676 0.000000 -24.705561 21.650154 -28.798798 1.000000
aniFrame
  m_time 0.149000
  m_vertexTransformMat -0.796451 0.483606 0.363031 0.000000 0.591459 0.747964 0.301209 0.000000 -0.125867 0.454616 -0.881750 0.000000 -25.713352 20.581053 -28.482611 1.000000
aniFrame
  m_time 0.165000
  m_vertexTransformMat -0.815048 0.443360 0.373000 0.000000 0.560409 0.766696 0.313239 0.000000 -0.147100 0.464337 -0.873357 0.000000 -26.582104 19.563150 -28.118664 1.000000
aniFrame
  m_time 0.181000
  m_vertexTransformMat -0.825513 0.414445 0.383099 0.000000 0.538857 0.780616 0.316657 0.000000 -0.167816 0.467840 -0.867735 0.000000 -27.256067 18.724859 -27.741098 1.000000
aniFrame
  m_time 0.197000
  m_vertexTransformMat -0.829822 0.395315 0.393855 0.000000 0.525416 0.791252 0.312824 0.000000 -0.187975 0.466526 -0.864303 0.000000 -27.781404 18.042458 -27.333900 1.000000
aniFrame
  m_time 0.213000
  m_vertexTransformMat -0.828843 0.386031 0.404969 0.000000 0.519833 0.798989 0.302309 0.000000 -0.206865 0.461083 -0.862908 0.000000 -28.175941 17.523199 -26.910721 1.000000
aniFrame
  m_time 0.229000
  m_vertexTransformMat -0.823699 0.384897 0.416383 0.000000 0.520503 0.804552 0.285959 0.000000 -0.224937 0.452273 -0.863048 0.000000 -28.471533 17.133621 -26.470409 1.000000
aniFrame
  m_time 0.245000
  m_vertexTransformMat -0.816777 0.386322 0.428523 0.000000 0.522884 0.809581 0.266778 0.000000 -0.243863 0.441966 -0.863248 0.000000 -28.752531 16.747725 -25.998436 1.000000
aniFrame
  m_time 0.261000
  m_vertexTransformMat -0.807675 0.391500 0.440896 0.000000 0.527640 0.813642 0.244097 0.000000 -0.263167 0.429785 -0.863729 0.000000 -28.999666 16.394978 -25.509014 1.000000
aniFrame
  m_time 0.277000
  m_vertexTransformMat -0.796925 0.399782 0.452865 0.000000 0.533882 0.816876 0.218369 0.000000 -0.282635 0.415800 -0.864424 0.000000 -29.211992 16.064798 -25.031870 1.000000
aniFrame
  m_time 0.293000
  m_vertexTransformMat -0.784176 0.411427 0.464539 0.000000 0.541772 0.818946 0.189237 0.000000 -0.302575 0.400069 -0.865097 0.000000 -29.393372 15.767500 -24.558102 1.000000
aniFrame
  m_time 0.309000
  m_vertexTransformMat -0.770825 0.425082 0.474483 0.000000 0.549610 0.820358 0.157926 0.000000 -0.322114 0.382514 -0.865982 0.000000 -29.541649 15.470904 -24.148607 1.000000
aniFrame
  m_time 0.325000
  m_vertexTransformMat -0.755501 0.441558 0.483988 0.000000 0.558402 0.820369 0.123211 0.000000 -0.342644 0.363346 -0.866358 0.000000 -29.673828 15.204866 -23.751032 1.000000
aniFrame
  m_time 0.341000
  m_vertexTransformMat -0.739821 0.459880 0.491095 0.000000 0.567092 0.819009 0.087357 0.000000 -0.362038 0.343125 -0.866715 0.000000 -29.758505 14.960379 -23.436613 1.000000
aniFrame
  m_time 0.357000
  m_vertexTransformMat -0.723471 0.479259 0.496892 0.000000 0.574532 0.817047 0.048460 0.000000 -0.382759 0.320540 -0.866459 0.000000 -29.850744 14.692345 -23.158920 1.000000
aniFrame
  m_time 0.373000
  m_vertexTransformMat -0.705829 0.500803 0.501002 0.000000 0.582823 0.812551 0.008874 0.000000 -0.402646 0.298259 -0.865401 0.000000 -29.892960 14.491509 -22.923277 1.000000
aniFrame
  m_time 0.389000
  m_vertexTransformMat -0.689324 0.522119 0.502220 0.000000 0.588392 0.807929 -0.032341 0.000000 -0.422644 0.273209 -0.864135 0.000000 -29.935921 14.234762 -22.766186 1.000000
aniFrame
  m_time 0.405000
  m_vertexTransformMat -0.672501 0.543112 0.502765 0.000000 0.592186 0.802339 -0.074615 0.000000 -0.443913 0.247552 -0.861197 0.000000 -29.996271 13.964070 -22.603270 1.000000
aniFrame
  m_time 0.421000
  m_vertexTransformMat -0.656865 0.564537 0.499828 0.000000 0.594793 0.795368 -0.116672 0.000000 -0.463413 0.220656 -0.858231 0.000000 -30.024141 13.697685 -22.542173 1.000000
aniFrame
  m_time 0.437000
  m_vertexTransformMat -0.641699 0.584992 0.495992 0.000000 0.594963 0.787788 -0.159403 0.000000 -0.483986 0.192808 -0.853571 0.000000 -30.064085 13.405735 -22.475958 1.000000
aniFrame
  m_time 0.453000
  m_vertexTransformMat -0.628159 0.604624 0.489741 0.000000 0.593505 0.779349 -0.200917 0.000000 -0.503158 0.164456 -0.848402 0.000000 -30.103134 13.101871 -22.477087 1.000000
aniFrame
  m_time 0.469000
  m_vertexTransformMat -0.616010 0.623014 0.482064 0.000000 0.589601 0.770483 -0.242337 0.000000 -0.522401 0.134943 -0.841955 0.000000 -30.152895 12.773480 -22.492592 1.000000
aniFrame
  m_time 0.485000
  m_vertexTransformMat -0.605591 0.639531 0.473561 0.000000 0.583538 0.761496 -0.282148 0.000000 -0.541057 0.105474 -0.834346 0.000000 -30.217522 12.419962 -22.520063 1.000000
aniFrame
  m_time 0.501000
  m_vertexTransformMat -0.597573 0.654373 0.463362 0.000000 0.575384 0.752440 -0.320576 0.000000 -0.558427 0.075044 -0.826153 0.000000 -30.298651 12.041926 -22.584896 1.000000
aniFrame
  m_time 0.517000
  m_vertexTransformMat -0.591206 0.666828 0.453670 0.000000 0.565711 0.743781 -0.356034 0.000000 -0.574845 0.046157 -0.816960 0.000000 -30.389030 11.660684 -22.622013 1.000000
aniFrame
  m_time 0.533000
  m_vertexTransformMat -0.587990 0.676759 0.443018 0.000000 0.551925 0.736070 -0.391893 0.000000 -0.591309 0.014083 -0.806322 0.000000 -30.523029 11.195251 -22.670918 1.000000
aniFrame
  m_time 0.549000
  m_vertexTransformMat -0.588746 0.683714 0.431178 0.000000 0.531510 0.729341 -0.430764 0.000000 -0.608995 -0.024435 -0.792798 0.000000 -30.722292 10.587076 -22.717796 1.000000
aniFrame
  m_time 0.565000
  m_vertexTransformMat -0.593286 0.687845 0.418189 0.000000 0.504986 0.722580 -0.472088 0.000000 -0.626898 -0.068904 -0.776048 0.000000 -30.971046 9.845126 -22.758352 1.000000
aniFrame
  m_time 0.581000
  m_vertexTransformMat -0.601883 0.689204 0.403404 0.000000 0.470328 0.714173 -0.518410 0.000000 -0.645390 -0.122290 -0.754001 0.000000 -31.279280 8.924724 -22.775082 1.000000
aniFrame
  m_time 0.597000
  m_vertexTransformMat -0.613330 0.687909 0.388083 0.000000 0.430234 0.703038 -0.566247 0.000000 -0.662363 -0.180330 -0.727156 0.000000 -31.600060 7.901481 -22.742432 1.000000
aniFrame
  m_time 0.613000
  m_vertexTransformMat -0.626233 0.684743 0.372773 0.000000 0.387786 0.688368 -0.613002 0.000000 -0.676353 -0.239326 -0.696613 0.000000 -31.908064 6.855195 -22.647470 1.000000
aniFrame
  m_time 0.629000
  m_vertexTransformMat -0.640042 0.679650 0.358361 0.000000 0.343807 0.670448 -0.657493 0.000000 -0.687127 -0.297616 -0.662783 0.000000 -32.190006 5.811718 -22.478296 1.000000
aniFrame
  m_time 0.645000
  m_vertexTransformMat -0.653548 0.674049 0.344286 0.000000 0.303420 0.650044 -0.696693 0.000000 -0.693406 -0.350859 -0.629354 0.000000 -32.423454 4.879664 -22.289211 1.000000
aniFrame
  m_time 0.661000
  m_vertexTransformMat -0.666202 0.667463 0.332669 0.000000 0.264449 0.628516 -0.731461 0.000000 -0.697311 -0.399326 -0.595228 0.000000 -32.647968 4.033356 -22.005686 1.000000
aniFrame
  m_time 0.677000
  m_vertexTransformMat -0.677949 0.661293 0.321057 0.000000 0.234556 0.608514 -0.758086 0.000000 -0.696685 -0.438638 -0.567651 0.000000 -32.787079 3.385718 -21.822927 1.000000
aniFrame
  m_time 0.693000
  m_vertexTransformMat -0.686835 0.656283 0.312331 0.000000 0.210413 0.590868 -0.778846 0.000000 -0.695690 -0.469219 -0.543919 0.000000 -32.917915 2.941047 -21.605221 1.000000
aniFrame
  m_time 0.709000
  m_vertexTransformMat -0.693931 0.651367 0.306890 0.000000 0.195599 0.580711 -0.790263 0.000000 -0.692966 -0.488361 -0.530380 0.000000 -32.995693 2.717622 -21.482450 1.000000
aniFrame
  m_time 0.725000
  m_vertexTransformMat -0.697718 0.650295 0.300512 0.000000 0.195839 0.576656 -0.793168 0.000000 -0.689085 -0.494555 -0.529696 0.000000 -32.974945 2.837020 -21.602207 1.000000
aniFrame
  m_time 0.741000
  m_vertexTransformMat -0.697908 0.651466 0.297518 0.000000 0.204069 0.579088 -0.789312 0.000000 -0.686499 -0.490153 -0.537094 0.000000 -32.934788 3.219603 -21.773451 1.000000
aniFrame
  m_time 0.757000
  m_vertexTransformMat -0.697113 0.654382 0.292948 0.000000 0.224458 0.587252 -0.777660 0.000000 -0.680921 -0.476362 -0.556261 0.000000 -32.793011 3.819952 -22.181534 1.000000
aniFrame
  m_time 0.773000
  m_vertexTransformMat -0.694663 0.659208 0.287905 0.000000 0.249344 0.596087 -0.763223 0.000000 -0.674738 -0.458395 -0.578448 0.000000 -32.608662 4.535816 -22.644848 1.000000
aniFrame
  m_time 0.789000
  m_vertexTransformMat -0.690963 0.665161 0.283076 0.000000 0.279676 0.607070 -0.743807 0.000000 -0.666598 -0.434773 -0.605492 0.000000 -32.347893 5.406484 -23.188747 1.000000
aniFrame
  m_time 0.805000
  m_vertexTransformMat -0.685955 0.672670 0.277455 0.000000 0.314243 0.617772 -0.720840 0.000000 -0.656292 -0.407275 -0.635145 0.000000 -32.011005 6.384598 -23.794243 1.000000
aniFrame
  m_time 0.821000
  m_vertexTransformMat -0.679171 0.681548 0.272433 0.000000 0.352534 0.628462 -0.693366 0.000000 -0.643776 -0.374872 -0.667102 0.000000 -31.593161 7.502465 -24.427553 1.000000
aniFrame
  m_time 0.837000
  m_vertexTransformMat -0.671265 0.691413 0.267117 0.000000 0.394079 0.638130 -0.661433 0.000000 -0.627778 -0.338731 -0.700825 0.000000 -31.068033 8.716971 -25.102800 1.000000
aniFrame
  m_time 0.853000
  m_vertexTransformMat -0.661510 0.702552 0.262347 0.000000 0.437558 0.645685 -0.625807 0.000000 -0.609056 -0.299185 -0.734534 0.000000 -30.450392 10.027823 -25.768026 1.000000
aniFrame
  m_time 0.869000
  m_vertexTransformMat -0.650410 0.714288 0.258381 0.000000 0.482039 0.651031 -0.586343 0.000000 -0.587031 -0.256813 -0.767751 0.000000 -29.730679 11.402408 -26.414198 1.000000
aniFrame
  m_time 0.885000
  m_vertexTransformMat -0.637879 0.726786 0.254740 0.000000 0.527127 0.653177 -0.543596 0.000000 -0.561468 -0.212469 -0.799757 0.000000 -28.903896 12.831543 -27.041555 1.000000
aniFrame
  m_time 0.901000
  m_vertexTransformMat -0.624206 0.739300 0.252594 0.000000 0.571359 0.652492 -0.497799 0.000000 -0.532837 -0.166407 -0.829695 0.000000 -27.990786 14.283592 -27.611753 1.000000
aniFrame
  m_time 0.917000
  m_vertexTransformMat -0.609590 0.751904 0.251080 0.000000 0.614356 0.648272 -0.449788 0.000000 -0.500966 -0.119934 -0.857117 0.000000 -26.994896 15.739831 -28.143599 1.000000
aniFrame
  m_time 0.933000
  m_vertexTransformMat -0.594416 0.764014 0.250903 0.000000 0.655111 0.641018 -0.399906 0.000000 -0.466368 -0.073341 -0.881546 0.000000 -25.941311 17.174603 -28.608383 1.000000
aniFrame
  m_time 0.949000
  m_vertexTransformMat -0.579006 0.775315 0.252268 0.000000 0.692774 0.630980 -0.349185 0.000000 -0.429904 -0.027416 -0.902459 0.000000 -24.853561 18.563261 -28.989939 1.000000
aniFrame
  m_time 0.965000
  m_vertexTransformMat -0.563996 0.785746 0.253991 0.000000 0.727253 0.618325 -0.297957 0.000000 -0.391168 0.016669 -0.920169 0.000000 -23.747166 19.885740 -29.324772 1.000000
aniFrame
  m_time 0.981000
  m_vertexTransformMat -0.549840 0.794575 0.257542 0.000000 0.757540 0.604264 -0.246977 0.000000 -0.351865 0.059300 -0.934171 0.000000 -22.657726 21.120504 -29.558874 1.000000
aniFrame
  m_time 0.997000
  m_vertexTransformMat -0.537003 0.802041 0.261455 0.000000 0.783576 0.589046 -0.197570 0.000000 -0.312468 0.098774 -0.944780 0.000000 -21.608969 22.250233 -29.735680 1.000000
aniFrame
  m_time 1.013000
  m_vertexTransformMat -0.526474 0.807468 0.266123 0.000000 0.805119 0.574074 -0.149074 0.000000 -0.273147 0.135777 -0.952343 0.000000 -20.632799 23.259682 -29.848907 1.000000
aniFrame
  m_time 1.029000
  m_vertexTransformMat -0.518215 0.810942 0.271710 0.000000 0.821918 0.560047 -0.103918 0.000000 -0.236441 0.169471 -0.956752 0.000000 -19.766132 24.139629 -29.887114 1.000000
aniFrame
  m_time 1.045000
  m_vertexTransformMat -0.512811 0.812712 0.276632 0.000000 0.834392 0.547654 -0.062172 0.000000 -0.202026 0.198937 -0.958963 0.000000 -19.024078 24.878695 -29.901262 1.000000
aniFrame
  m_time 1.061000
  m_vertexTransformMat -0.511398 0.811592 0.282473 0.000000 0.842178 0.538706 -0.023086 0.000000 -0.170906 0.226086 -0.958998 0.000000 -18.454811 25.471838 -29.858974 1.000000
aniFrame
  m_time 1.077000
  m_vertexTransformMat -0.519206 0.804332 0.288921 0.000000 0.842539 0.538421 0.015169 0.000000 -0.143361 0.251303 -0.957233 0.000000 -18.214417 25.831282 -29.808180 1.000000
aniFrame
  m_time 1.093000
  m_vertexTransformMat -0.535691 0.790703 0.296352 0.000000 0.835861 0.546362 0.053156 0.000000 -0.119885 0.276184 -0.953598 0.000000 -18.296146 25.976925 -29.734795 1.000000
aniFrame
  m_time 1.109000
  m_vertexTransformMat -0.562015 0.768971 0.304669 0.000000 0.820955 0.563514 0.092109 0.000000 -0.100856 0.301887 -0.947994 0.000000 -18.733519 25.884232 -29.654034 1.000000
aniFrame
  m_time 1.125000
  m_vertexTransformMat -0.597343 0.738179 0.313487 0.000000 0.797237 0.589038 0.132092 0.000000 -0.087148 0.328827 -0.940360 0.000000 -19.518276 25.534811 -29.570326 1.000000
aniFrame
  m_time 1.141000
  m_vertexTransformMat -0.635691 0.701547 0.322069 0.000000 0.767824 0.617685 0.170037 0.000000 -0.079648 0.355384 -0.931321 0.000000 -20.485113 25.000280 -29.470867 1.000000
aniFrame
  m_time 1.157000
  m_vertexTransformMat -0.676533 0.657976 0.330712 0.000000 0.732174 0.649106 0.206354 0.000000 -0.078891 0.381745 -0.920895 0.000000 -21.629862 24.253208 -29.348993 1.000000
aniFrame
  m_time 1.173000
  m_vertexTransformMat -0.714967 0.611459 0.339027 0.000000 0.694040 0.679274 0.238528 0.000000 -0.084442 0.405838 -0.910036 0.000000 -22.796204 23.372982 -29.189116 1.000000
aniFrame
  m_time 1.189000
  m_vertexTransformMat -0.750579 0.561825 0.347827 0.000000 0.653715 0.708125 0.266865 0.000000 -0.096373 0.427683 -0.898777 0.000000 -23.972427 22.354040 -28.969717 1.000000
aniFrame
  m_time 1.205000
  m_vertexTransformMat -0.780050 0.514134 0.356636 0.000000 0.615485 0.733120 0.289334 0.000000 -0.112701 0.445198 -0.888312 0.000000 -25.050541 21.298540 -28.703249 1.000000
aniFrame
  m_time 1.221000
  m_vertexTransformMat -0.803546 0.469148 0.366352 0.000000 0.580216 0.754754 0.306097 0.000000 -0.132901 0.458526 -0.878688 0.000000 -26.023243 20.227299 -28.362955 1.000000
aniFrame
  m_time 1.237000
  m_vertexTransformMat -0.819353 0.432518 0.376283 0.000000 0.552210 0.771780 0.315310 0.000000 -0.154030 0.466137 -0.871201 0.000000 -26.826426 19.264183 -27.997034 1.000000
aniFrame
  m_time 1.253000
  m_vertexTransformMat -0.827533 0.407074 0.386626 0.000000 0.533568 0.784471 0.316087 0.000000 -0.174626 0.467863 -0.866378 0.000000 -27.445295 18.481892 -27.607723 1.000000
aniFrame
  m_time 1.269000
  m_vertexTransformMat -0.830174 0.390877 0.397527 0.000000 0.522489 0.794213 0.310212 0.000000 -0.194466 0.465233 -0.863563 0.000000 -27.930260 17.845161 -27.194862 1.000000
aniFrame
  m_time 1.285000
  m_vertexTransformMat -0.827409 0.385136 0.408736 0.000000 0.519686 0.800965 0.297290 0.000000 -0.212886 0.458394 -0.862875 0.000000 -28.279970 17.387720 -26.765848 1.000000
aniFrame
  m_time 1.301000
  m_vertexTransformMat -0.821670 0.384974 0.420302 0.000000 0.521000 0.806334 0.279971 0.000000 -0.231122 0.449021 -0.863112 0.000000 -28.567110 17.001806 -26.318909 1.000000
aniFrame
  m_time 1.317000
  m_vertexTransformMat -0.813923 0.387682 0.432704 0.000000 0.524285 0.811023 0.259551 0.000000 -0.250310 0.438115 -0.863366 0.000000 -28.839403 16.627556 -25.833826 1.000000
aniFrame
  m_time 1.333000
  m_vertexTransformMat -0.804373 0.393852 0.444820 0.000000 0.529468 0.814854 0.235958 0.000000 -0.269531 0.425316 -0.863979 0.000000 -29.072868 16.280441 -25.352903 1.000000
aniFrame
  m_time 1.349000
  m_vertexTransformMat -0.792790 0.403369 0.456922 0.000000 0.536442 0.817667 0.208929 0.000000 -0.289334 0.410749 -0.864622 0.000000 -29.277084 15.963934 -24.868481 1.000000
aniFrame
  m_time 1.365000
  m_vertexTransformMat -0.779852 0.415752 0.467954 0.000000 0.544378 0.819488 0.179143 0.000000 -0.309003 0.394450 -0.865405 0.000000 -29.443972 15.668838 -24.417568 1.000000
aniFrame
  m_time 1.381000
  m_vertexTransformMat -0.765903 0.430253 0.477781 0.000000 0.552422 0.820569 0.146614 0.000000 -0.328972 0.376229 -0.866158 0.000000 -29.590130 15.376826 -24.012072 1.000000
aniFrame
  m_time 1.397000
  m_vertexTransformMat -0.750189 0.447595 0.486698 0.000000 0.561484 0.819957 0.111384 0.000000 -0.349217 0.356832 -0.866440 0.000000 -29.705374 15.126622 -23.634037 1.000000
aniFrame
  m_time 1.413000
  m_vertexTransformMat -0.734591 0.466115 0.493065 0.000000 0.569541 0.818561 0.074708 0.000000 -0.368781 0.335701 -0.866779 0.000000 -29.789677 14.867278 -23.344688 1.000000
aniFrame
  m_time 1.429000
  m_vertexTransformMat -0.717585 0.486250 0.498632 0.000000 0.577254 0.815807 0.035182 0.000000 -0.389680 0.313083 -0.866100 0.000000 -29.873331 14.618941 -23.068972 1.000000
aniFrame
  m_time 1.445000
  m_vertexTransformMat -0.700254 0.508022 0.501557 0.000000 0.585059 0.810979 -0.004596 0.000000 -0.409087 0.290222 -0.865113 0.000000 -29.902580 14.414738 -22.869135 1.000000
aniFrame
  m_time 1.461000
  m_vertexTransformMat -0.683784 0.529067 0.502521 0.000000 0.589692 0.806289 -0.046484 0.000000 -0.429770 0.264548 -0.863315 0.000000 -29.958134 14.139920 -22.710220 1.000000
aniFrame
  m_time 1.477000
  m_vertexTransformMat -0.667131 0.550262 0.502144 0.000000 0.593272 0.800113 -0.088583 0.000000 -0.450516 0.238811 -0.860236 0.000000 -30.007692 13.877594 -22.573408 1.000000
aniFrame
  m_time 1.493000
  m_vertexTransformMat -0.651826 0.571533 0.498471 0.000000 0.595149 0.792890 -0.130859 0.000000 -0.470023 0.211368 -0.856973 0.000000 -30.033564 13.603277 -22.527288 1.000000
aniFrame
  m_time 1.509000
  m_vertexTransformMat -0.636938 0.591591 0.494298 0.000000 0.594639 0.785078 -0.173371 0.000000 -0.490627 0.183503 -0.851829 0.000000 -30.078451 13.305680 -22.464518 1.000000
aniFrame
  m_time 1.525000
  m_vertexTransformMat -0.624031 0.610977 0.487126 0.000000 0.592568 0.776388 -0.214676 0.000000 -0.509361 0.154691 -0.846536 0.000000 -30.116390 12.996351 -22.489500 1.000000
aniFrame
  m_time 1.541000
  m_vertexTransformMat -0.612251 0.628690 0.479476 0.000000 0.587742 0.767520 -0.255877 0.000000 -0.528875 0.125147 -0.839422 0.000000 -30.173779 12.657717 -22.493454 1.000000
aniFrame
  m_time 1.557000
  m_vertexTransformMat -0.602685 0.644693 0.470257 0.000000 0.581123 0.758457 -0.295027 0.000000 -0.546871 0.095469 -0.831756 0.000000 -30.241770 12.297247 -22.542465 1.000000
aniFrame
  m_time 1.573000
  m_vertexTransformMat -0.595245 0.658808 0.460060 0.000000 0.572291 0.749482 -0.332807 0.000000 -0.564062 0.065187 -0.823155 0.000000 -30.328035 11.915440 -22.598795 1.000000
aniFrame
  m_time 1.589000
  m_vertexTransformMat -0.589670 0.670415 0.450370 0.000000 0.561837 0.741099 -0.367575 0.000000 -0.580196 0.036287 -0.813668 0.000000 -30.425745 11.521750 -22.635080 1.000000
aniFrame
  m_time 1.605000
  m_vertexTransformMat -0.587867 0.679452 0.439041 0.000000 0.545745 0.733718 -0.404747 0.000000 -0.597138 0.001667 -0.802137 0.000000 -30.584167 11.005231 -22.690155 1.000000
aniFrame
  m_time 1.621000
  m_vertexTransformMat -0.589805 0.685355 0.427106 0.000000 0.523391 0.727196 -0.444126 0.000000 -0.614974 -0.038404 -0.787612 0.000000 -30.799595 10.356297 -22.729826 1.000000
aniFrame
  m_time 1.637000
  m_vertexTransformMat -0.595739 0.688691 0.413280 0.000000 0.494489 0.719968 -0.486956 0.000000 -0.632911 -0.085736 -0.769464 0.000000 -31.066647 9.560097 -22.773020 1.000000
aniFrame
  m_time 1.653000
  m_vertexTransformMat -0.605460 0.688984 0.398396 0.000000 0.457195 0.710836 -0.534496 0.000000 -0.651453 -0.141471 -0.745383 0.000000 -31.388979 8.586808 -22.766468 1.000000
aniFrame
  m_time 1.669000
  m_vertexTransformMat -0.617507 0.687152 0.382763 0.000000 0.416791 0.698544 -0.581654 0.000000 -0.667061 -0.199643 -0.717755 0.000000 -31.699047 7.562469 -22.728853 1.000000
aniFrame
  m_time 1.685000
  m_vertexTransformMat -0.630766 0.683172 0.367981 0.000000 0.372810 0.682708 -0.628430 0.000000 -0.680549 -0.259205 -0.685322 0.000000 -32.009914 6.498128 -22.590603 1.000000
aniFrame
  m_time 1.701000
  m_vertexTransformMat -0.644688 0.677865 0.353380 0.000000 0.330455 0.663969 -0.670780 0.000000 -0.689331 -0.315667 -0.652056 0.000000 -32.264637 5.494783 -22.433390 1.000000
aniFrame
  m_time 1.717000
  m_vertexTransformMat -0.657820 0.671952 0.340226 0.000000 0.289874 0.642799 -0.709072 0.000000 -0.695159 -0.367819 -0.617628 0.000000 -32.504349 4.582863 -22.194582 1.000000
aniFrame
  m_time 1.733000
  m_vertexTransformMat -0.670310 0.665195 0.328939 0.000000 0.253367 0.621778 -0.741079 0.000000 -0.697489 -0.413410 -0.585322 0.000000 -32.702843 3.792091 -21.931610 1.000000
aniFrame
  m_time 1.749000
  m_vertexTransformMat -0.681243 0.659611 0.317525 0.000000 0.226037 0.602079 -0.765773 0.000000 -0.696287 -0.449905 -0.559258 0.000000 -32.829151 3.216360 -21.759972 1.000000
aniFrame
  m_time 1.765000
  m_vertexTransformMat -0.689320 0.654494 0.310604 0.000000 0.203758 0.586587 -0.783836 0.000000 -0.695212 -0.477026 -0.537705 0.000000 -32.957741 2.835824 -21.531542 1.000000
aniFrame
  m_time 1.781000
  m_vertexTransformMat -0.695655 0.650612 0.304579 0.000000 0.194539 0.578755 -0.791957 0.000000 -0.691534 -0.491676 -0.529184 0.000000 -32.993958 2.725538 -21.511915 1.000000
aniFrame
  m_time 1.797000
  m_vertexTransformMat -0.697971 0.650662 0.299125 0.000000 0.197807 0.576617 -0.792708 0.000000 -0.688265 -0.494118 -0.531167 0.000000 -32.964684 2.944606 -21.652155 1.000000
aniFrame
  m_time 1.813000
  m_vertexTransformMat -0.697961 0.651766 0.296734 0.000000 0.208718 0.581502 -0.786315 0.000000 -0.685046 -0.486884 -0.541901 0.000000 -32.905140 3.370243 -21.862524 1.000000
aniFrame
  m_time 1.829000
  m_vertexTransformMat -0.697306 0.654276 0.292726 0.000000 0.229436 0.590648 -0.773624 0.000000 -0.679061 -0.472291 -0.561976 0.000000 -32.755856 3.954402 -22.266132 1.000000
aniFrame
  m_time 1.845000
  m_vertexTransformMat -0.695436 0.657483 0.289974 0.000000 0.251950 0.601015 -0.758487 0.000000 -0.672971 -0.454420 -0.583620 0.000000 -32.585999 4.608034 -22.658842 1.000000
aniFrame
  m_time 1.861000
  m_vertexTransformMat -0.693023 0.661117 0.287479 0.000000 0.278871 0.613569 -0.738759 0.000000 -0.664794 -0.431807 -0.609583 0.000000 -32.351547 5.365628 -23.119518 1.000000
aniFrame
  m_time 1.877000
  m_vertexTransformMat -0.689493 0.665789 0.285174 0.000000 0.308533 0.626204 -0.716014 0.000000 -0.655291 -0.405701 -0.637182 0.000000 -32.072300 6.208026 -23.602591 1.000000
aniFrame
  m_time 1.893000
  m_vertexTransformMat -0.685158 0.671039 0.283312 0.000000 0.341615 0.639559 -0.688668 0.000000 -0.643318 -0.375063 -0.667436 0.000000 -31.722204 7.160311 -24.125866 1.000000
aniFrame
  m_time 1.909000
  m_vertexTransformMat -0.680046 0.677066 0.281283 0.000000 0.377196 0.652078 -0.657661 0.000000 -0.628698 -0.341141 -0.698830 0.000000 -31.298143 8.190033 -24.679554 1.000000
aniFrame
  m_time 1.925000
  m_vertexTransformMat -0.673729 0.683957 0.279808 0.000000 0.414614 0.663288 -0.623012 0.000000 -0.611707 -0.303729 -0.730454 0.000000 -30.805264 9.308310 -25.231554 1.000000
aniFrame
  m_time 1.941000
  m_vertexTransformMat -0.666632 0.691455 0.278373 0.000000 0.453507 0.672630 -0.584723 0.000000 -0.591551 -0.263551 -0.761976 0.000000 -30.225422 10.491085 -25.794722 1.000000
aniFrame
  m_time 1.957000
  m_vertexTransformMat -0.658373 0.699813 0.277141 0.000000 0.493362 0.679297 -0.543277 0.000000 -0.568453 -0.220948 -0.792492 0.000000 -29.563330 11.742390 -26.349548 1.000000
aniFrame
  m_time 1.973000
  m_vertexTransformMat -0.649220 0.708582 0.276453 0.000000 0.533344 0.683240 -0.498726 0.000000 -0.542272 -0.176338 -0.821490 0.000000 -28.823460 13.037107 -26.887260 1.000000
aniFrame
  m_time 1.989000
  m_vertexTransformMat -0.638978 0.718144 0.275640 0.000000 0.573283 0.683512 -0.451840 0.000000 -0.512889 -0.130696 -0.848448 0.000000 -28.005310 14.373917 -27.417009 1.000000
aniFrame
  m_time 2.005000
  m_vertexTransformMat -0.627823 0.727916 0.275640 0.000000 0.612179 0.680492 -0.402703 0.000000 -0.480704 -0.084085 -0.872842 0.000000 -27.120192 15.728750 -27.900797 1.000000
aniFrame
  m_time 2.021000
  m_vertexTransformMat -0.615618 0.738240 0.275710 0.000000 0.649795 0.673479 -0.352411 0.000000 -0.445849 -0.037795 -0.894310 0.000000 -26.170927 17.093851 -28.351570 1.000000
aniFrame
  m_time 2.037000
  m_vertexTransformMat -0.602728 0.748699 0.275989 0.000000 0.685659 0.662863 -0.300805 0.000000 -0.408155 0.007931 -0.912878 0.000000 -25.158979 18.448681 -28.758484 1.000000
aniFrame
  m_time 2.053000
  m_vertexTransformMat -0.588812 0.759274 0.277134 0.000000 0.719043 0.648658 -0.249441 0.000000 -0.369159 0.052398 -0.927889 0.000000 -24.096674 19.782026 -29.087212 1.000000
aniFrame
  m_time 2.069000
