m_aniFrameList.size 84
aniFrame
  m_time -1.066000
  m_vertexTransformMat 0.763656 0.129775 0.632446 0.000000 0.157412 0.912602 -0.377332 0.000000 -0.626140 0.387706 0.676486 0.000000 -0.084722 -2.288564 -4.227110 1.000000
aniFrame
  m_time -1.027000
  m_vertexTransformMat 0.817860 0.100426 0.566587 0.000000 0.127804 0.928355 -0.349033 0.000000 -0.561045 0.357872 0.746429 0.000000 -0.573313 -2.086784 -4.064559 1.000000
aniFrame
  m_time -0.988000
  m_vertexTransformMat 0.864488 0.075958 0.496880 0.000000 0.099496 0.943099 -0.317277 0.000000 -0.492707 0.323720 0.807741 0.000000 -1.021139 -1.898909 -3.937139 1.000000
aniFrame
  m_time -0.949000
  m_vertexTransformMat 0.908868 0.037595 0.415388 0.000000 0.093204 0.952437 -0.290132 0.000000 -0.406538 0.302407 0.862135 0.000000 -1.272995 -1.618728 -3.658215 1.000000
aniFrame
  m_time -0.910000
  m_vertexTransformMat 0.951335 -0.030478 0.306649 0.000000 0.120896 0.952235 -0.280418 0.000000 -0.283455 0.303843 0.909578 0.000000 -1.214992 -1.165377 -3.059931 1.000000
aniFrame
  m_time -0.871000
  m_vertexTransformMat 0.978552 -0.125047 0.163704 0.000000 0.169404 0.940638 -0.294113 0.000000 -0.117208 0.315537 0.941647 0.000000 -0.890071 -0.602950 -2.193354 1.000000
aniFrame
  m_time -0.832000
  m_vertexTransformMat 0.971803 -0.235231 0.016313 0.000000 0.227700 0.918215 -0.324089 0.000000 0.061257 0.318665 0.945886 0.000000 -0.366605 -0.076984 -1.286702 1.000000
aniFrame
  m_time -0.793000
  m_vertexTransformMat 0.930298 -0.354675 -0.093555 0.000000 0.299720 0.882046 -0.363543 0.000000 0.211459 0.310162 0.926868 0.000000 0.256526 0.317408 -0.560503 1.000000
aniFrame
  m_time -0.754000
  m_vertexTransformMat 0.847124 -0.510767 -0.146618 0.000000 0.414562 0.807834 -0.418978 0.000000 0.332443 0.294144 0.896081 0.000000 1.015374 0.661425 -0.147812 1.000000
aniFrame
  m_time -0.715000
  m_vertexTransformMat 0.732991 -0.663938 -0.148021 0.000000 0.532451 0.695418 -0.482588 0.000000 0.423345 0.274919 0.863249 0.000000 1.838074 0.890783 -0.097610 1.000000
aniFrame
  m_time -0.676000
  m_vertexTransformMat 0.655168 -0.743928 -0.131628 0.000000 0.587442 0.611203 -0.530417 0.000000 0.475044 0.270189 0.837455 0.000000 2.424905 0.955975 -0.266701 1.000000
aniFrame
  m_time -0.637000
  m_vertexTransformMat 0.683760 -0.714959 -0.145970 0.000000 0.542868 0.632077 -0.552968 0.000000 0.487613 0.298855 0.820317 0.000000 2.495167 0.970329 -0.470488 1.000000
aniFrame
  m_time -0.598000
  m_vertexTransformMat 0.788231 -0.588236 -0.180749 0.000000 0.417467 0.726938 -0.545236 0.000000 0.452120 0.354316 0.818564 0.000000 2.146691 0.937723 -0.663551 1.000000
aniFrame
  m_time -0.559000
  m_vertexTransformMat 0.887213 -0.420092 -0.190727 0.000000 0.273816 0.812176 -0.515166 0.000000 0.371321 0.404837 0.835600 0.000000 1.711219 0.762994 -0.887359 1.000000
aniFrame
  m_time -0.520000
  m_vertexTransformMat 0.941238 -0.300050 -0.155053 0.000000 0.190876 0.851311 -0.488709 0.000000 0.278636 0.430396 0.858558 0.000000 1.511036 0.531551 -1.231498 1.000000
aniFrame
  m_time -0.481000
  m_vertexTransformMat 0.967871 -0.237316 -0.083110 0.000000 0.172843 0.867970 -0.465569 0.000000 0.182624 0.436246 0.881101 0.000000 1.588442 0.305250 -1.800963 1.000000
aniFrame
  m_time -0.442000
  m_vertexTransformMat 0.981238 -0.192797 0.001385 0.000000 0.174411 0.884551 -0.432610 0.000000 0.082181 0.424735 0.901580 0.000000 1.738633 0.099799 -2.446479 1.000000
aniFrame
  m_time -0.403000
  m_vertexTransformMat 0.985085 -0.154983 0.074759 0.000000 0.171920 0.904681 -0.389867 0.000000 -0.007211 0.396904 0.917832 0.000000 1.738598 -0.009695 -2.900152 1.000000
aniFrame
  m_time -0.364000
  m_vertexTransformMat 0.982461 -0.130319 0.133373 0.000000 0.168878 0.925113 -0.340069 0.000000 -0.079067 0.356628 0.930895 0.000000 1.584029 0.031805 -3.081830 1.000000
aniFrame
  m_time -0.325000
  m_vertexTransformMat 0.973760 -0.124300 0.190635 0.000000 0.176365 0.941576 -0.286930 0.000000 -0.143832 0.313022 0.938792 0.000000 1.445995 0.147604 -3.087309 1.000000
aniFrame
  m_time -0.286000
  m_vertexTransformMat 0.960993 -0.120498 0.248942 0.000000 0.181868 0.953444 -0.240558 0.000000 -0.208366 0.276449 0.938168 0.000000 1.319662 0.166707 -2.977283 1.000000
aniFrame
  m_time -0.247000
  m_vertexTransformMat 0.944979 -0.100483 0.311317 0.000000 0.171644 0.962435 -0.210372 0.000000 -0.278484 0.252232 0.926728 0.000000 1.146768 -0.022620 -2.856770 1.000000
aniFrame
  m_time -0.208000
  m_vertexTransformMat 0.923944 -0.061547 0.377544 0.000000 0.145983 0.969006 -0.199292 0.000000 -0.353576 0.239249 0.904292 0.000000 0.918540 -0.372282 -2.809499 1.000000
aniFrame
  m_time -0.169000
  m_vertexTransformMat 0.896605 -0.015538 0.442557 0.000000 0.119214 0.970958 -0.207433 0.000000 -0.426481 0.238745 0.872419 0.000000 0.704641 -0.794984 -2.882624 1.000000
aniFrame
  m_time -0.130000
  m_vertexTransformMat 0.864698 0.025159 0.501661 0.000000 0.106074 0.967074 -0.231338 0.000000 -0.490964 0.253251 0.833558 0.000000 0.530751 -1.216015 -3.101853 1.000000
aniFrame
  m_time -0.091000
  m_vertexTransformMat 0.823415 0.061842 0.564060 0.000000 0.116084 0.954662 -0.274127 0.000000 -0.555439 0.291199 0.778904 0.000000 0.385669 -1.616315 -3.492406 1.000000
aniFrame
  m_time -0.052000
  m_vertexTransformMat 0.780463 0.100248 0.617113 0.000000 0.139724 0.934128 -0.328454 0.000000 -0.609389 0.342571 0.715045 0.000000 0.236064 -1.993731 -3.931379 1.000000
aniFrame
  m_time -0.013000
  m_vertexTransformMat 0.761315 0.126586 0.635906 0.000000 0.156850 0.915671 -0.370060 0.000000 -0.629125 0.381473 0.677259 0.000000 0.024136 -2.246403 -4.194506 1.000000
aniFrame
  m_time 0.025000
  m_vertexTransformMat 0.782178 0.125907 0.610201 0.000000 0.146136 0.914976 -0.376116 0.000000 -0.605675 0.383362 0.697275 0.000000 -0.363599 -2.291891 -4.213720 1.000000
aniFrame
  m_time 0.064000
  m_vertexTransformMat 0.831949 0.101898 0.545415 0.000000 0.114179 0.930513 -0.348008 0.000000 -0.542977 0.351800 0.762505 0.000000 -0.880332 -2.153712 -4.088949 1.000000
aniFrame
  m_time 0.103000
  m_vertexTransformMat 0.889492 0.060253 0.452962 0.000000 0.092885 0.946732 -0.308335 0.000000 -0.447411 0.316334 0.836514 0.000000 -1.271648 -1.867001 -3.799610 1.000000
aniFrame
  m_time 0.142000
  m_vertexTransformMat 0.937617 -0.001737 0.347665 0.000000 0.107003 0.952890 -0.283816 0.000000 -0.330794 0.303312 0.893632 0.000000 -1.322417 -1.427269 -3.295091 1.000000
aniFrame
  m_time 0.181000
  m_vertexTransformMat 0.972121 -0.089315 0.216803 0.000000 0.150992 0.945841 -0.287379 0.000000 -0.179394 0.312103 0.932958 0.000000 -1.050916 -0.843269 -2.513918 1.000000
aniFrame
  m_time 0.220000
  m_vertexTransformMat 0.978514 -0.195431 0.065705 0.000000 0.206180 0.927341 -0.312295 0.000000 0.000101 0.319132 0.947710 0.000000 -0.569402 -0.253909 -1.593658 1.000000
aniFrame
  m_time 0.259000
  m_vertexTransformMat 0.949225 -0.308620 -0.061047 0.000000 0.269465 0.897735 -0.348511 0.000000 0.162362 0.314365 0.935315 0.000000 0.024613 0.186922 -0.783796 1.000000
aniFrame
  m_time 0.298000
  m_vertexTransformMat 0.881725 -0.452237 -0.134320 0.000000 0.370006 0.839551 -0.397805 0.000000 0.292671 0.301056 0.907584 0.000000 0.731336 0.547098 -0.250085 1.000000
aniFrame
  m_time 0.337000
  m_vertexTransformMat 0.773281 -0.615417 -0.152642 0.000000 0.494954 0.736341 -0.461329 0.000000 0.396306 0.281185 0.874000 0.000000 1.559352 0.827951 -0.076574 1.000000
aniFrame
  m_time 0.376000
  m_vertexTransformMat 0.674024 -0.725944 -0.136741 0.000000 0.576955 0.632934 -0.516253 0.000000 0.461318 0.269073 0.845450 0.000000 2.260439 0.941223 -0.195786 1.000000
aniFrame
  m_time 0.415000
  m_vertexTransformMat 0.661041 -0.737839 -0.136452 0.000000 0.570173 0.612149 -0.547883 0.000000 0.487778 0.284372 0.825352 0.000000 2.529391 0.960381 -0.400414 1.000000
aniFrame
  m_time 0.454000
  m_vertexTransformMat 0.748840 -0.640823 -0.169070 0.000000 0.467448 0.691535 -0.550701 0.000000 0.469820 0.333356 0.817401 0.000000 2.290783 0.956940 -0.595404 1.000000
aniFrame
  m_time 0.493000
  m_vertexTransformMat 0.858113 -0.476075 -0.192342 0.000000 0.319767 0.788582 -0.525251 0.000000 0.401736 0.389220 0.828925 0.000000 1.842461 0.828232 -0.800749 1.000000
aniFrame
  m_time 0.532000
  m_vertexTransformMat 0.927026 -0.332811 -0.172802 0.000000 0.209962 0.842457 -0.496168 0.000000 0.310708 0.423679 0.850857 0.000000 1.538325 0.606975 -1.083028 1.000000
aniFrame
  m_time 0.571000
  m_vertexTransformMat 0.960094 -0.256580 -0.111298 0.000000 0.175499 0.862551 -0.474560 0.000000 0.217763 0.436089 0.873159 0.000000 1.539951 0.387597 -1.574289 1.000000
aniFrame
  m_time 0.610000
  m_vertexTransformMat 0.977954 -0.206879 -0.028412 0.000000 0.172860 0.878351 -0.445667 0.000000 0.117155 0.430930 0.894748 0.000000 1.687389 0.167437 -2.225089 1.000000
aniFrame
  m_time 0.649000
  m_vertexTransformMat 0.984575 -0.167424 0.050808 0.000000 0.173529 0.897322 -0.405835 0.000000 0.022355 0.408392 0.912533 0.000000 1.761040 0.015142 -2.770261 1.000000
aniFrame
  m_time 0.688000
  m_vertexTransformMat 0.984070 -0.136862 0.113468 0.000000 0.169001 0.918253 -0.358119 0.000000 -0.055179 0.371590 0.926755 0.000000 1.643194 0.004252 -3.042155 1.000000
aniFrame
  m_time 0.727000
  m_vertexTransformMat 0.977335 -0.125485 0.170499 0.000000 0.173464 0.936363 -0.305180 0.000000 -0.121354 0.327838 0.936907 0.000000 1.491586 0.112564 -3.101470 1.000000
aniFrame
  m_time 0.766000
  m_vertexTransformMat 0.965805 -0.123033 0.228220 0.000000 0.181295 0.949732 -0.255226 0.000000 -0.185347 0.287874 0.939561 0.000000 1.366159 0.184496 -3.021396 1.000000
aniFrame
  m_time 0.805000
  m_vertexTransformMat 0.951037 -0.110437 0.288673 0.000000 0.177740 0.959517 -0.218485 0.000000 -0.252858 0.259095 0.932166 0.000000 1.217402 0.068030 -2.893908 1.000000
aniFrame
  m_time 0.844000
  m_vertexTransformMat 0.932033 -0.076876 0.354126 0.000000 0.156090 0.967102 -0.200872 0.000000 -0.327034 0.242495 0.913370 0.000000 1.002343 -0.237392 -2.814780 1.000000
aniFrame
  m_time 0.883000
  m_vertexTransformMat 0.906872 -0.031814 0.420203 0.000000 0.127847 0.970920 -0.202408 0.000000 -0.401544 0.237280 0.884568 0.000000 0.775609 -0.642508 -2.841532 1.000000
aniFrame
  m_time 0.922000
  m_vertexTransformMat 0.876734 0.011769 0.480832 0.000000 0.108267 0.969215 -0.221134 0.000000 -0.468632 0.245934 0.848469 0.000000 0.587962 -1.067565 -3.005008 1.000000
aniFrame
  m_time 0.961000
  m_vertexTransformMat 0.838934 0.048869 0.542034 0.000000 0.110349 0.959999 -0.257344 0.000000 -0.532928 0.275708 0.799983 0.000000 0.439524 -1.472807 -3.341603 1.000000
aniFrame
  m_time 1.000000
  m_vertexTransformMat 0.794213 0.087528 0.601303 0.000000 0.130980 0.941648 -0.310072 0.000000 -0.593355 0.325022 0.736404 0.000000 0.298169 -1.865129 -3.787195 1.000000
aniFrame
  m_time 1.039000
  m_vertexTransformMat 0.764008 0.120206 0.633910 0.000000 0.152643 0.920926 -0.358602 0.000000 -0.626891 0.370737 0.685246 0.000000 0.112094 -2.175030 -4.133623 1.000000
aniFrame
  m_time 1.078000
  m_vertexTransformMat 0.770176 0.129611 0.624524 0.000000 0.153817 0.912497 -0.379065 0.000000 -0.619007 0.388009 0.682847 0.000000 -0.203479 -2.298257 -4.231187 1.000000
aniFrame
  m_time 1.117000
  m_vertexTransformMat 0.812456 0.112483 0.572070 0.000000 0.126131 0.924065 -0.360826 0.000000 -0.569216 0.365311 0.736574 0.000000 -0.697706 -2.218886 -4.147742 1.000000
aniFrame
  m_time 1.156000
  m_vertexTransformMat 0.869856 0.076817 0.487288 0.000000 0.096995 0.941886 -0.321625 0.000000 -0.483676 0.327032 0.811855 0.000000 -1.167354 -1.984317 -3.923366 1.000000
aniFrame
  m_time 1.195000
  m_vertexTransformMat 0.921813 0.022888 0.386960 0.000000 0.097711 0.952302 -0.289093 0.000000 -0.375119 0.304300 0.875607 0.000000 -1.345702 -1.601971 -3.505556 1.000000
aniFrame
  m_time 1.234000
  m_vertexTransformMat 0.962018 -0.056106 0.267159 0.000000 0.134023 0.949659 -0.283170 0.000000 -0.237823 0.308220 0.921109 0.000000 -1.171600 -1.058490 -2.816633 1.000000
aniFrame
  m_time 1.273000
  m_vertexTransformMat 0.980495 -0.156652 0.118703 0.000000 0.185907 0.935185 -0.301441 0.000000 -0.063788 0.317629 0.946067 0.000000 -0.758220 -0.451870 -1.918661 1.000000
aniFrame
  m_time 1.312000
  m_vertexTransformMat 0.963058 -0.268430 -0.021575 0.000000 0.246028 0.909598 -0.334817 0.000000 0.109499 0.317140 0.942036 0.000000 -0.189972 0.051958 -1.044570 1.000000
aniFrame
  m_time 1.351000
  m_vertexTransformMat 0.910072 -0.398099 -0.115267 0.000000 0.330288 0.864654 -0.378529 0.000000 0.250358 0.306417 0.918384 0.000000 0.468927 0.427043 -0.399337 1.000000
aniFrame
  m_time 1.390000
  m_vertexTransformMat 0.813176 -0.561937 -0.151569 0.000000 0.454045 0.775413 -0.438838 0.000000 0.364127 0.288033 0.885691 0.000000 1.272175 0.751223 -0.097101 1.000000
aniFrame
  m_time 1.429000
  m_vertexTransformMat 0.701851 -0.697950 -0.142377 0.000000 0.557909 0.662886 -0.499320 0.000000 0.442880 0.271015 0.854639 0.000000 2.054201 0.924646 -0.137497 1.000000
aniFrame
  m_time 1.468000
  m_vertexTransformMat 0.650571 -0.748046 -0.131094 0.000000 0.586106 0.604316 -0.539705 0.000000 0.482946 0.274281 0.831585 0.000000 2.510377 0.957130 -0.329739 1.000000
aniFrame
  m_time 1.507000
  m_vertexTransformMat 0.709933 -0.686819 -0.155808 0.000000 0.513127 0.655968 -0.553540 0.000000 0.482387 0.313027 0.818119 0.000000 2.430957 0.967042 -0.529869 1.000000
aniFrame
  m_time 1.546000
  m_vertexTransformMat 0.821518 -0.538236 -0.188175 0.000000 0.372873 0.756811 -0.536845 0.000000 0.431362 0.370863 0.822428 0.000000 2.012919 0.894548 -0.724255 1.000000
aniFrame
  m_time 1.585000
  m_vertexTransformMat 0.907706 -0.376651 -0.184941 0.000000 0.240644 0.828344 -0.505902 0.000000 0.343743 0.414705 0.842532 0.000000 1.616982 0.691608 -0.967154 1.000000
aniFrame
  m_time 1.624000
  m_vertexTransformMat 0.950598 -0.278927 -0.136248 0.000000 0.182251 0.856770 -0.482421 0.000000 0.251293 0.433757 0.865278 0.000000 1.516844 0.464241 -1.378497 1.000000
aniFrame
  m_time 1.663000
  m_vertexTransformMat 0.973156 -0.222713 -0.058016 0.000000 0.172459 0.872605 -0.456967 0.000000 0.152398 0.434694 0.887590 0.000000 1.636038 0.237821 -1.999481 1.000000
aniFrame
  m_time 1.702000
  m_vertexTransformMat 0.983157 -0.181038 0.025062 0.000000 0.174647 0.890198 -0.420769 0.000000 0.053865 0.418059 0.906822 0.000000 1.762224 0.055408 -2.609511 1.000000
aniFrame
  m_time 1.741000
  m_vertexTransformMat 0.984888 -0.145838 0.093425 0.000000 0.170523 0.910921 -0.375693 0.000000 -0.030313 0.385946 0.922023 0.000000 1.704094 -0.011714 -2.980859 1.000000
aniFrame
  m_time 1.780000
  m_vertexTransformMat 0.980390 -0.127214 0.150503 0.000000 0.170503 0.930515 -0.324146 0.000000 -0.098809 0.343451 0.933958 0.000000 1.540314 0.067128 -3.099528 1.000000
aniFrame
  m_time 1.819000
  m_vertexTransformMat 0.970257 -0.124095 0.207853 0.000000 0.179127 0.945590 -0.271612 0.000000 -0.162838 0.300766 0.939694 0.000000 1.409867 0.171407 -3.061039 1.000000
aniFrame
  m_time 1.858000
  m_vertexTransformMat 0.956492 -0.117517 0.267045 0.000000 0.181244 0.956593 -0.228213 0.000000 -0.228634 0.266684 0.936273 0.000000 1.281277 0.133409 -2.940633 1.000000
aniFrame
  m_time 1.897000
  m_vertexTransformMat 0.939073 -0.091545 0.331303 0.000000 0.165376 0.965317 -0.202022 0.000000 -0.301319 0.244503 0.921643 0.000000 1.101079 -0.087846 -2.843503 1.000000
aniFrame
  m_time 1.936000
  m_vertexTransformMat 0.915989 -0.050581 0.398002 0.000000 0.138078 0.971164 -0.194359 0.000000 -0.376694 0.232986 0.896560 0.000000 0.891294 -0.425946 -2.836934 1.000000
aniFrame
  m_time 1.975000
  m_vertexTransformMat 0.886791 -0.006149 0.462131 0.000000 0.114135 0.971856 -0.206082 0.000000 -0.447858 0.235497 0.862534 0.000000 0.707946 -0.813094 -2.959322 1.000000
aniFrame
  m_time 2.014000
  m_vertexTransformMat 0.854595 0.030828 0.518379 0.000000 0.106798 0.966464 -0.233542 0.000000 -0.508194 0.254946 0.822643 0.000000 0.537558 -1.192032 -3.221356 1.000000
aniFrame
  m_time 2.053000
  m_vertexTransformMat 0.823336 0.061487 0.564214 0.000000 0.117356 0.954186 -0.275240 0.000000 -0.555288 0.292829 0.778400 0.000000 0.348602 -1.557637 -3.559700 1.000000
aniFrame
  m_time 2.092000
  m_vertexTransformMat 0.793738 0.092598 0.601171 0.000000 0.137042 0.935709 -0.325066 0.000000 -0.592622 0.340403 0.730018 0.000000 0.135067 -1.919741 -3.908545 1.000000
aniFrame
  m_time 2.131000
  m_vertexTransformMat 0.765073 0.127509 0.631194 0.000000 0.156482 0.914004 -0.374313 0.000000 -0.624642 0.385147 0.679327 0.000000 -0.075557 -2.277255 -4.213702 1.000000
aniFrame
  m_time 2.133000
  m_vertexTransformMat 0.763656 0.129775 0.632446 0.000000 0.157412 0.912602 -0.377332 0.000000 -0.626140 0.387706 0.676486 0.000000 -0.084721 -2.288565 -4.227110 1.000000
