m_aniFrameList.size 202
aniFrame
  m_time -1.066000
  m_vertexTransformMat 0.763656 0.129775 0.632446 0.000000 0.157412 0.912602 -0.377332 0.000000 -0.626140 0.387706 0.676486 0.000000 -0.084722 -2.288564 -4.227110 1.000000
aniFrame
  m_time -1.050000
  m_vertexTransformMat 0.786729 0.116819 0.606145 0.000000 0.145458 0.919199 -0.365945 0.000000 -0.599917 0.376068 0.706168 0.000000 -0.289854 -2.206518 -4.156973 1.000000
aniFrame
  m_time -1.034000
  m_vertexTransformMat 0.808821 0.105068 0.578593 0.000000 0.133342 0.925513 -0.354465 0.000000 -0.572738 0.363849 0.734564 0.000000 -0.486337 -2.120180 -4.088414 1.000000
aniFrame
  m_time -1.018000
  m_vertexTransformMat 0.828955 0.095093 0.551173 0.000000 0.120277 0.932079 -0.341705 0.000000 -0.546230 0.349551 0.761214 0.000000 -0.686632 -2.047351 -4.040070 1.000000
aniFrame
  m_time -1.002000
  m_vertexTransformMat 0.848058 0.085577 0.522947 0.000000 0.107893 0.938315 -0.328519 0.000000 -0.518803 0.335025 0.786512 0.000000 -0.876444 -1.973330 -3.993291 1.000000
aniFrame
  m_time -0.986000
  m_vertexTransformMat 0.866783 0.074534 0.493084 0.000000 0.098418 0.943753 -0.315666 0.000000 -0.488877 0.322142 0.810693 0.000000 -1.040694 -1.888113 -3.928646 1.000000
aniFrame
  m_time -0.970000
  m_vertexTransformMat 0.885092 0.061499 0.461335 0.000000 0.092259 0.948378 -0.303427 0.000000 -0.456180 0.311123 0.833728 0.000000 -1.175617 -1.790016 -3.842085 1.000000
aniFrame
  m_time -0.954000
  m_vertexTransformMat 0.903316 0.043947 0.426718 0.000000 0.092129 0.951652 -0.293037 0.000000 -0.418965 0.304018 0.855595 0.000000 -1.257411 -1.662749 -3.708192 1.000000
aniFrame
  m_time -0.938000
  m_vertexTransformMat 0.921085 0.021949 0.388743 0.000000 0.097499 0.953600 -0.284855 0.000000 -0.376957 0.300277 0.876206 0.000000 -1.290455 -1.511421 -3.529387 1.000000
aniFrame
  m_time -0.922000
  m_vertexTransformMat 0.938898 -0.005798 0.344149 0.000000 0.108827 0.953567 -0.280833 0.000000 -0.326540 0.301126 0.895933 0.000000 -1.268888 -1.324027 -3.283840 1.000000
aniFrame
  m_time -0.906000
  m_vertexTransformMat 0.955164 -0.039214 0.293469 0.000000 0.125326 0.951563 -0.280753 0.000000 -0.268245 0.304944 0.913813 0.000000 -1.191853 -1.110456 -2.980119 1.000000
aniFrame
  m_time -0.890000
  m_vertexTransformMat 0.968493 -0.076152 0.237114 0.000000 0.144205 0.947729 -0.284631 0.000000 -0.203045 0.309856 0.928850 0.000000 -1.078763 -0.883139 -2.639642 1.000000
aniFrame
  m_time -0.874000
  m_vertexTransformMat 0.977514 -0.117078 0.175385 0.000000 0.165274 0.941908 -0.292394 0.000000 -0.130963 0.314806 0.940078 0.000000 -0.923122 -0.646491 -2.264490 1.000000
aniFrame
  m_time -0.858000
  m_vertexTransformMat 0.980512 -0.160349 0.113512 0.000000 0.187836 0.934461 -0.302489 0.000000 -0.057569 0.317916 0.946370 0.000000 -0.735120 -0.419069 -1.886956 1.000000
aniFrame
  m_time -0.842000
  m_vertexTransformMat 0.977162 -0.206059 0.051903 0.000000 0.211814 0.924992 -0.315475 0.000000 0.016997 0.319264 0.947513 0.000000 -0.514313 -0.200195 -1.508409 1.000000
aniFrame
  m_time -0.826000
  m_vertexTransformMat 0.967614 -0.252409 -0.003578 0.000000 0.237177 0.913893 -0.329465 0.000000 0.086430 0.317946 0.944161 0.000000 -0.276711 -0.009628 -1.160493 1.000000
aniFrame
  m_time -0.810000
  m_vertexTransformMat 0.953017 -0.298423 -0.051991 0.000000 0.263275 0.900892 -0.345080 0.000000 0.149819 0.315179 0.937132 0.000000 -0.029277 0.154217 -0.844358 1.000000
aniFrame
  m_time -0.794000
  m_vertexTransformMat 0.931862 -0.351102 -0.091440 0.000000 0.297273 0.883363 -0.362351 0.000000 0.207997 0.310479 0.927545 0.000000 0.238888 0.307864 -0.575593 1.000000
aniFrame
  m_time -0.778000
  m_vertexTransformMat 0.903623 -0.411026 -0.120512 0.000000 0.339634 0.858997 -0.383109 0.000000 0.260987 0.305256 0.915808 0.000000 0.531673 0.457408 -0.358753 1.000000
aniFrame
  m_time -0.762000
  m_vertexTransformMat 0.868322 -0.475729 -0.140354 0.000000 0.387696 0.827474 -0.406176 0.000000 0.309369 0.298277 0.902952 0.000000 0.845110 0.593984 -0.202027 1.000000
aniFrame
  m_time -0.746000
  m_vertexTransformMat 0.824056 -0.546156 -0.150485 0.000000 0.441883 0.785906 -0.432543 0.000000 0.354503 0.289942 0.888967 0.000000 1.191492 0.724934 -0.109523 1.000000
aniFrame
  m_time -0.730000
  m_vertexTransformMat 0.777165 -0.610469 -0.152786 0.000000 0.491154 0.740199 -0.459210 0.000000 0.393425 0.281840 0.875091 0.000000 1.531973 0.821340 -0.076709 1.000000
aniFrame
  m_time -0.714000
  m_vertexTransformMat 0.730121 -0.667199 -0.147541 0.000000 0.534950 0.692449 -0.484089 0.000000 0.425149 0.274516 0.862490 0.000000 1.857788 0.894608 -0.100453 1.000000
aniFrame
  m_time -0.698000
  m_vertexTransformMat 0.690109 -0.709982 -0.140266 0.000000 0.566270 0.650433 -0.506237 0.000000 0.450653 0.269930 0.850911 0.000000 2.139118 0.931353 -0.158516 1.000000
aniFrame
  m_time -0.682000
  m_vertexTransformMat 0.661990 -0.737522 -0.133532 0.000000 0.584167 0.619320 -0.524588 0.000000 0.469594 0.269267 0.840819 0.000000 2.359393 0.950516 -0.234560 1.000000
aniFrame
  m_time -0.666000
  m_vertexTransformMat 0.650425 -0.748216 -0.130843 0.000000 0.587013 0.604468 -0.538548 0.000000 0.482041 0.273478 0.832374 0.000000 2.502260 0.957757 -0.320904 1.000000
aniFrame
  m_time -0.650000
  m_vertexTransformMat 0.661914 -0.736983 -0.136840 0.000000 0.569061 0.612887 -0.548214 0.000000 0.487893 0.285000 0.825067 0.000000 2.528643 0.960866 -0.403823 1.000000
aniFrame
  m_time -0.634000
  m_vertexTransformMat 0.689800 -0.708641 -0.148339 0.000000 0.535920 0.637531 -0.553483 0.000000 0.486791 0.302295 0.819544 0.000000 2.483563 0.970880 -0.486024 1.000000
aniFrame
  m_time -0.618000
  m_vertexTransformMat 0.730208 -0.663522 -0.162896 0.000000 0.489745 0.674573 -0.552360 0.000000 0.476388 0.323560 0.817536 0.000000 2.360636 0.961875 -0.565191 1.000000
aniFrame
  m_time -0.602000
  m_vertexTransformMat 0.777106 -0.603763 -0.177700 0.000000 0.431931 0.716978 -0.547154 0.000000 0.457758 0.348443 0.817952 0.000000 2.185507 0.945709 -0.642907 1.000000
aniFrame
  m_time -0.586000
  m_vertexTransformMat 0.822467 -0.536726 -0.188343 0.000000 0.371558 0.757656 -0.536565 0.000000 0.430687 0.371327 0.822572 0.000000 2.008717 0.893013 -0.726028 1.000000
aniFrame
  m_time -0.570000
  m_vertexTransformMat 0.864427 -0.464460 -0.192467 0.000000 0.310043 0.793831 -0.523169 0.000000 0.395777 0.392568 0.830211 0.000000 1.812878 0.815658 -0.816965 1.000000
aniFrame
  m_time -0.554000
  m_vertexTransformMat 0.896438 -0.400958 -0.188764 0.000000 0.258904 0.819521 -0.511229 0.000000 0.359677 0.409413 0.838459 0.000000 1.668857 0.733829 -0.920289 1.000000
aniFrame
  m_time -0.538000
  m_vertexTransformMat 0.921455 -0.345685 -0.177261 0.000000 0.218622 0.838606 -0.498943 0.000000 0.321129 0.421000 0.848313 0.000000 1.558129 0.632118 -1.042605 1.000000
aniFrame
  m_time -0.522000
  m_vertexTransformMat 0.939429 -0.304163 -0.157979 0.000000 0.192923 0.850238 -0.489772 0.000000 0.283290 0.429628 0.857419 0.000000 1.512226 0.542934 -1.208113 1.000000
aniFrame
  m_time -0.506000
  m_vertexTransformMat 0.952298 -0.275054 -0.132189 0.000000 0.180966 0.857771 -0.481125 0.000000 0.245723 0.434253 0.866629 0.000000 1.519839 0.450878 -1.410012 1.000000
aniFrame
  m_time -0.490000
  m_vertexTransformMat 0.962962 -0.249615 -0.101969 0.000000 0.174133 0.864431 -0.471633 0.000000 0.205872 0.436408 0.875880 0.000000 1.554008 0.360015 -1.649124 1.000000
aniFrame
  m_time -0.474000
  m_vertexTransformMat 0.971175 -0.228445 -0.068057 0.000000 0.172547 0.870730 -0.460497 0.000000 0.164457 0.435480 0.885049 0.000000 1.617573 0.263738 -1.920926 1.000000
aniFrame
  m_time -0.458000
  m_vertexTransformMat 0.977250 -0.209420 -0.033551 0.000000 0.172638 0.877340 -0.447739 0.000000 0.123201 0.431761 0.893535 0.000000 1.677997 0.179604 -2.186096 1.000000
aniFrame
  m_time -0.442000
  m_vertexTransformMat 0.981238 -0.192797 0.001385 0.000000 0.174411 0.884551 -0.432610 0.000000 0.082181 0.424735 0.901580 0.000000 1.738633 0.099799 -2.446479 1.000000
aniFrame
  m_time -0.426000
  m_vertexTransformMat 0.983706 -0.176654 0.033403 0.000000 0.174389 0.892401 -0.416185 0.000000 0.043711 0.415229 0.908666 0.000000 1.764621 0.041635 -2.663412 1.000000
aniFrame
  m_time -0.410000
  m_vertexTransformMat 0.984935 -0.161147 0.062734 0.000000 0.172759 0.900913 -0.398134 0.000000 0.007641 0.402973 0.915180 0.000000 1.752273 0.000414 -2.837906 1.000000
aniFrame
  m_time -0.394000
  m_vertexTransformMat 0.984972 -0.147821 0.089334 0.000000 0.170866 0.909482 -0.379010 0.000000 -0.025222 0.388578 0.921071 0.000000 1.713915 -0.012758 -2.965088 1.000000
aniFrame
  m_time -0.378000
  m_vertexTransformMat 0.984099 -0.137054 0.112988 0.000000 0.169027 0.918078 -0.358556 0.000000 -0.054590 0.371953 0.926645 0.000000 1.644768 0.003690 -3.040977 1.000000
aniFrame
  m_time -0.362000
  m_vertexTransformMat 0.982148 -0.129624 0.136323 0.000000 0.169051 0.926064 -0.337384 0.000000 -0.082511 0.354406 0.931444 0.000000 1.576394 0.036944 -3.086134 1.000000
aniFrame
  m_time -0.346000
  m_vertexTransformMat 0.979046 -0.126273 0.159763 0.000000 0.171827 0.933302 -0.315313 0.000000 -0.109291 0.336158 0.935443 0.000000 1.517432 0.088707 -3.102643 1.000000
aniFrame
  m_time -0.330000
  m_vertexTransformMat 0.975135 -0.124600 0.183269 0.000000 0.175247 0.939745 -0.293543 0.000000 -0.135650 0.318361 0.938214 0.000000 1.462061 0.135168 -3.094821 1.000000
aniFrame
  m_time -0.314000
  m_vertexTransformMat 0.970477 -0.124058 0.206846 0.000000 0.178955 0.945323 -0.272652 0.000000 -0.161711 0.301618 0.939615 0.000000 1.412100 0.172481 -3.062321 1.000000
aniFrame
  m_time -0.298000
  m_vertexTransformMat 0.965240 -0.122768 0.230738 0.000000 0.181415 0.950217 -0.253332 0.000000 -0.188150 0.286386 0.939459 0.000000 1.360444 0.183492 -3.016557 1.000000
aniFrame
  m_time -0.282000
  m_vertexTransformMat 0.959511 -0.119505 0.255064 0.000000 0.181775 0.954446 -0.236626 0.000000 -0.215167 0.273409 0.937524 0.000000 1.305634 0.157131 -2.963228 1.000000
aniFrame
  m_time -0.266000
  m_vertexTransformMat 0.953253 -0.113452 0.280068 0.000000 0.179418 0.958284 -0.222489 0.000000 -0.243142 0.262338 0.933842 0.000000 1.242256 0.096622 -2.909644 1.000000
aniFrame
  m_time -0.250000
  m_vertexTransformMat 0.946360 -0.102895 0.306294 0.000000 0.173167 0.961822 -0.211926 0.000000 -0.272794 0.253598 0.928047 0.000000 1.162926 -0.000799 -2.864314 1.000000
aniFrame
  m_time -0.234000
  m_vertexTransformMat 0.938639 -0.089103 0.333194 0.000000 0.164248 0.964956 -0.204654 0.000000 -0.303282 0.246822 0.920380 0.000000 1.074726 -0.126960 -2.830179 1.000000
aniFrame
  m_time -0.218000
  m_vertexTransformMat 0.929941 -0.072877 0.360414 0.000000 0.153427 0.967666 -0.200208 0.000000 -0.334169 0.241478 0.911054 0.000000 0.979776 -0.272323 -2.811944 1.000000
aniFrame
  m_time -0.202000
  m_vertexTransformMat 0.920153 -0.054686 0.387721 0.000000 0.141586 0.969666 -0.199251 0.000000 -0.365064 0.238237 0.899984 0.000000 0.883427 -0.435214 -2.812327 1.000000
aniFrame
  m_time -0.186000
  m_vertexTransformMat 0.909285 -0.035892 0.414623 0.000000 0.130178 0.970810 -0.201449 0.000000 -0.395289 0.237150 0.887416 0.000000 0.794052 -0.606462 -2.834399 1.000000
aniFrame
  m_time -0.170000
  m_vertexTransformMat 0.897371 -0.016676 0.440961 0.000000 0.119775 0.970976 -0.207026 0.000000 -0.424710 0.238596 0.873323 0.000000 0.709474 -0.783535 -2.878906 1.000000
aniFrame
  m_time -0.154000
  m_vertexTransformMat 0.885041 0.000862 0.465513 0.000000 0.111951 0.970256 -0.214641 0.000000 -0.451851 0.242080 0.858619 0.000000 0.635344 -0.960536 -2.948422 1.000000
aniFrame
  m_time -0.138000
  m_vertexTransformMat 0.871918 0.017487 0.489340 0.000000 0.106933 0.968440 -0.225145 0.000000 -0.477833 0.248635 0.842530 0.000000 0.562956 -1.127487 -3.041681 1.000000
aniFrame
  m_time -0.122000
  m_vertexTransformMat 0.857045 0.032640 0.514206 0.000000 0.106369 0.965285 -0.238562 0.000000 -0.504142 0.259154 0.823821 0.000000 0.503134 -1.301092 -3.170949 1.000000
aniFrame
  m_time -0.106000
  m_vertexTransformMat 0.840398 0.047617 0.539874 0.000000 0.109904 0.960463 -0.255796 0.000000 -0.530710 0.274304 0.801938 0.000000 0.445050 -1.459569 -3.327726 1.000000
aniFrame
  m_time -0.090000
  m_vertexTransformMat 0.822242 0.062829 0.565660 0.000000 0.116596 0.954213 -0.275469 0.000000 -0.557067 0.292456 0.777268 0.000000 0.382636 -1.627011 -3.504246 1.000000
aniFrame
  m_time -0.074000
  m_vertexTransformMat 0.803440 0.079203 0.590094 0.000000 0.125851 0.946126 -0.298343 0.000000 -0.581932 0.313964 0.750188 0.000000 0.334726 -1.788588 -3.695247 1.000000
aniFrame
  m_time -0.058000
  m_vertexTransformMat 0.786255 0.094744 0.610596 0.000000 0.135852 0.937490 -0.320402 0.000000 -0.602784 0.334868 0.724235 0.000000 0.261433 -1.937227 -3.868631 1.000000
aniFrame
  m_time -0.042000
  m_vertexTransformMat 0.772198 0.109020 0.625960 0.000000 0.145722 0.928524 -0.341482 0.000000 -0.618447 0.354908 0.701117 0.000000 0.195080 -2.078767 -4.026812 1.000000
aniFrame
  m_time -0.026000
  m_vertexTransformMat 0.763773 0.120597 0.634120 0.000000 0.152898 0.920633 -0.359246 0.000000 -0.627115 0.371338 0.684715 0.000000 0.108035 -2.178804 -4.137256 1.000000
aniFrame
  m_time -0.010000
  m_vertexTransformMat 0.761371 0.127543 0.635647 0.000000 0.157364 0.914780 -0.372041 0.000000 -0.628928 0.383289 0.676417 0.000000 0.002668 -2.259086 -4.204094 1.000000
aniFrame
  m_time 0.005000
  m_vertexTransformMat 0.766119 0.130103 0.629393 0.000000 0.156210 0.912235 -0.378715 0.000000 -0.623426 0.388458 0.678558 0.000000 -0.136336 -2.294519 -4.231684 1.000000
aniFrame
  m_time 0.021000
  m_vertexTransformMat 0.778290 0.127303 0.614865 0.000000 0.148646 0.914043 -0.377400 0.000000 -0.610057 0.385123 0.692468 0.000000 -0.315134 -2.296100 -4.220685 1.000000
aniFrame
  m_time 0.037000
  m_vertexTransformMat 0.795164 0.120626 0.594276 0.000000 0.137846 0.918402 -0.370861 0.000000 -0.590519 0.376814 0.713652 0.000000 -0.514163 -2.264838 -4.187094 1.000000
aniFrame
  m_time 0.053000
  m_vertexTransformMat 0.816182 0.110581 0.567115 0.000000 0.123667 0.925337 -0.358411 0.000000 -0.564406 0.362662 0.741568 0.000000 -0.734765 -2.207837 -4.138009 1.000000
aniFrame
  m_time 0.069000
  m_vertexTransformMat 0.839185 0.097519 0.535033 0.000000 0.110508 0.932692 -0.343328 0.000000 -0.532501 0.347240 0.771924 0.000000 -0.940570 -2.123940 -4.061360 1.000000
aniFrame
  m_time 0.085000
  m_vertexTransformMat 0.863319 0.081606 0.498017 0.000000 0.099396 0.940013 -0.326336 0.000000 -0.494774 0.331233 0.803420 0.000000 -1.123999 -2.016967 -3.956871 1.000000
aniFrame
  m_time 0.101000
  m_vertexTransformMat 0.886740 0.062824 0.457980 0.000000 0.093138 0.946124 -0.310120 0.000000 -0.452788 0.317650 0.833115 0.000000 -1.259679 -1.885484 -3.819289 1.000000
aniFrame
  m_time 0.117000
  m_vertexTransformMat 0.907839 0.040768 0.417332 0.000000 0.093665 0.950399 -0.296596 0.000000 -0.408724 0.308351 0.858991 0.000000 -1.330278 -1.728625 -3.649651 1.000000
aniFrame
  m_time 0.133000
  m_vertexTransformMat 0.927387 0.014912 0.373807 0.000000 0.100288 0.952723 -0.286812 0.000000 -0.360411 0.303474 0.882048 0.000000 -1.343653 -1.545122 -3.438277 1.000000
aniFrame
  m_time 0.149000
  m_vertexTransformMat 0.945006 -0.015809 0.326671 0.000000 0.113619 0.952490 -0.282586 0.000000 -0.306683 0.304161 0.901904 0.000000 -1.291254 -1.329484 -3.173040 1.000000
aniFrame
  m_time 0.165000
  m_vertexTransformMat 0.960046 -0.050770 0.275198 0.000000 0.131317 0.950141 -0.282823 0.000000 -0.247117 0.307661 0.918846 0.000000 -1.188749 -1.093663 -2.864578 1.000000
aniFrame
  m_time 0.181000
  m_vertexTransformMat 0.972121 -0.089315 0.216803 0.000000 0.150992 0.945841 -0.287379 0.000000 -0.179394 0.312103 0.932958 0.000000 -1.050916 -0.843269 -2.513918 1.000000
aniFrame
  m_time 0.197000
  m_vertexTransformMat 0.979206 -0.131274 0.154673 0.000000 0.172647 0.939602 -0.295536 0.000000 -0.106535 0.316094 0.942727 0.000000 -0.873763 -0.591052 -2.137590 1.000000
aniFrame
  m_time 0.213000
  m_vertexTransformMat 0.980129 -0.175367 0.092699 0.000000 0.195663 0.931544 -0.306500 0.000000 -0.032603 0.318547 0.947346 0.000000 -0.668652 -0.353693 -1.759583 1.000000
aniFrame
  m_time 0.229000
  m_vertexTransformMat 0.974595 -0.221605 0.032479 0.000000 0.220187 0.921453 -0.320066 0.000000 0.041000 0.319086 0.946838 0.000000 -0.436533 -0.134012 -1.387851 1.000000
aniFrame
  m_time 0.245000
  m_vertexTransformMat 0.963343 -0.267486 -0.020540 0.000000 0.245503 0.909858 -0.334496 0.000000 0.108161 0.317191 0.942173 0.000000 -0.195074 0.048500 -1.051291 1.000000
aniFrame
  m_time 0.261000
  m_vertexTransformMat 0.946803 -0.314915 -0.066280 0.000000 0.273386 0.895734 -0.350600 0.000000 0.169779 0.313829 0.934177 0.000000 0.057251 0.206028 -0.748551 1.000000
aniFrame
  m_time 0.277000
  m_vertexTransformMat 0.923210 -0.370444 -0.102248 0.000000 0.310654 0.876022 -0.368890 0.000000 0.226224 0.308799 0.923832 0.000000 0.334035 0.358571 -0.497352 1.000000
aniFrame
  m_time 0.293000
  m_vertexTransformMat 0.892682 -0.432104 -0.128083 0.000000 0.355067 0.849318 -0.390622 0.000000 0.277572 0.303224 0.911597 0.000000 0.633798 0.504646 -0.299329 1.000000
aniFrame
  m_time 0.309000
  m_vertexTransformMat 0.854449 -0.498944 -0.144814 0.000000 0.405458 0.814685 -0.414598 0.000000 0.324839 0.295538 0.898408 0.000000 0.957632 0.639080 -0.164100 1.000000
aniFrame
  m_time 0.325000
  m_vertexTransformMat 0.808218 -0.568945 -0.151938 0.000000 0.459435 0.770606 -0.441686 0.000000 0.368380 0.287173 0.884211 0.000000 1.308534 0.762408 -0.092465 1.000000
aniFrame
  m_time 0.341000
  m_vertexTransformMat 0.761485 -0.630154 -0.151811 0.000000 0.506331 0.724520 -0.467655 0.000000 0.404684 0.279245 0.870777 0.000000 1.641746 0.847676 -0.078759 1.000000
aniFrame
  m_time 0.357000
  m_vertexTransformMat 0.715349 -0.683578 -0.144903 0.000000 0.547360 0.677072 -0.491905 0.000000 0.434365 0.272570 0.858506 0.000000 1.959654 0.912265 -0.117708 1.000000
aniFrame
  m_time 0.373000
  m_vertexTransformMat 0.679524 -0.720546 -0.138061 0.000000 0.573390 0.638991 -0.512752 0.000000 0.457681 0.269265 0.847363 0.000000 2.218113 0.937443 -0.181678 1.000000
aniFrame
  m_time 0.389000
  m_vertexTransformMat 0.655794 -0.743346 -0.131798 0.000000 0.587197 0.611972 -0.529802 0.000000 0.474483 0.270050 0.837818 0.000000 2.418244 0.955492 -0.263081 1.000000
aniFrame
  m_time 0.405000
  m_vertexTransformMat 0.651833 -0.746789 -0.131984 0.000000 0.583250 0.604903 -0.542136 0.000000 0.484699 0.276403 0.829860 0.000000 2.523129 0.956533 -0.348963 1.000000
aniFrame
  m_time 0.421000
  m_vertexTransformMat 0.669863 -0.729114 -0.140272 0.000000 0.559262 0.619740 -0.550590 0.000000 0.488375 0.290371 0.822907 0.000000 2.518788 0.965200 -0.431076 1.000000
aniFrame
  m_time 0.437000
  m_vertexTransformMat 0.701580 -0.696023 -0.152769 0.000000 0.522580 0.648292 -0.553740 0.000000 0.484455 0.308659 0.818556 0.000000 2.456010 0.969045 -0.513362 1.000000
aniFrame
  m_time 0.453000
  m_vertexTransformMat 0.745872 -0.644526 -0.168109 0.000000 0.471059 0.688844 -0.550998 0.000000 0.470933 0.331785 0.817399 0.000000 2.302034 0.957775 -0.590617 1.000000
aniFrame
  m_time 0.469000
  m_vertexTransformMat 0.791963 -0.582902 -0.181714 0.000000 0.412580 0.730289 -0.544478 0.000000 0.450081 0.356235 0.818855 0.000000 2.133249 0.934204 -0.670452 1.000000
aniFrame
  m_time 0.485000
  m_vertexTransformMat 0.837370 -0.512330 -0.190601 0.000000 0.350510 0.770801 -0.531987 0.000000 0.419468 0.378662 0.825023 0.000000 1.940689 0.867436 -0.754844 1.000000
aniFrame
  m_time 0.501000
  m_vertexTransformMat 0.875976 -0.442470 -0.192056 0.000000 0.291832 0.803182 -0.519359 0.000000 0.384057 0.398898 0.832695 0.000000 1.761369 0.791759 -0.850871 1.000000
aniFrame
  m_time 0.517000
  m_vertexTransformMat 0.905549 -0.381384 -0.185817 0.000000 0.244138 0.826674 -0.506959 0.000000 0.346956 0.413711 0.841704 0.000000 1.626825 0.700225 -0.957411 1.000000
aniFrame
  m_time 0.533000
  m_vertexTransformMat 0.928237 -0.329994 -0.171696 0.000000 0.208114 0.843257 -0.495586 0.000000 0.308324 0.424289 0.851419 0.000000 1.534574 0.601584 -1.092931 1.000000
aniFrame
  m_time 0.549000
  m_vertexTransformMat 0.944098 -0.293581 -0.149966 0.000000 0.187901 0.852987 -0.486936 0.000000 0.270875 0.431536 0.860467 0.000000 1.510700 0.512407 -1.271668 1.000000
aniFrame
  m_time 0.565000
  m_vertexTransformMat 0.956065 -0.266279 -0.122620 0.000000 0.178214 0.860034 -0.478102 0.000000 0.232766 0.435243 0.869703 0.000000 1.527845 0.421010 -1.484659 1.000000
aniFrame
  m_time 0.581000
  m_vertexTransformMat 0.965965 -0.242176 -0.090896 0.000000 0.173199 0.866534 -0.468105 0.000000 0.192128 0.436430 0.878986 0.000000 1.573615 0.327600 -1.738334 1.000000
aniFrame
  m_time 0.597000
  m_vertexTransformMat 0.973426 -0.221901 -0.056588 0.000000 0.172445 0.872876 -0.456454 0.000000 0.150682 0.434565 0.887946 0.000000 1.638532 0.234281 -2.010520 1.000000
aniFrame
  m_time 0.613000
  m_vertexTransformMat 0.978793 -0.203689 -0.021795 0.000000 0.173198 0.879671 -0.442925 0.000000 0.109391 0.429757 0.896294 0.000000 1.699501 0.151876 -2.275077 1.000000
aniFrame
  m_time 0.629000
  m_vertexTransformMat 0.982195 -0.187450 0.012497 0.000000 0.174736 0.887095 -0.427235 0.000000 0.068999 0.421812 0.904054 0.000000 1.752847 0.077413 -2.525095 1.000000
aniFrame
  m_time 0.645000
  m_vertexTransformMat 0.984255 -0.171331 0.043446 0.000000 0.173940 0.895190 -0.410342 0.000000 0.031412 0.411439 0.910896 0.000000 1.763932 0.025821 -2.726101 1.000000
aniFrame
  m_time 0.661000
  m_vertexTransformMat 0.985070 -0.156404 0.071944 0.000000 0.172117 0.903788 -0.391847 0.000000 -0.003736 0.398379 0.917214 0.000000 1.742216 -0.007865 -2.886204 1.000000
aniFrame
  m_time 0.677000
  m_vertexTransformMat 0.984780 -0.143924 0.097436 0.000000 0.170179 0.912364 -0.372333 0.000000 -0.035310 0.383248 0.922971 0.000000 1.693328 -0.009905 -2.995228 1.000000
aniFrame
  m_time 0.693000
  m_vertexTransformMat 0.983586 -0.134155 0.120673 0.000000 0.168727 0.920844 -0.351537 0.000000 -0.063961 0.366127 0.928364 0.000000 1.619980 0.013399 -3.058435 1.000000
aniFrame
  m_time 0.709000
  m_vertexTransformMat 0.981225 -0.128122 0.144160 0.000000 0.169744 0.928554 -0.330114 0.000000 -0.091565 0.348387 0.932868 0.000000 1.556327 0.052687 -3.094996 1.000000
aniFrame
  m_time 0.725000
  m_vertexTransformMat 0.977817 -0.125684 0.167567 0.000000 0.173020 0.935546 -0.307926 0.000000 -0.118065 0.330087 0.936538 0.000000 1.498563 0.106376 -3.102227 1.000000
aniFrame
  m_time 0.741000
  m_vertexTransformMat 0.973665 -0.124287 0.191126 0.000000 0.176443 0.941695 -0.286491 0.000000 -0.144375 0.312669 0.938826 0.000000 1.444945 0.148433 -3.086704 1.000000
aniFrame
  m_time 0.757000
  m_vertexTransformMat 0.968781 -0.123885 0.214747 0.000000 0.180057 0.947018 -0.265964 0.000000 -0.170421 0.296327 0.939759 0.000000 1.395568 0.180741 -3.047528 1.000000
aniFrame
  m_time 0.773000
  m_vertexTransformMat 0.963391 -0.121858 0.238808 0.000000 0.181723 0.951701 -0.247470 0.000000 -0.197117 0.281808 0.939004 0.000000 1.342366 0.178160 -2.999900 1.000000
aniFrame
  m_time 0.789000
  m_vertexTransformMat 0.957484 -0.117903 0.263292 0.000000 0.181383 0.955745 -0.231629 0.000000 -0.224331 0.269538 0.936496 0.000000 1.286058 0.141022 -2.944508 1.000000
aniFrame
  m_time 0.805000
  m_vertexTransformMat 0.951037 -0.110437 0.288673 0.000000 0.177740 0.959517 -0.218485 0.000000 -0.252858 0.259095 0.932166 0.000000 1.217402 0.068030 -2.893908 1.000000
aniFrame
  m_time 0.821000
  m_vertexTransformMat 0.943884 -0.098537 0.315235 0.000000 0.170402 0.962904 -0.209235 0.000000 -0.282924 0.251210 0.925661 0.000000 1.134028 -0.040238 -2.851218 1.000000
aniFrame
  m_time 0.837000
  m_vertexTransformMat 0.935862 -0.084089 0.342187 0.000000 0.160910 0.965927 -0.202713 0.000000 -0.313482 0.244773 0.917505 0.000000 1.044391 -0.173389 -2.822558 1.000000
aniFrame
  m_time 0.853000
  m_vertexTransformMat 0.926795 -0.066884 0.369563 0.000000 0.149467 0.968417 -0.199569 0.000000 -0.344544 0.240197 0.907522 0.000000 0.946888 -0.324806 -2.809600 1.000000
aniFrame
  m_time 0.869000
  m_vertexTransformMat 0.916670 -0.048642 0.396673 0.000000 0.137807 0.970161 -0.199492 0.000000 -0.375133 0.237533 0.896021 0.000000 0.853773 -0.492391 -2.817697 1.000000
aniFrame
  m_time 0.885000
  m_vertexTransformMat 0.905404 -0.029370 0.423534 0.000000 0.126479 0.970966 -0.203046 0.000000 -0.405273 0.237407 0.882831 0.000000 0.764690 -0.664314 -2.846314 1.000000
aniFrame
  m_time 0.901000
  m_vertexTransformMat 0.893278 -0.010746 0.449376 0.000000 0.116939 0.970848 -0.209237 0.000000 -0.434027 0.239456 0.868493 0.000000 0.684485 -0.844952 -2.900057 1.000000
aniFrame
  m_time 0.917000
  m_vertexTransformMat 0.880816 0.006556 0.473414 0.000000 0.109872 0.969778 -0.217853 0.000000 -0.460534 0.243903 0.853475 0.000000 0.610742 -1.015783 -2.976153 1.000000
aniFrame
  m_time 0.933000
  m_vertexTransformMat 0.867159 0.022647 0.497516 0.000000 0.106222 0.967569 -0.229187 0.000000 -0.486571 0.251589 0.836631 0.000000 0.540892 -1.186245 -3.080667 1.000000
aniFrame
  m_time 0.949000
  m_vertexTransformMat 0.851696 0.037620 0.522683 0.000000 0.107142 0.963850 -0.243957 0.000000 -0.512966 0.263779 0.816876 0.000000 0.485092 -1.354852 -3.220880 1.000000
aniFrame
  m_time 0.965000
  m_vertexTransformMat 0.834493 0.052616 0.548501 0.000000 0.111797 0.958560 -0.262040 0.000000 -0.539558 0.279991 0.794029 0.000000 0.422282 -1.513347 -3.383787 1.000000
aniFrame
  m_time 0.981000
  m_vertexTransformMat 0.815944 0.068192 0.574095 0.000000 0.119490 0.951686 -0.282871 0.000000 -0.565647 0.299405 0.768375 0.000000 0.367447 -1.683152 -3.568262 1.000000
aniFrame
  m_time 0.997000
  m_vertexTransformMat 0.797446 0.084609 0.597429 0.000000 0.129142 0.943244 -0.305963 0.000000 -0.589408 0.321143 0.741260 0.000000 0.312969 -1.837933 -3.755196 1.000000
aniFrame
  m_time 1.013000
  m_vertexTransformMat 0.781080 0.099643 0.616429 0.000000 0.139298 0.934504 -0.327564 0.000000 -0.608695 0.341721 0.716043 0.000000 0.238787 -1.987572 -3.924542 1.000000
aniFrame
  m_time 1.029000
  m_vertexTransformMat 0.768695 0.113339 0.629494 0.000000 0.148467 0.925678 -0.347964 0.000000 -0.622146 0.360937 0.694737 0.000000 0.170147 -2.116597 -4.070048 1.000000
aniFrame
  m_time 1.045000
  m_vertexTransformMat 0.762257 0.123425 0.635397 0.000000 0.154793 0.918407 -0.364098 0.000000 -0.628492 0.375892 0.680957 0.000000 0.074941 -2.208297 -4.163830 1.000000
aniFrame
  m_time 1.061000
  m_vertexTransformMat 0.762098 0.128879 0.634505 0.000000 0.157768 0.913485 -0.375039 0.000000 -0.627946 0.385921 0.675832 0.000000 -0.038558 -2.277304 -4.217775 1.000000
aniFrame
  m_time 1.077000
  m_vertexTransformMat 0.769462 0.129748 0.625376 0.000000 0.154255 0.912410 -0.379095 0.000000 -0.619786 0.388166 0.682050 0.000000 -0.192508 -2.297918 -4.231646 1.000000
aniFrame
  m_time 1.093000
  m_vertexTransformMat 0.783528 0.125396 0.608572 0.000000 0.145268 0.915314 -0.375630 0.000000 -0.604137 0.382722 0.698959 0.000000 -0.379957 -2.289980 -4.211130 1.000000
aniFrame
  m_time 1.109000
  m_vertexTransformMat 0.801750 0.117660 0.585963 0.000000 0.133406 0.920462 -0.367361 0.000000 -0.582580 0.372702 0.722284 0.000000 -0.586242 -2.248137 -4.172941 1.000000
aniFrame
  m_time 1.125000
  m_vertexTransformMat 0.823779 0.106535 0.556811 0.000000 0.118866 0.927893 -0.353392 0.000000 -0.554310 0.357303 0.751715 0.000000 -0.807296 -2.183463 -4.116150 1.000000
aniFrame
  m_time 1.141000
  m_vertexTransformMat 0.847120 0.092527 0.523285 0.000000 0.106607 0.935115 -0.337928 0.000000 -0.520599 0.342051 0.782290 0.000000 -1.004122 -2.090299 -4.029461 1.000000
aniFrame
  m_time 1.157000
  m_vertexTransformMat 0.871351 0.075682 0.484789 0.000000 0.096503 0.942300 -0.320558 0.000000 -0.481077 0.326102 0.813770 0.000000 -1.176760 -1.976505 -3.915262 1.000000
aniFrame
  m_time 1.173000
  m_vertexTransformMat 0.893996 0.055855 0.444580 0.000000 0.092661 0.947707 -0.305395 0.000000 -0.438389 0.314217 0.842071 0.000000 -1.289590 -1.835556 -3.766011 1.000000
aniFrame
  m_time 1.189000
  m_vertexTransformMat 0.914496 0.032606 0.403279 0.000000 0.095180 0.951437 -0.292762 0.000000 -0.393240 0.306114 0.866982 0.000000 -1.341112 -1.670900 -3.584933 1.000000
aniFrame
  m_time 1.205000
  m_vertexTransformMat 0.933550 0.005256 0.358408 0.000000 0.103988 0.952920 -0.284834 0.000000 -0.343031 0.303177 0.889052 0.000000 -1.333931 -1.476489 -3.355388 1.000000
aniFrame
  m_time 1.221000
  m_vertexTransformMat 0.950308 -0.027088 0.310132 0.000000 0.119237 0.951909 -0.282226 0.000000 -0.287572 0.305181 0.907837 0.000000 -1.260937 -1.252319 -3.074441 1.000000
aniFrame
  m_time 1.237000
  m_vertexTransformMat 0.964469 -0.063113 0.256549 0.000000 0.137586 0.948965 -0.283787 0.000000 -0.225545 0.309001 0.923931 0.000000 -1.148097 -1.012435 -2.753193 1.000000
aniFrame
  m_time 1.253000
  m_vertexTransformMat 0.975141 -0.103032 0.196174 0.000000 0.158039 0.943944 -0.289817 0.000000 -0.155316 0.313616 0.936761 0.000000 -0.995339 -0.757802 -2.389165 1.000000
aniFrame
  m_time 1.269000
  m_vertexTransformMat 0.980190 -0.145656 0.134213 0.000000 0.180168 0.937177 -0.298727 0.000000 -0.082270 0.316990 0.944854 0.000000 -0.809162 -0.511390 -2.013221 1.000000
aniFrame
  m_time 1.285000
  m_vertexTransformMat 0.979014 -0.190623 0.072070 0.000000 0.203649 0.928374 -0.310884 0.000000 -0.007646 0.319037 0.947711 0.000000 -0.593440 -0.277244 -1.632866 1.000000
aniFrame
  m_time 1.301000
  m_vertexTransformMat 0.971368 -0.237165 0.014063 0.000000 0.228773 0.917744 -0.324668 0.000000 0.064093 0.318589 0.945723 0.000000 -0.356501 -0.068933 -1.272554 1.000000
aniFrame
  m_time 1.317000
  m_vertexTransformMat 0.958500 -0.282718 -0.036712 0.000000 0.254091 0.905558 -0.339710 0.000000 0.129287 0.316284 0.939813 0.000000 -0.112860 0.102649 -0.945610 1.000000
aniFrame
  m_time 1.333000
  m_vertexTransformMat 0.939753 -0.332494 -0.079456 0.000000 0.284741 0.889931 -0.356294 0.000000 0.189176 0.312204 0.930989 0.000000 0.146471 0.256882 -0.659089 1.000000
aniFrame
  m_time 1.349000
  m_vertexTransformMat 0.913798 -0.390445 -0.111921 0.000000 0.324802 0.867901 -0.375836 0.000000 0.243880 0.307085 0.919903 0.000000 0.431697 0.408567 -0.424908 1.000000
aniFrame
  m_time 1.365000
  m_vertexTransformMat 0.880971 -0.453590 -0.134707 0.000000 0.371016 0.838877 -0.398287 0.000000 0.293662 0.300901 0.907316 0.000000 0.737898 0.549857 -0.247030 1.000000
aniFrame
  m_time 1.381000
  m_vertexTransformMat 0.839589 -0.522628 -0.148155 0.000000 0.423714 0.800726 -0.423444 0.000000 0.339935 0.292744 0.893726 0.000000 1.073777 0.683322 -0.133301 1.000000
aniFrame
  m_time 1.397000
  m_vertexTransformMat 0.792498 -0.590454 -0.152680 0.000000 0.475903 0.755276 -0.450638 0.000000 0.381396 0.284468 0.879554 0.000000 1.422490 0.794514 -0.081643 1.000000
aniFrame
  m_time 1.413000
  m_vertexTransformMat 0.745659 -0.649236 -0.149954 0.000000 0.521112 0.708443 -0.475975 0.000000 0.415253 0.276771 0.866581 0.000000 1.751051 0.872643 -0.087061 1.000000
aniFrame
  m_time 1.429000
  m_vertexTransformMat 0.701851 -0.697950 -0.142377 0.000000 0.557909 0.662886 -0.499320 0.000000 0.442880 0.271015 0.854639 0.000000 2.054201 0.924646 -0.137497 1.000000
aniFrame
  m_time 1.445000
  m_vertexTransformMat 0.670026 -0.729826 -0.135717 0.000000 0.579462 0.628475 -0.518886 0.000000 0.463991 0.269025 0.844001 0.000000 2.292079 0.944181 -0.207218 1.000000
aniFrame
  m_time 1.461000
  m_vertexTransformMat 0.651816 -0.747011 -0.130807 0.000000 0.588250 0.606877 -0.534475 0.000000 0.478642 0.271432 0.835001 0.000000 2.466617 0.958208 -0.292106 1.000000
aniFrame
  m_time 1.477000
  m_vertexTransformMat 0.655783 -0.742957 -0.134030 0.000000 0.577162 0.607826 -0.545373 0.000000 0.486656 0.280289 0.827408 0.000000 2.530937 0.957667 -0.376521 1.000000
aniFrame
  m_time 1.493000
  m_vertexTransformMat 0.679272 -0.719587 -0.144167 0.000000 0.548093 0.628057 -0.552393 0.000000 0.488040 0.296209 0.821023 0.000000 2.503335 0.969180 -0.458452 1.000000
aniFrame
  m_time 1.509000
  m_vertexTransformMat 0.715242 -0.680852 -0.157702 0.000000 0.507076 0.660850 -0.553310 0.000000 0.480939 0.315784 0.817911 0.000000 2.413547 0.965696 -0.539604 1.000000
aniFrame
  m_time 1.525000
  m_vertexTransformMat 0.761672 -0.624409 -0.173116 0.000000 0.451572 0.703125 -0.549271 0.000000 0.464691 0.340190 0.817516 0.000000 2.242253 0.952817 -0.616365 1.000000
aniFrame
  m_time 1.541000
  m_vertexTransformMat 0.807176 -0.560467 -0.185321 0.000000 0.392408 0.743974 -0.540851 0.000000 0.441003 0.363840 0.820450 0.000000 2.074095 0.916002 -0.698069 1.000000
aniFrame
  m_time 1.557000
  m_vertexTransformMat 0.851473 -0.487990 -0.191989 0.000000 0.329805 0.782971 -0.527433 0.000000 0.407704 0.385776 0.827620 0.000000 1.873990 0.841152 -0.785023 1.000000
aniFrame
  m_time 1.573000
  m_vertexTransformMat 0.886574 -0.421390 -0.190831 0.000000 0.274844 0.811666 -0.515422 0.000000 0.372085 0.404511 0.835419 0.000000 1.714118 0.764829 -0.885198 1.000000
aniFrame
  m_time 1.589000
  m_vertexTransformMat 0.913891 -0.362888 -0.181979 0.000000 0.230670 0.833057 -0.502800 0.000000 0.334058 0.417527 0.845030 0.000000 1.589413 0.665691 -0.997797 1.000000
aniFrame
  m_time 1.605000
  m_vertexTransformMat 0.934199 -0.316167 -0.165261 0.000000 0.199529 0.847057 -0.492629 0.000000 0.295738 0.427239 0.854404 0.000000 1.519683 0.572751 -1.148474 1.000000
aniFrame
  m_time 1.621000
  m_vertexTransformMat 0.948346 -0.284016 -0.141336 0.000000 0.184055 0.855456 -0.484065 0.000000 0.258389 0.433048 0.863542 0.000000 1.513689 0.481554 -1.339005 1.000000
aniFrame
  m_time 1.637000
  m_vertexTransformMat 0.959665 -0.257615 -0.112596 0.000000 0.175745 0.862277 -0.474965 0.000000 0.219447 0.436019 0.872772 0.000000 1.538249 0.391435 -1.563934 1.000000
aniFrame
  m_time 1.653000
  m_vertexTransformMat 0.968696 -0.235162 -0.079541 0.000000 0.172737 0.868623 -0.464388 0.000000 0.178297 0.436111 0.882053 0.000000 1.595368 0.295177 -1.829579 1.000000
aniFrame
  m_time 1.669000
  m_vertexTransformMat 0.975463 -0.215475 -0.045186 0.000000 0.172351 0.875079 -0.452253 0.000000 0.136990 0.433368 0.890745 0.000000 1.657424 0.207175 -2.097558 1.000000
aniFrame
  m_time 1.685000
  m_vertexTransformMat 0.980114 -0.198180 -0.010095 0.000000 0.173846 0.882074 -0.437862 0.000000 0.095680 0.427399 0.898986 0.000000 1.720277 0.124950 -2.362516 1.000000
aniFrame
  m_time 1.701000
  m_vertexTransformMat 0.983017 -0.182054 0.023115 0.000000 0.174690 0.889700 -0.421803 0.000000 0.056225 0.418678 0.906393 0.000000 1.761268 0.058666 -2.596718 1.000000
aniFrame
  m_time 1.717000
  m_vertexTransformMat 0.984664 -0.166142 0.053228 0.000000 0.173382 0.898037 -0.404313 0.000000 0.019372 0.407341 0.913071 0.000000 1.759664 0.011861 -2.784399 1.000000
aniFrame
  m_time 1.733000
  m_vertexTransformMat 0.985074 -0.151970 0.080841 0.000000 0.171505 0.906632 -0.385493 0.000000 -0.014710 0.393603 0.919163 0.000000 1.729944 -0.012298 -2.928833 1.000000
aniFrame
  m_time 1.749000
  m_vertexTransformMat 0.984493 -0.140322 0.105280 0.000000 0.169538 0.915241 -0.365502 0.000000 -0.045069 0.377683 0.924838 0.000000 1.669751 -0.004250 -3.020205 1.000000
aniFrame
  m_time 1.765000
  m_vertexTransformMat 0.982939 -0.131655 0.128445 0.000000 0.168711 0.923507 -0.344487 0.000000 -0.073266 0.360280 0.929962 0.000000 1.597005 0.024336 -3.073465 1.000000
aniFrame
  m_time 1.781000
  m_vertexTransformMat 0.980188 -0.127038 0.151965 0.000000 0.170698 0.930961 -0.322759 0.000000 -0.100471 0.342304 0.934202 0.000000 1.536658 0.070549 -3.100281 1.000000
aniFrame
  m_time 1.797000
  m_vertexTransformMat 0.976511 -0.125146 0.175398 0.000000 0.174176 0.937690 -0.300666 0.000000 -0.126842 0.324154 0.937462 0.000000 1.480062 0.122180 -3.099509 1.000000
aniFrame
  m_time 1.813000
  m_vertexTransformMat 0.972102 -0.124179 0.198992 0.000000 0.177729 0.943584 -0.279395 0.000000 -0.153071 0.306967 0.939330 0.000000 1.428291 0.159827 -3.075924 1.000000
aniFrame
  m_time 1.829000
  m_vertexTransformMat 0.967011 -0.123603 0.222740 0.000000 0.180955 0.948739 -0.259132 0.000000 -0.179293 0.290889 0.939807 0.000000 1.378552 0.181702 -3.033075 1.000000
aniFrame
  m_time 1.845000
  m_vertexTransformMat 0.961429 -0.121054 0.246981 0.000000 0.181960 0.953295 -0.241079 0.000000 -0.206262 0.276721 0.938553 0.000000 1.326085 0.167409 -2.984423 1.000000
aniFrame
  m_time 1.861000
  m_vertexTransformMat 0.955302 -0.116393 0.271753 0.000000 0.180779 0.957330 -0.225473 0.000000 -0.233914 0.264522 0.935582 0.000000 1.269993 0.122623 -2.931007 1.000000
aniFrame
  m_time 1.877000
  m_vertexTransformMat 0.948591 -0.107669 0.297629 0.000000 0.175869 0.961132 -0.212829 0.000000 -0.263145 0.254231 0.930656 0.000000 1.200922 0.046060 -2.885905 1.000000
aniFrame
  m_time 1.893000
  m_vertexTransformMat 0.941087 -0.095040 0.324534 0.000000 0.167714 0.964523 -0.203879 0.000000 -0.293644 0.246297 0.923640 0.000000 1.121550 -0.058362 -2.850073 1.000000
aniFrame
  m_time 1.909000
  m_vertexTransformMat 0.932663 -0.080198 0.351722 0.000000 0.157659 0.967553 -0.197448 0.000000 -0.324475 0.239604 0.915044 0.000000 1.037382 -0.182308 -2.829929 1.000000
aniFrame
  m_time 1.925000
  m_vertexTransformMat 0.923140 -0.062788 0.379303 0.000000 0.145942 0.969960 -0.194626 0.000000 -0.355688 0.235024 0.904572 0.000000 0.948165 -0.321894 -2.826484 1.000000
aniFrame
  m_time 1.941000
  m_vertexTransformMat 0.912560 -0.044838 0.406478 0.000000 0.134515 0.971572 -0.194818 0.000000 -0.386187 0.232461 0.892649 0.000000 0.866231 -0.473808 -2.844642 1.000000
aniFrame
  m_time 1.957000
  m_vertexTransformMat 0.900851 -0.025910 0.433356 0.000000 0.123564 0.972233 -0.198733 0.000000 -0.416173 0.232576 0.879038 0.000000 0.788085 -0.630297 -2.883227 1.000000
aniFrame
  m_time 1.973000
  m_vertexTransformMat 0.888400 -0.008291 0.458995 0.000000 0.115028 0.971962 -0.205082 0.000000 -0.444425 0.234992 0.864445 0.000000 0.716747 -0.793496 -2.949190 1.000000
aniFrame
  m_time 1.989000
  m_vertexTransformMat 0.875245 0.008447 0.483607 0.000000 0.109061 0.970652 -0.214336 0.000000 -0.471225 0.240338 0.848637 0.000000 0.645704 -0.947696 -3.040175 1.000000
aniFrame
  m_time 2.005000
  m_vertexTransformMat 0.861963 0.023257 0.506437 0.000000 0.106535 0.968332 -0.225794 0.000000 -0.495651 0.248579 0.832189 0.000000 0.576096 -1.107632 -3.151137 1.000000
aniFrame
  m_time 2.021000
  m_vertexTransformMat 0.848844 0.036518 0.527381 0.000000 0.107706 0.964740 -0.240160 0.000000 -0.517556 0.260660 0.814980 0.000000 0.505254 -1.255158 -3.278805 1.000000
aniFrame
  m_time 2.037000
  m_vertexTransformMat 0.835648 0.049073 0.547068 0.000000 0.111495 0.960110 -0.256433 0.000000 -0.537829 0.275282 0.796843 0.000000 0.422999 -1.406620 -3.415938 1.000000
aniFrame
  m_time 2.053000
  m_vertexTransformMat 0.823336 0.061487 0.564214 0.000000 0.117356 0.954186 -0.275240 0.000000 -0.555288 0.292829 0.778400 0.000000 0.348602 -1.557637 -3.559700 1.000000
aniFrame
  m_time 2.069000
  m_vertexTransformMat 0.810713 0.074161 0.580728 0.000000 0.124882 0.947208 -0.295301 0.000000 -0.571970 0.311927 0.758652 0.000000 0.256297 -1.703805 -3.703680 1.000000
aniFrame
  m_time 2.085000
  m_vertexTransformMat 0.798749 0.086767 0.595376 0.000000 0.133315 0.939427 -0.315761 0.000000 -0.586709 0.331586 0.738798 0.000000 0.169784 -1.856644 -3.847675 1.000000
aniFrame
  m_time 2.101000
  m_vertexTransformMat 0.787068 0.100453 0.608633 0.000000 0.141770 0.930786 -0.336956 0.000000 -0.600355 0.351493 0.718350 0.000000 0.085539 -1.998171 -3.983279 1.000000
aniFrame
  m_time 2.117000
  m_vertexTransformMat 0.775085 0.114041 0.621481 0.000000 0.149842 0.922345 -0.356126 0.000000 -0.613833 0.369152 0.697808 0.000000 -0.006562 -2.157597 -4.110889 1.000000
aniFrame
  m_time 2.133000
  m_vertexTransformMat 0.763656 0.129775 0.632446 0.000000 0.157412 0.912602 -0.377332 0.000000 -0.626140 0.387706 0.676486 0.000000 -0.084721 -2.288565 -4.227110 1.000000
aniFrame
  m_time 2.133000
