m_aniFrameList.size 202
aniFrame
  m_time -1.066000
  m_vertexTransformMat 0.982623 0.154332 -0.103121 0.000000 -0.141285 0.982210 0.123704 0.000000 0.120378 -0.106985 0.986946 0.000000 3.070774 -3.160367 -1.394785 1.000000
aniFrame
  m_time -1.050000
  m_vertexTransformMat 0.982220 0.147387 -0.116277 0.000000 -0.132686 0.983192 0.125412 0.000000 0.132806 -0.107754 0.985267 0.000000 3.176642 -3.178160 -1.550022 1.000000
aniFrame
  m_time -1.034000
  m_vertexTransformMat 0.981499 0.140599 -0.129967 0.000000 -0.124225 0.984154 0.126526 0.000000 0.145697 -0.108040 0.983412 0.000000 3.290801 -3.184585 -1.712536 1.000000
aniFrame
  m_time -1.018000
  m_vertexTransformMat 0.980314 0.134471 -0.144578 0.000000 -0.116219 0.984934 0.128052 0.000000 0.159619 -0.108729 0.981173 0.000000 3.417436 -3.200506 -1.899001 1.000000
aniFrame
  m_time -1.002000
  m_vertexTransformMat 0.978785 0.128550 -0.159546 0.000000 -0.108348 0.985647 0.129463 0.000000 0.173898 -0.109430 0.978665 0.000000 3.552346 -3.216737 -2.091986 1.000000
aniFrame
  m_time -0.986000
  m_vertexTransformMat 0.977095 0.122395 -0.174084 0.000000 -0.100271 0.986341 0.130676 0.000000 0.187701 -0.110227 0.976022 0.000000 3.689270 -3.235199 -2.271657 1.000000
aniFrame
  m_time -0.970000
  m_vertexTransformMat 0.975301 0.115914 -0.188021 0.000000 -0.091915 0.987018 0.131709 0.000000 0.200847 -0.111174 0.973294 0.000000 3.826912 -3.257163 -2.433203 1.000000
aniFrame
  m_time -0.954000
  m_vertexTransformMat 0.973643 0.108583 -0.200569 0.000000 -0.082912 0.987743 0.132249 0.000000 0.212471 -0.112134 0.970712 0.000000 3.963729 -3.279371 -2.549129 1.000000
aniFrame
  m_time -0.938000
  m_vertexTransformMat 0.972189 0.100380 -0.211597 0.000000 -0.073224 0.988475 0.132496 0.000000 0.222458 -0.113317 0.968334 0.000000 4.092325 -3.306784 -2.621418 1.000000
aniFrame
  m_time -0.922000
  m_vertexTransformMat 0.971239 0.090784 -0.220119 0.000000 -0.062542 0.989268 0.132049 0.000000 0.229745 -0.114485 0.966494 0.000000 4.187255 -3.333730 -2.633026 1.000000
aniFrame
  m_time -0.906000
  m_vertexTransformMat 0.970801 0.079736 -0.226246 0.000000 -0.050751 0.990061 0.131164 0.000000 0.234456 -0.115852 0.965199 0.000000 4.249056 -3.365258 -2.588014 1.000000
aniFrame
  m_time -0.890000
  m_vertexTransformMat 0.970944 0.066006 -0.230023 0.000000 -0.036705 0.990912 0.129409 0.000000 0.236474 -0.117206 0.964543 0.000000 4.257211 -3.396305 -2.502904 1.000000
aniFrame
  m_time -0.874000
  m_vertexTransformMat 0.971575 0.049729 -0.231450 0.000000 -0.020515 0.991696 0.126957 0.000000 0.235842 -0.118600 0.964527 0.000000 4.214322 -3.428059 -2.376606 1.000000
aniFrame
  m_time -0.858000
  m_vertexTransformMat 0.972383 0.031303 -0.231283 0.000000 -0.002467 0.992288 0.123932 0.000000 0.233379 -0.119938 0.964961 0.000000 4.138554 -3.458287 -2.226775 1.000000
aniFrame
  m_time -0.842000
  m_vertexTransformMat 0.973253 0.010662 -0.229488 0.000000 0.017507 0.992576 0.120360 0.000000 0.229067 -0.121158 0.965841 0.000000 4.029577 -3.485485 -2.052677 1.000000
aniFrame
  m_time -0.826000
  m_vertexTransformMat 0.974085 -0.010501 -0.225937 0.000000 0.037774 0.992445 0.116731 0.000000 0.223005 -0.122240 0.967123 0.000000 3.887856 -3.509293 -1.868954 1.000000
aniFrame
  m_time -0.810000
  m_vertexTransformMat 0.974820 -0.032262 -0.220647 0.000000 0.058404 0.991877 0.113000 0.000000 0.215209 -0.123041 0.968786 0.000000 3.713915 -3.526328 -1.675459 1.000000
aniFrame
  m_time -0.794000
  m_vertexTransformMat 0.975484 -0.053069 -0.213578 0.000000 0.077928 0.990905 0.109706 0.000000 0.205813 -0.123660 0.970747 0.000000 3.509030 -3.539079 -1.487369 1.000000
aniFrame
  m_time -0.778000
  m_vertexTransformMat 0.976087 -0.072944 -0.204778 0.000000 0.096337 0.989614 0.106689 0.000000 0.194869 -0.123865 0.972977 0.000000 3.274455 -3.542062 -1.305264 1.000000
aniFrame
  m_time -0.762000
  m_vertexTransformMat 0.976782 -0.090379 -0.194238 0.000000 0.112227 0.988165 0.104574 0.000000 0.182488 -0.123945 0.975364 0.000000 3.011015 -3.542239 -1.144565 1.000000
aniFrame
  m_time -0.746000
  m_vertexTransformMat 0.977652 -0.104964 -0.182152 0.000000 0.125144 0.986772 0.103052 0.000000 0.168926 -0.123544 0.977855 0.000000 2.724011 -3.531332 -1.009904 1.000000
aniFrame
  m_time -0.730000
  m_vertexTransformMat 0.978839 -0.116878 -0.167968 0.000000 0.135291 0.985471 0.102682 0.000000 0.153527 -0.123234 0.980430 0.000000 2.399011 -3.522791 -0.901820 1.000000
aniFrame
  m_time -0.714000
  m_vertexTransformMat 0.980398 -0.125849 -0.151599 0.000000 0.142260 0.984482 0.102745 0.000000 0.136316 -0.122298 0.983088 0.000000 2.036500 -3.499789 -0.823724 1.000000
aniFrame
  m_time -0.698000
  m_vertexTransformMat 0.982144 -0.132961 -0.133096 0.000000 0.147240 0.983630 0.103886 0.000000 0.117104 -0.121628 0.985644 0.000000 1.633409 -3.483260 -0.770026 1.000000
aniFrame
  m_time -0.682000
  m_vertexTransformMat 0.983929 -0.138851 -0.112270 0.000000 0.150712 0.982972 0.105132 0.000000 0.095760 -0.120363 0.988101 0.000000 1.187704 -3.452816 -0.736168 1.000000
aniFrame
  m_time -0.666000
  m_vertexTransformMat 0.985548 -0.143462 -0.090073 0.000000 0.152781 0.982464 0.106873 0.000000 0.073161 -0.119090 0.990184 0.000000 0.719302 -3.422321 -0.726729 1.000000
aniFrame
  m_time -0.650000
  m_vertexTransformMat 0.986921 -0.146982 -0.066199 0.000000 0.153585 0.982085 0.109182 0.000000 0.048965 -0.117921 0.991815 0.000000 0.219941 -3.394401 -0.741362 1.000000
aniFrame
  m_time -0.634000
  m_vertexTransformMat 0.987861 -0.149517 -0.042132 0.000000 0.153351 0.981919 0.110993 0.000000 0.024775 -0.116106 0.992928 0.000000 -0.272808 -3.351377 -0.778979 1.000000
aniFrame
  m_time -0.618000
  m_vertexTransformMat 0.988333 -0.151283 -0.017651 0.000000 0.152309 0.981782 0.113606 0.000000 0.000143 -0.114969 0.993369 0.000000 -0.769740 -3.324400 -0.840417 1.000000
aniFrame
  m_time -0.602000
  m_vertexTransformMat 0.988290 -0.152417 0.007274 0.000000 0.150569 0.981823 0.115554 0.000000 -0.024754 -0.113105 0.993275 0.000000 -1.266843 -3.280365 -0.920677 1.000000
aniFrame
  m_time -0.586000
  m_vertexTransformMat 0.987733 -0.153098 0.030749 0.000000 0.148523 0.981871 0.117776 0.000000 -0.048223 -0.111764 0.992564 0.000000 -1.724551 -3.248706 -1.017906 1.000000
aniFrame
  m_time -0.570000
  m_vertexTransformMat 0.986643 -0.153495 0.054548 0.000000 0.146142 0.981976 0.119858 0.000000 -0.071963 -0.110285 0.991291 0.000000 -2.182994 -3.213820 -1.130042 1.000000
aniFrame
  m_time -0.554000
  m_vertexTransformMat 0.985156 -0.153826 0.076197 0.000000 0.143973 0.982123 0.121271 0.000000 -0.093490 -0.108501 0.989690 0.000000 -2.587362 -3.171754 -1.243076 1.000000
aniFrame
  m_time -0.538000
  m_vertexTransformMat 0.983323 -0.154165 0.096483 0.000000 0.141892 0.982179 0.123252 0.000000 -0.113764 -0.107506 0.987674 0.000000 -2.954886 -3.148291 -1.365310 1.000000
aniFrame
  m_time -0.522000
  m_vertexTransformMat 0.981106 -0.154818 0.116026 0.000000 0.140266 0.982246 0.124570 0.000000 -0.133251 -0.105942 0.985404 0.000000 -3.276491 -3.111373 -1.510437 1.000000
aniFrame
  m_time -0.506000
  m_vertexTransformMat 0.978588 -0.155713 0.134604 0.000000 0.138927 0.982223 0.126246 0.000000 -0.151870 -0.104842 0.982824 0.000000 -3.553623 -3.085361 -1.677343 1.000000
aniFrame
  m_time -0.490000
  m_vertexTransformMat 0.975735 -0.156443 0.153189 0.000000 0.137451 0.982252 0.127626 0.000000 -0.170436 -0.103473 0.979921 0.000000 -3.803888 -3.053019 -1.870718 1.000000
aniFrame
  m_time -0.474000
  m_vertexTransformMat 0.972586 -0.157036 0.171513 0.000000 0.135822 0.982277 0.129170 0.000000 -0.188758 -0.102334 0.976677 0.000000 -4.024522 -3.026125 -2.089048 1.000000
aniFrame
  m_time -0.458000
  m_vertexTransformMat 0.969406 -0.156818 0.188837 0.000000 0.133541 0.982438 0.130316 0.000000 -0.205957 -0.101112 0.973323 0.000000 -4.225885 -2.997361 -2.297515 1.000000
aniFrame
  m_time -0.442000
  m_vertexTransformMat 0.966260 -0.155871 0.205051 0.000000 0.130601 0.982669 0.131550 0.000000 -0.222002 -0.100331 0.969871 0.000000 -4.405540 -2.979082 -2.497560 1.000000
aniFrame
  m_time -0.426000
  m_vertexTransformMat 0.963449 -0.153536 0.219527 0.000000 0.126521 0.983101 0.132308 0.000000 -0.236131 -0.099697 0.966593 0.000000 -4.576830 -2.964414 -2.653619 1.000000
aniFrame
  m_time -0.410000
  m_vertexTransformMat 0.961050 -0.149888 0.232199 0.000000 0.121293 0.983672 0.132955 0.000000 -0.248336 -0.099612 0.963539 0.000000 -4.741747 -2.962812 -2.763158 1.000000
aniFrame
  m_time -0.394000
  m_vertexTransformMat 0.959385 -0.144321 0.242386 0.000000 0.114471 0.984472 0.133085 0.000000 -0.257829 -0.099934 0.961009 0.000000 -4.876189 -2.971016 -2.818272 1.000000
aniFrame
  m_time -0.378000
  m_vertexTransformMat 0.958527 -0.136954 0.249939 0.000000 0.106144 0.985430 0.132897 0.000000 -0.264498 -0.100855 0.959098 0.000000 -4.981139 -2.993540 -2.812593 1.000000
aniFrame
  m_time -0.362000
  m_vertexTransformMat 0.958663 -0.126604 0.254826 0.000000 0.095151 0.986642 0.132228 0.000000 -0.268163 -0.102516 0.957904 0.000000 -5.027412 -3.033769 -2.766900 1.000000
aniFrame
  m_time -0.346000
  m_vertexTransformMat 0.959832 -0.112827 0.256890 0.000000 0.081064 0.988053 0.131070 0.000000 -0.268609 -0.104980 0.957511 0.000000 -5.003480 -3.093284 -2.683393 1.000000
aniFrame
  m_time -0.330000
  m_vertexTransformMat 0.961702 -0.096224 0.256653 0.000000 0.064414 0.989471 0.129605 0.000000 -0.266422 -0.108109 0.957774 0.000000 -4.926012 -3.168685 -2.570128 1.000000
aniFrame
  m_time -0.314000
  m_vertexTransformMat 0.964102 -0.076486 0.254278 0.000000 0.044899 0.990784 0.127790 0.000000 -0.261709 -0.111785 0.958651 0.000000 -4.797280 -3.257207 -2.429374 1.000000
aniFrame
  m_time -0.298000
  m_vertexTransformMat 0.966717 -0.055138 0.249836 0.000000 0.024027 0.991751 0.125908 0.000000 -0.254718 -0.115715 0.960067 0.000000 -4.622508 -3.351756 -2.268860 1.000000
aniFrame
  m_time -0.282000
  m_vertexTransformMat 0.969377 -0.032646 0.243398 0.000000 0.002294 0.992285 0.123958 0.000000 -0.245567 -0.119604 0.961973 0.000000 -4.404222 -3.445355 -2.092038 1.000000
aniFrame
  m_time -0.266000
  m_vertexTransformMat 0.971924 -0.010040 0.235082 0.000000 -0.019299 0.992321 0.122171 0.000000 -0.234503 -0.123278 0.964267 0.000000 -4.147717 -3.533762 -1.906145 1.000000
aniFrame
  m_time -0.250000
  m_vertexTransformMat 0.974286 0.011927 0.224999 0.000000 -0.039987 0.991899 0.120569 0.000000 -0.221739 -0.126466 0.966870 0.000000 -3.857604 -3.610582 -1.716580 1.000000
aniFrame
  m_time -0.234000
  m_vertexTransformMat 0.976456 0.032498 0.213257 0.000000 -0.059033 0.991106 0.119266 0.000000 -0.207484 -0.129047 0.969689 0.000000 -3.538471 -3.672886 -1.529093 1.000000
aniFrame
  m_time -0.218000
  m_vertexTransformMat 0.978467 0.050165 0.200214 0.000000 -0.074967 0.990146 0.118284 0.000000 -0.192307 -0.130747 0.972586 0.000000 -3.203290 -3.714150 -1.351747 1.000000
aniFrame
  m_time -0.202000
  m_vertexTransformMat 0.980461 0.065536 0.185475 0.000000 -0.088371 0.989115 0.117654 0.000000 -0.175745 -0.131746 0.975580 0.000000 -2.840660 -3.738693 -1.186335 1.000000
aniFrame
  m_time -0.186000
  m_vertexTransformMat 0.982554 0.078606 0.168549 0.000000 -0.099160 0.988144 0.117214 0.000000 -0.157337 -0.131882 0.978699 0.000000 -2.437573 -3.742735 -1.038129 1.000000
aniFrame
  m_time -0.170000
  m_vertexTransformMat 0.984660 0.089852 0.149571 0.000000 -0.107849 0.987269 0.116911 0.000000 -0.137162 -0.131248 0.981815 0.000000 -1.998139 -3.728478 -0.911269 1.000000
aniFrame
  m_time -0.154000
  m_vertexTransformMat 0.986642 0.100669 0.128071 0.000000 -0.115838 0.986341 0.117099 0.000000 -0.114534 -0.130371 0.984828 0.000000 -1.510293 -3.708435 -0.816614 1.000000
aniFrame
  m_time -0.138000
  m_vertexTransformMat 0.988318 0.110728 0.104725 0.000000 -0.122800 0.985525 0.116881 0.000000 -0.090267 -0.128376 0.987609 0.000000 -0.993324 -3.662010 -0.754229 1.000000
aniFrame
  m_time -0.122000
  m_vertexTransformMat 0.989572 0.119833 0.079927 0.000000 -0.128746 0.984666 0.117713 0.000000 -0.064596 -0.126776 0.989826 0.000000 -0.457312 -3.624822 -0.729400 1.000000
aniFrame
  m_time -0.106000
  m_vertexTransformMat 0.990292 0.128016 0.054156 0.000000 -0.133645 0.984003 0.117801 0.000000 -0.038209 -0.123895 0.991559 0.000000 0.082677 -3.557390 -0.738955 1.000000
aniFrame
  m_time -0.090000
  m_vertexTransformMat 0.990415 0.135097 0.028776 0.000000 -0.137582 0.983355 0.118675 0.000000 -0.012265 -0.121497 0.992516 0.000000 0.602397 -3.501256 -0.781247 1.000000
aniFrame
  m_time -0.074000
  m_vertexTransformMat 0.989980 0.141191 0.002289 0.000000 -0.140453 0.982865 0.119371 0.000000 0.014604 -0.118496 0.992847 0.000000 1.133934 -3.430892 -0.852788 1.000000
aniFrame
  m_time -0.058000
  m_vertexTransformMat 0.989026 0.146076 -0.022127 0.000000 -0.142429 0.982509 0.119957 0.000000 0.039263 -0.115489 0.992532 0.000000 1.606217 -3.360292 -0.945298 1.000000
aniFrame
  m_time -0.042000
  m_vertexTransformMat 0.987591 0.149908 -0.046818 0.000000 -0.143347 0.982221 0.121218 0.000000 0.064157 -0.113002 0.991521 0.000000 2.076719 -3.301890 -1.060502 1.000000
aniFrame
  m_time -0.026000
  m_vertexTransformMat 0.985845 0.152554 -0.069553 0.000000 -0.143403 0.982163 0.121623 0.000000 0.086866 -0.109927 0.990137 0.000000 2.492386 -3.229574 -1.180029 1.000000
aniFrame
  m_time -0.010000
  m_vertexTransformMat 0.983930 0.154126 -0.090147 0.000000 -0.142574 0.982115 0.122977 0.000000 0.107489 -0.108148 0.988307 0.000000 2.857334 -3.187749 -1.303839 1.000000
aniFrame
  m_time 0.005000
  m_vertexTransformMat 0.981982 0.154146 -0.109316 0.000000 -0.140397 0.982305 0.123958 0.000000 0.126489 -0.106377 0.986248 0.000000 3.165360 -3.146024 -1.443427 1.000000
aniFrame
  m_time 0.021000
  m_vertexTransformMat 0.980142 0.152621 -0.126608 0.000000 -0.136800 0.982621 0.125468 0.000000 0.143557 -0.105656 0.983986 0.000000 3.406460 -3.128983 -1.600388 1.000000
aniFrame
  m_time 0.037000
  m_vertexTransformMat 0.978386 0.149408 -0.142965 0.000000 -0.131588 0.983145 0.126925 0.000000 0.159518 -0.105369 0.981555 0.000000 3.602315 -3.122066 -1.775028 1.000000
aniFrame
  m_time 0.053000
  m_vertexTransformMat 0.976735 0.144409 -0.158541 0.000000 -0.124598 0.983847 0.128533 0.000000 0.174541 -0.105788 0.978951 0.000000 3.751164 -3.131720 -1.974194 1.000000
aniFrame
  m_time 0.069000
  m_vertexTransformMat 0.975215 0.137958 -0.172984 0.000000 -0.116254 0.984687 0.129912 0.000000 0.188257 -0.106582 0.976319 0.000000 3.870425 -3.150118 -2.167196 1.000000
aniFrame
  m_time 0.085000
  m_vertexTransformMat 0.973862 0.130109 -0.186183 0.000000 -0.106610 0.985616 0.131130 0.000000 0.200566 -0.107853 0.973725 0.000000 3.961842 -3.179673 -2.348356 1.000000
aniFrame
  m_time 0.101000
  m_vertexTransformMat 0.972708 0.121079 -0.197938 0.000000 -0.095948 0.986596 0.131996 0.000000 0.211267 -0.109402 0.971287 0.000000 4.039540 -3.215682 -2.495639 1.000000
aniFrame
  m_time 0.117000
  m_vertexTransformMat 0.971783 0.110945 -0.208156 0.000000 -0.084379 0.987592 0.132448 0.000000 0.220267 -0.111147 0.969086 0.000000 4.115729 -3.256255 -2.594486 1.000000
aniFrame
  m_time 0.133000
  m_vertexTransformMat 0.971129 0.099882 -0.216637 0.000000 -0.072132 0.988564 0.132435 0.000000 0.227387 -0.112985 0.967228 0.000000 4.179653 -3.298931 -2.642725 1.000000
aniFrame
  m_time 0.149000
  m_vertexTransformMat 0.970768 0.088347 -0.223168 0.000000 -0.059738 0.989468 0.131851 0.000000 0.232466 -0.114665 0.965822 0.000000 4.232128 -3.337835 -2.627843 1.000000
aniFrame
  m_time 0.165000
  m_vertexTransformMat 0.970767 0.075546 -0.227823 0.000000 -0.046400 0.990338 0.130682 0.000000 0.235495 -0.116291 0.964893 0.000000 4.259609 -3.375355 -2.564445 1.000000
aniFrame
  m_time 0.181000
  m_vertexTransformMat 0.971159 0.060653 -0.230590 0.000000 -0.031355 0.991193 0.128664 0.000000 0.236363 -0.117723 0.964507 0.000000 4.243949 -3.408121 -2.463775 1.000000
aniFrame
  m_time 0.197000
  m_vertexTransformMat 0.971837 0.043837 -0.231541 0.000000 -0.014719 0.991919 0.126018 0.000000 0.235194 -0.119061 0.964628 0.000000 4.192056 -3.438504 -2.328918 1.000000
aniFrame
  m_time 0.213000
  m_vertexTransformMat 0.972672 0.024589 -0.230877 0.000000 0.004054 0.992426 0.122777 0.000000 0.232147 -0.120358 0.965206 0.000000 4.105985 -3.467676 -2.170833 1.000000
aniFrame
  m_time 0.229000
  m_vertexTransformMat 0.973537 0.003615 -0.228500 0.000000 0.024279 0.992580 0.119145 0.000000 0.227235 -0.121540 0.966226 0.000000 3.985901 -3.493927 -1.992022 1.000000
aniFrame
  m_time 0.245000
  m_vertexTransformMat 0.974343 -0.017740 -0.224369 0.000000 0.044659 0.992306 0.115477 0.000000 0.220594 -0.122534 0.967638 0.000000 3.833411 -3.515629 -1.805015 1.000000
aniFrame
  m_time 0.261000
  m_vertexTransformMat 0.975045 -0.039376 -0.218489 0.000000 0.065105 0.991592 0.111834 0.000000 0.212248 -0.123267 0.969410 0.000000 3.648977 -3.531049 -1.611453 1.000000
aniFrame
  m_time 0.277000
  m_vertexTransformMat 0.975688 -0.059833 -0.210837 0.000000 0.084220 0.990506 0.108653 0.000000 0.202334 -0.123768 0.971464 0.000000 3.434114 -3.541001 -1.425620 1.000000
aniFrame
  m_time 0.293000
  m_vertexTransformMat 0.976297 -0.079124 -0.201456 0.000000 0.102007 0.989136 0.105852 0.000000 0.190891 -0.123893 0.973761 0.000000 3.189731 -3.542121 -1.248340 1.000000
aniFrame
  m_time 0.309000
  m_vertexTransformMat 0.977049 -0.095528 -0.190395 0.000000 0.116835 0.987691 0.103999 0.000000 0.178116 -0.123857 0.976183 0.000000 2.918318 -3.539656 -1.096984 1.000000
aniFrame
  m_time 0.325000
  m_vertexTransformMat 0.978004 -0.109241 -0.177694 0.000000 0.128841 0.986326 0.102764 0.000000 0.164038 -0.123398 0.978706 0.000000 2.620824 -3.527452 -0.970709 1.000000
aniFrame
  m_time 0.341000
  m_vertexTransformMat 0.979324 -0.120174 -0.162737 0.000000 0.137946 0.985103 0.102681 0.000000 0.147973 -0.123007 0.981312 0.000000 2.281907 -3.517104 -0.872558 1.000000
aniFrame
  m_time 0.357000
  m_vertexTransformMat 0.980971 -0.128345 -0.145679 0.000000 0.144055 0.984201 0.102939 0.000000 0.130165 -0.121966 0.983962 0.000000 1.907267 -3.491707 -0.803546 1.000000
aniFrame
  m_time 0.373000
  m_vertexTransformMat 0.982740 -0.135086 -0.126386 0.000000 0.148598 0.983372 0.104391 0.000000 0.110183 -0.121370 0.986473 0.000000 1.488593 -3.476939 -0.756324 1.000000
aniFrame
  m_time 0.389000
  m_vertexTransformMat 0.984499 -0.140512 -0.104969 0.000000 0.151524 0.982803 0.105543 0.000000 0.088334 -0.119812 0.988859 0.000000 1.033353 -3.439667 -0.730129 1.000000
aniFrame
  m_time 0.405000
  m_vertexTransformMat 0.986034 -0.144763 -0.082350 0.000000 0.153213 0.982301 0.107750 0.000000 0.065294 -0.118862 0.990762 0.000000 0.556751 -3.416811 -0.729153 1.000000
aniFrame
  m_time 0.421000
  m_vertexTransformMat 0.987294 -0.147921 -0.058053 0.000000 0.153585 0.982020 0.109764 0.000000 0.040773 -0.117285 0.992261 0.000000 0.051958 -3.379323 -0.751295 1.000000
aniFrame
  m_time 0.437000
  m_vertexTransformMat 0.988062 -0.150194 -0.034278 0.000000 0.153130 0.981858 0.111827 0.000000 0.016860 -0.115741 0.993136 0.000000 -0.432194 -3.342689 -0.796838 1.000000
aniFrame
  m_time 0.453000
  m_vertexTransformMat 0.988381 -0.151717 -0.009176 0.000000 0.151765 0.981778 0.114364 0.000000 -0.008342 -0.114428 0.993397 0.000000 -0.940470 -3.311589 -0.865479 1.000000
aniFrame
  m_time 0.469000
  m_vertexTransformMat 0.988159 -0.152700 0.015000 0.000000 0.149961 0.981846 0.116144 0.000000 -0.032463 -0.112519 0.993119 0.000000 -1.417390 -3.266521 -0.950562 1.000000
aniFrame
  m_time 0.485000
  m_vertexTransformMat 0.987428 -0.153243 0.038763 0.000000 0.147728 0.981891 0.118603 0.000000 -0.056236 -0.111386 0.992185 0.000000 -1.880326 -3.239767 -1.054425 1.000000
aniFrame
  m_time 0.501000
  m_vertexTransformMat 0.986182 -0.153621 0.062020 0.000000 0.145415 0.982038 0.120230 0.000000 -0.079376 -0.109550 0.990807 0.000000 -2.322941 -3.196480 -1.167817 1.000000
aniFrame
  m_time 0.517000
  m_vertexTransformMat 0.984587 -0.153922 0.083051 0.000000 0.143254 0.982144 0.121947 0.000000 -0.100338 -0.108170 0.989056 0.000000 -2.714006 -3.163943 -1.281921 1.000000
aniFrame
  m_time 0.533000
  m_vertexTransformMat 0.982623 -0.154332 0.103123 0.000000 0.141285 0.982210 0.123705 0.000000 -0.120380 -0.106985 0.986946 0.000000 -3.068086 -3.135996 -1.411074 1.000000
aniFrame
  m_time 0.549000
  m_vertexTransformMat 0.980300 -0.155116 0.122277 0.000000 0.139817 0.982241 0.125115 0.000000 -0.139513 -0.105554 0.984578 0.000000 -3.372699 -3.102189 -1.563631 1.000000
aniFrame
  m_time 0.565000
  m_vertexTransformMat 0.977680 -0.155967 0.140771 0.000000 0.138446 0.982229 0.126726 0.000000 -0.158034 -0.104409 0.981898 0.000000 -3.640081 -3.075120 -1.737959 1.000000
aniFrame
  m_time 0.581000
  m_vertexTransformMat 0.974705 -0.156691 0.159368 0.000000 0.136951 0.982253 0.128150 0.000000 -0.176620 -0.103083 0.978866 0.000000 -3.880177 -3.043798 -1.942598 1.000000
aniFrame
  m_time 0.597000
  m_vertexTransformMat 0.971522 -0.157063 0.177415 0.000000 0.135142 0.982315 0.129592 0.000000 -0.194631 -0.101926 0.975566 0.000000 -4.093709 -3.016501 -2.160168 1.000000
aniFrame
  m_time 0.613000
  m_vertexTransformMat 0.968341 -0.156610 0.194392 0.000000 0.132655 0.982502 0.130737 0.000000 -0.211466 -0.100810 0.972173 0.000000 -4.287706 -2.990285 -2.366553 1.000000
aniFrame
  m_time 0.629000
  m_vertexTransformMat 0.965274 -0.155268 0.210091 0.000000 0.129383 0.982787 0.131871 0.000000 -0.226950 -0.100110 0.968747 0.000000 -4.462751 -2.973931 -2.555979 1.000000
aniFrame
  m_time 0.645000
  m_vertexTransformMat 0.962592 -0.152486 0.223975 0.000000 0.124923 0.983274 0.132542 0.000000 -0.240440 -0.099604 0.965540 0.000000 -4.633652 -2.962328 -2.695299 1.000000
aniFrame
  m_time 0.661000
  m_vertexTransformMat 0.960398 -0.148271 0.235906 0.000000 0.119212 0.983910 0.133079 0.000000 -0.251842 -0.099686 0.962620 0.000000 -4.790828 -2.964734 -2.788334 1.000000
aniFrame
  m_time 0.677000
  m_vertexTransformMat 0.959005 -0.142098 0.245191 0.000000 0.111898 0.984772 0.133050 0.000000 -0.260363 -0.100160 0.960302 0.000000 -4.915222 -2.976583 -2.822326 1.000000
aniFrame
  m_time 0.693000
  m_vertexTransformMat 0.958451 -0.133911 0.251873 0.000000 0.102847 0.985799 0.132746 0.000000 -0.266072 -0.101326 0.958613 0.000000 -5.004966 -3.004967 -2.800731 1.000000
aniFrame
  m_time 0.709000
  m_vertexTransformMat 0.958952 -0.122358 0.255813 0.000000 0.090768 0.987101 0.131883 0.000000 -0.268650 -0.103249 0.957688 0.000000 -5.026363 -3.051504 -2.743339 1.000000
aniFrame
  m_time 0.725000
  m_vertexTransformMat 0.960396 -0.107584 0.257033 0.000000 0.075780 0.988533 0.130612 0.000000 -0.268138 -0.105961 0.957536 0.000000 -4.982857 -3.116925 -2.648202 1.000000
aniFrame
  m_time 0.741000
  m_vertexTransformMat 0.962452 -0.089975 0.256107 0.000000 0.058208 0.989930 0.129034 0.000000 -0.265138 -0.109282 0.957997 0.000000 -4.888950 -3.196920 -2.526337 1.000000
aniFrame
  m_time 0.757000
  m_vertexTransformMat 0.964968 -0.069430 0.253014 0.000000 0.037976 0.991156 0.127149 0.000000 -0.259604 -0.113087 0.959071 0.000000 -4.743556 -3.288531 -2.377326 1.000000
aniFrame
  m_time 0.773000
  m_vertexTransformMat 0.967601 -0.047809 0.247915 0.000000 0.016915 0.991978 0.125276 0.000000 -0.251916 -0.117023 0.960648 0.000000 -4.554758 -3.383240 -2.211916 1.000000
aniFrame
  m_time 0.789000
  m_vertexTransformMat 0.970248 -0.024999 0.240821 0.000000 -0.005039 0.992354 0.123317 0.000000 -0.242063 -0.120862 0.962704 0.000000 -4.322350 -3.475622 -2.030293 1.000000
aniFrame
  m_time 0.805000
  m_vertexTransformMat 0.972731 -0.002718 0.231922 0.000000 -0.026231 0.992227 0.121645 0.000000 -0.230450 -0.124411 0.965098 0.000000 -4.055005 -3.561049 -1.843745 1.000000
aniFrame
  m_time 0.821000
  m_vertexTransformMat 0.975029 0.019064 0.221256 0.000000 -0.046636 0.991669 0.120070 0.000000 -0.217124 -0.127391 0.967796 0.000000 -3.753838 -3.632897 -1.653050 1.000000
aniFrame
  m_time 0.837000
  m_vertexTransformMat 0.977143 0.038664 0.209036 0.000000 -0.064652 0.990792 0.118955 0.000000 -0.202512 -0.129751 0.970646 0.000000 -3.428106 -3.689911 -1.469291 1.000000
aniFrame
  m_time 0.853000
  m_vertexTransformMat 0.979123 0.055527 0.195539 0.000000 -0.079697 0.989811 0.117994 0.000000 -0.186994 -0.131115 0.973572 0.000000 -3.086821 -3.723178 -1.294746 1.000000
aniFrame
  m_time 0.869000
  m_vertexTransformMat 0.981153 0.070192 0.180033 0.000000 -0.092315 0.988760 0.117604 0.000000 -0.169755 -0.132008 0.976605 0.000000 -2.709508 -3.745159 -1.135494 1.000000
aniFrame
  m_time 0.885000
  m_vertexTransformMat 0.983259 0.082471 0.162479 0.000000 -0.102191 0.987860 0.117005 0.000000 -0.150857 -0.131650 0.979750 0.000000 -2.295962 -3.737499 -0.992652 1.000000
aniFrame
  m_time 0.901000
  m_vertexTransformMat 0.985341 0.093504 0.142686 0.000000 -0.110615 0.986939 0.117114 0.000000 -0.129872 -0.131181 0.982815 0.000000 -1.840625 -3.727102 -0.876500 1.000000
aniFrame
  m_time 0.917000
  m_vertexTransformMat 0.987245 0.104126 0.120437 0.000000 -0.118269 0.986071 0.116949 0.000000 -0.106582 -0.129701 0.985808 0.000000 -1.339896 -3.692864 -0.791817 1.000000
aniFrame
  m_time 0.933000
  m_vertexTransformMat 0.988780 0.113856 0.096703 0.000000 -0.124905 0.985227 0.117158 0.000000 -0.081935 -0.127922 0.988394 0.000000 -0.818272 -3.651489 -0.741930 1.000000
aniFrame
  m_time 0.949000
  m_vertexTransformMat 0.989882 0.122678 0.071294 0.000000 -0.130486 0.984429 0.117788 0.000000 -0.055734 -0.125899 0.990476 0.000000 -0.274514 -3.604320 -0.728849 1.000000
aniFrame
  m_time 0.965000
  m_vertexTransformMat 0.990391 0.130489 0.045810 0.000000 -0.135075 0.983792 0.117935 0.000000 -0.029678 -0.122989 0.991964 0.000000 0.254256 -3.536189 -0.749385 1.000000
aniFrame
  m_time 0.981000
  m_vertexTransformMat 0.990337 0.137250 0.019894 0.000000 -0.138647 0.983164 0.119020 0.000000 -0.003223 -0.120628 0.992692 0.000000 0.782543 -3.480918 -0.802392 1.000000
aniFrame
  m_time 0.997000
  m_vertexTransformMat 0.989711 0.142953 -0.006087 0.000000 -0.141213 0.982748 0.119439 0.000000 0.023056 -0.117351 0.992823 0.000000 1.297598 -3.403996 -0.881194 1.000000
aniFrame
  m_time 1.013000
  m_vertexTransformMat 0.988601 0.147473 -0.030341 0.000000 -0.142850 0.982390 0.120428 0.000000 0.047567 -0.114721 0.992258 0.000000 1.763889 -3.342260 -0.981932 1.000000
aniFrame
  m_time 1.029000
  m_vertexTransformMat 0.987026 0.150925 -0.054784 0.000000 -0.143446 0.982184 0.121403 0.000000 0.072130 -0.111970 0.991090 0.000000 2.224800 -3.277619 -1.100737 1.000000
aniFrame
  m_time 1.045000
  m_vertexTransformMat 0.985222 0.153212 -0.076580 0.000000 -0.143250 0.982140 0.121989 0.000000 0.093903 -0.109216 0.989573 0.000000 2.618753 -3.212862 -1.220147 1.000000
aniFrame
  m_time 1.061000
  m_vertexTransformMat 0.983275 0.154331 -0.096708 0.000000 -0.142014 0.982140 0.123422 0.000000 0.114028 -0.107624 0.987631 0.000000 2.967776 -3.175412 -1.348226 1.000000
aniFrame
  m_time 1.077000
  m_vertexTransformMat 0.981355 0.153805 -0.115263 0.000000 -0.139361 0.982401 0.124366 0.000000 0.132362 -0.105984 0.985519 0.000000 3.252172 -3.136768 -1.493886 1.000000
aniFrame
  m_time 1.093000
  m_vertexTransformMat 0.979550 0.151755 -0.132105 0.000000 -0.135254 0.982762 0.126039 0.000000 0.148955 -0.105594 0.983190 0.000000 3.475828 -3.127468 -1.656456 1.000000
aniFrame
  m_time 1.109000
  m_vertexTransformMat 0.977821 0.147925 -0.148272 0.000000 -0.129443 0.983367 0.127415 0.000000 0.164653 -0.105396 0.980704 0.000000 3.656984 -3.122641 -1.839526 1.000000
aniFrame
  m_time 1.125000
  m_vertexTransformMat 0.976213 0.142404 -0.163489 0.000000 -0.121940 0.984109 0.129074 0.000000 0.179272 -0.106068 0.978065 0.000000 3.792882 -3.138215 -2.041179 1.000000
aniFrame
  m_time 1.141000
  m_vertexTransformMat 0.974743 0.135496 -0.177528 0.000000 -0.113188 0.984992 0.130306 0.000000 0.192519 -0.106921 0.975451 0.000000 3.904217 -3.157973 -2.228731 1.000000
aniFrame
  m_time 1.157000
  m_vertexTransformMat 0.973454 0.127213 -0.190274 0.000000 -0.103141 0.985936 0.131500 0.000000 0.204327 -0.108384 0.972884 0.000000 3.987832 -3.192021 -2.403300 1.000000
aniFrame
  m_time 1.173000
  m_vertexTransformMat 0.972372 0.117829 -0.201516 0.000000 -0.092203 0.986930 0.132164 0.000000 0.214454 -0.109932 0.970528 0.000000 4.065741 -3.227996 -2.533286 1.000000
aniFrame
  m_time 1.189000
  m_vertexTransformMat 0.971533 0.107341 -0.211193 0.000000 -0.080343 0.987918 0.132525 0.000000 0.222867 -0.111784 0.968419 0.000000 4.138843 -3.271059 -2.616935 1.000000
aniFrame
  m_time 1.205000
  m_vertexTransformMat 0.970976 0.096086 -0.219027 0.000000 -0.068019 0.988876 0.132277 0.000000 0.229301 -0.113540 0.966711 0.000000 4.198046 -3.311774 -2.644731 1.000000
aniFrame
  m_time 1.221000
  m_vertexTransformMat 0.970723 0.084295 -0.224924 0.000000 -0.055466 0.989757 0.131550 0.000000 0.233709 -0.115223 0.965455 0.000000 4.245557 -3.350731 -2.610838 1.000000
aniFrame
  m_time 1.237000
  m_vertexTransformMat 0.970858 0.070781 -0.228964 0.000000 -0.041543 0.990631 0.130091 0.000000 0.236027 -0.116788 0.964703 0.000000 4.258657 -3.386748 -2.535926 1.000000
aniFrame
  m_time 1.253000
  m_vertexTransformMat 0.971360 0.055275 -0.231095 0.000000 -0.026003 0.991453 0.127843 0.000000 0.236186 -0.118173 0.964495 0.000000 4.230505 -3.418358 -2.421593 1.000000
aniFrame
  m_time 1.269000
  m_vertexTransformMat 0.972102 0.037740 -0.231503 0.000000 -0.008744 0.992116 0.125018 0.000000 0.234396 -0.119506 0.964768 0.000000 4.167253 -3.448553 -2.279595 1.000000
aniFrame
  m_time 1.285000
  m_vertexTransformMat 0.972964 0.017681 -0.230279 0.000000 0.010738 0.992524 0.121579 0.000000 0.230707 -0.120764 0.965500 0.000000 4.069633 -3.476737 -2.112540 1.000000
aniFrame
  m_time 1.301000
  m_vertexTransformMat 0.973816 -0.003387 -0.227314 0.000000 0.030986 0.992536 0.117953 0.000000 0.225218 -0.121908 0.966652 0.000000 3.938685 -3.502041 -1.931259 1.000000
aniFrame
  m_time 1.317000
  m_vertexTransformMat 0.974587 -0.025022 -0.222607 0.000000 0.051562 0.992116 0.114223 0.000000 0.217994 -0.122799 0.968194 0.000000 3.775410 -3.521245 -1.740247 1.000000
aniFrame
  m_time 1.333000
  m_vertexTransformMat 0.975267 -0.046282 -0.216130 0.000000 0.071585 0.991266 0.110753 0.000000 0.209117 -0.123485 0.970063 0.000000 3.580662 -3.535573 -1.549041 1.000000
aniFrame
  m_time 1.349000
  m_vertexTransformMat 0.975887 -0.066485 -0.207905 0.000000 0.090382 0.990074 0.107634 0.000000 0.198685 -0.123830 0.972209 0.000000 3.355920 -3.541837 -1.364637 1.000000
aniFrame
  m_time 1.365000
  m_vertexTransformMat 0.976527 -0.084944 -0.197936 0.000000 0.107313 0.988648 0.105157 0.000000 0.186757 -0.123930 0.974558 0.000000 3.101748 -3.542421 -1.194693 1.000000
aniFrame
  m_time 1.381000
  m_vertexTransformMat 0.977336 -0.100392 -0.186376 0.000000 0.121141 0.987227 0.103477 0.000000 0.173607 -0.123709 0.977014 0.000000 2.822915 -3.535684 -1.052047 1.000000
aniFrame
  m_time 1.397000
  m_vertexTransformMat 0.978398 -0.113217 -0.172972 0.000000 0.132230 0.985890 0.102646 0.000000 0.158910 -0.123300 0.979564 0.000000 2.512602 -3.524745 -0.934618 1.000000
aniFrame
  m_time 1.413000
  m_vertexTransformMat 0.979846 -0.123144 -0.157282 0.000000 0.140246 0.984778 0.102679 0.000000 0.142244 -0.122668 0.982201 0.000000 2.161224 -3.508802 -0.846624 1.000000
aniFrame
  m_time 1.429000
  m_vertexTransformMat 0.981557 -0.130697 -0.139515 0.000000 0.145696 0.983920 0.103311 0.000000 0.123769 -0.121732 0.984816 0.000000 1.773063 -3.485950 -0.785762 1.000000
aniFrame
  m_time 1.445000
  m_vertexTransformMat 0.983339 -0.137046 -0.119425 0.000000 0.149746 0.983157 0.104777 0.000000 0.103054 -0.120914 0.987299 0.000000 1.339705 -3.466001 -0.744960 1.000000
aniFrame
  m_time 1.461000
  m_vertexTransformMat 0.985041 -0.142044 -0.097562 0.000000 0.152205 0.982638 0.106095 0.000000 0.080798 -0.119357 0.989558 0.000000 0.877167 -3.428780 -0.726959 1.000000
aniFrame
  m_time 1.477000
  m_vertexTransformMat 0.986497 -0.145933 -0.074342 0.000000 0.153472 0.982176 0.108521 0.000000 0.057180 -0.118465 0.991310 0.000000 0.389153 -3.407332 -0.734003 1.000000
aniFrame
  m_time 1.493000
  m_vertexTransformMat 0.987608 -0.148761 -0.050006 0.000000 0.153498 0.981970 0.110335 0.000000 0.032691 -0.116643 0.992636 0.000000 -0.112703 -3.364112 -0.763833 1.000000
aniFrame
  m_time 1.509000
  m_vertexTransformMat 0.988224 -0.150779 -0.026072 0.000000 0.152775 0.981809 0.112738 0.000000 0.008599 -0.115394 0.993283 0.000000 -0.599012 -3.334455 -0.817430 1.000000
aniFrame
  m_time 1.525000
  m_vertexTransformMat 0.988366 -0.152091 -0.000811 0.000000 0.151174 0.981795 0.114999 0.000000 -0.016694 -0.113783 0.993365 0.000000 -1.107398 -3.296375 -0.892318 1.000000
aniFrame
  m_time 1.541000
  m_vertexTransformMat 0.987975 -0.152922 0.022806 0.000000 0.149276 0.981859 0.116919 0.000000 -0.040271 -0.112108 0.992880 0.000000 -1.569614 -3.256823 -0.983085 1.000000
aniFrame
  m_time 1.557000
  m_vertexTransformMat 0.987062 -0.153372 0.046743 0.000000 0.146924 0.981925 0.119314 0.000000 -0.064197 -0.110903 0.991756 0.000000 -2.034257 -3.228386 -1.092019 1.000000
aniFrame
  m_time 1.573000
  m_vertexTransformMat 0.985686 -0.153731 0.069203 0.000000 0.144697 0.982089 0.120680 0.000000 -0.086515 -0.108939 0.990276 0.000000 -2.456992 -3.182080 -1.205269 1.000000
aniFrame
  m_time 1.589000
  m_vertexTransformMat 0.983977 -0.154031 0.089801 0.000000 0.142555 0.982160 0.122634 0.000000 -0.107089 -0.107868 0.988381 0.000000 -2.836663 -3.156819 -1.322458 1.000000
aniFrame
  m_time 1.605000
  m_vertexTransformMat 0.981881 -0.154550 0.109655 0.000000 0.140748 0.982238 0.124092 0.000000 -0.126886 -0.106410 0.986193 0.000000 -3.175261 -3.122410 -1.459606 1.000000
aniFrame
  m_time 1.621000
  m_vertexTransformMat 0.979461 -0.155422 0.128455 0.000000 0.139377 0.982230 0.125689 0.000000 -0.145707 -0.105204 0.983718 0.000000 -3.464782 -3.093911 -1.619250 1.000000
aniFrame
  m_time 1.637000
  m_vertexTransformMat 0.976730 -0.156191 0.146980 0.000000 0.137941 0.982246 0.127141 0.000000 -0.164229 -0.103908 0.980934 0.000000 -3.724037 -3.063306 -1.801991 1.000000
aniFrame
  m_time 1.653000
  m_vertexTransformMat 0.973651 -0.156900 0.165487 0.000000 0.136417 0.982259 0.128677 0.000000 -0.182740 -0.102711 0.977781 0.000000 -3.953526 -3.035030 -2.015946 1.000000
aniFrame
  m_time 1.669000
  m_vertexTransformMat 0.970469 -0.156963 0.183172 0.000000 0.134365 0.982376 0.129932 0.000000 -0.200339 -0.101483 0.974456 0.000000 -4.161314 -3.006096 -2.228444 1.000000
aniFrame
  m_time 1.685000
  m_vertexTransformMat 0.967288 -0.156306 0.199807 0.000000 0.131684 0.982576 0.131160 0.000000 -0.216827 -0.100558 0.971017 0.000000 -4.347392 -2.984361 -2.433822 1.000000
aniFrame
  m_time 1.701000
  m_vertexTransformMat 0.964343 -0.154466 0.214899 0.000000 0.128008 0.982937 0.132093 0.000000 -0.231636 -0.099874 0.967662 0.000000 -4.519625 -2.968470 -2.607419 1.000000
aniFrame
  m_time 1.717000
  m_vertexTransformMat 0.961787 -0.151282 0.228211 0.000000 0.123189 0.983462 0.132766 0.000000 -0.244521 -0.099580 0.964517 0.000000 -4.688991 -2.961900 -2.731979 1.000000
aniFrame
  m_time 1.733000
  m_vertexTransformMat 0.959846 -0.146394 0.239300 0.000000 0.116920 0.984180 0.133110 0.000000 -0.255001 -0.099786 0.961778 0.000000 -4.835136 -2.967316 -2.806989 1.000000
aniFrame
  m_time 1.749000
  m_vertexTransformMat 0.958715 -0.139662 0.247710 0.000000 0.109142 0.985089 0.132993 0.000000 -0.262590 -0.100466 0.959663 0.000000 -4.950713 -2.984079 -2.820113 1.000000
aniFrame
  m_time 1.765000
  m_vertexTransformMat 0.958494 -0.130472 0.253507 0.000000 0.099193 0.986204 0.132525 0.000000 -0.267300 -0.101878 0.958212 0.000000 -5.020677 -3.018344 -2.785499 1.000000
aniFrame
  m_time 1.781000
  m_vertexTransformMat 0.959346 -0.117758 0.256492 0.000000 0.086067 0.987574 0.131495 0.000000 -0.268789 -0.104074 0.957560 0.000000 -5.018184 -3.071406 -2.715303 1.000000
aniFrame
  m_time 1.797000
  m_vertexTransformMat 0.961022 -0.102052 0.256949 0.000000 0.070233 0.989007 0.130124 0.000000 -0.267403 -0.107006 0.957625 0.000000 -4.956926 -3.142107 -2.610341 1.000000
aniFrame
  m_time 1.813000
  m_vertexTransformMat 0.963258 -0.083365 0.255313 0.000000 0.051673 0.990372 0.128423 0.000000 -0.263560 -0.110512 0.958292 0.000000 -4.845892 -3.226550 -2.479225 1.000000
aniFrame
  m_time 1.829000
  m_vertexTransformMat 0.965843 -0.062287 0.251530 0.000000 0.030992 0.991480 0.126518 0.000000 -0.257268 -0.114401 0.959544 0.000000 -4.685167 -3.320161 -2.323655 1.000000
aniFrame
  m_time 1.845000
  m_vertexTransformMat 0.968492 -0.040280 0.245766 0.000000 0.009641 0.992158 0.124618 0.000000 -0.248858 -0.118322 0.961285 0.000000 -4.481846 -3.414504 -2.152779 1.000000
aniFrame
  m_time 1.861000
  m_vertexTransformMat 0.971098 -0.017433 0.238045 0.000000 -0.012267 0.992366 0.122715 0.000000 -0.238367 -0.122088 0.963471 0.000000 -4.236693 -3.505139 -1.968134 1.000000
aniFrame
  m_time 1.877000
  m_vertexTransformMat 0.973519 0.004636 0.228558 0.000000 -0.033156 0.992086 0.121102 0.000000 -0.226188 -0.125474 0.965969 0.000000 -3.958152 -3.586648 -1.780353 1.000000
aniFrame
  m_time 1.893000
  m_vertexTransformMat 0.975751 0.025951 0.217339 0.000000 -0.053014 0.991402 0.119629 0.000000 -0.212366 -0.128250 0.968738 0.000000 -3.647312 -3.653640 -1.590357 1.000000
aniFrame
  m_time 1.909000
  m_vertexTransformMat 0.977817 0.044602 0.204658 0.000000 -0.070006 0.990469 0.118620 0.000000 -0.197417 -0.130316 0.971619 0.000000 -3.315535 -3.703622 -1.409859 1.000000
aniFrame
  m_time 1.925000
  m_vertexTransformMat 0.979797 0.060779 0.190534 0.000000 -0.084282 0.989457 0.117779 0.000000 -0.181367 -0.131458 0.974590 0.000000 -2.963426 -3.731608 -1.238997 1.000000
aniFrame
  m_time 1.941000
  m_vertexTransformMat 0.981837 0.074252 0.174595 0.000000 -0.095645 0.988458 0.117489 0.000000 -0.163856 -0.132054 0.977606 0.000000 -2.580489 -3.746503 -1.086858 1.000000
aniFrame
  m_time 1.957000
  m_vertexTransformMat 0.983934 0.085013 0.156992 0.000000 -0.104020 0.987656 0.117113 0.000000 -0.145098 -0.131562 0.980632 0.000000 -2.171615 -3.735574 -0.953681 1.000000
aniFrame
  m_time 1.973000
  m_vertexTransformMat 0.985994 0.094471 0.137442 0.000000 -0.110932 0.986859 0.117490 0.000000 -0.124537 -0.131091 0.983517 0.000000 -1.731868 -3.725050 -0.852989 1.000000
aniFrame
  m_time 1.989000
  m_vertexTransformMat 0.987908 0.102715 0.116135 0.000000 -0.116345 0.986244 0.117418 0.000000 -0.102476 -0.129510 0.986269 0.000000 -1.268465 -3.688277 -0.785380 1.000000
aniFrame
  m_time 2.005000
  m_vertexTransformMat 0.989525 0.109987 0.093508 0.000000 -0.120722 0.985626 0.118182 0.000000 -0.079166 -0.128232 0.988579 0.000000 -0.791038 -3.658599 -0.753608 1.000000
aniFrame
  m_time 2.021000
  m_vertexTransformMat 0.990777 0.116346 0.069461 0.000000 -0.123996 0.985181 0.118503 0.000000 -0.054644 -0.126023 0.990521 0.000000 -0.302370 -3.606905 -0.756966 1.000000
aniFrame
  m_time 2.037000
  m_vertexTransformMat 0.991482 0.122097 0.045343 0.000000 -0.126718 0.984755 0.119165 0.000000 -0.030102 -0.123896 0.991839 0.000000 0.177172 -3.557107 -0.790795 1.000000
aniFrame
  m_time 2.053000
  m_vertexTransformMat 0.991659 0.127368 0.019736 0.000000 -0.128821 0.984388 0.119940 0.000000 -0.004151 -0.121482 0.992585 0.000000 0.680748 -3.500528 -0.852976 1.000000
aniFrame
  m_time 2.069000
  m_vertexTransformMat 0.991183 0.132410 -0.004981 0.000000 -0.130855 0.984072 0.120333 0.000000 0.020835 -0.118620 0.992721 0.000000 1.157972 -3.433382 -0.935495 1.000000
aniFrame
  m_time 2.085000
  m_vertexTransformMat 0.990056 0.137385 -0.030235 0.000000 -0.132794 0.983684 0.121377 0.000000 0.046417 -0.116155 0.992146 0.000000 1.646739 -3.375564 -1.039122 1.000000
aniFrame
  m_time 2.101000
  m_vertexTransformMat 0.988231 0.142595 -0.055377 0.000000 -0.135062 0.983323 0.121795 0.000000 0.071821 -0.112882 0.991009 0.000000 2.133633 -3.298720 -1.152188 1.000000
aniFrame
  m_time 2.117000
  m_vertexTransformMat 0.985783 0.148412 -0.078777 0.000000 -0.138058 0.982669 0.123700 0.000000 0.095770 -0.111066 0.989188 0.000000 2.593445 -3.256216 -1.270342 1.000000
