m_aniFrameList.size 84
aniFrame
  m_time -1.066000
  m_vertexTransformMat 0.836724 0.356090 0.416045 0.000000 -0.057389 0.812560 -0.580046 0.000000 -0.544610 0.461461 0.700324 0.000000 -2.404763 0.351846 -0.383451 1.000000
aniFrame
  m_time -1.027000
  m_vertexTransformMat 0.886043 0.236609 0.398677 0.000000 0.003472 0.856544 -0.516063 0.000000 -0.463589 0.458639 0.758113 0.000000 -2.399739 0.044259 -0.676587 1.000000
aniFrame
  m_time -0.988000
  m_vertexTransformMat 0.920154 0.108840 0.376125 0.000000 0.079280 0.888907 -0.451176 0.000000 -0.383446 0.444970 0.809303 0.000000 -2.447906 -0.298519 -1.046630 1.000000
aniFrame
  m_time -0.949000
  m_vertexTransformMat 0.945085 -0.002026 0.326819 0.000000 0.139324 0.907063 -0.397273 0.000000 -0.295640 0.420991 0.857534 0.000000 -2.386921 -0.586130 -1.398944 1.000000
aniFrame
  m_time -0.910000
  m_vertexTransformMat 0.971399 -0.067273 0.227725 0.000000 0.148650 0.920145 -0.362267 0.000000 -0.185169 0.385757 0.903828 0.000000 -2.097816 -0.702703 -1.698247 1.000000
aniFrame
  m_time -0.871000
  m_vertexTransformMat 0.993739 -0.080035 0.077954 0.000000 0.101870 0.935608 -0.338024 0.000000 -0.045881 0.343849 0.937904 0.000000 -1.703579 -0.625555 -2.003530 1.000000
aniFrame
  m_time -0.832000
  m_vertexTransformMat 0.994109 -0.070215 -0.082561 0.000000 0.040981 0.948732 -0.313412 0.000000 0.100335 0.308182 0.946021 0.000000 -1.348605 -0.538900 -2.263419 1.000000
aniFrame
  m_time -0.793000
  m_vertexTransformMat 0.973960 -0.082762 -0.211074 0.000000 0.017095 0.955149 -0.295631 0.000000 0.226074 0.284324 0.931692 0.000000 -1.036826 -0.712039 -2.395706 1.000000
aniFrame
  m_time -0.754000
  m_vertexTransformMat 0.941620 -0.145854 -0.303445 0.000000 0.050160 0.952006 -0.301942 0.000000 0.332921 0.269093 0.903744 0.000000 -0.701799 -1.293522 -2.464662 1.000000
aniFrame
  m_time -0.715000
  m_vertexTransformMat 0.901297 -0.229505 -0.367412 0.000000 0.106148 0.939277 -0.326331 0.000000 0.419996 0.255121 0.870929 0.000000 -0.377662 -2.076574 -2.573804 1.000000
aniFrame
  m_time -0.676000
  m_vertexTransformMat 0.868619 -0.286675 -0.404128 0.000000 0.144200 0.926583 -0.347348 0.000000 0.474034 0.243438 0.846185 0.000000 -0.081908 -2.717792 -2.694765 1.000000
aniFrame
  m_time -0.637000
  m_vertexTransformMat 0.860167 -0.288020 -0.420902 0.000000 0.139384 0.926614 -0.349226 0.000000 0.490598 0.241725 0.837188 0.000000 0.226289 -2.972505 -2.812548 1.000000
aniFrame
  m_time -0.598000
  m_vertexTransformMat 0.873225 -0.248478 -0.419211 0.000000 0.104489 0.935702 -0.336964 0.000000 0.475984 0.250442 0.843041 0.000000 0.576732 -2.908932 -2.894511 1.000000
aniFrame
  m_time -0.559000
  m_vertexTransformMat 0.896650 -0.186371 -0.401603 0.000000 0.054712 0.946774 -0.317215 0.000000 0.439347 0.262458 0.859121 0.000000 0.910706 -2.644043 -2.917839 1.000000
aniFrame
  m_time -0.520000
  m_vertexTransformMat 0.921251 -0.114543 -0.371722 0.000000 0.001477 0.956682 -0.291131 0.000000 0.388967 0.267655 0.881513 0.000000 1.213509 -2.272258 -2.892614 1.000000
aniFrame
  m_time -0.481000
  m_vertexTransformMat 0.945131 -0.025008 -0.325733 0.000000 -0.059957 0.966852 -0.248198 0.000000 0.321143 0.254109 0.912303 0.000000 1.533796 -1.744146 -2.894001 1.000000
aniFrame
  m_time -0.442000
  m_vertexTransformMat 0.961862 0.073062 -0.263597 0.000000 -0.129379 0.970576 -0.203086 0.000000 0.241003 0.229445 0.943013 0.000000 1.750826 -1.137849 -2.860035 1.000000
aniFrame
  m_time -0.403000
  m_vertexTransformMat 0.966802 0.158960 -0.200064 0.000000 -0.196317 0.963245 -0.183353 0.000000 0.163565 0.216542 0.962474 0.000000 1.685637 -0.607142 -2.673840 1.000000
aniFrame
  m_time -0.364000
  m_vertexTransformMat 0.960922 0.233736 -0.148311 0.000000 -0.261784 0.941469 -0.212380 0.000000 0.089989 0.242905 0.965867 0.000000 1.326962 -0.199945 -2.326411 1.000000
aniFrame
  m_time -0.325000
  m_vertexTransformMat 0.945605 0.307484 -0.106237 0.000000 -0.325159 0.903566 -0.278998 0.000000 0.010205 0.298365 0.954397 0.000000 0.851556 0.108975 -1.898554 1.000000
aniFrame
  m_time -0.286000
  m_vertexTransformMat 0.925261 0.373105 -0.068437 0.000000 -0.372678 0.860479 -0.347402 0.000000 -0.070729 0.346943 0.935216 0.000000 0.390153 0.290123 -1.419269 1.000000
aniFrame
  m_time -0.247000
  m_vertexTransformMat 0.907397 0.419790 -0.020158 0.000000 -0.394104 0.833254 -0.387777 0.000000 -0.145988 0.359812 0.921533 0.000000 0.027085 0.353858 -0.909621 1.000000
aniFrame
  m_time -0.208000
  m_vertexTransformMat 0.894089 0.445798 0.043233 0.000000 -0.392873 0.826953 -0.402242 0.000000 -0.215071 0.342655 0.914512 0.000000 -0.239222 0.342515 -0.419460 1.000000
aniFrame
  m_time -0.169000
  m_vertexTransformMat 0.883205 0.454882 0.114153 0.000000 -0.374377 0.830432 -0.412583 0.000000 -0.282473 0.321659 0.903739 0.000000 -0.479326 0.284722 -0.044471 1.000000
aniFrame
  m_time -0.130000
  m_vertexTransformMat 0.872884 0.451732 0.184423 0.000000 -0.337902 0.832317 -0.439399 0.000000 -0.351989 0.321227 0.879157 0.000000 -0.800958 0.220949 0.113874 1.000000
aniFrame
  m_time -0.091000
  m_vertexTransformMat 0.857550 0.441885 0.263335 0.000000 -0.272278 0.824255 -0.496456 0.000000 -0.436432 0.354036 0.827155 0.000000 -1.312305 0.246677 0.060677 1.000000
aniFrame
  m_time -0.052000
  m_vertexTransformMat 0.838843 0.420112 0.346193 0.000000 -0.177828 0.812530 -0.555134 0.000000 -0.514510 0.404108 0.756292 0.000000 -1.890431 0.338445 -0.116577 1.000000
aniFrame
  m_time -0.013000
  m_vertexTransformMat 0.832632 0.378334 0.404459 0.000000 -0.084983 0.808929 -0.581732 0.000000 -0.547267 0.449996 0.705693 0.000000 -2.311459 0.377775 -0.315337 1.000000
aniFrame
  m_time 0.025000
  m_vertexTransformMat 0.855325 0.298013 0.423802 0.000000 -0.012309 0.829463 -0.558426 0.000000 -0.517946 0.472419 0.713129 0.000000 -2.511096 0.215681 -0.530318 1.000000
aniFrame
  m_time 0.064000
  m_vertexTransformMat 0.896321 0.173502 0.408051 0.000000 0.057861 0.866630 -0.495585 0.000000 -0.439614 0.467814 0.766740 0.000000 -2.580623 -0.151335 -0.857918 1.000000
aniFrame
  m_time 0.103000
  m_vertexTransformMat 0.933925 0.041233 0.355083 0.000000 0.122004 0.896914 -0.425041 0.000000 -0.336005 0.440278 0.832621 0.000000 -2.521371 -0.554501 -1.248194 1.000000
aniFrame
  m_time 0.142000
  m_vertexTransformMat 0.962009 -0.050870 0.268237 0.000000 0.152948 0.914258 -0.375153 0.000000 -0.226153 0.401927 0.887305 0.000000 -2.270502 -0.769928 -1.585627 1.000000
aniFrame
  m_time 0.181000
  m_vertexTransformMat 0.987616 -0.080559 0.134627 0.000000 0.123131 0.929782 -0.346908 0.000000 -0.097227 0.359189 0.928187 0.000000 -1.862176 -0.707395 -1.892579 1.000000
aniFrame
  m_time 0.220000
  m_vertexTransformMat 0.996905 -0.073398 -0.028144 0.000000 0.060463 0.944751 -0.322163 0.000000 0.050235 0.319464 0.946266 0.000000 -1.467901 -0.558195 -2.183678 1.000000
aniFrame
  m_time 0.259000
  m_vertexTransformMat 0.982685 -0.072638 -0.170455 0.000000 0.018486 0.953798 -0.299881 0.000000 0.184363 0.291537 0.938625 0.000000 -1.147398 -0.603255 -2.360942 1.000000
aniFrame
  m_time 0.298000
  m_vertexTransformMat 0.954295 -0.119578 -0.273901 0.000000 0.034271 0.954207 -0.297178 0.000000 0.296894 0.274209 0.914693 0.000000 -0.820051 -1.053630 -2.434002 1.000000
aniFrame
  m_time 0.337000
  m_vertexTransformMat 0.915607 -0.200319 -0.348621 0.000000 0.086069 0.944605 -0.316726 0.000000 0.392755 0.259991 0.882127 0.000000 -0.488426 -1.799616 -2.532298 1.000000
aniFrame
  m_time 0.376000
  m_vertexTransformMat 0.878087 -0.271794 -0.393817 0.000000 0.134818 0.930206 -0.341383 0.000000 0.459116 0.246670 0.853444 0.000000 -0.185621 -2.531653 -2.653769 1.000000
aniFrame
  m_time 0.415000
  m_vertexTransformMat 0.860126 -0.293695 -0.417045 0.000000 0.145925 0.925113 -0.350530 0.000000 0.488763 0.240643 0.838571 0.000000 0.111333 -2.934659 -2.773780 1.000000
aniFrame
  m_time 0.454000
  m_vertexTransformMat 0.866979 -0.265553 -0.421698 0.000000 0.119108 0.932091 -0.342083 0.000000 0.483901 0.246351 0.839733 0.000000 0.449872 -2.964409 -2.872571 1.000000
aniFrame
  m_time 0.493000
  m_vertexTransformMat 0.888166 -0.208968 -0.409259 0.000000 0.072598 0.943244 -0.324070 0.000000 0.453751 0.258116 0.852928 0.000000 0.799175 -2.755728 -2.919488 1.000000
aniFrame
  m_time 0.532000
  m_vertexTransformMat 0.912544 -0.141382 -0.383764 0.000000 0.020636 0.953069 -0.302049 0.000000 0.408458 0.267714 0.872635 0.000000 1.103162 -2.423371 -2.898994 1.000000
aniFrame
  m_time 0.571000
  m_vertexTransformMat 0.937028 -0.059032 -0.344230 0.000000 -0.036814 0.963427 -0.265431 0.000000 0.347309 0.261388 0.900585 0.000000 1.420241 -1.949904 -2.888280 1.000000
aniFrame
  m_time 0.610000
  m_vertexTransformMat 0.957224 0.038870 -0.286724 0.000000 -0.104655 0.970357 -0.217840 0.000000 0.269757 0.238529 0.932918 0.000000 1.695686 -1.348420 -2.881655 1.000000
aniFrame
  m_time 0.649000
  m_vertexTransformMat 0.966356 0.130527 -0.221630 0.000000 -0.173327 0.967107 -0.186177 0.000000 0.190039 0.218327 0.957193 0.000000 1.744069 -0.779651 -2.758530 1.000000
aniFrame
  m_time 0.688000
  m_vertexTransformMat 0.964078 0.207962 -0.165244 0.000000 -0.238890 0.950831 -0.197108 0.000000 0.116128 0.229502 0.966355 0.000000 1.473817 -0.330619 -2.460752 1.000000
aniFrame
  m_time 0.727000
  m_vertexTransformMat 0.951801 0.282183 -0.120196 0.000000 -0.304276 0.918036 -0.254217 0.000000 0.038608 0.278537 0.959649 0.000000 1.020086 0.014626 -2.055099 1.000000
aniFrame
  m_time 0.766000
  m_vertexTransformMat 0.932391 0.351976 -0.082218 0.000000 -0.358903 0.874585 -0.326021 0.000000 -0.042845 0.333487 0.941781 0.000000 0.542751 0.243523 -1.591494 1.000000
aniFrame
  m_time 0.805000
  m_vertexTransformMat 0.912939 0.406196 -0.039347 0.000000 -0.389899 0.839696 -0.378008 0.000000 -0.120505 0.360440 0.924966 0.000000 0.139368 0.340358 -1.091521 1.000000
aniFrame
  m_time 0.844000
  m_vertexTransformMat 0.898340 0.438860 0.019669 0.000000 -0.395404 0.827273 -0.399093 0.000000 -0.191418 0.350744 0.916699 0.000000 -0.153822 0.353087 -0.585148 1.000000
aniFrame
  m_time 0.883000
  m_vertexTransformMat 0.886828 0.453472 0.088874 0.000000 -0.382818 0.828682 -0.408334 0.000000 -0.258816 0.328100 0.908496 0.000000 -0.392885 0.308485 -0.157309 1.000000
aniFrame
  m_time 0.922000
  m_vertexTransformMat 0.876729 0.453891 0.159151 0.000000 -0.353441 0.832380 -0.426877 0.000000 -0.326230 0.318005 0.890195 0.000000 -0.669733 0.241192 0.083802 1.000000
aniFrame
  m_time 0.961000
  m_vertexTransformMat 0.863560 0.446611 0.234100 0.000000 -0.299253 0.827577 -0.474936 0.000000 -0.405847 0.340080 0.848312 0.000000 -1.113622 0.232186 0.097358 1.000000
aniFrame
  m_time 1.000000
  m_vertexTransformMat 0.844918 0.429933 0.318232 0.000000 -0.212906 0.816094 -0.537273 0.000000 -0.490698 0.386198 0.781068 0.000000 -1.690029 0.312775 -0.045427 1.000000
aniFrame
  m_time 1.039000
  m_vertexTransformMat 0.832271 0.395727 0.388235 0.000000 -0.115036 0.808355 -0.577347 0.000000 -0.542303 0.435847 0.718293 0.000000 -2.189172 0.383020 -0.249585 1.000000
aniFrame
  m_time 1.078000
  m_vertexTransformMat 0.843793 0.331945 0.421693 0.000000 -0.035918 0.818930 -0.572768 0.000000 -0.535465 0.468151 0.702931 0.000000 -2.463681 0.305636 -0.447244 1.000000
aniFrame
  m_time 1.117000
  m_vertexTransformMat 0.881319 0.220788 0.417768 0.000000 0.032974 0.853231 -0.520489 0.000000 -0.471370 0.472492 0.744688 0.000000 -2.568384 -0.005134 -0.729311 1.000000
aniFrame
  m_time 1.156000
  m_vertexTransformMat 0.922026 0.084937 0.377697 0.000000 0.101786 0.888120 -0.448199 0.000000 -0.373508 0.451695 0.810224 0.000000 -2.561378 -0.425688 -1.113102 1.000000
aniFrame
  m_time 1.195000
  m_vertexTransformMat 0.952299 -0.026154 0.304044 0.000000 0.149199 0.909027 -0.389115 0.000000 -0.266207 0.415916 0.869568 0.000000 -2.382251 -0.730652 -1.473081 1.000000
aniFrame
  m_time 1.234000
  m_vertexTransformMat 0.979320 -0.076061 0.187479 0.000000 0.139866 0.924072 -0.355709 0.000000 -0.146188 0.374575 0.915600 0.000000 -2.010645 -0.752113 -1.780972 1.000000
aniFrame
  m_time 1.273000
  m_vertexTransformMat 0.996501 -0.078167 0.029595 0.000000 0.083559 0.940014 -0.330742 0.000000 -0.001967 0.332058 0.943257 0.000000 -1.597099 -0.607192 -2.089061 1.000000
aniFrame
  m_time 1.312000
  m_vertexTransformMat 0.989714 -0.069801 -0.124876 0.000000 0.028423 0.951430 -0.306550 0.000000 0.140208 0.299847 0.943628 0.000000 -1.253987 -0.552065 -2.315192 1.000000
aniFrame
  m_time 1.351000
  m_vertexTransformMat 0.965450 -0.097601 -0.241622 0.000000 0.022696 0.955182 -0.295147 0.000000 0.259600 0.279466 0.924396 0.000000 -0.937457 -0.850931 -2.413330 1.000000
aniFrame
  m_time 1.390000
  m_vertexTransformMat 0.929733 -0.171364 -0.325933 0.000000 0.066719 0.948862 -0.308562 0.000000 0.362141 0.265134 0.893621 0.000000 -0.600351 -1.524125 -2.493886 1.000000
aniFrame
  m_time 1.429000
  m_vertexTransformMat 0.889704 -0.251842 -0.380793 0.000000 0.121500 0.934622 -0.334245 0.000000 0.440074 0.251112 0.862135 0.000000 -0.286444 -2.302279 -2.610684 1.000000
aniFrame
  m_time 1.468000
  m_vertexTransformMat 0.863018 -0.293436 -0.411213 0.000000 0.147705 0.925002 -0.350078 0.000000 0.483098 0.241385 0.841635 0.000000 0.008606 -2.844020 -2.731354 1.000000
aniFrame
  m_time 1.507000
  m_vertexTransformMat 0.862022 -0.279682 -0.422726 0.000000 0.131375 0.928771 -0.346590 0.000000 0.489551 0.243233 0.837364 0.000000 0.333689 -2.986272 -2.843325 1.000000
aniFrame
  m_time 1.546000
  m_vertexTransformMat 0.879571 -0.231277 -0.415773 0.000000 0.090346 0.939190 -0.331302 0.000000 0.467111 0.253840 0.846978 0.000000 0.685862 -2.849162 -2.909972 1.000000
aniFrame
  m_time 1.585000
  m_vertexTransformMat 0.903884 -0.166373 -0.394100 0.000000 0.039261 0.949646 -0.310856 0.000000 0.425973 0.265505 0.864902 0.000000 0.999807 -2.550248 -2.909520 1.000000
aniFrame
  m_time 1.624000
  m_vertexTransformMat 0.928592 -0.090055 -0.360009 0.000000 -0.015468 0.959873 -0.280008 0.000000 0.370780 0.265582 0.889937 0.000000 1.309436 -2.134531 -2.889533 1.000000
aniFrame
  m_time 1.663000
  m_vertexTransformMat 0.951264 0.004610 -0.308343 0.000000 -0.080386 0.969026 -0.233511 0.000000 0.297716 0.246917 0.922170 0.000000 1.619007 -1.562227 -2.893939 1.000000
aniFrame
  m_time 1.702000
  m_vertexTransformMat 0.964562 0.100432 -0.243999 0.000000 -0.149988 0.969493 -0.193875 0.000000 0.217084 0.223601 0.950199 0.000000 1.765591 -0.966858 -2.822932 1.000000
aniFrame
  m_time 1.741000
  m_vertexTransformMat 0.966104 0.181986 -0.183099 0.000000 -0.215958 0.958334 -0.186971 0.000000 0.141444 0.220175 0.965151 0.000000 1.604648 -0.472434 -2.584170 1.000000
aniFrame
  m_time 1.780000
  m_vertexTransformMat 0.957209 0.256087 -0.134798 0.000000 -0.281620 0.931526 -0.230106 0.000000 0.066641 0.258221 0.963784 0.000000 1.190259 -0.095295 -2.204886 1.000000
aniFrame
  m_time 1.819000
  m_vertexTransformMat 0.939639 0.328685 -0.095103 0.000000 -0.341864 0.890125 -0.301340 0.000000 -0.014392 0.315663 0.948762 0.000000 0.706147 0.175902 -1.759480 1.000000
aniFrame
  m_time 1.858000
  m_vertexTransformMat 0.919371 0.389504 -0.055176 0.000000 -0.381926 0.850134 -0.362499 0.000000 -0.094288 0.354344 0.930350 0.000000 0.271835 0.316780 -1.272960 1.000000
aniFrame
  m_time 1.897000
  m_vertexTransformMat 0.903160 0.429305 -0.000405 0.000000 -0.395177 0.830994 -0.391514 0.000000 -0.167742 0.353760 0.920172 0.000000 -0.042356 0.378622 -0.767449 1.000000
aniFrame
  m_time 1.936000
  m_vertexTransformMat 0.890684 0.449625 0.067227 0.000000 -0.388481 0.829543 -0.401174 0.000000 -0.236145 0.331202 0.913532 0.000000 -0.273741 0.382883 -0.308257 1.000000
aniFrame
  m_time 1.975000
  m_vertexTransformMat 0.880027 0.453901 0.139743 0.000000 -0.364765 0.834411 -0.413164 0.000000 -0.304138 0.312622 0.899871 0.000000 -0.509235 0.353459 0.007592 1.000000
aniFrame
  m_time 2.014000
  m_vertexTransformMat 0.870362 0.445867 0.208981 0.000000 -0.321039 0.835612 -0.445742 0.000000 -0.373369 0.320865 0.870426 0.000000 -0.869736 0.320650 0.088592 1.000000
aniFrame
  m_time 2.053000
  m_vertexTransformMat 0.862962 0.422889 0.276516 0.000000 -0.249607 0.832629 -0.494395 0.000000 -0.439309 0.357624 0.824083 0.000000 -1.352920 0.304497 -0.022275 1.000000
aniFrame
  m_time 2.092000
  m_vertexTransformMat 0.853733 0.389689 0.345374 0.000000 -0.157518 0.825473 -0.542018 0.000000 -0.496315 0.408336 0.766116 0.000000 -1.880575 0.311451 -0.211785 1.000000
aniFrame
  m_time 2.131000
  m_vertexTransformMat 0.837740 0.357395 0.412869 0.000000 -0.062211 0.813616 -0.578066 0.000000 -0.542515 0.458583 0.703832 0.000000 -2.380983 0.340582 -0.375941 1.000000
aniFrame
  m_time 2.133000
  m_vertexTransformMat 0.836724 0.356090 0.416045 0.000000 -0.057389 0.812560 -0.580046 0.000000 -0.544610 0.461461 0.700324 0.000000 -2.404763 0.351846 -0.383447 1.000000
