m_aniFrameList.size 202
aniFrame
  m_time -1.066000
  m_vertexTransformMat 0.169309 -0.353366 -0.920037 0.000000 -0.614510 0.691984 -0.378861 0.000000 0.770527 0.629516 -0.099988 0.000000 14.187364 9.401760 -4.274680 1.000000
aniFrame
  m_time -1.050000
  m_vertexTransformMat 0.178296 -0.395011 -0.901209 0.000000 -0.584719 0.694100 -0.419915 0.000000 0.791400 0.601823 -0.107215 0.000000 14.070657 9.814812 -4.745646 1.000000
aniFrame
  m_time -1.034000
  m_vertexTransformMat 0.186786 -0.438003 -0.879355 0.000000 -0.552869 0.693039 -0.462637 0.000000 0.812063 0.572582 -0.112709 0.000000 13.961217 10.233537 -5.251112 1.000000
aniFrame
  m_time -1.018000
  m_vertexTransformMat 0.195147 -0.485304 -0.852290 0.000000 -0.515715 0.688389 -0.510058 0.000000 0.834240 0.539075 -0.115942 0.000000 13.858404 10.653327 -5.827347 1.000000
aniFrame
  m_time -1.002000
  m_vertexTransformMat 0.202106 -0.533766 -0.821126 0.000000 -0.475800 0.679319 -0.558695 0.000000 0.856018 0.503607 -0.116671 0.000000 13.774288 11.065737 -6.446224 1.000000
aniFrame
  m_time -0.986000
  m_vertexTransformMat 0.206985 -0.580860 -0.787248 0.000000 -0.435385 0.665912 -0.605807 0.000000 0.876126 0.468149 -0.115063 0.000000 13.722674 11.458460 -7.073831 1.000000
aniFrame
  m_time -0.970000
  m_vertexTransformMat 0.209661 -0.625601 -0.751442 0.000000 -0.395265 0.648701 -0.650349 0.000000 0.894320 0.433371 -0.111271 0.000000 13.703648 11.826180 -7.697614 1.000000
aniFrame
  m_time -0.954000
  m_vertexTransformMat 0.210001 -0.665557 -0.716194 0.000000 -0.358486 0.629094 -0.689731 0.000000 0.909608 0.401590 -0.106482 0.000000 13.728482 12.165964 -8.272655 1.000000
aniFrame
  m_time -0.938000
  m_vertexTransformMat 0.208644 -0.700601 -0.682368 0.000000 -0.325030 0.608391 -0.724029 0.000000 0.922401 0.372854 -0.100779 0.000000 13.789112 12.474185 -8.786427 1.000000
aniFrame
  m_time -0.922000
  m_vertexTransformMat 0.205490 -0.728420 -0.653589 0.000000 -0.299208 0.589103 -0.750622 0.000000 0.931799 0.349805 -0.096894 0.000000 13.866507 12.760082 -9.211854 1.000000
aniFrame
  m_time -0.906000
  m_vertexTransformMat 0.202064 -0.749753 -0.630112 0.000000 -0.279276 0.572559 -0.770832 0.000000 0.938710 0.331732 -0.093695 0.000000 13.960161 13.020382 -9.523231 1.000000
aniFrame
  m_time -0.890000
  m_vertexTransformMat 0.197739 -0.761811 -0.616883 0.000000 -0.269653 0.562757 -0.781405 0.000000 0.942437 0.320858 -0.094145 0.000000 14.039183 13.255797 -9.705531 1.000000
aniFrame
  m_time -0.874000
  m_vertexTransformMat 0.193965 -0.765837 -0.613084 0.000000 -0.270793 0.558874 -0.783793 0.000000 0.942894 0.318047 -0.098982 0.000000 14.084848 13.493567 -9.771181 1.000000
aniFrame
  m_time -0.858000
  m_vertexTransformMat 0.190631 -0.762602 -0.618142 0.000000 -0.279331 0.561520 -0.778891 0.000000 0.941082 0.321146 -0.105975 0.000000 14.115644 13.725425 -9.716852 1.000000
aniFrame
  m_time -0.842000
  m_vertexTransformMat 0.186405 -0.752612 -0.631528 0.000000 -0.299304 0.568739 -0.766129 0.000000 0.935772 0.331829 -0.119244 0.000000 14.105415 13.976049 -9.601225 1.000000
aniFrame
  m_time -0.826000
  m_vertexTransformMat 0.182990 -0.740215 -0.646990 0.000000 -0.323215 0.576222 -0.750667 0.000000 0.928465 0.346481 -0.133806 0.000000 14.072801 14.242060 -9.463301 1.000000
aniFrame
  m_time -0.810000
  m_vertexTransformMat 0.177902 -0.723611 -0.666887 0.000000 -0.352900 0.585705 -0.729665 0.000000 0.918593 0.365153 -0.151164 0.000000 14.018448 14.524444 -9.297508 1.000000
aniFrame
  m_time -0.794000
  m_vertexTransformMat 0.171824 -0.704634 -0.688453 0.000000 -0.386605 0.594551 -0.705015 0.000000 0.906097 0.387298 -0.170257 0.000000 13.941751 14.817100 -9.133378 1.000000
aniFrame
  m_time -0.778000
  m_vertexTransformMat 0.164751 -0.682304 -0.712263 0.000000 -0.423781 0.603114 -0.675769 0.000000 0.890655 0.413178 -0.189784 0.000000 13.843213 15.123466 -8.949243 1.000000
aniFrame
  m_time -0.762000
  m_vertexTransformMat 0.155398 -0.657367 -0.737374 0.000000 -0.463955 0.610427 -0.641970 0.000000 0.872122 0.441869 -0.210130 0.000000 13.723081 15.431779 -8.773635 1.000000
aniFrame
  m_time -0.746000
  m_vertexTransformMat 0.144741 -0.630320 -0.762723 0.000000 -0.505816 0.615373 -0.604538 0.000000 0.850411 0.473299 -0.229756 0.000000 13.580626 15.748693 -8.605927 1.000000
aniFrame
  m_time -0.730000
  m_vertexTransformMat 0.132077 -0.601226 -0.788089 0.000000 -0.548423 0.617959 -0.563346 0.000000 0.825704 0.506611 -0.248108 0.000000 13.420990 16.056810 -8.440866 1.000000
aniFrame
  m_time -0.714000
  m_vertexTransformMat 0.117229 -0.570923 -0.812591 0.000000 -0.591373 0.617213 -0.518966 0.000000 0.797832 0.541382 -0.265273 0.000000 13.247128 16.367306 -8.298125 1.000000
aniFrame
  m_time -0.698000
  m_vertexTransformMat 0.100420 -0.539240 -0.836144 0.000000 -0.633276 0.613538 -0.471734 0.000000 0.767383 0.576881 -0.279876 0.000000 13.065296 16.657579 -8.149353 1.000000
aniFrame
  m_time -0.682000
  m_vertexTransformMat 0.081470 -0.507243 -0.857943 0.000000 -0.673702 0.606342 -0.422463 0.000000 0.734499 0.612416 -0.292332 0.000000 12.881311 16.938801 -8.009982 1.000000
aniFrame
  m_time -0.666000
  m_vertexTransformMat 0.060497 -0.474949 -0.877931 0.000000 -0.711762 0.596116 -0.371537 0.000000 0.699810 0.647355 -0.301988 0.000000 12.705868 17.196178 -7.871977 1.000000
aniFrame
  m_time -0.650000
  m_vertexTransformMat 0.038139 -0.442751 -0.895833 0.000000 -0.746624 0.583210 -0.320029 0.000000 0.664152 0.681056 -0.308326 0.000000 12.535934 17.423712 -7.727781 1.000000
aniFrame
  m_time -0.634000
  m_vertexTransformMat 0.013702 -0.411658 -0.911236 0.000000 -0.778213 0.567838 -0.268227 0.000000 0.627852 0.712810 -0.312577 0.000000 12.398024 17.631273 -7.607340 1.000000
aniFrame
  m_time -0.618000
  m_vertexTransformMat -0.011767 -0.380945 -0.924523 0.000000 -0.805688 0.551213 -0.216870 0.000000 0.592224 0.742325 -0.313409 0.000000 12.288955 17.790991 -7.478208 1.000000
aniFrame
  m_time -0.602000
  m_vertexTransformMat -0.037831 -0.352065 -0.935211 0.000000 -0.828945 0.533699 -0.167381 0.000000 0.558050 0.768906 -0.312033 0.000000 12.215050 17.924559 -7.367374 1.000000
aniFrame
  m_time -0.586000
  m_vertexTransformMat -0.065059 -0.324218 -0.943743 0.000000 -0.847875 0.516659 -0.119046 0.000000 0.526190 0.792430 -0.308510 0.000000 12.206240 18.005505 -7.269199 1.000000
aniFrame
  m_time -0.570000
  m_vertexTransformMat -0.091439 -0.297988 -0.950180 0.000000 -0.862363 0.500842 -0.074083 0.000000 0.497966 0.812625 -0.302770 0.000000 12.239811 18.042542 -7.175972 1.000000
aniFrame
  m_time -0.554000
  m_vertexTransformMat -0.117306 -0.274379 -0.954440 0.000000 -0.872808 0.486966 -0.032718 0.000000 0.473757 0.829204 -0.296605 0.000000 12.334414 18.048216 -7.112831 1.000000
aniFrame
  m_time -0.538000
  m_vertexTransformMat -0.142678 -0.251129 -0.957381 0.000000 -0.878989 0.476805 0.005925 0.000000 0.454995 0.842373 -0.288769 0.000000 12.515113 17.974871 -7.053719 1.000000
aniFrame
  m_time -0.522000
  m_vertexTransformMat -0.170012 -0.225964 -0.959185 0.000000 -0.878501 0.475744 0.043636 0.000000 0.446466 0.850064 -0.279392 0.000000 12.919252 17.734592 -7.033470 1.000000
aniFrame
  m_time -0.506000
  m_vertexTransformMat -0.198638 -0.197683 -0.959930 0.000000 -0.871716 0.483295 0.080857 0.000000 0.447944 0.852847 -0.268324 0.000000 13.529354 17.312979 -7.045168 1.000000
aniFrame
  m_time -0.490000
  m_vertexTransformMat -0.228865 -0.164104 -0.959526 0.000000 -0.857539 0.500479 0.118944 0.000000 0.460703 0.850053 -0.255268 0.000000 14.367141 16.657932 -7.099967 1.000000
aniFrame
  m_time -0.474000
  m_vertexTransformMat -0.259509 -0.124543 -0.957677 0.000000 -0.835385 0.526498 0.157901 0.000000 0.484549 0.841005 -0.240672 0.000000 15.404930 15.746154 -7.205995 1.000000
aniFrame
  m_time -0.458000
  m_vertexTransformMat -0.286551 -0.082096 -0.954542 0.000000 -0.808031 0.556022 0.194748 0.000000 0.514758 0.827103 -0.225664 0.000000 16.467363 14.676385 -7.332584 1.000000
aniFrame
  m_time -0.442000
  m_vertexTransformMat -0.309291 -0.035945 -0.950288 0.000000 -0.774938 0.588722 0.229952 0.000000 0.551189 0.807536 -0.209942 0.000000 17.538908 13.418280 -7.472866 1.000000
aniFrame
  m_time -0.426000
  m_vertexTransformMat -0.325400 0.009843 -0.945525 0.000000 -0.739526 0.620483 0.260965 0.000000 0.589251 0.784158 -0.194626 0.000000 18.481838 12.091218 -7.588039 1.000000
aniFrame
  m_time -0.410000
  m_vertexTransformMat -0.334619 0.055524 -0.940717 0.000000 -0.702064 0.651205 0.288165 0.000000 0.628599 0.756868 -0.178924 0.000000 19.283197 10.686880 -7.655753 1.000000
aniFrame
  m_time -0.394000
  m_vertexTransformMat -0.336815 0.096413 -0.936622 0.000000 -0.666530 0.678195 0.309500 0.000000 0.665052 0.728530 -0.164165 0.000000 19.893366 9.346308 -7.665874 1.000000
aniFrame
  m_time -0.378000
  m_vertexTransformMat -0.332509 0.132355 -0.933767 0.000000 -0.633771 0.701857 0.325165 0.000000 0.698408 0.699914 -0.149490 0.000000 20.316462 8.082380 -7.591588 1.000000
aniFrame
  m_time -0.362000
  m_vertexTransformMat -0.323292 0.158877 -0.932867 0.000000 -0.607826 0.720694 0.333389 0.000000 0.725279 0.674803 -0.136425 0.000000 20.567448 7.042273 -7.450975 1.000000
aniFrame
  m_time -0.346000
  m_vertexTransformMat -0.310395 0.174327 -0.934487 0.000000 -0.590729 0.734815 0.333294 0.000000 0.744777 0.655481 -0.125103 0.000000 20.666996 6.294496 -7.234970 1.000000
aniFrame
  m_time -0.330000
  m_vertexTransformMat -0.295159 0.181076 -0.938133 0.000000 -0.580800 0.745633 0.326654 0.000000 0.758652 0.641282 -0.114911 0.000000 20.665314 5.772122 -6.953447 1.000000
aniFrame
  m_time -0.314000
  m_vertexTransformMat -0.278216 0.178530 -0.943781 0.000000 -0.578716 0.753053 0.313049 0.000000 0.766605 0.633276 -0.106193 0.000000 20.576527 5.502816 -6.609960 1.000000
aniFrame
  m_time -0.298000
  m_vertexTransformMat -0.259811 0.170824 -0.950430 0.000000 -0.580565 0.758857 0.295096 0.000000 0.771650 0.628455 -0.097985 0.000000 20.437634 5.351244 -6.226129 1.000000
aniFrame
  m_time -0.282000
  m_vertexTransformMat -0.239536 0.160248 -0.957572 0.000000 -0.584285 0.763896 0.273996 0.000000 0.775392 0.625127 -0.089350 0.000000 20.267321 5.240966 -5.804050 1.000000
aniFrame
  m_time -0.266000
  m_vertexTransformMat -0.218259 0.146183 -0.964881 0.000000 -0.589802 0.767953 0.249763 0.000000 0.777494 0.623601 -0.081394 0.000000 20.062275 5.194785 -5.370988 1.000000
aniFrame
  m_time -0.250000
  m_vertexTransformMat -0.195357 0.128821 -0.972235 0.000000 -0.597022 0.770866 0.222103 0.000000 0.778075 0.623835 -0.073685 0.000000 19.819016 5.212744 -4.925298 1.000000
aniFrame
  m_time -0.234000
  m_vertexTransformMat -0.171900 0.108398 -0.979133 0.000000 -0.605077 0.772725 0.191776 0.000000 0.777388 0.625416 -0.067242 0.000000 19.545397 5.286617 -4.497994 1.000000
aniFrame
  m_time -0.218000
  m_vertexTransformMat -0.147591 0.085225 -0.985370 0.000000 -0.613211 0.773798 0.158774 0.000000 0.776008 0.627673 -0.061945 0.000000 19.245150 5.404360 -4.096491 1.000000
aniFrame
  m_time -0.202000
  m_vertexTransformMat -0.122116 0.059497 -0.990731 0.000000 -0.622259 0.773068 0.123124 0.000000 0.773228 0.631527 -0.057381 0.000000 18.911995 5.584175 -3.720658 1.000000
aniFrame
  m_time -0.186000
  m_vertexTransformMat -0.097407 0.031642 -0.994742 0.000000 -0.630204 0.771624 0.086255 0.000000 0.770296 0.635292 -0.055221 0.000000 18.568281 5.793008 -3.417510 1.000000
aniFrame
  m_time -0.170000
  m_vertexTransformMat -0.070564 0.001689 -0.997506 0.000000 -0.637892 0.768725 0.046427 0.000000 0.766886 0.639577 -0.053167 0.000000 18.194515 6.044922 -3.143190 1.000000
aniFrame
  m_time -0.154000
  m_vertexTransformMat -0.044893 -0.029403 -0.998559 0.000000 -0.645720 0.763547 0.006547 0.000000 0.762254 0.645083 -0.053264 0.000000 17.801146 6.344767 -2.960327 1.000000
aniFrame
  m_time -0.138000
  m_vertexTransformMat -0.018603 -0.062440 -0.997875 0.000000 -0.650253 0.758895 -0.035363 0.000000 0.759491 0.648213 -0.054719 0.000000 17.401512 6.639851 -2.843721 1.000000
aniFrame
  m_time -0.122000
  m_vertexTransformMat 0.007930 -0.095617 -0.995387 0.000000 -0.653749 0.752731 -0.077515 0.000000 0.756670 0.651348 -0.056540 0.000000 16.988445 6.947772 -2.787295 1.000000
aniFrame
  m_time -0.106000
  m_vertexTransformMat 0.032601 -0.130292 -0.990940 0.000000 -0.655647 0.745537 -0.119596 0.000000 0.754364 0.653605 -0.061120 0.000000 16.571098 7.286822 -2.829224 1.000000
aniFrame
  m_time -0.090000
  m_vertexTransformMat 0.057889 -0.164586 -0.984663 0.000000 -0.655235 0.737882 -0.161858 0.000000 0.753204 0.654555 -0.065127 0.000000 16.144999 7.613571 -2.906928 1.000000
aniFrame
  m_time -0.074000
  m_vertexTransformMat 0.080637 -0.199393 -0.976596 0.000000 -0.653300 0.729414 -0.202868 0.000000 0.752793 0.654369 -0.071445 0.000000 15.747119 7.954947 -3.073019 1.000000
aniFrame
  m_time -0.058000
  m_vertexTransformMat 0.103573 -0.233855 -0.966739 0.000000 -0.648673 0.720931 -0.243891 0.000000 0.753987 0.652358 -0.077027 0.000000 15.343008 8.287851 -3.261995 1.000000
aniFrame
  m_time -0.042000
  m_vertexTransformMat 0.123861 -0.267497 -0.955565 0.000000 -0.642378 0.712351 -0.282678 0.000000 0.756313 0.648846 -0.083601 0.000000 14.983735 8.606816 -3.510144 1.000000
aniFrame
  m_time -0.026000
  m_vertexTransformMat 0.142427 -0.300679 -0.943031 0.000000 -0.633930 0.703990 -0.320206 0.000000 0.760163 0.643421 -0.090343 0.000000 14.655643 8.925507 -3.783495 1.000000
aniFrame
  m_time -0.010000
  m_vertexTransformMat 0.159035 -0.331217 -0.930056 0.000000 -0.623952 0.696339 -0.354677 0.000000 0.765109 0.636717 -0.095921 0.000000 14.361962 9.203026 -4.057505 1.000000
aniFrame
  m_time 0.005000
  m_vertexTransformMat 0.174297 -0.365285 -0.914433 0.000000 -0.608624 0.690056 -0.391663 0.000000 0.774079 0.624811 -0.102046 0.000000 14.105001 9.508009 -4.396041 1.000000
aniFrame
  m_time 0.021000
  m_vertexTransformMat 0.188268 -0.402051 -0.896053 0.000000 -0.587345 0.685140 -0.430823 0.000000 0.787135 0.607402 -0.107153 0.000000 13.879511 9.819666 -4.787867 1.000000
aniFrame
  m_time 0.037000
  m_vertexTransformMat 0.200311 -0.443581 -0.873563 0.000000 -0.559709 0.679997 -0.473635 0.000000 0.804116 0.583815 -0.112066 0.000000 13.698420 10.168468 -5.265733 1.000000
aniFrame
  m_time 0.053000
  m_vertexTransformMat 0.210637 -0.490443 -0.845634 0.000000 -0.524107 0.673553 -0.521190 0.000000 0.825194 0.552985 -0.115169 0.000000 13.556172 10.552503 -5.839705 1.000000
aniFrame
  m_time 0.069000
  m_vertexTransformMat 0.217550 -0.538208 -0.814251 0.000000 -0.485189 0.664228 -0.568677 0.000000 0.846914 0.518781 -0.116630 0.000000 13.469353 10.946726 -6.461181 1.000000
aniFrame
  m_time 0.085000
  m_vertexTransformMat 0.221609 -0.585969 -0.779443 0.000000 -0.443026 0.651561 -0.615790 0.000000 0.868688 0.481778 -0.115208 0.000000 13.436109 11.339715 -7.107476 1.000000
aniFrame
  m_time 0.101000
  m_vertexTransformMat 0.221946 -0.630480 -0.743799 0.000000 -0.401802 0.635907 -0.658922 0.000000 0.888423 0.445104 -0.112191 0.000000 13.457364 11.718044 -7.743176 1.000000
aniFrame
  m_time 0.117000
  m_vertexTransformMat 0.219980 -0.671194 -0.707890 0.000000 -0.361741 0.617801 -0.698188 0.000000 0.905954 0.409660 -0.106894 0.000000 13.540058 12.076853 -8.326799 1.000000
aniFrame
  m_time 0.133000
  m_vertexTransformMat 0.215229 -0.705643 -0.675088 0.000000 -0.326973 0.599319 -0.730689 0.000000 0.920198 0.378001 -0.101735 0.000000 13.655724 12.410592 -8.845985 1.000000
aniFrame
  m_time 0.149000
  m_vertexTransformMat 0.209095 -0.733291 -0.646966 0.000000 -0.299725 0.581691 -0.756175 0.000000 0.930830 0.352024 -0.098158 0.000000 13.789115 12.729375 -9.274522 1.000000
aniFrame
  m_time 0.165000
  m_vertexTransformMat 0.203306 -0.753303 -0.625461 0.000000 -0.278390 0.567963 -0.774543 0.000000 0.938705 0.331591 -0.094241 0.000000 13.932384 13.012062 -9.558146 1.000000
aniFrame
  m_time 0.181000
  m_vertexTransformMat 0.197104 -0.763336 -0.615199 0.000000 -0.270606 0.560771 -0.782502 0.000000 0.942297 0.320710 -0.096033 0.000000 14.032492 13.275793 -9.721521 1.000000
aniFrame
  m_time 0.197000
  m_vertexTransformMat 0.192980 -0.765543 -0.613761 0.000000 -0.272900 0.558963 -0.782999 0.000000 0.942489 0.318599 -0.101048 0.000000 14.089123 13.542905 -9.758820 1.000000
aniFrame
  m_time 0.213000
  m_vertexTransformMat 0.189271 -0.759909 -0.621865 0.000000 -0.284315 0.563771 -0.775453 0.000000 0.939863 0.323576 -0.109347 0.000000 14.118642 13.793515 -9.674818 1.000000
aniFrame
  m_time 0.229000
  m_vertexTransformMat 0.185183 -0.748717 -0.636499 0.000000 -0.307059 0.571186 -0.761224 0.000000 0.933500 0.336408 -0.124126 0.000000 14.095681 14.061834 -9.557697 1.000000
aniFrame
  m_time 0.245000
  m_vertexTransformMat 0.181523 -0.735128 -0.653174 0.000000 -0.332421 0.579238 -0.744299 0.000000 0.925498 0.352236 -0.139228 0.000000 14.057885 14.336268 -9.410177 1.000000
aniFrame
  m_time 0.261000
  m_vertexTransformMat 0.175777 -0.717463 -0.674055 0.000000 -0.363955 0.588839 -0.721669 0.000000 0.914680 0.372178 -0.157620 0.000000 13.995296 14.621204 -9.243822 1.000000
aniFrame
  m_time 0.277000
  m_vertexTransformMat 0.169716 -0.697608 -0.696089 0.000000 -0.398543 0.597414 -0.695888 0.000000 0.901310 0.395525 -0.176636 0.000000 13.911354 14.918097 -9.073438 1.000000
aniFrame
  m_time 0.293000
  m_vertexTransformMat 0.161855 -0.674173 -0.720620 0.000000 -0.436950 0.605798 -0.664893 0.000000 0.884804 0.422492 -0.196529 0.000000 13.805568 15.226509 -8.888104 1.000000
aniFrame
  m_time 0.309000
  m_vertexTransformMat 0.151986 -0.648620 -0.745783 0.000000 -0.477764 0.612329 -0.629917 0.000000 0.865241 0.452046 -0.216822 0.000000 13.677938 15.536725 -8.718035 1.000000
aniFrame
  m_time 0.325000
  m_vertexTransformMat 0.140819 -0.620804 -0.771215 0.000000 -0.519973 0.616514 -0.591218 0.000000 0.842495 0.484266 -0.235984 0.000000 13.528978 15.853467 -8.549672 1.000000
aniFrame
  m_time 0.341000
  m_vertexTransformMat 0.127324 -0.591260 -0.796367 0.000000 -0.562750 0.618098 -0.548878 0.000000 0.816763 0.518040 -0.254033 0.000000 13.364485 16.159740 -8.391550 1.000000
aniFrame
  m_time 0.357000
  m_vertexTransformMat 0.111866 -0.560518 -0.820552 0.000000 -0.605534 0.616271 -0.503526 0.000000 0.787918 0.553199 -0.270473 0.000000 13.186957 16.468346 -8.250773 1.000000
aniFrame
  m_time 0.373000
  m_vertexTransformMat 0.094334 -0.528544 -0.843649 0.000000 -0.646908 0.611586 -0.455492 0.000000 0.756711 0.588732 -0.284226 0.000000 13.003843 16.750477 -8.099956 1.000000
aniFrame
  m_time 0.389000
  m_vertexTransformMat 0.074690 -0.496562 -0.864782 0.000000 -0.686736 0.603184 -0.405664 0.000000 0.723060 0.624176 -0.295955 0.000000 12.821376 17.030001 -7.966103 1.000000
aniFrame
  m_time 0.405000
  m_vertexTransformMat 0.053186 -0.464077 -0.884197 0.000000 -0.723707 0.592188 -0.354347 0.000000 0.688055 0.658745 -0.304360 0.000000 12.648732 17.272072 -7.821463 1.000000
aniFrame
  m_time 0.421000
  m_vertexTransformMat 0.030271 -0.432306 -0.901219 0.000000 -0.757561 0.578267 -0.302835 0.000000 0.652062 0.691895 -0.309994 0.000000 12.484367 17.497404 -7.685769 1.000000
aniFrame
  m_time 0.437000
  m_vertexTransformMat 0.005142 -0.401326 -0.915921 0.000000 -0.787841 0.562466 -0.250877 0.000000 0.615858 0.722890 -0.313289 0.000000 12.361909 17.687994 -7.566128 1.000000
aniFrame
  m_time 0.453000
  m_vertexTransformMat -0.020278 -0.371078 -0.928380 0.000000 -0.813914 0.545396 -0.200219 0.000000 0.580632 0.751562 -0.313085 0.000000 12.256994 17.838921 -7.437141 1.000000
aniFrame
  m_time 0.469000
  m_vertexTransformMat -0.046977 -0.342775 -0.938242 0.000000 -0.835731 0.527960 -0.151039 0.000000 0.547127 0.777023 -0.311270 0.000000 12.208767 17.958422 -7.337293 1.000000
aniFrame
  m_time 0.485000
  m_vertexTransformMat -0.073917 -0.315178 -0.946150 0.000000 -0.853209 0.511172 -0.103624 0.000000 0.516305 0.799604 -0.306697 0.000000 12.210607 18.021606 -7.234779 1.000000
aniFrame
  m_time 0.501000
  m_vertexTransformMat -0.100235 -0.289894 -0.951795 0.000000 -0.866180 0.496131 -0.059891 0.000000 0.489577 0.818423 -0.300830 0.000000 12.269180 18.047140 -7.154616 1.000000
aniFrame
  m_time 0.517000
  m_vertexTransformMat -0.125671 -0.266729 -0.955543 0.000000 -0.875487 0.482843 -0.019638 0.000000 0.466615 0.834097 -0.294197 0.000000 12.377064 18.037916 -7.091241 1.000000
aniFrame
  m_time 0.533000
  m_vertexTransformMat -0.151583 -0.242993 -0.958111 0.000000 -0.879566 0.475413 0.018583 0.000000 0.450983 0.845539 -0.285793 0.000000 12.624313 17.914207 -7.042246 1.000000
aniFrame
  m_time 0.549000
  m_vertexTransformMat -0.179411 -0.216981 -0.959548 0.000000 -0.876960 0.477286 0.056042 0.000000 0.445818 0.851539 -0.275914 0.000000 13.099674 17.615997 -7.033838 1.000000
aniFrame
  m_time 0.565000
  m_vertexTransformMat -0.208482 -0.187233 -0.959937 0.000000 -0.867935 0.487826 0.093352 0.000000 0.450804 0.852625 -0.264209 0.000000 13.779655 17.125343 -7.057325 1.000000
aniFrame
  m_time 0.581000
  m_vertexTransformMat -0.239260 -0.151413 -0.959077 0.000000 -0.850903 0.508468 0.132000 0.000000 0.467674 0.847664 -0.250493 0.000000 14.700475 16.377260 -7.130768 1.000000
aniFrame
  m_time 0.597000
  m_vertexTransformMat -0.269014 -0.110698 -0.956754 0.000000 -0.826802 0.536045 0.170454 0.000000 0.493994 0.836900 -0.235728 0.000000 15.759765 15.406394 -7.247120 1.000000
aniFrame
  m_time 0.613000
  m_vertexTransformMat -0.294725 -0.066959 -0.953234 0.000000 -0.797516 0.566759 0.206768 0.000000 0.526408 0.821158 -0.220439 0.000000 16.829702 14.273437 -7.379000 1.000000
aniFrame
  m_time 0.629000
  m_vertexTransformMat -0.315470 -0.020509 -0.948714 0.000000 -0.763250 0.599538 0.240839 0.000000 0.563851 0.800083 -0.204790 0.000000 17.872395 12.979337 -7.516529 1.000000
aniFrame
  m_time 0.645000
  m_vertexTransformMat -0.329255 0.025239 -0.943904 0.000000 -0.727140 0.630943 0.270514 0.000000 0.602377 0.775419 -0.189388 0.000000 18.766451 11.627255 -7.615935 1.000000
aniFrame
  m_time 0.661000
  m_vertexTransformMat -0.336114 0.069909 -0.939223 0.000000 -0.689793 0.660720 0.296031 0.000000 0.641259 0.747370 -0.173854 0.000000 19.509871 10.225747 -7.666799 1.000000
aniFrame
  m_time 0.677000
  m_vertexTransformMat -0.336051 0.109048 -0.935510 0.000000 -0.655198 0.686478 0.315378 0.000000 0.676599 0.718927 -0.159243 0.000000 20.054382 8.913013 -7.650118 1.000000
aniFrame
  m_time 0.693000
  m_vertexTransformMat -0.329875 0.142538 -0.933202 0.000000 -0.624097 0.708765 0.328868 0.000000 0.708297 0.690894 -0.144847 0.000000 20.418255 7.700866 -7.551029 1.000000
aniFrame
  m_time 0.709000
  m_vertexTransformMat -0.319351 0.165121 -0.933140 0.000000 -0.601230 0.725833 0.334199 0.000000 0.732487 0.667758 -0.132520 0.000000 20.615328 6.764186 -7.387829 1.000000
aniFrame
  m_time 0.725000
  m_vertexTransformMat -0.305505 0.177454 -0.935509 0.000000 -0.586696 0.738746 0.331726 0.000000 0.749969 0.650203 -0.121579 0.000000 20.675186 6.098015 -7.147154 1.000000
aniFrame
  m_time 0.741000
  m_vertexTransformMat -0.289696 0.181214 -0.939807 0.000000 -0.579277 0.748456 0.322880 0.000000 0.761915 0.637945 -0.111852 0.000000 20.644854 5.655411 -6.845637 1.000000
aniFrame
  m_time 0.757000
  m_vertexTransformMat -0.272232 0.176208 -0.945960 0.000000 -0.579203 0.755032 0.307328 0.000000 0.768384 0.631567 -0.103484 0.000000 20.533092 5.450211 -6.484907 1.000000
aniFrame
  m_time 0.773000
  m_vertexTransformMat -0.253266 0.167746 -0.952742 0.000000 -0.581491 0.760679 0.288507 0.000000 0.773127 0.627080 -0.095111 0.000000 20.385345 5.305471 -6.089918 1.000000
aniFrame
  m_time 0.789000
  m_vertexTransformMat -0.232485 0.155897 -0.960025 0.000000 -0.586009 0.765333 0.266193 0.000000 0.776237 0.624469 -0.086571 0.000000 20.202364 5.219937 -5.658582 1.000000
aniFrame
  m_time 0.805000
  m_vertexTransformMat -0.210909 0.140804 -0.967312 0.000000 -0.591951 0.769093 0.241018 0.000000 0.777889 0.623434 -0.078860 0.000000 19.986141 5.191991 -5.225834 1.000000
aniFrame
  m_time 0.821000
  m_vertexTransformMat -0.187449 0.122296 -0.974632 0.000000 -0.599731 0.771564 0.212160 0.000000 0.777937 0.624286 -0.071284 0.000000 19.729975 5.233136 -4.777102 1.000000
aniFrame
  m_time 0.837000
  m_vertexTransformMat -0.164179 0.101049 -0.981241 0.000000 -0.607664 0.773224 0.181300 0.000000 0.777040 0.626030 -0.065543 0.000000 19.450096 5.318558 -4.366477 1.000000
aniFrame
  m_time 0.853000
  m_vertexTransformMat -0.139022 0.076856 -0.987303 0.000000 -0.616161 0.773782 0.146996 0.000000 0.775254 0.628773 -0.060217 0.000000 19.136637 5.458184 -3.964139 1.000000
aniFrame
  m_time 0.869000
  m_vertexTransformMat -0.114029 0.050575 -0.992189 0.000000 -0.625209 0.772491 0.111229 0.000000 0.772083 0.633008 -0.056467 0.000000 18.798544 5.652510 -3.614832 1.000000
aniFrame
  m_time 0.885000
  m_vertexTransformMat -0.088622 0.021772 -0.995827 0.000000 -0.632618 0.771001 0.073155 0.000000 0.769376 0.636462 -0.054554 0.000000 18.447954 5.870107 -3.321569 1.000000
aniFrame
  m_time 0.901000
  m_vertexTransformMat -0.061777 -0.008358 -0.998055 0.000000 -0.640812 0.766978 0.033242 0.000000 0.765208 0.641619 -0.052737 0.000000 18.063183 6.142399 -3.069082 1.000000
aniFrame
  m_time 0.917000
  m_vertexTransformMat -0.036365 -0.040333 -0.998524 0.000000 -0.647527 0.762009 -0.007198 0.000000 0.761175 0.646310 -0.053827 0.000000 17.669758 6.444520 -2.917815 1.000000
aniFrame
  m_time 0.933000
  m_vertexTransformMat -0.009455 -0.073376 -0.997260 0.000000 -0.651471 0.757055 -0.049526 0.000000 0.758615 0.649218 -0.054960 0.000000 17.263466 6.737754 -2.812006 1.000000
aniFrame
  m_time 0.949000
  m_vertexTransformMat 0.016170 -0.107085 -0.994119 0.000000 -0.654625 0.750398 -0.091479 0.000000 0.755781 0.652254 -0.057966 0.000000 16.851280 7.059546 -2.794566 1.000000
aniFrame
  m_time 0.965000
  m_vertexTransformMat 0.041128 -0.141809 -0.989039 0.000000 -0.655714 0.743057 -0.133808 0.000000 0.753888 0.654031 -0.062426 0.000000 16.426809 7.397523 -2.848811 1.000000
aniFrame
  m_time 0.981000
  m_vertexTransformMat 0.065631 -0.176091 -0.982183 0.000000 -0.654810 0.735122 -0.175552 0.000000 0.752938 0.654666 -0.067059 0.000000 16.011309 7.725045 -2.954932 1.000000
aniFrame
  m_time 0.997000
  m_vertexTransformMat 0.088247 -0.211053 -0.973483 0.000000 -0.652068 0.726553 -0.216629 0.000000 0.753007 0.653894 -0.073504 0.000000 15.612534 8.069835 -3.135122 1.000000
aniFrame
  m_time 1.013000
  m_vertexTransformMat 0.110676 -0.245065 -0.963169 0.000000 -0.646757 0.718084 -0.257024 0.000000 0.754623 0.651382 -0.079023 0.000000 15.217362 8.393466 -3.337533 1.000000
aniFrame
  m_time 1.029000
  m_vertexTransformMat 0.130144 -0.278760 -0.951502 0.000000 -0.639806 0.709509 -0.295374 0.000000 0.757437 0.647217 -0.086014 0.000000 14.872668 8.715461 -3.602558 1.000000
aniFrame
  m_time 1.045000
  m_vertexTransformMat 0.148185 -0.310908 -0.938817 0.000000 -0.630906 0.701314 -0.331838 0.000000 0.761576 0.641479 -0.092230 0.000000 14.553175 9.020125 -3.871753 1.000000
aniFrame
  m_time 1.061000
  m_vertexTransformMat 0.164221 -0.341910 -0.925273 0.000000 -0.619641 0.694085 -0.366457 0.000000 0.767513 0.633517 -0.097878 0.000000 14.272778 9.298573 -4.160710 1.000000
aniFrame
  m_time 1.077000
  m_vertexTransformMat 0.179135 -0.377269 -0.908614 0.000000 -0.602159 0.688312 -0.404514 0.000000 0.778020 0.619593 -0.103876 0.000000 14.025805 9.611603 -4.520694 1.000000
aniFrame
  m_time 1.093000
  m_vertexTransformMat 0.192515 -0.415165 -0.889143 0.000000 -0.578918 0.683562 -0.444519 0.000000 0.792333 0.600318 -0.108751 0.000000 13.813663 9.928921 -4.934723 1.000000
aniFrame
  m_time 1.109000
  m_vertexTransformMat 0.203999 -0.458822 -0.864793 0.000000 -0.548602 0.678056 -0.489159 0.000000 0.810815 0.574215 -0.113388 0.000000 13.646478 10.294668 -5.448703 1.000000
aniFrame
  m_time 1.125000
  m_vertexTransformMat 0.213405 -0.506467 -0.835434 0.000000 -0.511203 0.670834 -0.537265 0.000000 0.832544 0.541731 -0.115748 0.000000 13.519898 10.683204 -6.043996 1.000000
aniFrame
  m_time 1.141000
  m_vertexTransformMat 0.219197 -0.554172 -0.803024 0.000000 -0.471532 0.660371 -0.584438 0.000000 0.854172 0.506758 -0.116559 0.000000 13.452961 11.078690 -6.674550 1.000000
aniFrame
  m_time 1.157000
  m_vertexTransformMat 0.222202 -0.601399 -0.767428 0.000000 -0.428787 0.646628 -0.630884 0.000000 0.875653 0.469247 -0.114190 0.000000 13.436597 11.467815 -7.323252 1.000000
aniFrame
  m_time 1.173000
  m_vertexTransformMat 0.221457 -0.644409 -0.731911 0.000000 -0.388501 0.630111 -0.672330 0.000000 0.894440 0.433241 -0.110811 0.000000 13.478670 11.840178 -7.944041 1.000000
aniFrame
  m_time 1.189000
  m_vertexTransformMat 0.218768 -0.683616 -0.696283 0.000000 -0.349075 0.611516 -0.710068 0.000000 0.911201 0.398395 -0.104853 0.000000 13.577157 12.190871 -8.508041 1.000000
aniFrame
  m_time 1.205000
  m_vertexTransformMat 0.213120 -0.715403 -0.665416 0.000000 -0.317503 0.593386 -0.739652 0.000000 0.923998 0.368907 -0.100680 0.000000 13.696830 12.518402 -9.001286 1.000000
aniFrame
  m_time 1.221000
  m_vertexTransformMat 0.207176 -0.741041 -0.638700 0.000000 -0.291657 0.576392 -0.763354 0.000000 0.933817 0.344430 -0.096714 0.000000 13.837920 12.829039 -9.386827 1.000000
aniFrame
  m_time 1.237000
  m_vertexTransformMat 0.201218 -0.757611 -0.620917 0.000000 -0.274072 0.565020 -0.778227 0.000000 0.940423 0.326769 -0.093948 0.000000 13.972456 13.098047 -9.622091 1.000000
aniFrame
  m_time 1.253000
  m_vertexTransformMat 0.195444 -0.764869 -0.613823 0.000000 -0.270671 0.559514 -0.783379 0.000000 0.942624 0.319251 -0.097674 0.000000 14.054094 13.366393 -9.750285 1.000000
aniFrame
  m_time 1.269000
  m_vertexTransformMat 0.191863 -0.764703 -0.615158 0.000000 -0.274903 0.559836 -0.781673 0.000000 0.942135 0.319083 -0.102808 0.000000 14.106218 13.624839 -9.739894 1.000000
aniFrame
  m_time 1.285000
  m_vertexTransformMat 0.187865 -0.756465 -0.626472 0.000000 -0.291227 0.566244 -0.771073 0.000000 0.938027 0.327303 -0.113926 0.000000 14.114655 13.881526 -9.636854 1.000000
aniFrame
  m_time 1.301000
  m_vertexTransformMat 0.184098 -0.744723 -0.641479 0.000000 -0.314928 0.573535 -0.756226 0.000000 0.931090 0.341239 -0.128947 0.000000 14.085371 14.152224 -9.514431 1.000000
aniFrame
  m_time 1.317000
  m_vertexTransformMat 0.179817 -0.729551 -0.659865 0.000000 -0.342356 0.582450 -0.737255 0.000000 0.922203 0.358479 -0.145032 0.000000 14.039634 14.430222 -9.354144 1.000000
aniFrame
  m_time 1.333000
  m_vertexTransformMat 0.173763 -0.711184 -0.681194 0.000000 -0.375162 0.591751 -0.713502 0.000000 0.910527 0.379538 -0.163985 0.000000 13.969677 14.718219 -9.189810 1.000000
aniFrame
  m_time 1.349000
  m_vertexTransformMat 0.167371 -0.690143 -0.704053 0.000000 -0.410953 0.600291 -0.686125 0.000000 0.896161 0.404170 -0.183145 0.000000 13.878490 15.020455 -9.011534 1.000000
aniFrame
  m_time 1.365000
  m_vertexTransformMat 0.158711 -0.665848 -0.729011 0.000000 -0.450363 0.608257 -0.653603 0.000000 0.878627 0.432054 -0.203336 0.000000 13.765561 15.329050 -8.829518 1.000000
aniFrame
  m_time 1.381000
  m_vertexTransformMat 0.148447 -0.639601 -0.754238 0.000000 -0.491734 0.613976 -0.617439 0.000000 0.857999 0.462541 -0.223370 0.000000 13.630371 15.642760 -8.662160 1.000000
aniFrame
  m_time 1.397000
  m_vertexTransformMat 0.136614 -0.611087 -0.779685 0.000000 -0.534176 0.617389 -0.577483 0.000000 0.834261 0.495382 -0.242084 0.000000 13.475707 15.956137 -8.494158 1.000000
aniFrame
  m_time 1.413000
  m_vertexTransformMat 0.122378 -0.581166 -0.804531 0.000000 -0.577090 0.617835 -0.534085 0.000000 0.807459 0.529647 -0.259776 0.000000 13.306413 16.263868 -8.344560 1.000000
aniFrame
  m_time 1.429000
  m_vertexTransformMat 0.106269 -0.549952 -0.828409 0.000000 -0.619516 0.615041 -0.487776 0.000000 0.777758 0.565048 -0.275344 0.000000 13.126260 16.565441 -8.201367 1.000000
aniFrame
  m_time 1.445000
  m_vertexTransformMat 0.088019 -0.517892 -0.850906 0.000000 -0.660405 0.609165 -0.439072 0.000000 0.745734 0.600589 -0.288400 0.000000 12.942315 16.844934 -8.054052 1.000000
aniFrame
  m_time 1.461000
  m_vertexTransformMat 0.067692 -0.485809 -0.871440 0.000000 -0.699444 0.599755 -0.388682 0.000000 0.711475 0.635833 -0.299198 0.000000 12.762846 17.116468 -7.920701 1.000000
aniFrame
  m_time 1.477000
  m_vertexTransformMat 0.045759 -0.453338 -0.890164 0.000000 -0.735332 0.587871 -0.337188 0.000000 0.676161 0.669994 -0.306454 0.000000 12.591355 17.348164 -7.773051 1.000000
aniFrame
  m_time 1.493000
  m_vertexTransformMat 0.022124 -0.421963 -0.906343 0.000000 -0.768105 0.573116 -0.285574 0.000000 0.639941 0.702485 -0.311433 0.000000 12.438093 17.567360 -7.646207 1.000000
aniFrame
  m_time 1.509000
  m_vertexTransformMat -0.003322 -0.391050 -0.920364 0.000000 -0.796997 0.556918 -0.233750 0.000000 0.603975 0.732750 -0.313516 0.000000 12.324794 17.740789 -7.521998 1.000000
aniFrame
  m_time 1.525000
  m_vertexTransformMat -0.028939 -0.361463 -0.931937 0.000000 -0.821670 0.539533 -0.183749 0.000000 0.569229 0.760427 -0.312617 0.000000 12.231502 17.883955 -7.400102 1.000000
aniFrame
  m_time 1.541000
  m_vertexTransformMat -0.056080 -0.333456 -0.941097 0.000000 -0.842045 0.522273 -0.134878 0.000000 0.536484 0.784882 -0.310074 0.000000 12.206048 17.984877 -7.304152 1.000000
aniFrame
  m_time 1.557000
  m_vertexTransformMat -0.082689 -0.306419 -0.948299 0.000000 -0.858040 0.505876 -0.088642 0.000000 0.506883 0.806348 -0.304750 0.000000 12.221013 18.033916 -7.203084 1.000000
aniFrame
  m_time 1.573000
  m_vertexTransformMat -0.108865 -0.282065 -0.953199 0.000000 -0.869668 0.491480 -0.046110 0.000000 0.481484 0.823946 -0.298808 0.000000 12.300524 18.049860 -7.134233 1.000000
aniFrame
  m_time 1.589000
  m_vertexTransformMat -0.134085 -0.259011 -0.956522 0.000000 -0.877587 0.479369 -0.006785 0.000000 0.460284 0.838522 -0.291581 0.000000 12.435025 18.014801 -7.070884 1.000000
aniFrame
  m_time 1.605000
  m_vertexTransformMat -0.160741 -0.234606 -0.958709 0.000000 -0.879363 0.475131 0.031167 0.000000 0.448200 0.848063 -0.282677 0.000000 12.761002 17.833429 -7.036257 1.000000
aniFrame
  m_time 1.621000
  m_vertexTransformMat -0.188950 -0.207577 -0.959797 0.000000 -0.874710 0.479792 0.068434 0.000000 0.446297 0.852474 -0.272227 0.000000 13.302857 17.475998 -7.037587 1.000000
aniFrame
  m_time 1.637000
  m_vertexTransformMat -0.218543 -0.176090 -0.959808 0.000000 -0.863252 0.493515 0.106015 0.000000 0.455011 0.851725 -0.259864 0.000000 14.057541 16.908730 -7.075264 1.000000
aniFrame
  m_time 1.653000
  m_vertexTransformMat -0.249535 -0.138172 -0.958458 0.000000 -0.843471 0.517225 0.145035 0.000000 0.475699 0.844622 -0.245609 0.000000 15.049155 16.071609 -7.166601 1.000000
aniFrame
  m_time 1.669000
  m_vertexTransformMat -0.277953 -0.096706 -0.955715 0.000000 -0.817811 0.545743 0.182624 0.000000 0.503913 0.832354 -0.230777 0.000000 16.109386 15.054768 -7.288496 1.000000
aniFrame
  m_time 1.685000
  m_vertexTransformMat -0.302344 -0.051503 -0.951807 0.000000 -0.786426 0.577730 0.218549 0.000000 0.538631 0.814602 -0.215176 0.000000 17.189184 13.851924 -7.426335 1.000000
aniFrame
  m_time 1.701000
  m_vertexTransformMat -0.320808 -0.005394 -0.947129 0.000000 -0.751551 0.610021 0.251089 0.000000 0.576414 0.792367 -0.199754 0.000000 18.184206 12.541401 -7.555049 1.000000
aniFrame
  m_time 1.717000
  m_vertexTransformMat -0.332334 0.040550 -0.942290 0.000000 -0.714585 0.641234 0.279620 0.000000 0.615567 0.766273 -0.184127 0.000000 19.034569 11.156647 -7.638620 1.000000
aniFrame
  m_time 1.733000
  m_vertexTransformMat -0.336841 0.083453 -0.937856 0.000000 -0.678001 0.669661 0.303099 0.000000 0.653340 0.737963 -0.168988 0.000000 19.712656 9.781305 -7.671037 1.000000
aniFrame
  m_time 1.749000
  m_vertexTransformMat -0.334594 0.121111 -0.934548 0.000000 -0.644209 0.694399 0.320634 0.000000 0.687781 0.709326 -0.154321 0.000000 20.195370 8.489091 -7.624972 1.000000
aniFrame
  m_time 1.765000
  m_vertexTransformMat -0.326787 0.151419 -0.932889 0.000000 -0.615405 0.715049 0.331634 0.000000 0.717277 0.682479 -0.140485 0.000000 20.501757 7.352609 -7.504335 1.000000
aniFrame
  m_time 1.781000
  m_vertexTransformMat -0.315018 0.170286 -0.933684 0.000000 -0.595628 0.730446 0.334180 0.000000 0.738912 0.661401 -0.128677 0.000000 20.647570 6.515464 -7.314831 1.000000
aniFrame
  m_time 1.797000
  m_vertexTransformMat -0.300404 0.179731 -0.936725 0.000000 -0.583434 0.742303 0.329531 0.000000 0.754561 0.645510 -0.118129 0.000000 20.674173 5.923640 -7.052663 1.000000
aniFrame
  m_time 1.813000
  m_vertexTransformMat -0.284201 0.180086 -0.941700 0.000000 -0.578232 0.751273 0.318177 0.000000 0.764773 0.634947 -0.109381 0.000000 20.615868 5.568325 -6.735627 1.000000
aniFrame
  m_time 1.829000
  m_vertexTransformMat -0.266565 0.172956 -0.948172 0.000000 -0.578552 0.758100 0.300937 0.000000 0.770858 0.628785 -0.102019 0.000000 20.490871 5.403808 -6.371744 1.000000
aniFrame
  m_time 1.845000
  m_vertexTransformMat -0.247500 0.162866 -0.955102 0.000000 -0.579817 0.764874 0.280679 0.000000 0.776245 0.623252 -0.094873 0.000000 20.339895 5.277944 -5.982041 1.000000
aniFrame
  m_time 1.861000
  m_vertexTransformMat -0.227191 0.148852 -0.962407 0.000000 -0.582729 0.771022 0.256813 0.000000 0.780264 0.619168 -0.088428 0.000000 20.156389 5.225750 -5.573193 1.000000
aniFrame
  m_time 1.877000
  m_vertexTransformMat -0.205896 0.131517 -0.969696 0.000000 -0.586826 0.776390 0.229901 0.000000 0.783098 0.616378 -0.082678 0.000000 19.941862 5.239386 -5.163749 1.000000
aniFrame
  m_time 1.893000
  m_vertexTransformMat -0.183453 0.110677 -0.976779 0.000000 -0.592041 0.780784 0.199663 0.000000 0.784751 0.614921 -0.077712 0.000000 19.696192 5.323976 -4.756912 1.000000
aniFrame
  m_time 1.909000
  m_vertexTransformMat -0.160507 0.087171 -0.983178 0.000000 -0.597607 0.784186 0.167089 0.000000 0.785560 0.614373 -0.073774 0.000000 19.427279 5.458567 -4.377335 1.000000
aniFrame
  m_time 1.925000
  m_vertexTransformMat -0.136327 0.060739 -0.988800 0.000000 -0.603757 0.786241 0.131537 0.000000 0.785425 0.614928 -0.070514 0.000000 19.130344 5.654112 -4.018161 1.000000
aniFrame
  m_time 1.941000
  m_vertexTransformMat -0.112530 0.032440 -0.993119 0.000000 -0.609373 0.787201 0.094762 0.000000 0.784858 0.615843 -0.068816 0.000000 18.821999 5.878867 -3.718186 1.000000
aniFrame
  m_time 1.957000
  m_vertexTransformMat -0.087246 0.001728 -0.996186 0.000000 -0.614900 0.786670 0.055218 0.000000 0.783765 0.617371 -0.067571 0.000000 18.489946 6.151355 -3.452128 1.000000
aniFrame
  m_time 1.973000
  m_vertexTransformMat -0.062533 -0.029846 -0.997597 0.000000 -0.620650 0.783936 0.015451 0.000000 0.781591 0.620124 -0.067546 0.000000 18.136436 6.455866 -3.260429 1.000000
aniFrame
  m_time 1.989000
  m_vertexTransformMat -0.037217 -0.063350 -0.997297 0.000000 -0.624605 0.780499 -0.026270 0.000000 0.780053 0.621940 -0.068617 0.000000 17.766499 6.774795 -3.134570 1.000000
aniFrame
  m_time 2.005000
  m_vertexTransformMat -0.011583 -0.096799 -0.995237 0.000000 -0.628767 0.774613 -0.068023 0.000000 0.777508 0.624984 -0.069836 0.000000 17.368244 7.112862 -3.065631 1.000000
aniFrame
  m_time 2.021000
  m_vertexTransformMat 0.012927 -0.131351 -0.991252 0.000000 -0.631270 0.767728 -0.109964 0.000000 0.775456 0.627168 -0.072994 0.000000 16.962965 7.456794 -3.083612 1.000000
aniFrame
  m_time 2.037000
  m_vertexTransformMat 0.038732 -0.165560 -0.985439 0.000000 -0.632081 0.759751 -0.152487 0.000000 0.773933 0.628784 -0.075220 0.000000 16.535824 7.784016 -3.128984 1.000000
aniFrame
  m_time 2.053000
  m_vertexTransformMat 0.062368 -0.199568 -0.977898 0.000000 -0.632338 0.750158 -0.193421 0.000000 0.772178 0.630425 -0.079409 0.000000 16.122473 8.112503 -3.255806 1.000000
aniFrame
  m_time 2.069000
  m_vertexTransformMat 0.086409 -0.233036 -0.968622 0.000000 -0.630924 0.739644 -0.234231 0.000000 0.771019 0.631366 -0.083116 0.000000 15.693578 8.425991 -3.406549 1.000000
aniFrame
  m_time 2.085000
  m_vertexTransformMat 0.109044 -0.265148 -0.958022 0.000000 -0.628508 0.728281 -0.273101 0.000000 0.770122 0.631904 -0.087233 0.000000 15.284355 8.710120 -3.598449 1.000000
aniFrame
