m_aniFrameList.size 84
aniFrame
  m_time -1.066000
  m_vertexTransformMat 0.669979 0.313572 -0.672905 0.000000 -0.508493 0.854240 -0.108208 0.000000 0.540891 0.414664 0.731772 0.000000 0.857152 -7.390625 -1.277202 1.000000
aniFrame
  m_time -1.027000
  m_vertexTransformMat 0.727692 0.192806 -0.658248 0.000000 -0.433615 0.872894 -0.223684 0.000000 0.531453 0.448199 0.718801 0.000000 -0.827943 -4.965977 -1.668458 1.000000
aniFrame
  m_time -0.988000
  m_vertexTransformMat 0.784100 0.051794 -0.618470 0.000000 -0.338703 0.870745 -0.356489 0.000000 0.520065 0.489000 0.700294 0.000000 -2.543130 -2.158119 -2.543487 1.000000
aniFrame
  m_time -0.949000
  m_vertexTransformMat 0.823255 -0.077345 -0.562379 0.000000 -0.245365 0.844873 -0.475381 0.000000 0.511906 0.529347 0.676568 0.000000 -3.799783 0.511288 -3.676909 1.000000
aniFrame
  m_time -0.910000
  m_vertexTransformMat 0.841028 -0.166468 -0.514743 0.000000 -0.179437 0.811782 -0.555710 0.000000 0.510367 0.559730 0.652861 0.000000 -4.397988 2.546463 -4.548484 1.000000
aniFrame
  m_time -0.871000
  m_vertexTransformMat 0.840071 -0.193998 -0.506603 0.000000 -0.164672 0.798609 -0.578885 0.000000 0.516879 0.569727 0.638942 0.000000 -4.421634 3.555947 -4.641989 1.000000
aniFrame
  m_time -0.832000
  m_vertexTransformMat 0.822982 -0.162811 -0.544236 0.000000 -0.203663 0.809796 -0.550229 0.000000 0.530303 0.563669 0.633289 0.000000 -4.002837 3.637824 -3.940988 1.000000
aniFrame
  m_time -0.793000
  m_vertexTransformMat 0.790087 -0.097833 -0.605137 0.000000 -0.274793 0.825908 -0.492305 0.000000 0.547952 0.555251 0.625656 0.000000 -3.269994 3.253211 -2.921546 1.000000
aniFrame
  m_time -0.754000
  m_vertexTransformMat 0.737105 -0.006477 -0.675747 0.000000 -0.366117 0.836661 -0.407379 0.000000 0.568010 0.547683 0.614335 0.000000 -2.212453 2.531603 -1.879004 1.000000
aniFrame
  m_time -0.715000
  m_vertexTransformMat 0.662514 0.102066 -0.742063 0.000000 -0.464811 0.832884 -0.300425 0.000000 0.587389 0.543955 0.599239 0.000000 -0.852574 1.604552 -1.083596 1.000000
aniFrame
  m_time -0.676000
  m_vertexTransformMat 0.567976 0.216976 -0.793930 0.000000 -0.558366 0.810271 -0.178011 0.000000 0.604674 0.544409 0.581367 0.000000 0.767019 0.607504 -0.648178 1.000000
aniFrame
  m_time -0.637000
  m_vertexTransformMat 0.460568 0.326966 -0.825210 0.000000 -0.635609 0.770423 -0.049489 0.000000 0.619579 0.547304 0.562655 0.000000 2.545244 -0.340967 -0.599689 1.000000
aniFrame
  m_time -0.598000
  m_vertexTransformMat 0.351369 0.422545 -0.835462 0.000000 -0.688778 0.721081 0.075017 0.000000 0.634134 0.549089 0.544405 0.000000 4.350975 -1.168191 -0.913039 1.000000
aniFrame
  m_time -0.559000
  m_vertexTransformMat 0.255217 0.498209 -0.828645 0.000000 -0.714721 0.674405 0.185345 0.000000 0.651182 0.544946 0.528200 0.000000 6.003100 -1.877811 -1.487915 1.000000
aniFrame
  m_time -0.520000
  m_vertexTransformMat 0.187611 0.554564 -0.810716 0.000000 -0.709377 0.647394 0.278686 0.000000 0.679402 0.522819 0.514853 0.000000 7.400783 -2.670719 -2.255558 1.000000
aniFrame
  m_time -0.481000
  m_vertexTransformMat 0.165351 0.602842 -0.780539 0.000000 -0.653789 0.659545 0.370893 0.000000 0.738390 0.448980 0.503187 0.000000 8.571163 -4.187786 -3.454378 1.000000
aniFrame
  m_time -0.442000
  m_vertexTransformMat 0.191476 0.643722 -0.740918 0.000000 -0.556390 0.693065 0.458357 0.000000 0.808558 0.324475 0.490866 0.000000 9.138274 -6.374761 -4.957241 1.000000
aniFrame
  m_time -0.403000
  m_vertexTransformMat 0.253302 0.667441 -0.700258 0.000000 -0.449875 0.722102 0.525529 0.000000 0.856417 0.181911 0.483175 0.000000 8.758998 -8.614156 -6.250420 1.000000
aniFrame
  m_time -0.364000
  m_vertexTransformMat 0.325505 0.669558 -0.667636 0.000000 -0.369841 0.739993 0.561808 0.000000 0.870210 0.064048 0.488501 0.000000 7.760691 -10.307675 -6.932637 1.000000
aniFrame
  m_time -0.325000
  m_vertexTransformMat 0.379638 0.656067 -0.652266 0.000000 -0.344177 0.754601 0.558677 0.000000 0.858730 0.012400 0.512278 0.000000 6.919450 -11.078379 -6.822474 1.000000
aniFrame
  m_time -0.286000
  m_vertexTransformMat 0.417644 0.636089 -0.648818 0.000000 -0.358778 0.771500 0.525419 0.000000 0.834777 0.013343 0.550428 0.000000 6.372496 -11.299529 -6.132951 1.000000
aniFrame
  m_time -0.247000
  m_vertexTransformMat 0.452831 0.611627 -0.648735 0.000000 -0.388350 0.790267 0.473986 0.000000 0.802576 0.037301 0.595383 0.000000 5.876846 -11.375789 -5.195869 1.000000
aniFrame
  m_time -0.208000
  m_vertexTransformMat 0.485736 0.581592 -0.652542 0.000000 -0.425179 0.809464 0.404959 0.000000 0.763730 0.080744 0.640466 0.000000 5.369289 -11.273613 -4.141275 1.000000
aniFrame
  m_time -0.169000
  m_vertexTransformMat 0.517374 0.545887 -0.659038 0.000000 -0.463006 0.826229 0.320892 0.000000 0.719687 0.139118 0.680218 0.000000 4.813215 -10.974256 -3.123902 1.000000
aniFrame
  m_time -0.130000
  m_vertexTransformMat 0.549695 0.503934 -0.666248 0.000000 -0.495682 0.838737 0.225433 0.000000 0.672410 0.206328 0.710840 0.000000 4.137473 -10.472621 -2.292124 1.000000
aniFrame
  m_time -0.091000
  m_vertexTransformMat 0.583842 0.454595 -0.672661 0.000000 -0.517164 0.846931 0.123492 0.000000 0.625836 0.275776 0.729574 0.000000 3.287627 -9.764332 -1.707600 1.000000
aniFrame
  m_time -0.052000
  m_vertexTransformMat 0.619783 0.398556 -0.676034 0.000000 -0.524534 0.851133 0.020897 0.000000 0.583724 0.341651 0.736574 0.000000 2.299218 -8.864413 -1.375602 1.000000
aniFrame
  m_time -0.013000
  m_vertexTransformMat 0.655925 0.338097 -0.674873 0.000000 -0.516639 0.852927 -0.074836 0.000000 0.550315 0.397752 0.734130 0.000000 1.262983 -7.825793 -1.265279 1.000000
aniFrame
  m_time 0.025000
  m_vertexTransformMat 0.701754 0.255375 -0.665075 0.000000 -0.480110 0.859236 -0.176660 0.000000 0.526341 0.443281 0.725580 0.000000 -0.065433 -6.329985 -1.412141 1.000000
aniFrame
  m_time 0.064000
  m_vertexTransformMat 0.760407 0.128346 -0.636638 0.000000 -0.400346 0.864507 -0.303893 0.000000 0.511375 0.485957 0.708761 0.000000 -1.806862 -3.901382 -2.035391 1.000000
aniFrame
  m_time 0.103000
  m_vertexTransformMat 0.809532 -0.012951 -0.586934 0.000000 -0.299196 0.851079 -0.431447 0.000000 0.505115 0.524878 0.685100 0.000000 -3.351273 -1.029599 -3.105934 1.000000
aniFrame
  m_time 0.142000
  m_vertexTransformMat 0.836376 -0.129925 -0.532537 0.000000 -0.209765 0.821697 -0.529919 0.000000 0.506434 0.554918 0.659993 0.000000 -4.245155 1.566981 -4.192565 1.000000
aniFrame
  m_time 0.181000
  m_vertexTransformMat 0.842106 -0.190370 -0.504597 0.000000 -0.164731 0.800120 -0.576777 0.000000 0.513538 0.568830 0.642426 0.000000 -4.473367 3.234266 -4.685190 1.000000
aniFrame
  m_time 0.220000
  m_vertexTransformMat 0.830863 -0.178830 -0.526959 0.000000 -0.184417 0.804958 -0.563945 0.000000 0.525030 0.565741 0.635831 0.000000 -4.193505 3.679633 -4.248106 1.000000
aniFrame
  m_time 0.259000
  m_vertexTransformMat 0.803568 -0.123576 -0.582243 0.000000 -0.247140 0.820631 -0.515255 0.000000 0.541480 0.557938 0.628892 0.000000 -3.561155 3.429248 -3.292222 1.000000
aniFrame
  m_time 0.298000
  m_vertexTransformMat 0.758176 -0.040756 -0.650775 0.000000 -0.332637 0.834234 -0.439780 0.000000 0.560822 0.549902 0.618939 0.000000 -2.618477 2.812929 -2.226331 1.000000
aniFrame
  m_time 0.337000
  m_vertexTransformMat 0.691238 0.062798 -0.719893 0.000000 -0.430065 0.836331 -0.339991 0.000000 0.580718 0.544616 0.605112 0.000000 -1.363847 1.940393 -1.322557 1.000000
aniFrame
  m_time 0.376000
  m_vertexTransformMat 0.603181 0.176827 -0.777757 0.000000 -0.526776 0.820505 -0.221990 0.000000 0.598899 0.543603 0.588061 0.000000 0.171376 0.949813 -0.756831 1.000000
aniFrame
  m_time 0.415000
  m_vertexTransformMat 0.499262 0.289845 -0.816534 0.000000 -0.610860 0.786082 -0.094469 0.000000 0.614481 0.545953 0.569516 0.000000 1.906580 -0.028350 -0.571622 1.000000
aniFrame
  m_time 0.454000
  m_vertexTransformMat 0.389036 0.391428 -0.833928 0.000000 -0.673222 0.738719 0.032674 0.000000 0.628827 0.548708 0.550906 0.000000 3.722912 -0.901360 -0.766510 1.000000
aniFrame
  m_time 0.493000
  m_vertexTransformMat 0.286371 0.474636 -0.832294 0.000000 -0.708735 0.689488 0.149340 0.000000 0.644738 0.547108 0.533840 0.000000 5.454647 -1.651751 -1.268155 1.000000
aniFrame
  m_time 0.532000
  m_vertexTransformMat 0.206537 0.536476 -0.818252 0.000000 -0.716765 0.652218 0.246698 0.000000 0.666026 0.535542 0.519234 0.000000 6.929486 -2.333117 -1.944059 1.000000
aniFrame
  m_time 0.571000
  m_vertexTransformMat 0.167211 0.586186 -0.792733 0.000000 -0.679968 0.650794 0.337803 0.000000 0.713921 0.482549 0.507408 0.000000 8.196310 -3.541168 -2.969164 1.000000
aniFrame
  m_time 0.610000
  m_vertexTransformMat 0.177097 0.630736 -0.755519 0.000000 -0.593816 0.680661 0.429050 0.000000 0.784869 0.372655 0.495084 0.000000 9.037396 -5.559053 -4.419601 1.000000
aniFrame
  m_time 0.649000
  m_vertexTransformMat 0.228731 0.661509 -0.714205 0.000000 -0.486330 0.713192 0.504818 0.000000 0.843306 0.231871 0.484841 0.000000 8.995467 -7.856345 -5.845380 1.000000
aniFrame
  m_time 0.688000
  m_vertexTransformMat 0.301139 0.671119 -0.677432 0.000000 -0.392617 0.734662 0.553284 0.000000 0.869003 0.099356 0.484728 0.000000 8.128292 -9.810862 -6.778480 1.000000
aniFrame
  m_time 0.727000
  m_vertexTransformMat 0.363054 0.661799 -0.655906 0.000000 -0.347521 0.749319 0.563693 0.000000 0.864535 0.023290 0.502033 0.000000 7.174549 -10.891653 -6.940259 1.000000
aniFrame
  m_time 0.766000
  m_vertexTransformMat 0.404483 0.643557 -0.649791 0.000000 -0.351807 0.765325 0.538989 0.000000 0.844172 0.010589 0.535968 0.000000 6.557772 -11.232612 -6.405696 1.000000
aniFrame
  m_time 0.805000
  m_vertexTransformMat 0.440695 0.620703 -0.648472 0.000000 -0.376376 0.783606 0.494270 0.000000 0.814941 0.026247 0.578949 0.000000 6.047853 -11.369534 -5.547706 1.000000
aniFrame
  m_time 0.844000
  m_vertexTransformMat 0.474137 0.592710 -0.651068 0.000000 -0.411413 0.802922 0.431342 0.000000 0.778417 0.063342 0.624543 0.000000 5.551119 -11.332942 -4.518777 1.000000
aniFrame
  m_time 0.883000
  m_vertexTransformMat 0.505895 0.558958 -0.656990 0.000000 -0.449510 0.820884 0.352265 0.000000 0.736214 0.117114 0.666539 0.000000 5.018403 -11.102695 -3.469852 1.000000
aniFrame
  m_time 0.922000
  m_vertexTransformMat 0.537184 0.519728 -0.664316 0.000000 -0.485633 0.834538 0.260206 0.000000 0.689634 0.182836 0.700697 0.000000 4.405765 -10.665672 -2.558137 1.000000
aniFrame
  m_time 0.961000
  m_vertexTransformMat 0.571082 0.472558 -0.671233 0.000000 -0.511129 0.844537 0.159700 0.000000 0.642348 0.251885 0.723839 0.000000 3.613913 -10.028607 -1.882843 1.000000
aniFrame
  m_time 1.000000
  m_vertexTransformMat 0.606607 0.418741 -0.675784 0.000000 -0.523745 0.849996 0.056559 0.000000 0.598097 0.319630 0.734927 0.000000 2.667515 -9.192669 -1.462378 1.000000
aniFrame
  m_time 1.039000
  m_vertexTransformMat 0.643388 0.358926 -0.676184 0.000000 -0.520872 0.852548 -0.043066 0.000000 0.561021 0.379913 0.735474 0.000000 1.626228 -8.184806 -1.280185 1.000000
aniFrame
  m_time 1.078000
  m_vertexTransformMat 0.683924 0.288500 -0.670086 0.000000 -0.497410 0.856306 -0.139007 0.000000 0.533696 0.428378 0.729152 0.000000 0.453796 -6.935558 -1.318385 1.000000
aniFrame
  m_time 1.117000
  m_vertexTransformMat 0.739609 0.176812 -0.649397 0.000000 -0.432561 0.864085 -0.257386 0.000000 0.515625 0.471269 0.715567 0.000000 -1.178916 -4.843292 -1.751805 1.000000
aniFrame
  m_time 1.156000
  m_vertexTransformMat 0.794934 0.035133 -0.605678 0.000000 -0.334513 0.858243 -0.389256 0.000000 0.506143 0.512040 0.693999 0.000000 -2.876702 -2.032084 -2.705291 1.000000
aniFrame
  m_time 1.195000
  m_vertexTransformMat 0.830395 -0.094819 -0.549048 0.000000 -0.236259 0.832516 -0.501098 0.000000 0.504605 0.545827 0.668915 0.000000 -4.023263 0.744905 -3.860000 1.000000
aniFrame
  m_time 1.234000
  m_vertexTransformMat 0.842908 -0.178305 -0.507655 0.000000 -0.172026 0.804668 -0.568257 0.000000 0.509817 0.566319 0.647588 0.000000 -4.465941 2.806569 -4.630102 1.000000
aniFrame
  m_time 1.273000
  m_vertexTransformMat 0.837255 -0.190732 -0.512470 0.000000 -0.169681 0.800309 -0.575078 0.000000 0.519820 0.568443 0.637699 0.000000 -4.348874 3.654369 -4.511165 1.000000
aniFrame
  m_time 1.312000
  m_vertexTransformMat 0.815327 -0.146587 -0.560138 0.000000 -0.221830 0.814519 -0.536051 0.000000 0.534821 0.561312 0.631582 0.000000 -3.819252 3.567154 -3.661306 1.000000
aniFrame
  m_time 1.351000
  m_vertexTransformMat 0.776684 -0.072835 -0.625666 0.000000 -0.300505 0.830123 -0.469674 0.000000 0.553588 0.552803 0.622856 0.000000 -2.988023 3.067106 -2.599518 1.000000
aniFrame
  m_time 1.390000
  m_vertexTransformMat 0.717164 0.024752 -0.696465 0.000000 -0.395478 0.837323 -0.377474 0.000000 0.573823 0.546148 0.610287 0.000000 -1.836227 2.269671 -1.607654 1.000000
aniFrame
  m_time 1.429000
  m_vertexTransformMat 0.636131 0.136372 -0.759435 0.000000 -0.493907 0.828148 -0.265004 0.000000 0.592785 0.543667 0.594165 0.000000 -0.391919 1.306548 -0.915164 1.000000
aniFrame
  m_time 1.468000
  m_vertexTransformMat 0.536749 0.250976 -0.805551 0.000000 -0.583536 0.800004 -0.139570 0.000000 0.609415 0.544982 0.575855 0.000000 1.289364 0.309153 -0.592566 1.000000
aniFrame
  m_time 1.507000
  m_vertexTransformMat 0.427239 0.357503 -0.830457 0.000000 -0.654217 0.756227 -0.011022 0.000000 0.624073 0.548008 0.556974 0.000000 3.097552 -0.607372 -0.659493 1.000000
aniFrame
  m_time 1.546000
  m_vertexTransformMat 0.320269 0.447664 -0.834881 0.000000 -0.699371 0.706186 0.110371 0.000000 0.638990 0.548543 0.539252 0.000000 4.876945 -1.397727 -1.066086 1.000000
aniFrame
  m_time 1.585000
  m_vertexTransformMat 0.230898 0.516642 -0.824480 0.000000 -0.717790 0.662514 0.214130 0.000000 0.656858 0.542362 0.523814 0.000000 6.440976 -2.068320 -1.683078 1.000000
aniFrame
  m_time 1.624000
  m_vertexTransformMat 0.175704 0.569297 -0.803137 0.000000 -0.698593 0.646915 0.305727 0.000000 0.693611 0.507348 0.511373 0.000000 7.781600 -3.025762 -2.558229 1.000000
aniFrame
  m_time 1.663000
  m_vertexTransformMat 0.168442 0.616272 -0.769309 0.000000 -0.627519 0.668920 0.398456 0.000000 0.760163 0.415639 0.499396 0.000000 8.829597 -4.800144 -3.895538 1.000000
aniFrame
  m_time 1.702000
  m_vertexTransformMat 0.206841 0.652865 -0.728686 0.000000 -0.524291 0.702789 0.480840 0.000000 0.826036 0.282586 0.487657 0.000000 9.128391 -7.057836 -5.383288 1.000000
aniFrame
  m_time 1.741000
  m_vertexTransformMat 0.274868 0.670175 -0.689430 0.000000 -0.421994 0.728383 0.539796 0.000000 0.863926 0.142563 0.483019 0.000000 8.499856 -9.192365 -6.527043 1.000000
aniFrame
  m_time 1.780000
  m_vertexTransformMat 0.343825 0.666656 -0.661327 0.000000 -0.356810 0.744191 0.564682 0.000000 0.868603 0.041816 0.493741 0.000000 7.477655 -10.622169 -6.977374 1.000000
aniFrame
  m_time 1.819000
  m_vertexTransformMat 0.391697 0.649880 -0.651329 0.000000 -0.345626 0.759978 0.550434 0.000000 0.852711 0.009513 0.522297 0.000000 6.734755 -11.152037 -6.642856 1.000000
aniFrame
  m_time 1.858000
  m_vertexTransformMat 0.430100 0.624740 -0.651701 0.000000 -0.360984 0.780672 0.510139 0.000000 0.827469 0.015843 0.561288 0.000000 6.155038 -11.248548 -5.833020 1.000000
aniFrame
  m_time 1.897000
  m_vertexTransformMat 0.466758 0.592414 -0.656645 0.000000 -0.386149 0.804491 0.451315 0.000000 0.795630 0.042908 0.604262 0.000000 5.579056 -11.114804 -4.813929 1.000000
aniFrame
  m_time 1.936000
  m_vertexTransformMat 0.501786 0.553945 -0.664346 0.000000 -0.416325 0.827891 0.375858 0.000000 0.758211 0.087983 0.646046 0.000000 4.986042 -10.763554 -3.741880 1.000000
aniFrame
  m_time 1.975000
  m_vertexTransformMat 0.535818 0.510539 -0.672495 0.000000 -0.447147 0.847200 0.286901 0.000000 0.716212 0.146978 0.682230 0.000000 4.352259 -10.228814 -2.775639 1.000000
aniFrame
  m_time 2.014000
  m_vertexTransformMat 0.569496 0.463408 -0.678917 0.000000 -0.474478 0.859772 0.188847 0.000000 0.671226 0.214583 0.709514 0.000000 3.611283 -9.560971 -2.051795 1.000000
aniFrame
  m_time 2.053000
  m_vertexTransformMat 0.603707 0.413404 -0.681642 0.000000 -0.494233 0.864979 0.086870 0.000000 0.625518 0.284445 0.726511 0.000000 2.740431 -8.823251 -1.592962 1.000000
aniFrame
  m_time 2.092000
  m_vertexTransformMat 0.636903 0.363570 -0.679833 0.000000 -0.505869 0.862517 -0.012657 0.000000 0.581766 0.351967 0.733258 0.000000 1.811455 -8.085624 -1.360312 1.000000
aniFrame
  m_time 2.131000
  m_vertexTransformMat 0.668493 0.316373 -0.673072 0.000000 -0.508513 0.854842 -0.103241 0.000000 0.542708 0.411282 0.732336 0.000000 0.900714 -7.436635 -1.282526 1.000000
aniFrame
  m_time 2.133000
  m_vertexTransformMat 0.669979 0.313572 -0.672905 0.000000 -0.508493 0.854240 -0.108208 0.000000 0.540891 0.414665 0.731772 0.000000 0.857150 -7.390621 -1.277200 1.000000
