m_aniFrameList.size 84
aniFrame
  m_time -1.066000
  m_vertexTransformMat 0.925990 -0.377534 -0.003181 0.000000 0.377183 0.924692 0.051746 0.000000 -0.016595 -0.049116 0.998656 0.000000 -0.715873 -2.099774 -1.219696 1.000000
aniFrame
  m_time -1.027000
  m_vertexTransformMat 0.934879 -0.354691 0.013972 0.000000 0.354135 0.934659 0.031635 0.000000 -0.024279 -0.024627 0.999402 0.000000 -1.040427 -1.742879 -1.472185 1.000000
aniFrame
  m_time -0.988000
  m_vertexTransformMat 0.942036 -0.333793 0.033924 0.000000 0.333682 0.942642 0.009043 0.000000 -0.034996 0.002801 0.999384 0.000000 -1.395663 -1.340331 -1.758481 1.000000
aniFrame
  m_time -0.949000
  m_vertexTransformMat 0.949168 -0.310399 0.052280 0.000000 0.311474 0.950157 -0.013637 0.000000 -0.045441 0.029227 0.998540 0.000000 -1.635194 -0.945318 -1.922814 1.000000
aniFrame
  m_time -0.910000
  m_vertexTransformMat 0.957615 -0.280733 0.064519 0.000000 0.283272 0.958432 -0.034125 0.000000 -0.052257 0.050955 0.997333 0.000000 -1.672938 -0.606885 -1.846105 1.000000
aniFrame
  m_time -0.871000
  m_vertexTransformMat 0.968170 -0.241415 0.066069 0.000000 0.244852 0.968270 -0.050010 0.000000 -0.051900 0.064596 0.996561 0.000000 -1.571903 -0.371022 -1.580622 1.000000
aniFrame
  m_time -0.832000
  m_vertexTransformMat 0.980210 -0.190073 0.055331 0.000000 0.193216 0.979416 -0.058417 0.000000 -0.043088 0.067952 0.996758 0.000000 -1.377751 -0.273841 -1.222125 1.000000
aniFrame
  m_time -0.793000
  m_vertexTransformMat 0.991302 -0.126877 0.034967 0.000000 0.128730 0.990032 -0.057144 0.000000 -0.027368 0.061149 0.997754 0.000000 -1.112078 -0.323933 -0.857407 1.000000
aniFrame
  m_time -0.754000
  m_vertexTransformMat 0.998512 -0.053785 0.008936 0.000000 0.054149 0.997416 -0.047220 0.000000 -0.006374 0.047633 0.998845 0.000000 -0.790042 -0.474045 -0.587780 1.000000
aniFrame
  m_time -0.715000
  m_vertexTransformMat 0.999533 0.024069 -0.018842 0.000000 -0.024638 0.999229 -0.030583 0.000000 0.018092 0.031033 0.999355 0.000000 -0.440302 -0.674363 -0.493705 1.000000
aniFrame
  m_time -0.676000
  m_vertexTransformMat 0.993899 0.100284 -0.045907 0.000000 -0.100830 0.994856 -0.009739 0.000000 0.044694 0.014309 0.998898 0.000000 -0.069664 -0.887613 -0.551699 1.000000
aniFrame
  m_time -0.637000
  m_vertexTransformMat 0.982546 0.172127 -0.070542 0.000000 -0.171710 0.985075 0.011981 0.000000 0.071551 0.000341 0.997437 0.000000 0.313324 -1.072056 -0.707830 1.000000
aniFrame
  m_time -0.598000
  m_vertexTransformMat 0.968350 0.232109 -0.091778 0.000000 -0.230207 0.972650 0.030947 0.000000 0.096451 -0.008840 0.995298 0.000000 0.697150 -1.196642 -0.921521 1.000000
aniFrame
  m_time -0.559000
  m_vertexTransformMat 0.955198 0.275145 -0.109049 0.000000 -0.271951 0.961330 0.043449 0.000000 0.116787 -0.011847 0.993086 0.000000 1.045743 -1.237877 -1.147785 1.000000
aniFrame
  m_time -0.520000
  m_vertexTransformMat 0.947954 0.293316 -0.123892 0.000000 -0.289795 0.955985 0.045957 0.000000 0.131919 -0.007662 0.991231 0.000000 1.375210 -1.185235 -1.372620 1.000000
aniFrame
  m_time -0.481000
  m_vertexTransformMat 0.952474 0.270597 -0.139898 0.000000 -0.268605 0.962675 0.033291 0.000000 0.143685 0.005868 0.989606 0.000000 1.752811 -1.016335 -1.687727 1.000000
aniFrame
  m_time -0.442000
  m_vertexTransformMat 0.965023 0.211615 -0.154756 0.000000 -0.212953 0.977029 0.008073 0.000000 0.152910 0.025165 0.987920 0.000000 2.085972 -0.771089 -2.013070 1.000000
aniFrame
  m_time -0.403000
  m_vertexTransformMat 0.977771 0.133204 -0.161931 0.000000 -0.138579 0.990100 -0.022312 0.000000 0.157356 0.044256 0.986550 0.000000 2.183573 -0.517951 -2.144168 1.000000
aniFrame
  m_time -0.364000
  m_vertexTransformMat 0.985534 0.054490 -0.160478 0.000000 -0.063248 0.996746 -0.049980 0.000000 0.157232 0.059407 0.985773 0.000000 2.063813 -0.304123 -2.028393 1.000000
aniFrame
  m_time -0.325000
  m_vertexTransformMat 0.988416 -0.009106 -0.151497 0.000000 -0.001204 0.997697 -0.067819 0.000000 0.151765 0.067216 0.986129 0.000000 1.897679 -0.185616 -1.778518 1.000000
aniFrame
  m_time -0.286000
  m_vertexTransformMat 0.988848 -0.059284 -0.136621 0.000000 0.049878 0.996209 -0.071274 0.000000 0.140328 0.063665 0.988056 0.000000 1.714520 -0.240409 -1.444926 1.000000
aniFrame
  m_time -0.247000
  m_vertexTransformMat 0.986863 -0.110121 -0.118213 0.000000 0.103276 0.992683 -0.062560 0.000000 0.124238 0.049530 0.991015 0.000000 1.495540 -0.463089 -1.091873 1.000000
aniFrame
  m_time -0.208000
  m_vertexTransformMat 0.981891 -0.162401 -0.097552 0.000000 0.158568 0.986281 -0.045885 0.000000 0.103666 0.029585 0.994172 0.000000 1.229317 -0.777292 -0.787430 1.000000
aniFrame
  m_time -0.169000
  m_vertexTransformMat 0.973796 -0.214081 -0.076748 0.000000 0.212842 0.976790 -0.024072 0.000000 0.080120 0.007106 0.996760 0.000000 0.936654 -1.135342 -0.597858 1.000000
aniFrame
  m_time -0.130000
  m_vertexTransformMat 0.963066 -0.263119 -0.057208 0.000000 0.263542 0.964648 -0.000149 0.000000 0.055224 -0.014933 0.998362 0.000000 0.604467 -1.493746 -0.580102 1.000000
aniFrame
  m_time -0.091000
  m_vertexTransformMat 0.950796 -0.307345 -0.039074 0.000000 0.308335 0.951014 0.022389 0.000000 0.030279 -0.033335 0.998985 0.000000 0.213097 -1.799538 -0.712265 1.000000
aniFrame
  m_time -0.052000
  m_vertexTransformMat 0.938620 -0.344222 -0.022456 0.000000 0.344880 0.937777 0.040412 0.000000 0.007147 -0.045676 0.998931 0.000000 -0.204111 -2.014259 -0.927195 1.000000
aniFrame
  m_time -0.013000
  m_vertexTransformMat 0.928510 -0.371217 -0.008153 0.000000 0.371137 0.927200 0.050564 0.000000 -0.011211 -0.049975 0.998688 0.000000 -0.585761 -2.103872 -1.145350 1.000000
aniFrame
  m_time 0.025000
  m_vertexTransformMat 0.923583 -0.383326 0.007445 0.000000 0.382531 0.922625 0.049332 0.000000 -0.025779 -0.042715 0.998755 0.000000 -0.975779 -2.019001 -1.376114 1.000000
aniFrame
  m_time 0.064000
  m_vertexTransformMat 0.926353 -0.375642 0.027630 0.000000 0.374679 0.926513 0.034490 0.000000 -0.038555 -0.021598 0.999023 0.000000 -1.391363 -1.721063 -1.670737 1.000000
aniFrame
  m_time 0.103000
  m_vertexTransformMat 0.935484 -0.350088 0.048044 0.000000 0.349995 0.936692 0.010617 0.000000 -0.048720 0.006883 0.998789 0.000000 -1.701495 -1.299467 -1.901789 1.000000
aniFrame
  m_time 0.142000
  m_vertexTransformMat 0.948460 -0.310561 0.063057 0.000000 0.312128 0.949897 -0.016493 0.000000 -0.054775 0.035325 0.997874 0.000000 -1.770985 -0.859782 -1.912479 1.000000
aniFrame
  m_time 0.181000
  m_vertexTransformMat 0.962573 -0.262376 0.067908 0.000000 0.265444 0.963261 -0.040834 0.000000 -0.054699 0.057331 0.996856 0.000000 -1.651225 -0.496840 -1.691509 1.000000
aniFrame
  m_time 0.220000
  m_vertexTransformMat 0.975861 -0.209877 0.060381 0.000000 0.213243 0.975391 -0.056038 0.000000 -0.047134 0.067561 0.996601 0.000000 -1.457362 -0.297124 -1.353117 1.000000
aniFrame
  m_time 0.259000
  m_vertexTransformMat 0.987724 -0.150280 0.042638 0.000000 0.152633 0.986539 -0.058684 0.000000 -0.033245 0.064472 0.997366 0.000000 -1.210216 -0.292023 -0.978338 1.000000
aniFrame
  m_time 0.298000
  m_vertexTransformMat 0.996590 -0.080499 0.018098 0.000000 0.081335 0.995354 -0.051527 0.000000 -0.013867 0.052823 0.998508 0.000000 -0.904470 -0.414513 -0.663347 1.000000
aniFrame
  m_time 0.337000
  m_vertexTransformMat 0.999948 -0.004204 -0.009275 0.000000 0.003860 0.999315 -0.036814 0.000000 0.009423 0.036776 0.999279 0.000000 -0.565453 -0.606755 -0.504818 1.000000
aniFrame
  m_time 0.376000
  m_vertexTransformMat 0.996654 0.072956 -0.036862 0.000000 -0.073620 0.997142 -0.016985 0.000000 0.035517 0.019641 0.999176 0.000000 -0.202475 -0.823347 -0.518850 1.000000
aniFrame
  m_time 0.415000
  m_vertexTransformMat 0.987012 0.147929 -0.062644 0.000000 -0.147920 0.988988 0.004820 0.000000 0.062668 0.004509 0.998024 0.000000 0.178648 -1.020520 -0.645263 1.000000
aniFrame
  m_time 0.454000
  m_vertexTransformMat 0.973423 0.212804 -0.084629 0.000000 -0.211414 0.977073 0.025164 0.000000 0.088044 -0.006603 0.996095 0.000000 0.561570 -1.169519 -0.843270 1.000000
aniFrame
  m_time 0.493000
  m_vertexTransformMat 0.959426 0.262387 -0.103219 0.000000 -0.259530 0.964888 0.040435 0.000000 0.110205 -0.012006 0.993837 0.000000 0.927936 -1.244322 -1.071543 1.000000
aniFrame
  m_time 0.532000
  m_vertexTransformMat 0.949224 0.291449 -0.118454 0.000000 -0.287824 0.956529 0.047022 0.000000 0.127009 -0.010540 0.991846 0.000000 1.252955 -1.223994 -1.284294 1.000000
aniFrame
  m_time 0.571000
  m_vertexTransformMat 0.949494 0.283807 -0.133843 0.000000 -0.281036 0.958881 0.039568 0.000000 0.139569 0.000045 0.990212 0.000000 1.612161 -1.088360 -1.562340 1.000000
aniFrame
  m_time 0.610000
  m_vertexTransformMat 0.960273 0.235539 -0.149655 0.000000 -0.235557 0.971696 0.017862 0.000000 0.149626 0.018100 0.988577 0.000000 1.979992 -0.860234 -1.906359 1.000000
aniFrame
  m_time 0.649000
  m_vertexTransformMat 0.973832 0.161620 -0.159783 0.000000 -0.165564 0.986131 -0.011593 0.000000 0.155694 0.037744 0.987084 0.000000 2.174474 -0.604969 -2.124313 1.000000
aniFrame
  m_time 0.688000
  m_vertexTransformMat 0.983861 0.079934 -0.160085 0.000000 -0.087565 0.995307 -0.041185 0.000000 0.156042 0.054538 0.986244 0.000000 2.103958 -0.374312 -2.083979 1.000000
aniFrame
  m_time 0.727000
  m_vertexTransformMat 0.987924 0.011563 -0.154509 0.000000 -0.021553 0.997772 -0.063139 0.000000 0.153434 0.065707 0.985972 0.000000 1.951213 -0.208355 -1.874827 1.000000
aniFrame
  m_time 0.766000
  m_vertexTransformMat 0.988978 -0.041657 -0.142084 0.000000 0.031687 0.996921 -0.071722 0.000000 0.144634 0.066430 0.987253 0.000000 1.779746 -0.196747 -1.566544 1.000000
aniFrame
  m_time 0.805000
  m_vertexTransformMat 0.987873 -0.091972 -0.125094 0.000000 0.084124 0.994224 -0.066641 0.000000 0.130501 0.055309 0.989905 0.000000 1.579276 -0.372625 -1.214184 1.000000
aniFrame
  m_time 0.844000
  m_vertexTransformMat 0.983991 -0.144009 -0.104992 0.000000 0.139129 0.988884 -0.052454 0.000000 0.111379 0.037006 0.993089 0.000000 1.327747 -0.660738 -0.885441 1.000000
aniFrame
  m_time 0.883000
  m_vertexTransformMat 0.976971 -0.196144 -0.083994 0.000000 0.194079 0.980459 -0.032158 0.000000 0.088660 0.015116 0.995947 0.000000 1.042661 -1.007070 -0.647926 1.000000
aniFrame
  m_time 0.922000
  m_vertexTransformMat 0.967063 -0.246409 -0.063815 0.000000 0.246360 0.969139 -0.008762 0.000000 0.064004 -0.007248 0.997923 0.000000 0.727184 -1.366194 -0.567344 1.000000
aniFrame
  m_time 0.961000
  m_vertexTransformMat 0.955158 -0.292590 -0.045423 0.000000 0.293493 0.955851 0.014519 0.000000 0.039169 -0.027199 0.998862 0.000000 0.361518 -1.694473 -0.653497 1.000000
aniFrame
  m_time 1.000000
  m_vertexTransformMat 0.942749 -0.332302 -0.028286 0.000000 0.333157 0.942243 0.034410 0.000000 0.015218 -0.041864 0.999008 0.000000 -0.050217 -1.944184 -0.846465 1.000000
aniFrame
  m_time 1.039000
  m_vertexTransformMat 0.931721 -0.362943 -0.012951 0.000000 0.363136 0.930520 0.047593 0.000000 -0.005222 -0.049046 0.998783 0.000000 -0.453666 -2.078825 -1.073765 1.000000
aniFrame
  m_time 1.078000
  m_vertexTransformMat 0.924522 -0.381125 0.001600 0.000000 0.380551 0.923345 0.051131 0.000000 -0.020964 -0.046663 0.998691 0.000000 -0.833857 -2.068299 -1.288904 1.000000
aniFrame
  m_time 1.117000
  m_vertexTransformMat 0.924529 -0.380576 0.020203 0.000000 0.379568 0.924255 0.040996 0.000000 -0.034275 -0.030234 0.998955 0.000000 -1.248156 -1.844409 -1.564432 1.000000
aniFrame
  m_time 1.156000
  m_vertexTransformMat 0.931727 -0.360807 0.041260 0.000000 0.360290 0.932634 0.019599 0.000000 -0.045551 -0.003395 0.998956 0.000000 -1.616365 -1.453752 -1.840594 1.000000
aniFrame
  m_time 1.195000
  m_vertexTransformMat 0.943670 -0.325627 0.058769 0.000000 0.326576 0.945145 -0.007063 0.000000 -0.053245 0.025858 0.998247 0.000000 -1.773528 -1.009055 -1.939482 1.000000
aniFrame
  m_time 1.234000
  m_vertexTransformMat 0.957679 -0.279772 0.067662 0.000000 0.282410 0.958725 -0.033019 0.000000 -0.055631 0.050730 0.997162 0.000000 -1.702785 -0.609533 -1.785624 1.000000
aniFrame
  m_time 1.273000
  m_vertexTransformMat 0.971375 -0.228637 0.064464 0.000000 0.232078 0.971300 -0.052115 0.000000 -0.050698 0.065584 0.996558 0.000000 -1.532146 -0.344213 -1.481283 1.000000
aniFrame
  m_time 1.312000
  m_vertexTransformMat 0.983794 -0.172209 0.049933 0.000000 0.175035 0.982782 -0.059175 0.000000 -0.038883 0.066956 0.996998 0.000000 -1.303435 -0.273299 -1.109417 1.000000
aniFrame
  m_time 1.351000
  m_vertexTransformMat 0.993997 -0.105997 0.027109 0.000000 0.107359 0.992697 -0.055024 0.000000 -0.021079 0.057604 0.998117 0.000000 -1.016258 -0.360774 -0.761309 1.000000
aniFrame
  m_time 1.390000
  m_vertexTransformMat 0.999527 -0.030765 0.000070 0.000000 0.030740 0.998607 -0.042875 0.000000 0.001249 0.042857 0.999081 0.000000 -0.683085 -0.529892 -0.540546 1.000000
aniFrame
  m_time 1.429000
  m_vertexTransformMat 0.998493 0.047314 -0.027816 0.000000 -0.048002 0.998544 -0.024611 0.000000 0.026611 0.025909 0.999310 0.000000 -0.326053 -0.738942 -0.500469 1.000000
aniFrame
  m_time 1.468000
  m_vertexTransformMat 0.990932 0.122858 -0.054398 0.000000 -0.123200 0.992378 -0.002952 0.000000 0.053620 0.009627 0.998515 0.000000 0.052479 -0.951203 -0.590969 1.000000
aniFrame
  m_time 1.507000
  m_vertexTransformMat 0.978385 0.191535 -0.077956 0.000000 -0.190675 0.981481 0.018398 0.000000 0.080037 -0.003136 0.996787 0.000000 0.440636 -1.121585 -0.768511 1.000000
aniFrame
  m_time 1.546000
  m_vertexTransformMat 0.964073 0.247031 -0.097666 0.000000 -0.244646 0.968949 0.035869 0.000000 0.103494 -0.010687 0.994573 0.000000 0.814162 -1.224835 -0.991081 1.000000
aniFrame
  m_time 1.585000
  m_vertexTransformMat 0.951967 0.284411 -0.113444 0.000000 -0.280942 0.958631 0.045814 0.000000 0.121781 -0.011743 0.992488 0.000000 1.141311 -1.238245 -1.208266 1.000000
aniFrame
  m_time 1.624000
  m_vertexTransformMat 0.947985 0.291249 -0.128443 0.000000 -0.287957 0.956636 0.043915 0.000000 0.135663 -0.004645 0.990744 0.000000 1.483617 -1.148463 -1.455309 1.000000
aniFrame
  m_time 1.663000
  m_vertexTransformMat 0.955826 0.255914 -0.144582 0.000000 -0.254769 0.966633 0.026700 0.000000 0.146590 0.011314 0.989133 0.000000 1.864712 -0.947861 -1.793335 1.000000
aniFrame
  m_time 1.702000
  m_vertexTransformMat 0.969231 0.189646 -0.156926 0.000000 -0.192156 0.981364 -0.000840 0.000000 0.153842 0.030968 0.987610 0.000000 2.138958 -0.693916 -2.076307 1.000000
aniFrame
  m_time 1.741000
  m_vertexTransformMat 0.980887 0.109240 -0.161022 0.000000 -0.115690 0.992795 -0.031208 0.000000 0.156453 0.049240 0.986458 0.000000 2.156079 -0.447498 -2.129219 1.000000
aniFrame
  m_time 1.780000
  m_vertexTransformMat 0.986778 0.034812 -0.158295 0.000000 -0.044265 0.997416 -0.056589 0.000000 0.155916 0.062847 0.985769 0.000000 2.015866 -0.251453 -1.964631 1.000000
aniFrame
  m_time 1.819000
  m_vertexTransformMat 0.988767 -0.023931 -0.147537 0.000000 0.013656 0.997435 -0.070267 0.000000 0.148840 0.067463 0.986557 0.000000 1.845605 -0.180485 -1.684114 1.000000
aniFrame
  m_time 1.858000
  m_vertexTransformMat 0.988769 -0.070224 -0.131922 0.000000 0.061336 0.995640 -0.070271 0.000000 0.136282 0.061390 0.988766 0.000000 1.663955 -0.274822 -1.338399 1.000000
aniFrame
  m_time 1.897000
  m_vertexTransformMat 0.986894 -0.114347 -0.113864 0.000000 0.107798 0.992231 -0.062116 0.000000 0.120082 0.049027 0.991553 0.000000 1.457658 -0.470101 -0.994754 1.000000
aniFrame
  m_time 1.936000
  m_vertexTransformMat 0.983022 -0.157458 -0.094203 0.000000 0.153460 0.986972 -0.048329 0.000000 0.100585 0.033052 0.994379 0.000000 1.223837 -0.725349 -0.717009 1.000000
aniFrame
  m_time 1.975000
  m_vertexTransformMat 0.976946 -0.200247 -0.074012 0.000000 0.198489 0.979630 -0.030461 0.000000 0.078604 0.015068 0.996792 0.000000 0.962540 -1.016010 -0.568818 1.000000
aniFrame
  m_time 2.014000
  m_vertexTransformMat 0.968438 -0.243250 -0.054382 0.000000 0.243065 0.969958 -0.010100 0.000000 0.055205 -0.003437 0.998469 0.000000 0.627655 -1.319649 -0.600362 1.000000
aniFrame
  m_time 2.053000
  m_vertexTransformMat 0.957327 -0.286773 -0.035854 0.000000 0.287326 0.957767 0.011255 0.000000 0.031112 -0.021076 0.999294 0.000000 0.210398 -1.614550 -0.769612 1.000000
aniFrame
  m_time 2.092000
  m_vertexTransformMat 0.943495 -0.330863 -0.018614 0.000000 0.331314 0.942971 0.032203 0.000000 0.006898 -0.036551 0.999308 0.000000 -0.252186 -1.879131 -0.999583 1.000000
aniFrame
  m_time 2.131000
  m_vertexTransformMat 0.926903 -0.375281 -0.003960 0.000000 0.374978 0.925613 0.051298 0.000000 -0.015586 -0.049033 0.998676 0.000000 -0.695999 -2.101239 -1.210098 1.000000
aniFrame
  m_time 2.133000
  m_vertexTransformMat 0.925990 -0.377534 -0.003181 0.000000 0.377183 0.924692 0.051746 0.000000 -0.016595 -0.049116 0.998656 0.000000 -0.715873 -2.099774 -1.219696 1.000000
