m_aniFrameList.size 202
aniFrame
  m_time -1.066000
  m_vertexTransformMat 0.925990 -0.377534 -0.003181 0.000000 0.377183 0.924692 0.051746 0.000000 -0.016595 -0.049116 0.998656 0.000000 -0.715873 -2.099774 -1.219696 1.000000
aniFrame
  m_time -1.050000
  m_vertexTransformMat 0.929808 -0.368027 0.003651 0.000000 0.367523 0.928972 0.044022 0.000000 -0.019593 -0.039591 0.999024 0.000000 -0.847247 -1.963753 -1.319022 1.000000
aniFrame
  m_time -1.034000
  m_vertexTransformMat 0.933444 -0.358566 0.010623 0.000000 0.358009 0.933045 0.035456 0.000000 -0.022625 -0.029293 0.999315 0.000000 -0.977611 -1.810953 -1.422117 1.000000
aniFrame
  m_time -1.018000
  m_vertexTransformMat 0.936603 -0.349903 0.018508 0.000000 0.349378 0.936605 0.026581 0.000000 -0.026636 -0.018430 0.999475 0.000000 -1.126046 -1.652715 -1.541760 1.000000
aniFrame
  m_time -1.002000
  m_vertexTransformMat 0.939524 -0.341433 0.026778 0.000000 0.341070 0.939879 0.017277 0.000000 -0.031067 -0.007099 0.999492 0.000000 -1.275808 -1.486514 -1.663599 1.000000
aniFrame
  m_time -0.986000
  m_vertexTransformMat 0.942385 -0.332699 0.034949 0.000000 0.332633 0.943024 0.007868 0.000000 -0.035575 0.004211 0.999358 0.000000 -1.412470 -1.319591 -1.771667 1.000000
aniFrame
  m_time -0.970000
  m_vertexTransformMat 0.945218 -0.323606 0.042917 0.000000 0.323966 0.946068 -0.001537 0.000000 -0.040105 0.015356 0.999078 0.000000 -1.533014 -1.154407 -1.862435 1.000000
aniFrame
  m_time -0.954000
  m_vertexTransformMat 0.948214 -0.313646 0.050154 0.000000 0.314538 0.949183 -0.010815 0.000000 -0.044213 0.026030 0.998683 0.000000 -1.615848 -0.993510 -1.913805 1.000000
aniFrame
  m_time -0.938000
  m_vertexTransformMat 0.951359 -0.302846 0.056576 0.000000 0.304337 0.952360 -0.019720 0.000000 -0.047909 0.035979 0.998204 0.000000 -1.666669 -0.842486 -1.928975 1.000000
aniFrame
  m_time -0.922000
  m_vertexTransformMat 0.954838 -0.290664 0.061637 0.000000 0.292768 0.955768 -0.028206 0.000000 -0.050712 0.044977 0.997700 0.000000 -1.682638 -0.701800 -1.898120 1.000000
aniFrame
  m_time -0.906000
  m_vertexTransformMat 0.958591 -0.277209 0.065258 0.000000 0.279882 0.959359 -0.036001 0.000000 -0.052626 0.052775 0.997219 0.000000 -1.667067 -0.577444 -1.825154 1.000000
aniFrame
  m_time -0.890000
  m_vertexTransformMat 0.962780 -0.261886 0.066862 0.000000 0.265010 0.963287 -0.042993 0.000000 -0.053148 0.059112 0.996836 0.000000 -1.634452 -0.470771 -1.728067 1.000000
aniFrame
  m_time -0.874000
  m_vertexTransformMat 0.967288 -0.244843 0.066375 0.000000 0.248249 0.967455 -0.049020 0.000000 -0.052213 0.063894 0.996590 0.000000 -1.583165 -0.384511 -1.605361 1.000000
aniFrame
  m_time -0.858000
  m_vertexTransformMat 0.972116 -0.225640 0.063847 0.000000 0.229123 0.971913 -0.053749 0.000000 -0.049926 0.066879 0.996511 0.000000 -1.517119 -0.322594 -1.468784 1.000000
aniFrame
  m_time -0.842000
  m_vertexTransformMat 0.977104 -0.204412 0.059022 0.000000 0.207740 0.976514 -0.057140 0.000000 -0.045955 0.068093 0.996620 0.000000 -1.434283 -0.284317 -1.317703 1.000000
aniFrame
  m_time -0.826000
  m_vertexTransformMat 0.982051 -0.181090 0.052752 0.000000 0.184085 0.981147 -0.058850 0.000000 -0.041100 0.067504 0.996872 0.000000 -1.341305 -0.272806 -1.164567 1.000000
aniFrame
  m_time -0.810000
  m_vertexTransformMat 0.986782 -0.155830 0.044473 0.000000 0.158302 0.985635 -0.058854 0.000000 -0.034663 0.065116 0.997276 0.000000 -1.233758 -0.286864 -1.009669 1.000000
aniFrame
  m_time -0.794000
  m_vertexTransformMat 0.991054 -0.128630 0.035593 0.000000 0.130524 0.989789 -0.057289 0.000000 -0.027861 0.061423 0.997723 0.000000 -1.119862 -0.321195 -0.865971 1.000000
aniFrame
  m_time -0.778000
  m_vertexTransformMat 0.994690 -0.099883 0.024821 0.000000 0.101107 0.993394 -0.054270 0.000000 -0.019236 0.056492 0.998218 0.000000 -0.988355 -0.372878 -0.735631 1.000000
aniFrame
  m_time -0.762000
  m_vertexTransformMat 0.997471 -0.069563 0.014593 0.000000 0.070209 0.996288 -0.049808 0.000000 -0.011074 0.050706 0.998652 0.000000 -0.859649 -0.439164 -0.629340 1.000000
aniFrame
  m_time -0.746000
  m_vertexTransformMat 0.999275 -0.037957 0.002852 0.000000 0.038046 0.998292 -0.044327 0.000000 -0.001165 0.044403 0.999013 0.000000 -0.716672 -0.511372 -0.553703 1.000000
aniFrame
  m_time -0.730000
  m_vertexTransformMat 0.999941 -0.006868 -0.008419 0.000000 0.006548 0.999278 -0.037419 0.000000 0.008670 0.037362 0.999264 0.000000 -0.576717 -0.599482 -0.507284 1.000000
aniFrame
  m_time -0.714000
  m_vertexTransformMat 0.999467 0.026131 -0.019604 0.000000 -0.026714 0.999190 -0.030104 0.000000 0.018802 0.030612 0.999355 0.000000 -0.430541 -0.679358 -0.493806 1.000000
aniFrame
  m_time -0.698000
  m_vertexTransformMat 0.997865 0.057173 -0.031566 0.000000 -0.057868 0.998092 -0.021564 0.000000 0.030273 0.023345 0.999269 0.000000 -0.277052 -0.774697 -0.506244 1.000000
aniFrame
  m_time -0.682000
  m_vertexTransformMat 0.995227 0.088192 -0.041780 0.000000 -0.088801 0.995965 -0.012948 0.000000 0.040469 0.016596 0.999043 0.000000 -0.130135 -0.860034 -0.535361 1.000000
aniFrame
  m_time -0.666000
  m_vertexTransformMat 0.991375 0.119766 -0.053211 0.000000 -0.120144 0.992749 -0.003970 0.000000 0.052350 0.010328 0.998575 0.000000 0.035436 -0.940996 -0.584879 1.000000
aniFrame
  m_time -0.650000
  m_vertexTransformMat 0.986807 0.149136 -0.063013 0.000000 -0.149108 0.988807 0.005176 0.000000 0.063080 0.004289 0.997999 0.000000 0.184702 -1.023280 -0.648113 1.000000
aniFrame
  m_time -0.634000
  m_vertexTransformMat 0.981494 0.177234 -0.072506 0.000000 -0.176712 0.984169 0.013601 0.000000 0.073769 -0.000537 0.997275 0.000000 0.347083 -1.083842 -0.722890 1.000000
aniFrame
  m_time -0.618000
  m_vertexTransformMat 0.975732 0.203165 -0.081676 0.000000 -0.202015 0.979131 0.022195 0.000000 0.084481 -0.005157 0.996412 0.000000 0.507003 -1.150403 -0.808267 1.000000
aniFrame
  m_time -0.602000
  m_vertexTransformMat 0.969851 0.226684 -0.089459 0.000000 -0.224938 0.973934 0.029272 0.000000 0.093763 -0.008267 0.995560 0.000000 0.652986 -1.189407 -0.898120 1.000000
aniFrame
  m_time -0.586000
  m_vertexTransformMat 0.963955 0.247435 -0.097812 0.000000 -0.245037 0.968845 0.036001 0.000000 0.103672 -0.010736 0.994553 0.000000 0.817151 -1.225617 -0.993077 1.000000
aniFrame
  m_time -0.570000
  m_vertexTransformMat 0.958573 0.265062 -0.104310 0.000000 -0.262133 0.964156 0.041101 0.000000 0.111466 -0.012056 0.993695 0.000000 0.949928 -1.244284 -1.086891 1.000000
aniFrame
  m_time -0.554000
  m_vertexTransformMat 0.953746 0.279368 -0.111001 0.000000 -0.276050 0.960111 0.044525 0.000000 0.119012 -0.011823 0.992822 0.000000 1.087412 -1.237803 -1.173815 1.000000
aniFrame
  m_time -0.538000
  m_vertexTransformMat 0.949930 0.289810 -0.116805 0.000000 -0.286202 0.957019 0.046939 0.000000 0.125388 -0.011159 0.992045 0.000000 1.216624 -1.232473 -1.258817 1.000000
aniFrame
  m_time -0.522000
  m_vertexTransformMat 0.948056 0.293317 -0.123103 0.000000 -0.289771 0.955981 0.046191 0.000000 0.131232 -0.008120 0.991319 0.000000 1.356858 -1.190978 -1.359122 1.000000
aniFrame
  m_time -0.506000
  m_vertexTransformMat 0.948128 0.290385 -0.129345 0.000000 -0.287160 0.956902 0.043340 0.000000 0.136356 -0.003949 0.990652 0.000000 1.505377 -1.139865 -1.472670 1.000000
aniFrame
  m_time -0.490000
  m_vertexTransformMat 0.950368 0.279886 -0.135884 0.000000 -0.277353 0.960031 0.037615 0.000000 0.140980 0.001939 0.990010 0.000000 1.659523 -1.064638 -1.603768 1.000000
aniFrame
  m_time -0.474000
  m_vertexTransformMat 0.954418 0.262081 -0.142830 0.000000 -0.260579 0.965003 0.029458 0.000000 0.145552 0.009103 0.989309 0.000000 1.822214 -0.976122 -1.752474 1.000000
aniFrame
  m_time -0.458000
  m_vertexTransformMat 0.959490 0.239313 -0.148690 0.000000 -0.239120 0.970796 0.019442 0.000000 0.149000 0.016900 0.988693 0.000000 1.959819 -0.875368 -1.886708 1.000000
aniFrame
  m_time -0.442000
  m_vertexTransformMat 0.965023 0.211615 -0.154756 0.000000 -0.212953 0.977029 0.008073 0.000000 0.152910 0.025165 0.987920 0.000000 2.085972 -0.771089 -2.013070 1.000000
aniFrame
  m_time -0.426000
  m_vertexTransformMat 0.970758 0.181008 -0.157689 0.000000 -0.183964 0.982924 -0.004227 0.000000 0.154231 0.033113 0.987480 0.000000 2.152036 -0.665397 -2.093823 1.000000
aniFrame
  m_time -0.410000
  m_vertexTransformMat 0.975830 0.147618 -0.161134 0.000000 -0.152272 0.988195 -0.016855 0.000000 0.156744 0.040984 0.986789 0.000000 2.183244 -0.562372 -2.138269 1.000000
aniFrame
  m_time -0.394000
  m_vertexTransformMat 0.980178 0.114915 -0.161389 0.000000 -0.121131 0.992207 -0.029187 0.000000 0.156777 0.048157 0.986460 0.000000 2.165505 -0.462709 -2.135415 1.000000
aniFrame
  m_time -0.378000
  m_vertexTransformMat 0.983806 0.080624 -0.160080 0.000000 -0.088227 0.995258 -0.040953 0.000000 0.156019 0.054414 0.986254 0.000000 2.105109 -0.376039 -2.085248 1.000000
aniFrame
  m_time -0.362000
  m_vertexTransformMat 0.985740 0.051146 -0.160315 0.000000 -0.060045 0.996884 -0.051160 0.000000 0.157199 0.060057 0.985739 0.000000 2.057226 -0.294242 -2.018883 1.000000
aniFrame
  m_time -0.346000
  m_vertexTransformMat 0.987385 0.023988 -0.156510 0.000000 -0.033719 0.997639 -0.059821 0.000000 0.154706 0.064344 0.985863 0.000000 1.985368 -0.228692 -1.924177 1.000000
aniFrame
  m_time -0.330000
  m_vertexTransformMat 0.988268 -0.002010 -0.152714 0.000000 -0.008220 0.997764 -0.066327 0.000000 0.152506 0.066804 0.986042 0.000000 1.917365 -0.192076 -1.815382 1.000000
aniFrame
  m_time -0.314000
  m_vertexTransformMat 0.988739 -0.023509 -0.147795 0.000000 0.013214 0.997441 -0.070262 0.000000 0.149069 0.067518 0.986519 0.000000 1.848691 -0.180093 -1.689699 1.000000
aniFrame
  m_time -0.298000
  m_vertexTransformMat 0.988972 -0.043837 -0.141469 0.000000 0.033919 0.996845 -0.071768 0.000000 0.144169 0.066178 0.987338 0.000000 1.772059 -0.200788 -1.552259 1.000000
aniFrame
  m_time -0.282000
  m_vertexTransformMat 0.988770 -0.064382 -0.134869 0.000000 0.055190 0.995961 -0.070825 0.000000 0.138884 0.062586 0.988329 0.000000 1.694396 -0.257350 -1.408070 1.000000
aniFrame
  m_time -0.266000
  m_vertexTransformMat 0.988182 -0.084960 -0.127585 0.000000 0.076753 0.994733 -0.067930 0.000000 0.132684 0.057335 0.989499 0.000000 1.609448 -0.340499 -1.261826 1.000000
aniFrame
  m_time -0.250000
  m_vertexTransformMat 0.987114 -0.106122 -0.119766 0.000000 0.099050 0.993051 -0.063549 0.000000 0.125678 0.050867 0.990766 0.000000 1.514547 -0.442177 -1.118447 1.000000
aniFrame
  m_time -0.234000
  m_vertexTransformMat 0.985559 -0.127474 -0.111460 0.000000 0.121636 0.990895 -0.057720 0.000000 0.117803 0.043329 0.992091 0.000000 1.411304 -0.560945 -0.981777 1.000000
aniFrame
  m_time -0.218000
  m_vertexTransformMat 0.983466 -0.148950 -0.102999 0.000000 0.144353 0.988223 -0.050774 0.000000 0.109349 0.035067 0.993385 0.000000 1.301647 -0.691050 -0.857917 1.000000
aniFrame
  m_time -0.202000
  m_vertexTransformMat 0.980844 -0.170414 -0.094359 0.000000 0.167030 0.985025 -0.042729 0.000000 0.100228 0.026149 0.994621 0.000000 1.186093 -0.832271 -0.749439 1.000000
aniFrame
  m_time -0.186000
  m_vertexTransformMat 0.977692 -0.191709 -0.085824 0.000000 0.189432 0.981304 -0.034012 0.000000 0.090740 0.016995 0.995730 0.000000 1.068354 -0.977689 -0.663343 1.000000
aniFrame
  m_time -0.170000
  m_vertexTransformMat 0.974040 -0.212787 -0.077252 0.000000 0.211490 0.977068 -0.024695 0.000000 0.080735 0.007716 0.996706 0.000000 0.944345 -1.125314 -0.600692 1.000000
aniFrame
  m_time -0.154000
  m_vertexTransformMat 0.969933 -0.233322 -0.069213 0.000000 0.232854 0.972398 -0.014870 0.000000 0.070772 -0.001694 0.997491 0.000000 0.817461 -1.278454 -0.570957 1.000000
aniFrame
  m_time -0.138000
  m_vertexTransformMat 0.965430 -0.253439 -0.060945 0.000000 0.253595 0.967297 -0.005292 0.000000 0.060293 -0.010347 0.998127 0.000000 0.676028 -1.416415 -0.570248 1.000000
aniFrame
  m_time -0.122000
  m_vertexTransformMat 0.960621 -0.272633 -0.053650 0.000000 0.273268 0.961927 0.004748 0.000000 0.050313 -0.019222 0.998549 0.000000 0.534108 -1.565261 -0.597101 1.000000
aniFrame
  m_time -0.106000
  m_vertexTransformMat 0.955582 -0.291100 -0.046085 0.000000 0.291989 0.956323 0.013769 0.000000 0.040064 -0.026613 0.998843 0.000000 0.376173 -1.684872 -0.648404 1.000000
aniFrame
  m_time -0.090000
  m_vertexTransformMat 0.950474 -0.308391 -0.038667 0.000000 0.309384 0.950661 0.022939 0.000000 0.029685 -0.033766 0.998989 0.000000 0.203297 -1.807013 -0.717090 1.000000
aniFrame
  m_time -0.074000
  m_vertexTransformMat 0.945345 -0.324481 -0.032174 0.000000 0.325432 0.945066 0.030755 0.000000 0.020427 -0.039545 0.999009 0.000000 0.045999 -1.905225 -0.800474 1.000000
aniFrame
  m_time -0.058000
  m_vertexTransformMat 0.940413 -0.339129 -0.024815 0.000000 0.339874 0.939709 0.037864 0.000000 0.010478 -0.044042 0.998975 0.000000 -0.140526 -1.983531 -0.890974 1.000000
aniFrame
  m_time -0.042000
  m_vertexTransformMat 0.935746 -0.352171 -0.018861 0.000000 0.352669 0.934717 0.043918 0.000000 0.002163 -0.047748 0.998857 0.000000 -0.300777 -2.053609 -0.987508 1.000000
aniFrame
  m_time -0.026000
  m_vertexTransformMat 0.931555 -0.363379 -0.012702 0.000000 0.363559 0.930347 0.047748 0.000000 -0.005534 -0.049098 0.998779 0.000000 -0.460353 -2.079998 -1.077315 1.000000
aniFrame
  m_time -0.010000
  m_vertexTransformMat 0.927883 -0.372802 -0.007128 0.000000 0.372663 0.926561 0.051048 0.000000 -0.012426 -0.050023 0.998671 0.000000 -0.613924 -2.107204 -1.161158 1.000000
aniFrame
  m_time 0.005000
  m_vertexTransformMat 0.925251 -0.379355 -0.001001 0.000000 0.378899 0.924002 0.051539 0.000000 -0.018627 -0.048065 0.998671 0.000000 -0.769231 -2.085782 -1.250756 1.000000
aniFrame
  m_time 0.021000
  m_vertexTransformMat 0.923761 -0.382927 0.005680 0.000000 0.382191 0.922728 0.050025 0.000000 -0.024397 -0.044040 0.998732 0.000000 -0.934066 -2.036011 -1.349890 1.000000
aniFrame
  m_time 0.037000
  m_vertexTransformMat 0.923586 -0.383165 0.013191 0.000000 0.382229 0.922916 0.046114 0.000000 -0.029843 -0.037548 0.998849 0.000000 -1.101456 -1.947214 -1.459049 1.000000
aniFrame
  m_time 0.053000
  m_vertexTransformMat 0.924823 -0.379782 0.021646 0.000000 0.378772 0.924633 0.039821 0.000000 -0.035138 -0.028628 0.998972 0.000000 -1.277322 -1.821787 -1.586010 1.000000
aniFrame
  m_time 0.069000
  m_vertexTransformMat 0.927204 -0.373327 0.030339 0.000000 0.372414 0.927521 0.031819 0.000000 -0.040019 -0.018204 0.999033 0.000000 -1.438484 -1.671223 -1.705447 1.000000
aniFrame
  m_time 0.085000
  m_vertexTransformMat 0.930640 -0.363854 0.038984 0.000000 0.363228 0.931432 0.022346 0.000000 -0.044442 -0.006636 0.998990 0.000000 -1.581993 -1.501570 -1.814449 1.000000
aniFrame
  m_time 0.101000
  m_vertexTransformMat 0.934904 -0.351764 0.047090 0.000000 0.351602 0.936073 0.011962 0.000000 -0.048288 0.005373 0.998819 0.000000 -1.691446 -1.322360 -1.894963 1.000000
aniFrame
  m_time 0.117000
  m_vertexTransformMat 0.939856 -0.337218 0.054352 0.000000 0.337671 0.941264 0.000903 0.000000 -0.051464 0.017505 0.998522 0.000000 -1.753474 -1.137863 -1.934795 1.000000
aniFrame
  m_time 0.133000
  m_vertexTransformMat 0.945279 -0.320633 0.060354 0.000000 0.321791 0.946755 -0.010292 0.000000 -0.053841 0.029150 0.998124 0.000000 -1.776503 -0.957490 -1.934747 1.000000
aniFrame
  m_time 0.149000
  m_vertexTransformMat 0.950997 -0.302328 0.064819 0.000000 0.304214 0.952366 -0.021280 0.000000 -0.055298 0.039956 0.997670 0.000000 -1.757318 -0.785795 -1.884623 1.000000
aniFrame
  m_time 0.165000
  m_vertexTransformMat 0.956837 -0.282688 0.067460 0.000000 0.285242 0.957934 -0.031622 0.000000 -0.055683 0.049500 0.997221 0.000000 -1.710193 -0.630109 -1.799428 1.000000
aniFrame
  m_time 0.181000
  m_vertexTransformMat 0.962573 -0.262376 0.067908 0.000000 0.265444 0.963261 -0.040834 0.000000 -0.054699 0.057331 0.996856 0.000000 -1.651225 -0.496840 -1.691509 1.000000
aniFrame
  m_time 0.197000
  m_vertexTransformMat 0.968191 -0.241260 0.066327 0.000000 0.244639 0.968396 -0.048592 0.000000 -0.052507 0.063272 0.996614 0.000000 -1.578384 -0.389984 -1.562005 1.000000
aniFrame
  m_time 0.213000
  m_vertexTransformMat 0.973585 -0.219566 0.062636 0.000000 0.222992 0.973312 -0.054215 0.000000 -0.049060 0.066750 0.996563 0.000000 -1.496518 -0.318303 -1.419799 1.000000
aniFrame
  m_time 0.229000
  m_vertexTransformMat 0.978739 -0.196993 0.057126 0.000000 0.200226 0.978044 -0.057791 0.000000 -0.044487 0.068001 0.996693 0.000000 -1.405226 -0.278976 -1.266500 1.000000
aniFrame
  m_time 0.245000
  m_vertexTransformMat 0.983694 -0.172728 0.050103 0.000000 0.175565 0.982688 -0.059170 0.000000 -0.039016 0.067001 0.996990 0.000000 -1.305653 -0.273071 -1.112666 1.000000
aniFrame
  m_time 0.261000
  m_vertexTransformMat 0.988271 -0.146949 0.041552 0.000000 0.149231 0.987070 -0.058515 0.000000 -0.032416 0.064030 0.997422 0.000000 -1.196339 -0.296011 -0.959872 1.000000
aniFrame
  m_time 0.277000
  m_vertexTransformMat 0.992348 -0.119214 0.032133 0.000000 0.120888 0.991060 -0.056451 0.000000 -0.025116 0.059903 0.997888 0.000000 -1.077294 -0.336582 -0.820799 1.000000
aniFrame
  m_time 0.293000
  m_vertexTransformMat 0.995718 -0.089960 0.021256 0.000000 0.090975 0.994446 -0.052929 0.000000 -0.016376 0.054636 0.998372 0.000000 -0.944346 -0.393621 -0.696787 1.000000
aniFrame
  m_time 0.309000
  m_vertexTransformMat 0.998194 -0.059068 0.010895 0.000000 0.059526 0.997067 -0.048110 0.000000 -0.008022 0.048672 0.998783 0.000000 -0.813893 -0.462275 -0.600798 1.000000
aniFrame
  m_time 0.325000
  m_vertexTransformMat 0.999621 -0.027515 -0.001170 0.000000 0.027441 0.998733 -0.042188 0.000000 0.002330 0.042140 0.999109 0.000000 -0.668008 -0.538661 -0.535064 1.000000
aniFrame
  m_time 0.341000
  m_vertexTransformMat 0.999921 0.003961 -0.011906 0.000000 -0.004376 0.999377 -0.035015 0.000000 0.011760 0.035064 0.999316 0.000000 -0.530674 -0.627341 -0.498959 1.000000
aniFrame
  m_time 0.357000
  m_vertexTransformMat 0.999036 0.036939 -0.023735 0.000000 -0.037587 0.998916 -0.027455 0.000000 0.022695 0.028321 0.999342 0.000000 -0.377989 -0.707424 -0.496025 1.000000
aniFrame
  m_time 0.373000
  m_vertexTransformMat 0.997129 0.067163 -0.034985 0.000000 -0.067842 0.997523 -0.018594 0.000000 0.033650 0.020914 0.999215 0.000000 -0.229564 -0.807271 -0.513701 1.000000
aniFrame
  m_time 0.389000
  m_vertexTransformMat 0.994055 0.098944 -0.045435 0.000000 -0.099498 0.994987 -0.010102 0.000000 0.044208 0.014563 0.998916 0.000000 -0.076536 -0.884484 -0.549737 1.000000
aniFrame
  m_time 0.405000
  m_vertexTransformMat 0.989932 0.129636 -0.056825 0.000000 -0.129889 0.991528 -0.000766 0.000000 0.056244 0.008139 0.998384 0.000000 0.087993 -0.972362 -0.604782 1.000000
aniFrame
  m_time 0.421000
  m_vertexTransformMat 0.985119 0.158707 -0.065979 0.000000 -0.158528 0.987323 0.007973 0.000000 0.066408 0.002605 0.997789 0.000000 0.234563 -1.043937 -0.671607 1.000000
aniFrame
  m_time 0.437000
  m_vertexTransformMat 0.979585 0.186102 -0.076027 0.000000 -0.185375 0.982528 0.016571 0.000000 0.077782 -0.002139 0.996968 0.000000 0.407150 -1.106986 -0.750751 1.000000
aniFrame
  m_time 0.453000
  m_vertexTransformMat 0.973789 0.211309 -0.084164 0.000000 -0.209956 0.977399 0.024714 0.000000 0.087484 -0.006395 0.996146 0.000000 0.552879 -1.166882 -0.837702 1.000000
aniFrame
  m_time 0.469000
  m_vertexTransformMat 0.967851 0.233883 -0.092539 0.000000 -0.231926 0.972223 0.031518 0.000000 0.097340 -0.009042 0.995210 0.000000 0.711825 -1.199463 -0.929401 1.000000
aniFrame
  m_time 0.485000
  m_vertexTransformMat 0.962092 0.253712 -0.100041 0.000000 -0.251113 0.967212 0.037987 0.000000 0.106399 -0.011425 0.994258 0.000000 0.862947 -1.236431 -1.024765 1.000000
aniFrame
  m_time 0.501000
  m_vertexTransformMat 0.956914 0.270076 -0.106648 0.000000 -0.267019 0.962765 0.042241 0.000000 0.114086 -0.011944 0.993399 0.000000 0.996513 -1.240501 -1.117144 1.000000
aniFrame
  m_time 0.517000
  m_vertexTransformMat 0.952305 0.283468 -0.112964 0.000000 -0.280027 0.958910 0.045579 0.000000 0.121243 -0.011772 0.992553 0.000000 1.130619 -1.238274 -1.201333 1.000000
aniFrame
  m_time 0.533000
  m_vertexTransformMat 0.949087 0.291734 -0.118851 0.000000 -0.288112 0.956443 0.046989 0.000000 0.127383 -0.010354 0.991800 0.000000 1.261567 -1.221277 -1.290424 1.000000
aniFrame
  m_time 0.549000
  m_vertexTransformMat 0.947851 0.293092 -0.125201 0.000000 -0.289621 0.956060 0.045499 0.000000 0.133035 -0.006865 0.991088 0.000000 1.406008 -1.175443 -1.395551 1.000000
aniFrame
  m_time 0.565000
  m_vertexTransformMat 0.948630 0.287804 -0.131411 0.000000 -0.284766 0.957687 0.041768 0.000000 0.137872 -0.002201 0.990448 0.000000 1.554956 -1.117570 -1.513420 1.000000
aniFrame
  m_time 0.581000
  m_vertexTransformMat 0.951555 0.274632 -0.138273 0.000000 -0.272407 0.961540 0.035139 0.000000 0.142606 0.004230 0.989771 0.000000 1.714921 -1.036447 -1.653242 1.000000
aniFrame
  m_time 0.597000
  m_vertexTransformMat 0.956034 0.255006 -0.144815 0.000000 -0.253914 0.966869 0.026294 0.000000 0.146722 0.011633 0.989110 0.000000 1.870453 -0.943723 -1.798941 1.000000
aniFrame
  m_time 0.613000
  m_vertexTransformMat 0.961293 0.230533 -0.150896 0.000000 -0.230830 0.972866 0.015789 0.000000 0.150441 0.019653 0.988424 0.000000 2.005549 -0.840740 -1.931388 1.000000
aniFrame
  m_time 0.629000
  m_vertexTransformMat 0.966937 0.201697 -0.156052 0.000000 -0.203571 0.979052 0.004046 0.000000 0.153599 0.027855 0.987741 0.000000 2.115670 -0.735977 -2.046210 1.000000
aniFrame
  m_time 0.645000
  m_vertexTransformMat 0.972553 0.170011 -0.158863 0.000000 -0.173528 0.984793 -0.008430 0.000000 0.155014 0.035766 0.987265 0.000000 2.166066 -0.630724 -2.112628 1.000000
aniFrame
  m_time 0.661000
  m_vertexTransformMat 0.977321 0.136594 -0.161824 0.000000 -0.141801 0.989672 -0.021023 0.000000 0.157281 0.043492 0.986596 0.000000 2.184447 -0.528500 -2.143666 1.000000
aniFrame
  m_time 0.677000
  m_vertexTransformMat 0.981567 0.103487 -0.160675 0.000000 -0.110167 0.993358 -0.033214 0.000000 0.156170 0.050302 0.986449 0.000000 2.145827 -0.432707 -2.121866 1.000000
aniFrame
  m_time 0.693000
  m_vertexTransformMat 0.984594 0.069921 -0.160268 0.000000 -0.077984 0.995958 -0.044574 0.000000 0.156504 0.056385 0.986067 0.000000 2.087921 -0.348453 -2.064494 1.000000
aniFrame
  m_time 0.709000
  m_vertexTransformMat 0.986310 0.042200 -0.159412 0.000000 -0.051429 0.997204 -0.054217 0.000000 0.156678 0.061673 0.985722 0.000000 2.036039 -0.269463 -1.990464 1.000000
aniFrame
  m_time 0.725000
  m_vertexTransformMat 0.987799 0.014903 -0.155018 0.000000 -0.024828 0.997749 -0.062285 0.000000 0.153741 0.065374 0.985946 0.000000 1.960131 -0.213276 -1.888419 1.000000
aniFrame
  m_time 0.741000
  m_vertexTransformMat 0.988426 -0.009563 -0.151404 0.000000 -0.000749 0.997691 -0.067910 0.000000 0.151704 0.067238 0.986136 0.000000 1.896306 -0.185261 -1.775968 1.000000
aniFrame
  m_time 0.757000
  m_vertexTransformMat 0.988873 -0.030206 -0.145663 0.000000 0.019999 0.997274 -0.071030 0.000000 0.147412 0.067327 0.986781 0.000000 1.822973 -0.182719 -1.644153 1.000000
aniFrame
  m_time 0.773000
  m_vertexTransformMat 0.988935 -0.050747 -0.139401 0.000000 0.041030 0.996581 -0.071719 0.000000 0.142564 0.065205 0.987636 0.000000 1.746996 -0.216201 -1.505386 1.000000
aniFrame
  m_time 0.789000
  m_vertexTransformMat 0.988628 -0.071185 -0.132466 0.000000 0.062303 0.995597 -0.070038 0.000000 0.136868 0.060988 0.988710 0.000000 1.666826 -0.282498 -1.358770 1.000000
aniFrame
  m_time 0.805000
  m_vertexTransformMat 0.987873 -0.091972 -0.125094 0.000000 0.084124 0.994224 -0.066641 0.000000 0.130501 0.055309 0.989905 0.000000 1.579276 -0.372625 -1.214184 1.000000
aniFrame
  m_time 0.821000
  m_vertexTransformMat 0.986656 -0.113234 -0.116998 0.000000 0.106569 0.992386 -0.061757 0.000000 0.123100 0.048464 0.991210 0.000000 1.480592 -0.479778 -1.071429 1.000000
aniFrame
  m_time 0.837000
  m_vertexTransformMat 0.984918 -0.134599 -0.108722 0.000000 0.129176 0.990067 -0.055508 0.000000 0.115113 0.040626 0.992521 0.000000 1.376150 -0.603948 -0.939611 1.000000
aniFrame
  m_time 0.853000
  m_vertexTransformMat 0.982652 -0.156133 -0.100087 0.000000 0.151946 0.987212 -0.048224 0.000000 0.106336 0.032180 0.993810 0.000000 1.263165 -0.736290 -0.819358 1.000000
aniFrame
  m_time 0.869000
  m_vertexTransformMat 0.979851 -0.177493 -0.091593 0.000000 0.174496 0.983853 -0.039817 0.000000 0.097181 0.023032 0.995000 0.000000 1.148093 -0.882676 -0.718826 1.000000
aniFrame
  m_time 0.885000
  m_vertexTransformMat 0.976528 -0.198797 -0.082900 0.000000 0.196858 0.979941 -0.031027 0.000000 0.087406 0.013979 0.996075 0.000000 1.027153 -1.024904 -0.639210 1.000000
aniFrame
  m_time 0.901000
  m_vertexTransformMat 0.972721 -0.219648 -0.074626 0.000000 0.218655 0.975569 -0.021322 0.000000 0.077486 0.004423 0.996983 0.000000 0.903571 -1.179924 -0.587270 1.000000
aniFrame
  m_time 0.917000
  m_vertexTransformMat 0.968470 -0.240111 -0.066421 0.000000 0.239868 0.970735 -0.011734 0.000000 0.067294 -0.004568 0.997723 0.000000 0.771548 -1.323712 -0.567631 1.000000
aniFrame
  m_time 0.933000
  m_vertexTransformMat 0.963862 -0.259920 -0.058408 0.000000 0.260258 0.965537 -0.001875 0.000000 0.056883 -0.013394 0.998291 0.000000 0.628010 -1.467540 -0.576041 1.000000
aniFrame
  m_time 0.949000
  m_vertexTransformMat 0.958956 -0.278889 -0.051221 0.000000 0.279632 0.960076 0.007819 0.000000 0.046996 -0.021821 0.998657 0.000000 0.484982 -1.607542 -0.611940 1.000000
aniFrame
  m_time 0.965000
  m_vertexTransformMat 0.953887 -0.297006 -0.043432 0.000000 0.297942 0.954436 0.016810 0.000000 0.036461 -0.028975 0.998915 0.000000 0.316431 -1.724120 -0.669372 1.000000
aniFrame
  m_time 0.981000
  m_vertexTransformMat 0.948754 -0.313894 -0.036549 0.000000 0.314893 0.948778 0.025746 0.000000 0.026595 -0.035935 0.999000 0.000000 0.152071 -1.844439 -0.743775 1.000000
aniFrame
  m_time 0.997000
  m_vertexTransformMat 0.943674 -0.329537 -0.029746 0.000000 0.330431 0.943250 0.033087 0.000000 0.017155 -0.041052 0.999010 0.000000 -0.013673 -1.930359 -0.829803 1.000000
aniFrame
  m_time 1.013000
  m_vertexTransformMat 0.938817 -0.343667 -0.022706 0.000000 0.344335 0.937989 0.040143 0.000000 0.007502 -0.045505 0.998936 0.000000 -0.197319 -2.011014 -0.923143 1.000000
aniFrame
  m_time 1.029000
  m_vertexTransformMat 0.934292 -0.356108 -0.016902 0.000000 0.356509 0.933191 0.045349 0.000000 -0.000376 -0.048395 0.998828 0.000000 -0.351799 -2.065776 -1.018634 1.000000
aniFrame
  m_time 1.045000
  m_vertexTransformMat 0.930253 -0.366760 -0.010777 0.000000 0.366832 0.928997 0.048986 0.000000 -0.007954 -0.049523 0.998741 0.000000 -0.512819 -2.090287 -1.105354 1.000000
aniFrame
  m_time 1.061000
  m_vertexTransformMat 0.926865 -0.375359 -0.005241 0.000000 0.375115 0.925540 0.051629 0.000000 -0.014529 -0.049819 0.998653 0.000000 -0.664235 -2.108063 -1.189848 1.000000
aniFrame
  m_time 1.077000
  m_vertexTransformMat 0.924626 -0.380875 0.001187 0.000000 0.380319 0.923436 0.051209 0.000000 -0.020600 -0.046898 0.998688 0.000000 -0.823581 -2.071179 -1.282786 1.000000
aniFrame
  m_time 1.093000
  m_vertexTransformMat 0.923543 -0.383411 0.008047 0.000000 0.382597 0.922612 0.049063 0.000000 -0.026236 -0.042233 0.998763 0.000000 -0.989692 -2.012662 -1.384979 1.000000
aniFrame
  m_time 1.109000
  m_vertexTransformMat 0.923852 -0.382418 0.015942 0.000000 0.381441 0.923335 0.044225 0.000000 -0.031633 -0.034776 0.998895 0.000000 -1.159675 -1.908175 -1.500020 1.000000
aniFrame
  m_time 1.125000
  m_vertexTransformMat 0.925504 -0.377942 0.024547 0.000000 0.376944 0.925484 0.037331 0.000000 -0.036826 -0.025297 0.999002 0.000000 -1.334203 -1.774471 -1.628318 1.000000
aniFrame
  m_time 1.141000
  m_vertexTransformMat 0.928235 -0.370507 0.033239 0.000000 0.369668 0.928718 0.028802 0.000000 -0.041541 -0.014447 0.999032 0.000000 -1.488071 -1.616128 -1.742696 1.000000
aniFrame
  m_time 1.157000
  m_vertexTransformMat 0.931986 -0.360078 0.041778 0.000000 0.359589 0.932918 0.018957 0.000000 -0.045801 -0.002645 0.998947 0.000000 -1.623874 -1.442634 -1.846252 1.000000
aniFrame
  m_time 1.173000
  m_vertexTransformMat 0.936479 -0.347197 0.049611 0.000000 0.347224 0.937745 0.008345 0.000000 -0.049420 0.009411 0.998734 0.000000 -1.716754 -1.261111 -1.912061 1.000000
aniFrame
  m_time 1.189000
  m_vertexTransformMat 0.941630 -0.331871 0.056523 0.000000 0.332554 0.943080 -0.002856 0.000000 -0.052357 0.021487 0.998397 0.000000 -1.765242 -1.076750 -1.939708 1.000000
aniFrame
  m_time 1.205000
  m_vertexTransformMat 0.947150 -0.314742 0.062009 0.000000 0.316141 0.948609 -0.013964 0.000000 -0.054427 0.032830 0.997978 0.000000 -1.775134 -0.899366 -1.923626 1.000000
aniFrame
  m_time 1.221000
  m_vertexTransformMat 0.952948 -0.295879 0.065929 0.000000 0.298000 0.954242 -0.024849 0.000000 -0.055560 0.043327 0.997515 0.000000 -1.743184 -0.731428 -1.858782 1.000000
aniFrame
  m_time 1.237000
  m_vertexTransformMat 0.958759 -0.276002 0.067851 0.000000 0.278745 0.959735 -0.034791 0.000000 -0.055516 0.052269 0.997089 0.000000 -1.692666 -0.583603 -1.766877 1.000000
aniFrame
  m_time 1.253000
  m_vertexTransformMat 0.964462 -0.255429 0.067594 0.000000 0.258627 0.964991 -0.043632 0.000000 -0.054083 0.059564 0.996758 0.000000 -1.627995 -0.457600 -1.649889 1.000000
aniFrame
  m_time 1.269000
  m_vertexTransformMat 0.970024 -0.234050 0.065371 0.000000 0.237477 0.970070 -0.050689 0.000000 -0.051550 0.064694 0.996573 0.000000 -1.552511 -0.362439 -1.516703 1.000000
aniFrame
  m_time 1.285000
  m_vertexTransformMat 0.975323 -0.212205 0.060944 0.000000 0.215589 0.974898 -0.055640 0.000000 -0.047607 0.067406 0.996589 0.000000 -1.466820 -0.301606 -1.369118 1.000000
aniFrame
  m_time 1.301000
  m_vertexTransformMat 0.980423 -0.189048 0.055056 0.000000 0.192178 0.979614 -0.058510 0.000000 -0.042872 0.067945 0.996767 0.000000 -1.373610 -0.273075 -1.215794 1.000000
aniFrame
  m_time 1.317000
  m_vertexTransformMat 0.985268 -0.164339 0.047322 0.000000 0.166999 0.984182 -0.059145 0.000000 -0.036854 0.066176 0.997127 0.000000 -1.269803 -0.278169 -1.060816 1.000000
aniFrame
  m_time 1.333000
  m_vertexTransformMat 0.989691 -0.137893 0.038685 0.000000 0.139987 0.988455 -0.057970 0.000000 -0.030244 0.062788 0.997569 0.000000 -1.159210 -0.307754 -0.912135 1.000000
aniFrame
  m_time 1.349000
  m_vertexTransformMat 0.993564 -0.109634 0.028490 0.000000 0.111080 0.992264 -0.055445 0.000000 -0.022191 0.058253 0.998055 0.000000 -1.033025 -0.353838 -0.777163 1.000000
aniFrame
  m_time 1.365000
  m_vertexTransformMat 0.996645 -0.079863 0.017896 0.000000 0.080687 0.995412 -0.051428 0.000000 -0.013707 0.052699 0.998516 0.000000 -0.901875 -0.415956 -0.661229 1.000000
aniFrame
  m_time 1.381000
  m_vertexTransformMat 0.998799 -0.048498 0.006929 0.000000 0.048768 0.997737 -0.046294 0.000000 -0.004668 0.046576 0.998904 0.000000 -0.765768 -0.486100 -0.575593 1.000000
aniFrame
  m_time 1.397000
  m_vertexTransformMat 0.999840 -0.017196 -0.004964 0.000000 0.016985 0.999060 -0.039871 0.000000 0.005645 0.039780 0.999193 0.000000 -0.621157 -0.568327 -0.519585 1.000000
aniFrame
  m_time 1.413000
  m_vertexTransformMat 0.999764 0.015060 -0.015628 0.000000 -0.015563 0.999347 -0.032603 0.000000 0.015126 0.032839 0.999346 0.000000 -0.481833 -0.653261 -0.494591 1.000000
aniFrame
  m_time 1.429000
  m_vertexTransformMat 0.998493 0.047314 -0.027816 0.000000 -0.048002 0.998544 -0.024611 0.000000 0.026611 0.025909 0.999310 0.000000 -0.326053 -0.738942 -0.500469 1.000000
aniFrame
  m_time 1.445000
  m_vertexTransformMat 0.996253 0.077538 -0.038329 0.000000 -0.078188 0.996814 -0.015751 0.000000 0.036985 0.018689 0.999141 0.000000 -0.181005 -0.835024 -0.523357 1.000000
aniFrame
  m_time 1.461000
  m_vertexTransformMat 0.992758 0.109558 -0.049287 0.000000 -0.110038 0.993902 -0.007133 0.000000 0.048205 0.012504 0.998759 0.000000 -0.020789 -0.910671 -0.566351 1.000000
aniFrame
  m_time 1.477000
  m_vertexTransformMat 0.988411 0.139432 -0.060024 0.000000 -0.139548 0.990213 0.002279 0.000000 0.059754 0.006124 0.998195 0.000000 0.136711 -0.999741 -0.625858 1.000000
aniFrame
  m_time 1.493000
  m_vertexTransformMat 0.983347 0.168094 -0.069093 0.000000 -0.167753 0.985771 0.010749 0.000000 0.069917 0.001021 0.997552 0.000000 0.288268 -1.063379 -0.696478 1.000000
aniFrame
  m_time 1.509000
  m_vertexTransformMat 0.977663 0.194753 -0.079030 0.000000 -0.193813 0.980846 0.019469 0.000000 0.081308 -0.003717 0.996682 0.000000 0.459526 -1.130019 -0.779265 1.000000
aniFrame
  m_time 1.525000
  m_vertexTransformMat 0.971831 0.219157 -0.086693 0.000000 -0.217608 0.975662 0.027046 0.000000 0.090510 -0.007420 0.995868 0.000000 0.600445 -1.179466 -0.867605 1.000000
aniFrame
  m_time 1.541000
  m_vertexTransformMat 0.965878 0.240810 -0.095342 0.000000 -0.238631 0.970522 0.033807 0.000000 0.100673 -0.009902 0.994870 0.000000 0.767114 -1.212408 -0.961186 1.000000
aniFrame
  m_time 1.557000
  m_vertexTransformMat 0.960298 0.259601 -0.102157 0.000000 -0.256823 0.965643 0.039695 0.000000 0.108952 -0.011883 0.993976 0.000000 0.906353 -1.242990 -1.056072 1.000000
aniFrame
  m_time 1.573000
  m_vertexTransformMat 0.955298 0.274853 -0.108914 0.000000 -0.271667 0.961413 0.043376 0.000000 0.116634 -0.011849 0.993105 0.000000 1.042912 -1.237937 -1.146021 1.000000
aniFrame
  m_time 1.589000
  m_vertexTransformMat 0.951017 0.287001 -0.114872 0.000000 -0.283459 0.957860 0.046425 0.000000 0.123356 -0.011590 0.992295 0.000000 1.173357 -1.237276 -1.229397 1.000000
aniFrame
  m_time 1.605000
  m_vertexTransformMat 0.948473 0.292850 -0.120984 0.000000 -0.289255 0.956113 0.046678 0.000000 0.129344 -0.009278 0.991557 0.000000 1.308566 -1.206093 -1.324084 1.000000
aniFrame
  m_time 1.621000
  m_vertexTransformMat 0.947871 0.292131 -0.127280 0.000000 -0.288764 0.956363 0.044565 0.000000 0.134745 -0.005488 0.990865 0.000000 1.455631 -1.158741 -1.433397 1.000000
aniFrame
  m_time 1.637000
  m_vertexTransformMat 0.949383 0.284312 -0.133560 0.000000 -0.281508 0.958732 0.039830 0.000000 0.139372 -0.000216 0.990240 0.000000 1.605566 -1.091685 -1.556636 1.000000
aniFrame
  m_time 1.653000
  m_vertexTransformMat 0.952915 0.268660 -0.140621 0.000000 -0.266780 0.963212 0.032414 0.000000 0.144156 0.006627 0.989533 0.000000 1.769779 -1.006983 -1.703362 1.000000
aniFrame
  m_time 1.669000
  m_vertexTransformMat 0.957734 0.247490 -0.146608 0.000000 -0.246834 0.968786 0.022945 0.000000 0.147710 0.014213 0.988929 0.000000 1.914217 -0.909794 -1.842193 1.000000
aniFrame
  m_time 1.685000
  m_vertexTransformMat 0.963140 0.221263 -0.152985 0.000000 -0.222072 0.974957 0.011994 0.000000 0.151807 0.022421 0.988156 0.000000 2.048480 -0.805983 -1.974170 1.000000
aniFrame
  m_time 1.701000
  m_vertexTransformMat 0.968871 0.191588 -0.156789 0.000000 -0.193997 0.981002 -0.000062 0.000000 0.153799 0.030477 0.987632 0.000000 2.135807 -0.700549 -2.072032 1.000000
aniFrame
  m_time 1.717000
  m_vertexTransformMat 0.974245 0.158814 -0.160080 0.000000 -0.162900 0.986562 -0.012648 0.000000 0.155920 0.038399 0.987023 0.000000 2.176793 -0.596420 -2.127683 1.000000
aniFrame
  m_time 1.733000
  m_vertexTransformMat 0.978744 0.125854 -0.161932 0.000000 -0.131585 0.990987 -0.025124 0.000000 0.157311 0.045897 0.986482 0.000000 2.179263 -0.494834 -2.143097 1.000000
aniFrame
  m_time 1.749000
  m_vertexTransformMat 0.982796 0.091931 -0.160190 0.000000 -0.099071 0.994387 -0.037152 0.000000 0.155875 0.052383 0.986387 0.000000 2.124778 -0.404005 -2.104649 1.000000
aniFrame
  m_time 1.765000
  m_vertexTransformMat 0.985203 0.060121 -0.160501 0.000000 -0.068625 0.996488 -0.047974 0.000000 0.157053 0.058279 0.985869 0.000000 2.072993 -0.321062 -2.042757 1.000000
aniFrame
  m_time 1.781000
  m_vertexTransformMat 0.986882 0.033100 -0.158015 0.000000 -0.042600 0.997458 -0.057119 0.000000 0.155723 0.063101 0.985783 0.000000 2.011050 -0.247577 -1.958419 1.000000
aniFrame
  m_time 1.797000
  m_vertexTransformMat 0.988094 0.006108 -0.153732 0.000000 -0.016198 0.997788 -0.064467 0.000000 0.152998 0.066190 0.986007 0.000000 1.937164 -0.201249 -1.852051 1.000000
aniFrame
  m_time 1.813000
  m_vertexTransformMat 0.988587 -0.016438 -0.149754 0.000000 0.006113 0.997588 -0.069153 0.000000 0.150530 0.067448 0.986302 0.000000 1.873421 -0.181377 -1.733932 1.000000
aniFrame
  m_time 1.829000
  m_vertexTransformMat 0.988989 -0.036033 -0.143538 0.000000 0.025961 0.997108 -0.071433 0.000000 0.145696 0.066920 0.987063 0.000000 1.797902 -0.188260 -1.598226 1.000000
aniFrame
  m_time 1.845000
  m_vertexTransformMat 0.988961 -0.055286 -0.137472 0.000000 0.045751 0.996385 -0.071583 0.000000 0.140933 0.064503 0.987916 0.000000 1.725827 -0.226137 -1.457824 1.000000
aniFrame
  m_time 1.861000
  m_vertexTransformMat 0.988695 -0.073643 -0.130611 0.000000 0.064918 0.995443 -0.069845 0.000000 0.135159 0.060576 0.988970 0.000000 1.649300 -0.287698 -1.311046 1.000000
aniFrame
  m_time 1.877000
  m_vertexTransformMat 0.988077 -0.091902 -0.123520 0.000000 0.084090 0.994200 -0.067052 0.000000 0.128966 0.055866 0.990074 0.000000 1.568288 -0.362324 -1.168028 1.000000
aniFrame
  m_time 1.893000
  m_vertexTransformMat 0.987175 -0.109883 -0.115808 0.000000 0.103075 0.992661 -0.063245 0.000000 0.121908 0.050497 0.991256 0.000000 1.480137 -0.446655 -1.027886 1.000000
aniFrame
  m_time 1.909000
  m_vertexTransformMat 0.985917 -0.127701 -0.107984 0.000000 0.121938 0.990818 -0.058411 0.000000 0.114452 0.044421 0.992436 0.000000 1.388699 -0.543548 -0.900169 1.000000
aniFrame
  m_time 1.925000
  m_vertexTransformMat 0.984332 -0.145383 -0.099769 0.000000 0.140669 0.988648 -0.052794 0.000000 0.106312 0.037933 0.993609 0.000000 1.291060 -0.646060 -0.784209 1.000000
aniFrame
  m_time 1.941000
  m_vertexTransformMat 0.982370 -0.162955 -0.091620 0.000000 0.159267 0.986151 -0.046262 0.000000 0.097890 0.030854 0.994719 0.000000 1.192735 -0.760493 -0.689388 1.000000
aniFrame
  m_time 1.957000
  m_vertexTransformMat 0.980046 -0.180541 -0.083159 0.000000 0.177799 0.983281 -0.039330 0.000000 0.088869 0.023759 0.995760 0.000000 1.088521 -0.873011 -0.614872 1.000000
aniFrame
  m_time 1.973000
  m_vertexTransformMat 0.977315 -0.198048 -0.075046 0.000000 0.196191 0.980062 -0.031432 0.000000 0.079774 0.015996 0.996685 0.000000 0.977465 -1.001060 -0.571850 1.000000
aniFrame
  m_time 1.989000
  m_vertexTransformMat 0.974187 -0.215680 -0.066647 0.000000 0.214560 0.976426 -0.023609 0.000000 0.070168 0.008700 0.997497 0.000000 0.850275 -1.117642 -0.560568 1.000000
aniFrame
  m_time 2.005000
  m_vertexTransformMat 0.970632 -0.233293 -0.058713 0.000000 0.232820 0.972406 -0.014870 0.000000 0.060562 0.000764 0.998164 0.000000 0.711078 -1.250546 -0.577680 1.000000
aniFrame
  m_time 2.021000
  m_vertexTransformMat 0.966639 -0.251032 -0.050900 0.000000 0.251034 0.967957 -0.006456 0.000000 0.050890 -0.006537 0.998683 0.000000 0.556894 -1.369791 -0.623334 1.000000
aniFrame
  m_time 2.037000
  m_vertexTransformMat 0.962219 -0.268881 -0.042856 0.000000 0.269232 0.963072 0.002515 0.000000 0.040597 -0.013958 0.999078 0.000000 0.378667 -1.494331 -0.687958 1.000000
aniFrame
  m_time 2.053000
  m_vertexTransformMat 0.957327 -0.286773 -0.035854 0.000000 0.287326 0.957767 0.011255 0.000000 0.031112 -0.021076 0.999294 0.000000 0.210398 -1.614550 -0.769612 1.000000
aniFrame
  m_time 2.069000
  m_vertexTransformMat 0.951991 -0.304840 -0.028054 0.000000 0.305431 0.952007 0.019904 0.000000 0.020640 -0.027517 0.999409 0.000000 0.012226 -1.722385 -0.859965 1.000000
aniFrame
  m_time 2.085000
  m_vertexTransformMat 0.946181 -0.322935 -0.021300 0.000000 0.323455 0.945807 0.028737 0.000000 0.010865 -0.034080 0.999360 0.000000 -0.175727 -1.837024 -0.957222 1.000000
aniFrame
  m_time 2.101000
  m_vertexTransformMat 0.939911 -0.341095 -0.014874 0.000000 0.341415 0.939203 0.036506 0.000000 0.001518 -0.039390 0.999223 0.000000 -0.357668 -1.926767 -1.051460 1.000000
aniFrame
  m_time 2.117000
  m_vertexTransformMat 0.933158 -0.359360 -0.008756 0.000000 0.359374 0.932092 0.045334 0.000000 -0.008130 -0.045451 0.998934 0.000000 -0.549107 -2.040255 -1.138825 1.000000
aniFrame
