m_aniFrameList.size 202
aniFrame
  m_time -1.066000
  m_vertexTransformMat 0.976880 0.131925 0.168229 0.000000 -0.089959 0.967499 -0.236334 0.000000 -0.193940 0.215736 0.956998 0.000000 -0.738526 -1.219529 -0.287199 1.000000
aniFrame
  m_time -1.050000
  m_vertexTransformMat 0.982589 0.112231 0.148066 0.000000 -0.076438 0.970560 -0.228410 0.000000 -0.169341 0.213115 0.962240 0.000000 -0.831356 -1.251837 -0.530817 1.000000
aniFrame
  m_time -1.034000
  m_vertexTransformMat 0.987522 0.092702 0.127308 0.000000 -0.062873 0.973248 -0.220989 0.000000 -0.144388 0.210227 0.966932 0.000000 -0.924738 -1.272075 -0.779483 1.000000
aniFrame
  m_time -1.018000
  m_vertexTransformMat 0.991689 0.072297 0.106426 0.000000 -0.048247 0.975794 -0.213306 0.000000 -0.119271 0.206398 0.971172 0.000000 -1.029711 -1.294964 -1.050529 1.000000
aniFrame
  m_time -1.002000
  m_vertexTransformMat 0.994978 0.051997 0.085524 0.000000 -0.033444 0.978071 -0.205568 0.000000 -0.094337 0.201675 0.974899 0.000000 -1.135302 -1.312612 -1.324728 1.000000
aniFrame
  m_time -0.986000
  m_vertexTransformMat 0.997342 0.032672 0.065126 0.000000 -0.019216 0.980128 -0.197433 0.000000 -0.070282 0.195657 0.978151 0.000000 -1.231518 -1.324406 -1.581509 1.000000
aniFrame
  m_time -0.970000
  m_vertexTransformMat 0.998865 0.014579 0.045349 0.000000 -0.005761 0.981999 -0.188799 0.000000 -0.047285 0.188323 0.980968 0.000000 -1.315757 -1.330743 -1.816345 1.000000
aniFrame
  m_time -0.954000
  m_vertexTransformMat 0.999636 -0.001097 0.026949 0.000000 0.005924 0.983706 -0.179689 0.000000 -0.026313 0.179783 0.983354 0.000000 -1.371218 -1.326626 -2.000865 1.000000
aniFrame
  m_time -0.938000
  m_vertexTransformMat 0.999847 -0.014561 0.009737 0.000000 0.016002 0.985383 -0.169599 0.000000 -0.007125 0.169729 0.985465 0.000000 -1.403208 -1.316432 -2.139676 1.000000
aniFrame
  m_time -0.922000
  m_vertexTransformMat 0.999655 -0.025406 -0.006651 0.000000 0.024043 0.987240 -0.157417 0.000000 0.010566 0.157203 0.987510 0.000000 -1.414963 -1.295519 -2.221331 1.000000
aniFrame
  m_time -0.906000
  m_vertexTransformMat 0.999183 -0.033792 -0.022204 0.000000 0.030272 0.989226 -0.143232 0.000000 0.026805 0.142442 0.989440 0.000000 -1.408913 -1.269034 -2.250514 1.000000
aniFrame
  m_time -0.890000
  m_vertexTransformMat 0.998466 -0.040282 -0.037981 0.000000 0.035106 0.991117 -0.128278 0.000000 0.042811 0.126748 0.991011 0.000000 -1.402931 -1.238871 -2.244763 1.000000
aniFrame
  m_time -0.874000
  m_vertexTransformMat 0.997544 -0.044945 -0.053726 0.000000 0.038679 0.992902 -0.112469 0.000000 0.058400 0.110115 0.992202 0.000000 -1.395674 -1.207508 -2.202493 1.000000
aniFrame
  m_time -0.858000
  m_vertexTransformMat 0.996481 -0.047967 -0.068733 0.000000 0.041058 0.994277 -0.098629 0.000000 0.073070 0.095460 0.992748 0.000000 -1.386095 -1.183202 -2.132799 1.000000
aniFrame
  m_time -0.842000
  m_vertexTransformMat 0.995325 -0.049550 -0.082902 0.000000 0.042333 0.995339 -0.086650 0.000000 0.086809 0.082735 0.992783 0.000000 -1.374488 -1.165878 -2.034483 1.000000
aniFrame
  m_time -0.826000
  m_vertexTransformMat 0.994190 -0.050028 -0.095303 0.000000 0.042568 0.995984 -0.078764 0.000000 0.098861 0.074249 0.992327 0.000000 -1.355984 -1.165891 -1.920488 1.000000
aniFrame
  m_time -0.810000
  m_vertexTransformMat 0.993149 -0.049573 -0.105816 0.000000 0.041739 0.996309 -0.075013 0.000000 0.109144 0.070083 0.991553 0.000000 -1.330160 -1.182915 -1.790078 1.000000
aniFrame
  m_time -0.794000
  m_vertexTransformMat 0.992295 -0.047999 -0.114227 0.000000 0.039287 0.996231 -0.077338 0.000000 0.117509 0.072255 0.990440 0.000000 -1.295839 -1.216780 -1.656083 1.000000
aniFrame
  m_time -0.778000
  m_vertexTransformMat 0.991685 -0.045310 -0.120451 0.000000 0.034967 0.995626 -0.086632 0.000000 0.123849 0.081700 0.988932 0.000000 -1.250857 -1.265631 -1.517719 1.000000
aniFrame
  m_time -0.762000
  m_vertexTransformMat 0.991316 -0.041503 -0.124783 0.000000 0.029037 0.994553 -0.100108 0.000000 0.128258 0.095616 0.987121 0.000000 -1.201259 -1.326716 -1.391742 1.000000
aniFrame
  m_time -0.746000
  m_vertexTransformMat 0.991190 -0.036336 -0.127365 0.000000 0.021188 0.992749 -0.118329 0.000000 0.130741 0.114588 0.984773 0.000000 -1.146031 -1.392945 -1.281033 1.000000
aniFrame
  m_time -0.730000
  m_vertexTransformMat 0.991257 -0.030243 -0.128435 0.000000 0.012404 0.990427 -0.137486 0.000000 0.131364 0.134690 0.982142 0.000000 -1.087255 -1.467314 -1.191169 1.000000
aniFrame
  m_time -0.714000
  m_vertexTransformMat 0.991466 -0.023210 -0.128285 0.000000 0.002705 0.987474 -0.157759 0.000000 0.130340 0.156065 0.979110 0.000000 -1.021349 -1.535920 -1.125018 1.000000
aniFrame
  m_time -0.698000
  m_vertexTransformMat 0.991784 -0.015468 -0.126987 0.000000 -0.007143 0.984419 -0.175691 0.000000 0.127726 0.175155 0.976221 0.000000 -0.951268 -1.608442 -1.078223 1.000000
aniFrame
  m_time -0.682000
  m_vertexTransformMat 0.992135 -0.007400 -0.124954 0.000000 -0.016681 0.981531 -0.190574 0.000000 0.124056 0.191160 0.973688 0.000000 -0.874690 -1.669057 -1.047238 1.000000
aniFrame
  m_time -0.666000
  m_vertexTransformMat 0.992555 0.001431 -0.121788 0.000000 -0.026157 0.979104 -0.201673 0.000000 0.118955 0.203357 0.971851 0.000000 -0.788013 -1.722591 -1.030065 1.000000
aniFrame
  m_time -0.650000
  m_vertexTransformMat 0.993147 0.011074 -0.116349 0.000000 -0.035232 0.977559 -0.207696 0.000000 0.111438 0.210372 0.971249 0.000000 -0.702527 -1.766063 -1.024121 1.000000
aniFrame
  m_time -0.634000
  m_vertexTransformMat 0.993702 0.021594 -0.109954 0.000000 -0.044557 0.976490 -0.210909 0.000000 0.102815 0.214480 0.971302 0.000000 -0.598198 -1.786994 -1.025201 1.000000
aniFrame
  m_time -0.618000
  m_vertexTransformMat 0.994294 0.033308 -0.101344 0.000000 -0.054228 0.975919 -0.211284 0.000000 0.091866 0.215574 0.972157 0.000000 -0.491104 -1.805293 -1.031606 1.000000
aniFrame
  m_time -0.602000
  m_vertexTransformMat 0.994796 0.045615 -0.091103 0.000000 -0.063996 0.975527 -0.210361 0.000000 0.079278 0.215096 0.973370 0.000000 -0.383899 -1.798181 -1.040494 1.000000
aniFrame
  m_time -0.586000
  m_vertexTransformMat 0.995004 0.058217 -0.081098 0.000000 -0.073989 0.975420 -0.207560 0.000000 0.067021 0.212524 0.974855 0.000000 -0.260485 -1.787392 -1.054507 1.000000
aniFrame
  m_time -0.570000
  m_vertexTransformMat 0.995056 0.070736 -0.069709 0.000000 -0.083621 0.975423 -0.203858 0.000000 0.053576 0.208679 0.976515 0.000000 -0.152455 -1.762099 -1.070832 1.000000
aniFrame
  m_time -0.554000
  m_vertexTransformMat 0.994798 0.082559 -0.059669 0.000000 -0.092970 0.975248 -0.200617 0.000000 0.041629 0.205121 0.977851 0.000000 -0.038500 -1.721871 -1.085716 1.000000
aniFrame
  m_time -0.538000
  m_vertexTransformMat 0.994318 0.093953 -0.050045 0.000000 -0.102020 0.975277 -0.196030 0.000000 0.030390 0.200022 0.979320 0.000000 0.075741 -1.683694 -1.106334 1.000000
aniFrame
  m_time -0.522000
  m_vertexTransformMat 0.993609 0.105175 -0.040973 0.000000 -0.111076 0.975623 -0.189269 0.000000 0.020068 0.192610 0.981070 0.000000 0.208051 -1.619524 -1.147127 1.000000
aniFrame
  m_time -0.506000
  m_vertexTransformMat 0.992703 0.116160 -0.032373 0.000000 -0.120107 0.976383 -0.179583 0.000000 0.010748 0.182161 0.983210 0.000000 0.356760 -1.548403 -1.207761 1.000000
aniFrame
  m_time -0.490000
  m_vertexTransformMat 0.991590 0.127194 -0.023912 0.000000 -0.129405 0.977409 -0.167112 0.000000 0.002116 0.168801 0.985648 0.000000 0.519598 -1.457073 -1.289742 1.000000
aniFrame
  m_time -0.474000
  m_vertexTransformMat 0.990299 0.138078 -0.015554 0.000000 -0.138834 0.978650 -0.151556 0.000000 -0.005705 0.152245 0.988327 0.000000 0.696233 -1.355090 -1.392954 1.000000
aniFrame
  m_time -0.458000
  m_vertexTransformMat 0.988940 0.148068 -0.008582 0.000000 -0.147838 0.979456 -0.137148 0.000000 -0.011901 0.136900 0.990514 0.000000 0.857097 -1.245422 -1.491198 1.000000
aniFrame
  m_time -0.442000
  m_vertexTransformMat 0.987543 0.157327 -0.002874 0.000000 -0.156481 0.979979 -0.123107 0.000000 -0.016552 0.122023 0.992389 0.000000 1.005285 -1.136108 -1.587798 1.000000
aniFrame
  m_time -0.426000
  m_vertexTransformMat 0.986254 0.165239 0.000324 0.000000 -0.164136 0.979893 -0.113447 0.000000 -0.019064 0.111835 0.993544 0.000000 1.110983 -1.028627 -1.655996 1.000000
aniFrame
  m_time -0.410000
  m_vertexTransformMat 0.985092 0.172025 0.001106 0.000000 -0.170910 0.979400 -0.107543 0.000000 -0.019583 0.105751 0.994200 0.000000 1.172774 -0.929015 -1.695356 1.000000
aniFrame
  m_time -0.394000
  m_vertexTransformMat 0.984132 0.177423 -0.002471 0.000000 -0.176620 0.978146 -0.109708 0.000000 -0.017047 0.108403 0.993961 0.000000 1.199852 -0.840222 -1.709514 1.000000
aniFrame
  m_time -0.378000
  m_vertexTransformMat 0.983367 0.181293 -0.011079 0.000000 -0.181295 0.976006 -0.120603 0.000000 -0.011051 0.120605 0.992639 0.000000 1.188857 -0.768321 -1.696604 1.000000
aniFrame
  m_time -0.362000
  m_vertexTransformMat 0.982703 0.183830 -0.022412 0.000000 -0.185156 0.972924 -0.138332 0.000000 -0.003624 0.140089 0.990132 0.000000 1.169340 -0.709991 -1.669427 1.000000
aniFrame
  m_time -0.346000
  m_vertexTransformMat 0.982120 0.184642 -0.036713 0.000000 -0.188181 0.968411 -0.163607 0.000000 0.005345 0.167590 0.985842 0.000000 1.148199 -0.667010 -1.631529 1.000000
aniFrame
  m_time -0.330000
  m_vertexTransformMat 0.981633 0.183942 -0.050619 0.000000 -0.190297 0.962918 -0.191247 0.000000 0.013563 0.197367 0.980236 0.000000 1.126293 -0.643222 -1.574735 1.000000
aniFrame
  m_time -0.314000
  m_vertexTransformMat 0.981264 0.181873 -0.063588 0.000000 -0.191556 0.956355 -0.220664 0.000000 0.020680 0.228710 0.973275 0.000000 1.106461 -0.637499 -1.496719 1.000000
aniFrame
  m_time -0.298000
  m_vertexTransformMat 0.981115 0.179002 -0.073296 0.000000 -0.191760 0.949761 -0.247350 0.000000 0.025337 0.256734 0.966150 0.000000 1.086457 -0.649653 -1.396886 1.000000
aniFrame
  m_time -0.282000
  m_vertexTransformMat 0.981210 0.176206 -0.078611 0.000000 -0.191072 0.944028 -0.268894 0.000000 0.026831 0.278861 0.959957 0.000000 1.065929 -0.676884 -1.273766 1.000000
aniFrame
  m_time -0.266000
  m_vertexTransformMat 0.981637 0.173628 -0.079005 0.000000 -0.189141 0.939723 -0.284864 0.000000 0.024782 0.294576 0.955307 0.000000 1.044552 -0.711796 -1.132162 1.000000
aniFrame
  m_time -0.250000
  m_vertexTransformMat 0.982476 0.171565 -0.072854 0.000000 -0.185519 0.937872 -0.293222 0.000000 0.018021 0.301599 0.953265 0.000000 1.021179 -0.744960 -0.971586 1.000000
aniFrame
  m_time -0.234000
  m_vertexTransformMat 0.983519 0.169793 -0.062139 0.000000 -0.180632 0.937838 -0.296365 0.000000 0.007955 0.302705 0.953051 0.000000 0.996124 -0.780282 -0.802459 1.000000
aniFrame
  m_time -0.218000
  m_vertexTransformMat 0.984644 0.167815 -0.048106 0.000000 -0.174516 0.939095 -0.296049 0.000000 -0.004505 0.299898 0.953960 0.000000 0.969635 -0.818317 -0.634418 1.000000
aniFrame
  m_time -0.202000
  m_vertexTransformMat 0.985676 0.165708 -0.031360 0.000000 -0.167579 0.941433 -0.292610 0.000000 -0.018965 0.293674 0.955717 0.000000 0.939635 -0.860063 -0.472060 1.000000
aniFrame
  m_time -0.186000
  m_vertexTransformMat 0.986442 0.163569 -0.013339 0.000000 -0.160452 0.944179 -0.287716 0.000000 -0.034467 0.285955 0.957623 0.000000 0.903690 -0.903559 -0.326887 1.000000
aniFrame
  m_time -0.170000
  m_vertexTransformMat 0.986900 0.161232 0.005643 0.000000 -0.153135 0.947196 -0.281725 0.000000 -0.050768 0.277170 0.959478 0.000000 0.857578 -0.948583 -0.201222 1.000000
aniFrame
  m_time -0.154000
  m_vertexTransformMat 0.987036 0.158824 0.023127 0.000000 -0.146354 0.949801 -0.276511 0.000000 -0.065883 0.269541 0.960732 0.000000 0.797355 -1.001953 -0.112678 1.000000
aniFrame
  m_time -0.138000
  m_vertexTransformMat 0.986868 0.156446 0.040224 0.000000 -0.139803 0.951944 -0.272504 0.000000 -0.080923 0.263302 0.961314 0.000000 0.713443 -1.046520 -0.054214 1.000000
aniFrame
  m_time -0.122000
  m_vertexTransformMat 0.986211 0.155104 0.057718 0.000000 -0.134302 0.953865 -0.268525 0.000000 -0.096704 0.257071 0.961542 0.000000 0.603117 -1.097617 -0.020581 1.000000
aniFrame
  m_time -0.106000
  m_vertexTransformMat 0.985061 0.154583 0.075891 0.000000 -0.129399 0.955220 -0.266102 0.000000 -0.113627 0.252306 0.960953 0.000000 0.457726 -1.125820 -0.008086 1.000000
aniFrame
  m_time -0.090000
  m_vertexTransformMat 0.983347 0.154295 0.096027 0.000000 -0.124532 0.956913 -0.262315 0.000000 -0.132363 0.245988 0.960193 0.000000 0.281083 -1.155692 -0.007488 1.000000
aniFrame
  m_time -0.074000
  m_vertexTransformMat 0.981131 0.154375 0.116406 0.000000 -0.120187 0.958576 -0.258238 0.000000 -0.151450 0.239375 0.959043 0.000000 0.096767 -1.167632 -0.016475 1.000000
aniFrame
  m_time -0.058000
  m_vertexTransformMat 0.978860 0.153012 0.135725 0.000000 -0.114888 0.960338 -0.254074 0.000000 -0.169218 0.233109 0.957615 0.000000 -0.112671 -1.175790 -0.041271 1.000000
aniFrame
  m_time -0.042000
  m_vertexTransformMat 0.976865 0.150482 0.151953 0.000000 -0.109483 0.962266 -0.249115 0.000000 -0.183706 0.226716 0.956479 0.000000 -0.305419 -1.188217 -0.080988 1.000000
aniFrame
  m_time -0.026000
  m_vertexTransformMat 0.975833 0.145718 0.162837 0.000000 -0.103095 0.964055 -0.244888 0.000000 -0.192668 0.222182 0.955779 0.000000 -0.483976 -1.187732 -0.137681 1.000000
aniFrame
  m_time -0.010000
  m_vertexTransformMat 0.975898 0.138595 0.168564 0.000000 -0.095802 0.966109 -0.239699 0.000000 -0.196073 0.217773 0.956102 0.000000 -0.643375 -1.207191 -0.212734 1.000000
aniFrame
  m_time 0.005000
  m_vertexTransformMat 0.977709 0.127861 0.166541 0.000000 -0.086631 0.968190 -0.234739 0.000000 -0.191258 0.215079 0.957686 0.000000 -0.783672 -1.225149 -0.334723 1.000000
aniFrame
  m_time 0.021000
  m_vertexTransformMat 0.981230 0.113051 0.156231 0.000000 -0.075324 0.970470 -0.229162 0.000000 -0.177524 0.213093 0.960769 0.000000 -0.908629 -1.260141 -0.512542 1.000000
aniFrame
  m_time 0.037000
  m_vertexTransformMat 0.985490 0.095390 0.140396 0.000000 -0.062370 0.972788 -0.223148 0.000000 -0.157861 0.211153 0.964622 0.000000 -1.025520 -1.296334 -0.734403 1.000000
aniFrame
  m_time 0.053000
  m_vertexTransformMat 0.990104 0.074698 0.118800 0.000000 -0.047606 0.975147 -0.216384 0.000000 -0.132011 0.208587 0.969053 0.000000 -1.141420 -1.337640 -1.009962 1.000000
aniFrame
  m_time 0.069000
  m_vertexTransformMat 0.994063 0.053348 0.094831 0.000000 -0.032517 0.977380 -0.208978 0.000000 -0.103834 0.204654 0.973312 0.000000 -1.245211 -1.372794 -1.292601 1.000000
aniFrame
  m_time 0.085000
  m_vertexTransformMat 0.997107 0.031789 0.069054 0.000000 -0.017325 0.979493 -0.200732 0.000000 -0.074019 0.198955 0.977210 0.000000 -1.336439 -1.402317 -1.575583 1.000000
aniFrame
  m_time 0.101000
  m_vertexTransformMat 0.998948 0.012040 0.044261 0.000000 -0.003344 0.981481 -0.191532 0.000000 -0.045747 0.191182 0.980488 0.000000 -1.406402 -1.418232 -1.824875 1.000000
aniFrame
  m_time 0.117000
  m_vertexTransformMat 0.999732 -0.004677 0.022657 0.000000 0.008712 0.983367 -0.181421 0.000000 -0.021432 0.181570 0.983145 0.000000 -1.445597 -1.415456 -2.018172 1.000000
aniFrame
  m_time 0.133000
  m_vertexTransformMat 0.999824 -0.018445 0.003361 0.000000 0.018748 0.985322 -0.169672 0.000000 -0.000182 0.169705 0.985495 0.000000 -1.462097 -1.397611 -2.156934 1.000000
aniFrame
  m_time 0.149000
  m_vertexTransformMat 0.999508 -0.028621 -0.012811 0.000000 0.026286 0.987509 -0.155356 0.000000 0.017098 0.154943 0.987776 0.000000 -1.455747 -1.361370 -2.226348 1.000000
aniFrame
  m_time 0.165000
  m_vertexTransformMat 0.998963 -0.036185 -0.027652 0.000000 0.031983 0.989682 -0.139666 0.000000 0.032420 0.138637 0.989813 0.000000 -1.436920 -1.316048 -2.245751 1.000000
aniFrame
  m_time 0.181000
  m_vertexTransformMat 0.998174 -0.042058 -0.043365 0.000000 0.036421 0.991681 -0.123461 0.000000 0.048197 0.121656 0.991402 0.000000 -1.420381 -1.266997 -2.231170 1.000000
aniFrame
  m_time 0.197000
  m_vertexTransformMat 0.997202 -0.046127 -0.058824 0.000000 0.039602 0.993401 -0.107635 0.000000 0.063401 0.105004 0.992449 0.000000 -1.402692 -1.220097 -2.181458 1.000000
aniFrame
  m_time 0.213000
  m_vertexTransformMat 0.996103 -0.048633 -0.073584 0.000000 0.041601 0.994679 -0.094249 0.000000 0.077776 0.090820 0.992826 0.000000 -1.386635 -1.185581 -2.102779 1.000000
aniFrame
  m_time 0.229000
  m_vertexTransformMat 0.994939 -0.049813 -0.087267 0.000000 0.042524 0.995602 -0.083479 0.000000 0.091041 0.079345 0.992681 0.000000 -1.369863 -1.164858 -1.997815 1.000000
aniFrame
  m_time 0.245000
  m_vertexTransformMat 0.993828 -0.049989 -0.099026 0.000000 0.042432 0.996128 -0.076995 0.000000 0.102492 0.072318 0.992102 0.000000 -1.347518 -1.168347 -1.878458 1.000000
aniFrame
  m_time 0.261000
  m_vertexTransformMat 0.992839 -0.049182 -0.108869 0.000000 0.041133 0.996336 -0.074983 0.000000 0.112158 0.069968 0.991224 0.000000 -1.319714 -1.192105 -1.745253 1.000000
aniFrame
  m_time 0.277000
  m_vertexTransformMat 0.992064 -0.047223 -0.116533 0.000000 0.038043 0.996086 -0.079782 0.000000 0.119845 0.074716 0.989977 0.000000 -1.281811 -1.231502 -1.610010 1.000000
aniFrame
  m_time 0.293000
  m_vertexTransformMat 0.991536 -0.044172 -0.122089 0.000000 0.033162 0.995319 -0.090780 0.000000 0.125527 0.085963 0.988359 0.000000 -1.234527 -1.284877 -1.473328 1.000000
aniFrame
  m_time 0.309000
  m_vertexTransformMat 0.991248 -0.039923 -0.125831 0.000000 0.026615 0.994040 -0.105722 0.000000 0.129302 0.101448 0.986402 0.000000 -1.183546 -1.348184 -1.353242 1.000000
aniFrame
  m_time 0.325000
  m_vertexTransformMat 0.991195 -0.034377 -0.127874 0.000000 0.018296 0.992005 -0.124870 0.000000 0.131144 0.121430 0.983899 0.000000 -1.126633 -1.416758 -1.248215 1.000000
aniFrame
  m_time 0.341000
  m_vertexTransformMat 0.991312 -0.028015 -0.128511 0.000000 0.009287 0.989523 -0.144081 0.000000 0.131201 0.141636 0.981186 0.000000 -1.066271 -1.491099 -1.166753 1.000000
aniFrame
  m_time 0.357000
  m_vertexTransformMat 0.991561 -0.020676 -0.127983 0.000000 -0.000641 0.986408 -0.164318 0.000000 0.129641 0.163013 0.978070 0.000000 -0.998033 -1.558761 -1.107467 1.000000
aniFrame
  m_time 0.373000
  m_vertexTransformMat 0.991901 -0.012828 -0.126365 0.000000 -0.010315 0.983465 -0.180806 0.000000 0.126595 0.180645 0.975367 0.000000 -0.927128 -1.631488 -1.066250 1.000000
aniFrame
  m_time 0.389000
  m_vertexTransformMat 0.992260 -0.004568 -0.124093 0.000000 -0.019860 0.980621 -0.194904 0.000000 0.122578 0.195860 0.972941 0.000000 -0.846526 -1.686087 -1.040073 1.000000
aniFrame
  m_time 0.405000
  m_vertexTransformMat 0.992739 0.004583 -0.120201 0.000000 -0.029223 0.978524 -0.204050 0.000000 0.116684 0.206082 0.971553 0.000000 -0.759585 -1.740901 -1.027060 1.000000
aniFrame
  m_time 0.421000
  m_vertexTransformMat 0.993346 0.014454 -0.114258 0.000000 -0.038266 0.977153 -0.209063 0.000000 0.108626 0.212044 0.971204 0.000000 -0.670959 -1.773981 -1.023821 1.000000
aniFrame
  m_time 0.437000
  m_vertexTransformMat 0.993875 0.025388 -0.107559 0.000000 -0.047807 0.976248 -0.211317 0.000000 0.099639 0.215165 0.971482 0.000000 -0.559456 -1.794876 -1.026889 1.000000
aniFrame
  m_time 0.453000
  m_vertexTransformMat 0.994497 0.037376 -0.097876 0.000000 -0.057445 0.975783 -0.211063 0.000000 0.087617 0.215524 0.972560 0.000000 -0.457841 -1.805654 -1.034297 1.000000
aniFrame
  m_time 0.469000
  m_vertexTransformMat 0.994873 0.049768 -0.088034 0.000000 -0.067356 0.975433 -0.209750 0.000000 0.075432 0.214605 0.973784 0.000000 -0.340832 -1.793692 -1.044446 1.000000
aniFrame
  m_time 0.485000
  m_vertexTransformMat 0.995051 0.062443 -0.077299 0.000000 -0.077236 0.975443 -0.206269 0.000000 0.062521 0.211218 0.975438 0.000000 -0.223872 -1.782145 -1.059971 1.000000
aniFrame
  m_time 0.501000
  m_vertexTransformMat 0.994999 0.074757 -0.066254 0.000000 -0.086787 0.975359 -0.202837 0.000000 0.049458 0.207572 0.976969 0.000000 -0.114287 -1.747218 -1.076123 1.000000
aniFrame
  m_time 0.517000
  m_vertexTransformMat 0.994663 0.086383 -0.056422 0.000000 -0.095999 0.975229 -0.199282 0.000000 0.037810 0.203635 0.978317 0.000000 -0.001255 -1.710731 -1.091094 1.000000
aniFrame
  m_time 0.533000
  m_vertexTransformMat 0.994106 0.097725 -0.046948 0.000000 -0.105047 0.975343 -0.194089 0.000000 0.026823 0.197877 0.979860 0.000000 0.117377 -1.664107 -1.117465 1.000000
aniFrame
  m_time 0.549000
  m_vertexTransformMat 0.993329 0.108851 -0.038067 0.000000 -0.114075 0.975841 -0.186338 0.000000 0.016864 0.189437 0.981748 0.000000 0.256183 -1.597066 -1.165243 1.000000
aniFrame
  m_time 0.565000
  m_vertexTransformMat 0.992356 0.119813 -0.029574 0.000000 -0.123161 0.976683 -0.175848 0.000000 0.007815 0.178146 0.983973 0.000000 0.408730 -1.520300 -1.232007 1.000000
aniFrame
  m_time 0.581000
  m_vertexTransformMat 0.991174 0.130888 -0.021050 0.000000 -0.132568 0.977839 -0.162040 0.000000 -0.000626 0.163400 0.986560 0.000000 0.578586 -1.424029 -1.323243 1.000000
aniFrame
  m_time 0.597000
  m_vertexTransformMat 0.989851 0.141507 -0.013054 0.000000 -0.141885 0.978970 -0.146582 0.000000 -0.007963 0.146946 0.989113 0.000000 0.751960 -1.319126 -1.426552 1.000000
aniFrame
  m_time 0.613000
  m_vertexTransformMat 0.988472 0.151265 -0.006490 0.000000 -0.150788 0.979679 -0.132261 0.000000 -0.013648 0.131714 0.991194 0.000000 0.909077 -1.208792 -1.524634 1.000000
aniFrame
  m_time 0.629000
  m_vertexTransformMat 0.987095 0.160129 -0.001489 0.000000 -0.159162 0.980021 -0.119278 0.000000 -0.017641 0.117976 0.992860 0.000000 1.046597 -1.099983 -1.614860 1.000000
aniFrame
  m_time 0.645000
  m_vertexTransformMat 0.985850 0.167628 0.000914 0.000000 -0.166494 0.979783 -0.110932 0.000000 -0.019491 0.109210 0.993828 0.000000 1.135790 -0.994338 -1.671905 1.000000
aniFrame
  m_time 0.661000
  m_vertexTransformMat 0.984746 0.174000 0.000520 0.000000 -0.172944 0.979089 -0.107120 0.000000 -0.019148 0.105396 0.994246 0.000000 1.185591 -0.898050 -1.702966 1.000000
aniFrame
  m_time 0.677000
  m_vertexTransformMat 0.983860 0.178872 -0.004887 0.000000 -0.178279 0.977528 -0.112497 0.000000 -0.015346 0.111552 0.993640 0.000000 1.199445 -0.814372 -1.707769 1.000000
aniFrame
  m_time 0.693000
  m_vertexTransformMat 0.983137 0.182282 -0.014651 0.000000 -0.182665 0.975094 -0.125795 0.000000 -0.008643 0.126350 0.991948 0.000000 1.181597 -0.747653 -1.688398 1.000000
aniFrame
  m_time 0.709000
  m_vertexTransformMat 0.982499 0.184311 -0.026919 0.000000 -0.186265 0.971583 -0.146054 0.000000 -0.000766 0.148512 0.988910 0.000000 1.162862 -0.693594 -1.658421 1.000000
aniFrame
  m_time 0.725000
  m_vertexTransformMat 0.981945 0.184533 -0.041619 0.000000 -0.188985 0.966641 -0.172887 0.000000 0.008328 0.177630 0.984062 0.000000 1.140598 -0.656978 -1.615042 1.000000
aniFrame
  m_time 0.741000
  m_vertexTransformMat 0.981494 0.183418 -0.055019 0.000000 -0.190820 0.960860 -0.200839 0.000000 0.016028 0.207621 0.978078 0.000000 1.119599 -0.639284 -1.551040 1.000000
aniFrame
  m_time 0.757000
  m_vertexTransformMat 0.981183 0.180932 -0.067408 0.000000 -0.191748 0.954049 -0.230269 0.000000 0.022648 0.238862 0.970790 0.000000 1.099885 -0.639663 -1.465931 1.000000
aniFrame
  m_time 0.773000
  m_vertexTransformMat 0.981120 0.178066 -0.075465 0.000000 -0.191624 0.947778 -0.254946 0.000000 0.026127 0.264594 0.964006 0.000000 1.079648 -0.657313 -1.358369 1.000000
aniFrame
  m_time 0.789000
  m_vertexTransformMat 0.981307 0.175306 -0.079409 0.000000 -0.190602 0.942362 -0.275000 0.000000 0.026623 0.284994 0.958160 0.000000 1.058943 -0.688123 -1.228248 1.000000
aniFrame
  m_time 0.805000
  m_vertexTransformMat 0.981878 0.172879 -0.077645 0.000000 -0.188110 0.938839 -0.288436 0.000000 0.023031 0.297814 0.954346 0.000000 1.037032 -0.723280 -1.081063 1.000000
aniFrame
  m_time 0.821000
  m_vertexTransformMat 0.982813 0.170967 -0.069643 0.000000 -0.184003 0.937712 -0.294684 0.000000 0.014924 0.302434 0.953054 0.000000 1.012938 -0.755969 -0.914989 1.000000
aniFrame
  m_time 0.837000
  m_vertexTransformMat 0.983882 0.169174 -0.057937 0.000000 -0.178771 0.938080 -0.296726 0.000000 0.004151 0.302301 0.953204 0.000000 0.987599 -0.793536 -0.747230 1.000000
aniFrame
  m_time 0.853000
  m_vertexTransformMat 0.985015 0.167106 -0.042681 0.000000 -0.172225 0.939803 -0.295144 0.000000 -0.009208 0.298072 0.954499 0.000000 0.960094 -0.831099 -0.578499 1.000000
aniFrame
  m_time 0.869000
  m_vertexTransformMat 0.985955 0.165037 -0.025622 0.000000 -0.165295 0.942291 -0.291146 0.000000 -0.023906 0.291292 0.956335 0.000000 0.928566 -0.876300 -0.422786 1.000000
aniFrame
  m_time 0.885000
  m_vertexTransformMat 0.986636 0.162791 -0.006966 0.000000 -0.157969 0.945184 -0.285786 0.000000 -0.039939 0.283067 0.958268 0.000000 0.889611 -0.916842 -0.281651 1.000000
aniFrame
  m_time 0.901000
  m_vertexTransformMat 0.986970 0.160482 0.011638 0.000000 -0.150871 0.948149 -0.279734 0.000000 -0.055927 0.274333 0.960007 0.000000 0.839415 -0.968460 -0.167770 1.000000
aniFrame
  m_time 0.917000
  m_vertexTransformMat 0.987024 0.157971 0.028788 0.000000 -0.144106 0.950537 -0.275160 0.000000 -0.070831 0.267441 0.960967 0.000000 0.772476 -1.016225 -0.090202 1.000000
aniFrame
  m_time 0.933000
  m_vertexTransformMat 0.986705 0.155857 0.046078 0.000000 -0.137822 0.952656 -0.271021 0.000000 -0.086137 0.261067 0.961470 0.000000 0.679219 -1.064944 -0.040211 1.000000
aniFrame
  m_time 0.949000
  m_vertexTransformMat 0.985885 0.154883 0.063584 0.000000 -0.132665 0.954337 -0.267658 0.000000 -0.102136 0.255444 0.961414 0.000000 0.559550 -1.108826 -0.014572 1.000000
aniFrame
  m_time 0.965000
  m_vertexTransformMat 0.984559 0.154427 0.082438 0.000000 -0.127708 0.955729 -0.265091 0.000000 -0.119725 0.250470 0.960693 0.000000 0.399804 -1.134944 -0.006915 1.000000
aniFrame
  m_time 0.981000
  m_vertexTransformMat 0.982644 0.154371 0.102863 0.000000 -0.123110 0.957490 -0.260879 0.000000 -0.138763 0.243688 0.959876 0.000000 0.221841 -1.162598 -0.009245 1.000000
aniFrame
  m_time 0.997000
  m_vertexTransformMat 0.980365 0.154120 0.123015 0.000000 -0.118533 0.959118 -0.256988 0.000000 -0.157593 0.237361 0.958554 0.000000 0.028919 -1.168200 -0.022676 1.000000
aniFrame
  m_time 1.013000
  m_vertexTransformMat 0.978127 0.152330 0.141650 0.000000 -0.113112 0.960993 -0.252386 0.000000 -0.174570 0.230843 0.957203 0.000000 -0.179820 -1.181470 -0.052904 1.000000
aniFrame
  m_time 1.029000
  m_vertexTransformMat 0.976397 0.149192 0.156175 0.000000 -0.107509 0.962863 -0.247665 0.000000 -0.187325 0.225029 0.956175 0.000000 -0.365484 -1.188109 -0.097927 1.000000
aniFrame
  m_time 1.045000
  m_vertexTransformMat 0.975705 0.143649 0.165427 0.000000 -0.100789 0.964714 -0.243248 0.000000 -0.194532 0.220665 0.955753 0.000000 -0.539797 -1.192435 -0.159542 1.000000
aniFrame
  m_time 1.061000
  m_vertexTransformMat 0.976279 0.135490 0.168883 0.000000 -0.093014 0.966814 -0.237949 0.000000 -0.195518 0.216596 0.956483 0.000000 -0.691740 -1.214433 -0.246659 1.000000
aniFrame
  m_time 1.077000
  m_vertexTransformMat 0.978738 0.123325 0.163899 0.000000 -0.083071 0.968923 -0.232995 0.000000 -0.187540 0.214426 0.958567 0.000000 -0.826849 -1.234503 -0.388439 1.000000
aniFrame
  m_time 1.093000
  m_vertexTransformMat 0.982611 0.107425 0.151445 0.000000 -0.071174 0.971255 -0.227152 0.000000 -0.171494 0.212423 0.962012 0.000000 -0.947961 -1.273738 -0.581917 1.000000
aniFrame
  m_time 1.109000
  m_vertexTransformMat 0.987026 0.088777 0.133782 0.000000 -0.057611 0.973569 -0.221008 0.000000 -0.149866 0.210434 0.966053 0.000000 -1.064575 -1.309068 -0.821369 1.000000
aniFrame
  m_time 1.125000
  m_vertexTransformMat 0.991545 0.067495 0.110827 0.000000 -0.042518 0.975919 -0.213951 0.000000 -0.122599 0.207430 0.970537 0.000000 -1.178078 -1.351371 -1.106494 1.000000
aniFrame
  m_time 1.141000
  m_vertexTransformMat 0.995183 0.046188 0.086469 0.000000 -0.027465 0.978092 -0.206356 0.000000 -0.094106 0.202987 0.974649 0.000000 -1.276869 -1.382720 -1.386509 1.000000
aniFrame
  m_time 1.157000
  m_vertexTransformMat 0.997865 0.024827 0.060406 0.000000 -0.012416 0.980173 -0.197754 0.000000 -0.064118 0.196581 0.978389 0.000000 -1.363046 -1.410279 -1.665728 1.000000
aniFrame
  m_time 1.173000
  m_vertexTransformMat 0.999303 0.006195 0.036807 0.000000 0.000847 0.982112 -0.188294 0.000000 -0.037315 0.188194 0.981423 0.000000 -1.422547 -1.418690 -1.894268 1.000000
aniFrame
  m_time 1.189000
  m_vertexTransformMat 0.999826 -0.009638 0.015964 0.000000 0.012323 0.984003 -0.177724 0.000000 -0.013995 0.177890 0.983951 0.000000 -1.453165 -1.411437 -2.071376 1.000000
aniFrame
  m_time 1.205000
  m_vertexTransformMat 0.999750 -0.022223 -0.002411 0.000000 0.021520 0.986025 -0.165205 0.000000 0.006049 0.165111 0.986257 0.000000 -1.462922 -1.387372 -2.187658 1.000000
aniFrame
  m_time 1.221000
  m_vertexTransformMat 0.999351 -0.031357 -0.017720 0.000000 0.028346 0.988256 -0.150155 0.000000 0.022220 0.149555 0.988504 0.000000 -1.449602 -1.346620 -2.236762 1.000000
aniFrame
  m_time 1.237000
  m_vertexTransformMat 0.998724 -0.038353 -0.032868 0.000000 0.033607 0.990352 -0.134438 0.000000 0.037707 0.133162 0.990377 0.000000 -1.431664 -1.300567 -2.245621 1.000000
aniFrame
  m_time 1.253000
  m_vertexTransformMat 0.997867 -0.043603 -0.048585 0.000000 0.037617 0.992305 -0.117964 0.000000 0.053355 0.115885 0.991829 0.000000 -1.414492 -1.250222 -2.217810 1.000000
aniFrame
  m_time 1.269000
  m_vertexTransformMat 0.996849 -0.047129 -0.063798 0.000000 0.040394 0.993859 -0.103017 0.000000 0.068262 0.100116 0.992631 0.000000 -1.397010 -1.207789 -2.159187 1.000000
aniFrame
  m_time 1.285000
  m_vertexTransformMat 0.995715 -0.049157 -0.078322 0.000000 0.042026 0.995033 -0.090240 0.000000 0.082369 0.086562 0.992835 0.000000 -1.381474 -1.176463 -2.069764 1.000000
aniFrame
  m_time 1.301000
  m_vertexTransformMat 0.994561 -0.049968 -0.091392 0.000000 0.042596 0.995810 -0.080917 0.000000 0.095052 0.076584 0.992522 0.000000 -1.362885 -1.163379 -1.960272 1.000000
aniFrame
  m_time 1.317000
  m_vertexTransformMat 0.993480 -0.049840 -0.102534 0.000000 0.042164 0.996238 -0.075714 0.000000 0.105922 0.070897 0.991844 0.000000 -1.339052 -1.174264 -1.834744 1.000000
aniFrame
  m_time 1.333000
  m_vertexTransformMat 0.992553 -0.048656 -0.111675 0.000000 0.040321 0.996314 -0.075723 0.000000 0.114947 0.070656 0.990856 0.000000 -1.308479 -1.203654 -1.700895 1.000000
aniFrame
  m_time 1.349000
  m_vertexTransformMat 0.991860 -0.046326 -0.118604 0.000000 0.036598 0.995884 -0.082924 0.000000 0.121957 0.077908 0.989473 0.000000 -1.266713 -1.247808 -1.563582 1.000000
aniFrame
  m_time 1.365000
  m_vertexTransformMat 0.991412 -0.042909 -0.123531 0.000000 0.031195 0.994965 -0.095241 0.000000 0.126996 0.090570 0.987760 0.000000 -1.218026 -1.305401 -1.431312 1.000000
aniFrame
  m_time 1.381000
  m_vertexTransformMat 0.991207 -0.038192 -0.126688 0.000000 0.023980 0.993433 -0.111873 0.000000 0.130128 0.107851 0.985614 0.000000 -1.165068 -1.370158 -1.316185 1.000000
aniFrame
  m_time 1.397000
  m_vertexTransformMat 0.991217 -0.032342 -0.128227 0.000000 0.015360 0.991227 -0.131278 0.000000 0.131348 0.128155 0.983018 0.000000 -1.107049 -1.441707 -1.218165 1.000000
aniFrame
  m_time 1.413000
  m_vertexTransformMat 0.991383 -0.025664 -0.128461 0.000000 0.006033 0.988527 -0.150928 0.000000 0.130860 0.148852 0.980163 0.000000 -1.044200 -1.513641 -1.144739 1.000000
aniFrame
  m_time 1.429000
  m_vertexTransformMat 0.991667 -0.018086 -0.127552 0.000000 -0.003941 0.985374 -0.170362 0.000000 0.128768 0.169445 0.977091 0.000000 -0.974573 -1.582835 -1.091924 1.000000
aniFrame
  m_time 1.445000
  m_vertexTransformMat 0.992017 -0.010146 -0.125698 0.000000 -0.013497 0.982491 -0.185822 0.000000 0.125382 0.186035 0.974510 0.000000 -0.901603 -1.651263 -1.055941 1.000000
aniFrame
  m_time 1.461000
  m_vertexTransformMat 0.992398 -0.001631 -0.123061 0.000000 -0.023024 0.979799 -0.198654 0.000000 0.120899 0.199977 0.972313 0.000000 -0.817439 -1.703545 -1.034372 1.000000
aniFrame
  m_time 1.477000
  m_vertexTransformMat 0.992941 0.007790 -0.118355 0.000000 -0.032232 0.978013 -0.206036 0.000000 0.114147 0.208397 0.971361 0.000000 -0.731650 -1.755307 -1.025154 1.000000
aniFrame
  m_time 1.493000
  m_vertexTransformMat 0.993532 0.017954 -0.112125 0.000000 -0.041366 0.976796 -0.210140 0.000000 0.105750 0.213419 0.971220 0.000000 -0.636221 -1.780374 -1.024190 1.000000
aniFrame
  m_time 1.509000
  m_vertexTransformMat 0.994079 0.029303 -0.104633 0.000000 -0.051023 0.976068 -0.211397 0.000000 0.095934 0.215484 0.971784 0.000000 -0.524336 -1.801495 -1.029100 1.000000
aniFrame
  m_time 1.525000
  m_vertexTransformMat 0.994669 0.041484 -0.094405 0.000000 -0.060694 0.975651 -0.210763 0.000000 0.083363 0.215370 0.972968 0.000000 -0.422700 -1.802879 -1.037203 1.000000
aniFrame
  m_time 1.541000
  m_vertexTransformMat 0.994942 0.053980 -0.084710 0.000000 -0.070695 0.975406 -0.208771 0.000000 0.071358 0.213704 0.974289 0.000000 -0.299308 -1.790694 -1.049227 1.000000
aniFrame
  m_time 1.557000
  m_vertexTransformMat 0.995071 0.066624 -0.073448 0.000000 -0.080443 0.975449 -0.205011 0.000000 0.057986 0.209908 0.976000 0.000000 -0.188388 -1.773868 -1.065440 1.000000
aniFrame
  m_time 1.573000
  m_vertexTransformMat 0.994910 0.078691 -0.062944 0.000000 -0.089905 0.975294 -0.201790 0.000000 0.045510 0.206422 0.977405 0.000000 -0.075977 -1.733576 -1.080953 1.000000
aniFrame
  m_time 1.589000
  m_vertexTransformMat 0.994503 0.090176 -0.053210 0.000000 -0.099010 0.975238 -0.197759 0.000000 0.034059 0.201940 0.978806 0.000000 0.036529 -1.698588 -1.097753 1.000000
aniFrame
  m_time 1.605000
  m_vertexTransformMat 0.993868 0.101471 -0.043930 0.000000 -0.108071 0.975454 -0.191859 0.000000 0.023383 0.195430 0.980439 0.000000 0.161693 -1.641706 -1.131188 1.000000
aniFrame
  m_time 1.621000
  m_vertexTransformMat 0.993027 0.112509 -0.035203 0.000000 -0.117081 0.976098 -0.183097 0.000000 0.013761 0.185941 0.982464 0.000000 0.305834 -1.573646 -1.185480 1.000000
aniFrame
  m_time 1.637000
  m_vertexTransformMat 0.991985 0.123488 -0.026771 0.000000 -0.126259 0.977011 -0.171781 0.000000 0.004942 0.173784 0.984771 0.000000 0.462504 -1.489192 -1.258920 1.000000
aniFrame
  m_time 1.653000
  m_vertexTransformMat 0.990742 0.134528 -0.018242 0.000000 -0.135721 0.978264 -0.156781 0.000000 -0.003246 0.157806 0.987465 0.000000 0.637958 -1.390042 -1.358083 1.000000
aniFrame
  m_time 1.669000
  m_vertexTransformMat 0.989401 0.144808 -0.010778 0.000000 -0.144864 0.979216 -0.141953 0.000000 -0.010002 0.142009 0.989815 0.000000 0.804490 -1.282255 -1.458299 1.000000
aniFrame
  m_time 1.685000
  m_vertexTransformMat 0.988004 0.154363 -0.004565 0.000000 -0.153679 0.979860 -0.127507 0.000000 -0.015210 0.126679 0.991827 0.000000 0.958961 -1.172362 -1.557277 1.000000
aniFrame
  m_time 1.701000
  m_vertexTransformMat 0.986668 0.162745 -0.000474 0.000000 -0.161697 0.979974 -0.116211 0.000000 -0.018448 0.114738 0.993224 0.000000 1.081547 -1.063947 -1.637233 1.000000
aniFrame
  m_time 1.717000
  m_vertexTransformMat 0.985462 0.169895 0.001206 0.000000 -0.168756 0.979625 -0.108889 0.000000 -0.019681 0.107102 0.994053 0.000000 1.156280 -0.961122 -1.685013 1.000000
aniFrame
  m_time 1.733000
  m_vertexTransformMat 0.984425 0.175803 -0.000648 0.000000 -0.174847 0.978672 -0.107846 0.000000 -0.018325 0.106280 0.994168 0.000000 1.195052 -0.868256 -1.707870 1.000000
aniFrame
  m_time 1.749000
  m_vertexTransformMat 0.983607 0.180159 -0.007790 0.000000 -0.179835 0.976816 -0.116150 0.000000 -0.013316 0.115646 0.993201 0.000000 1.195293 -0.790481 -1.703262 1.000000
aniFrame
  m_time 1.765000
  m_vertexTransformMat 0.982916 0.183133 -0.018408 0.000000 -0.183952 0.974077 -0.131666 0.000000 -0.006182 0.132802 0.991123 0.000000 1.174975 -0.728216 -1.679236 1.000000
aniFrame
  m_time 1.781000
  m_vertexTransformMat 0.982305 0.184578 -0.031759 0.000000 -0.187277 0.970066 -0.154595 0.000000 0.002274 0.157807 0.987467 0.000000 1.155704 -0.679020 -1.645793 1.000000
aniFrame
  m_time 1.797000
  m_vertexTransformMat 0.981781 0.184289 -0.046289 0.000000 -0.189689 0.964799 -0.182153 0.000000 0.011091 0.187615 0.982180 0.000000 1.133208 -0.648959 -1.596106 1.000000
aniFrame
  m_time 1.813000
  m_vertexTransformMat 0.981372 0.182718 -0.059351 0.000000 -0.191231 0.958676 -0.210642 0.000000 0.018410 0.218069 0.975760 0.000000 1.112823 -0.639006 -1.525468 1.000000
aniFrame
  m_time 1.829000
  m_vertexTransformMat 0.981142 0.179955 -0.070543 0.000000 -0.191772 0.951916 -0.238914 0.000000 0.024157 0.247937 0.968475 0.000000 1.093174 -0.647449 -1.434029 1.000000
aniFrame
  m_time 1.845000
  m_vertexTransformMat 0.981173 0.177141 -0.076944 0.000000 -0.191306 0.946079 -0.261415 0.000000 0.026487 0.271214 0.962155 0.000000 1.074308 -0.669905 -1.320481 1.000000
aniFrame
  m_time 1.861000
  m_vertexTransformMat 0.981488 0.174468 -0.079007 0.000000 -0.189793 0.941331 -0.279062 0.000000 0.025684 0.288890 0.957017 0.000000 1.056118 -0.700677 -1.186806 1.000000
aniFrame
  m_time 1.877000
  m_vertexTransformMat 0.982219 0.172219 -0.074737 0.000000 -0.186629 0.938888 -0.289238 0.000000 0.020358 0.298043 0.954335 0.000000 1.038357 -0.727546 -1.036221 1.000000
aniFrame
  m_time 1.893000
  m_vertexTransformMat 0.983236 0.170397 -0.064904 0.000000 -0.182008 0.938619 -0.293032 0.000000 0.010989 0.299933 0.953897 0.000000 1.020218 -0.749368 -0.870763 1.000000
aniFrame
  m_time 1.909000
  m_vertexTransformMat 0.984343 0.168480 -0.051798 0.000000 -0.176261 0.939668 -0.293184 0.000000 -0.000723 0.297724 0.954652 0.000000 1.001807 -0.774519 -0.706767 1.000000
aniFrame
  m_time 1.925000
  m_vertexTransformMat 0.985442 0.166303 -0.035319 0.000000 -0.169356 0.941995 -0.289766 0.000000 -0.014918 0.291528 0.956446 0.000000 0.981349 -0.798210 -0.543084 1.000000
aniFrame
  m_time 1.941000
  m_vertexTransformMat 0.986284 0.164121 -0.017558 0.000000 -0.162286 0.944814 -0.284589 0.000000 -0.030118 0.283534 0.958489 0.000000 0.955980 -0.828274 -0.395682 1.000000
aniFrame
  m_time 1.957000
  m_vertexTransformMat 0.986842 0.161678 0.001697 0.000000 -0.154836 0.947996 -0.278082 0.000000 -0.046569 0.274160 0.960556 0.000000 0.922529 -0.854899 -0.262797 1.000000
aniFrame
  m_time 1.973000
  m_vertexTransformMat 0.987033 0.159255 0.020094 0.000000 -0.147894 0.950918 -0.271811 0.000000 -0.062395 0.265314 0.962141 0.000000 0.871651 -0.894286 -0.163429 1.000000
aniFrame
  m_time 1.989000
  m_vertexTransformMat 0.986913 0.156781 0.037711 0.000000 -0.141231 0.953270 -0.267078 0.000000 -0.077821 0.258256 0.962937 0.000000 0.796932 -0.926458 -0.097209 1.000000
aniFrame
  m_time 2.005000
  m_vertexTransformMat 0.986534 0.154360 0.054083 0.000000 -0.135084 0.955379 -0.262686 0.000000 -0.092218 0.251842 0.963365 0.000000 0.695386 -0.972348 -0.062972 1.000000
aniFrame
  m_time 2.021000
  m_vertexTransformMat 0.985971 0.152091 0.068770 0.000000 -0.129455 0.956853 -0.260143 0.000000 -0.105369 0.247591 0.963118 0.000000 0.563267 -1.009486 -0.060733 1.000000
aniFrame
  m_time 2.037000
  m_vertexTransformMat 0.985179 0.149698 0.083744 0.000000 -0.123756 0.958380 -0.257281 0.000000 -0.118773 0.243103 0.962701 0.000000 0.399410 -1.051121 -0.077310 1.000000
aniFrame
  m_time 2.053000
  m_vertexTransformMat 0.984255 0.147237 0.097796 0.000000 -0.118371 0.959953 -0.253928 0.000000 -0.131267 0.238353 0.962267 0.000000 0.228991 -1.089664 -0.109493 1.000000
aniFrame
  m_time 2.069000
  m_vertexTransformMat 0.983061 0.144549 0.112679 0.000000 -0.112622 0.961457 -0.250835 0.000000 -0.144594 0.233896 0.961450 0.000000 0.028911 -1.120058 -0.148560 1.000000
aniFrame
  m_time 2.085000
  m_vertexTransformMat 0.981749 0.141657 0.126894 0.000000 -0.107033 0.963079 -0.247029 0.000000 -0.157202 0.228938 0.960664 0.000000 -0.169360 -1.156829 -0.193040 1.000000
aniFrame
  m_time 2.101000
  m_vertexTransformMat 0.980300 0.138665 0.140657 0.000000 -0.101449 0.964505 -0.243802 0.000000 -0.169471 0.224730 0.959571 0.000000 -0.363533 -1.176810 -0.232559 1.000000
aniFrame
  m_time 2.117000
