m_aniFrameList.size 84
aniFrame
  m_time -1.066000
  m_vertexTransformMat 0.169309 -0.353366 -0.920037 0.000000 -0.614510 0.691984 -0.378861 0.000000 0.770527 0.629516 -0.099988 0.000000 14.187364 9.401760 -4.274680 1.000000
aniFrame
  m_time -1.027000
  m_vertexTransformMat 0.190469 -0.458249 -0.868176 0.000000 -0.537261 0.691511 -0.482870 0.000000 0.821628 0.558409 -0.114488 0.000000 13.915765 10.417290 -5.494884 1.000000
aniFrame
  m_time -0.988000
  m_vertexTransformMat 0.206460 -0.575011 -0.791667 0.000000 -0.440536 0.667824 -0.599949 0.000000 0.873672 0.472623 -0.115434 0.000000 13.727663 11.410674 -6.994611 1.000000
aniFrame
  m_time -0.949000
  m_vertexTransformMat 0.209826 -0.677220 -0.705228 0.000000 -0.347380 0.622591 -0.701220 0.000000 0.913948 0.392116 -0.104616 0.000000 13.744621 12.265487 -8.440989 1.000000
aniFrame
  m_time -0.910000
  m_vertexTransformMat 0.202984 -0.745213 -0.635182 0.000000 -0.283538 0.576163 -0.766580 0.000000 0.937232 0.335701 -0.094344 0.000000 13.936368 12.958529 -9.458071 1.000000
aniFrame
  m_time -0.871000
  m_vertexTransformMat 0.193389 -0.765809 -0.613301 0.000000 -0.271750 0.558836 -0.783489 0.000000 0.942737 0.318183 -0.100036 0.000000 14.091726 13.537476 -9.769209 1.000000
aniFrame
  m_time -0.832000
  m_vertexTransformMat 0.184234 -0.745234 -0.640847 0.000000 -0.313941 0.573235 -0.756863 0.000000 0.931396 0.340628 -0.128350 0.000000 14.086598 14.140700 -9.519988 1.000000
aniFrame
  m_time -0.793000
  m_vertexTransformMat 0.171444 -0.703353 -0.689857 0.000000 -0.388806 0.595084 -0.703353 0.000000 0.905227 0.388806 -0.171444 0.000000 13.936247 14.835892 -9.122358 1.000000
aniFrame
  m_time -0.754000
  m_vertexTransformMat 0.150235 -0.644144 -0.750005 0.000000 -0.484732 0.613184 -0.623731 0.000000 0.861664 0.457257 -0.220116 0.000000 13.654439 15.589683 -8.690141 1.000000
aniFrame
  m_time -0.715000
  m_vertexTransformMat 0.118210 -0.572856 -0.811088 0.000000 -0.588703 0.617355 -0.521825 0.000000 0.799660 0.539174 -0.264264 0.000000 13.258320 16.348045 -8.306862 1.000000
aniFrame
  m_time -0.676000
  m_vertexTransformMat 0.073828 -0.495222 -0.865623 0.000000 -0.688343 0.602768 -0.403551 0.000000 0.721618 0.625639 -0.296382 0.000000 12.813966 17.041111 -7.960547 1.000000
aniFrame
  m_time -0.637000
  m_vertexTransformMat 0.018472 -0.417455 -0.908510 0.000000 -0.772584 0.570817 -0.277995 0.000000 0.634644 0.707035 -0.311975 0.000000 12.419768 17.596216 -7.629252 1.000000
aniFrame
  m_time -0.598000
  m_vertexTransformMat -0.044685 -0.345101 -0.937501 0.000000 -0.834079 0.529389 -0.155116 0.000000 0.549833 0.775018 -0.311497 0.000000 12.209810 17.950703 -7.345015 1.000000
aniFrame
  m_time -0.559000
  m_vertexTransformMat -0.109397 -0.281581 -0.953281 0.000000 -0.869875 0.491191 -0.045263 0.000000 0.480988 0.824283 -0.298675 0.000000 12.302503 18.049923 -7.132920 1.000000
aniFrame
  m_time -0.520000
  m_vertexTransformMat -0.173521 -0.222640 -0.959334 0.000000 -0.878004 0.476211 0.048293 0.000000 0.446094 0.850679 -0.278111 0.000000 12.984281 17.692522 -7.033236 1.000000
aniFrame
  m_time -0.481000
  m_vertexTransformMat -0.246348 -0.142359 -0.958670 0.000000 -0.845871 0.514422 0.140972 0.000000 0.473092 0.845639 -0.247144 0.000000 14.939050 16.169506 -7.154944 1.000000
aniFrame
  m_time -0.442000
  m_vertexTransformMat -0.309291 -0.035945 -0.950288 0.000000 -0.774938 0.588722 0.229952 0.000000 0.551189 0.807536 -0.209942 0.000000 17.538908 13.418280 -7.472866 1.000000
aniFrame
  m_time -0.403000
  m_vertexTransformMat -0.336422 0.074244 -0.938780 0.000000 -0.686046 0.663581 0.298331 0.000000 0.645106 0.744411 -0.172309 0.000000 19.575886 10.084681 -7.668888 1.000000
aniFrame
  m_time -0.364000
  m_vertexTransformMat -0.324658 0.156230 -0.932840 0.000000 -0.610548 0.718641 0.332846 0.000000 0.722377 0.677605 -0.137926 0.000000 20.545012 7.154673 -7.472122 1.000000
aniFrame
  m_time -0.325000
  m_vertexTransformMat -0.290043 0.181239 -0.939695 0.000000 -0.579343 0.748292 0.323141 0.000000 0.761733 0.638130 -0.112037 0.000000 20.646446 5.661748 -6.852606 1.000000
aniFrame
  m_time -0.286000
  m_vertexTransformMat -0.244760 0.163258 -0.955740 0.000000 -0.583117 0.762748 0.279624 0.000000 0.774640 0.625749 -0.091492 0.000000 20.313534 5.261344 -5.912581 1.000000
aniFrame
  m_time -0.247000
  m_vertexTransformMat -0.190906 0.125190 -0.973592 0.000000 -0.598542 0.771271 0.216539 0.000000 0.778012 0.624074 -0.072309 0.000000 19.769278 5.223550 -4.841449 1.000000
aniFrame
  m_time -0.208000
  m_vertexTransformMat -0.131539 0.069345 -0.988883 0.000000 -0.618813 0.773577 0.136560 0.000000 0.774447 0.629897 -0.058844 0.000000 19.039246 5.510689 -3.853171 1.000000
aniFrame
  m_time -0.169000
  m_vertexTransformMat -0.068888 -0.000197 -0.997625 0.000000 -0.638427 0.768427 0.043933 0.000000 0.766593 0.639937 -0.053061 0.000000 18.170033 6.062729 -3.128240 1.000000
aniFrame
  m_time -0.130000
  m_vertexTransformMat -0.004942 -0.078830 -0.996876 0.000000 -0.652091 0.756029 -0.056552 0.000000 0.758125 0.649774 -0.055141 0.000000 17.194118 6.788033 -2.799763 1.000000
aniFrame
  m_time -0.091000
  m_vertexTransformMat 0.056399 -0.162441 -0.985105 0.000000 -0.655297 0.738388 -0.159276 0.000000 0.753263 0.654520 -0.064802 0.000000 16.170450 7.592992 -2.899166 1.000000
aniFrame
  m_time -0.052000
  m_vertexTransformMat 0.111537 -0.246465 -0.962712 0.000000 -0.646506 0.717727 -0.258648 0.000000 0.754712 0.651248 -0.079288 0.000000 15.202122 8.406668 -3.347550 1.000000
aniFrame
  m_time -0.013000
  m_vertexTransformMat 0.156058 -0.325424 -0.932601 0.000000 -0.626092 0.697677 -0.348217 0.000000 0.763973 0.638237 -0.094867 0.000000 14.413945 9.151253 -4.003085 1.000000
aniFrame
  m_time 0.025000
  m_vertexTransformMat 0.191475 -0.411828 -0.890918 0.000000 -0.581092 0.683964 -0.441051 0.000000 0.790993 0.602156 -0.108348 0.000000 13.829622 9.901063 -4.896986 1.000000
aniFrame
  m_time 0.064000
  m_vertexTransformMat 0.215836 -0.523403 -0.824297 0.000000 -0.497386 0.667524 -0.554094 0.000000 0.840251 0.529587 -0.116258 0.000000 13.489274 10.822927 -6.264640 1.000000
aniFrame
  m_time 0.103000
  m_vertexTransformMat 0.221765 -0.635720 -0.739379 0.000000 -0.396863 0.633772 -0.663953 0.000000 0.890685 0.440674 -0.111746 0.000000 13.464487 11.764092 -7.819247 1.000000
aniFrame
  m_time 0.142000
  m_vertexTransformMat 0.211703 -0.721848 -0.658877 0.000000 -0.311196 0.589281 -0.745591 0.000000 0.926466 0.362883 -0.099884 0.000000 13.727325 12.592122 -9.101707 1.000000
aniFrame
  m_time 0.181000
  m_vertexTransformMat 0.197104 -0.763336 -0.615199 0.000000 -0.270606 0.560771 -0.782502 0.000000 0.942297 0.320710 -0.096033 0.000000 14.032492 13.275793 -9.721521 1.000000
aniFrame
  m_time 0.220000
  m_vertexTransformMat 0.187423 -0.755307 -0.628000 0.000000 -0.293586 0.567032 -0.769599 0.000000 0.937379 0.328612 -0.115472 0.000000 14.112406 13.909424 -9.624763 1.000000
aniFrame
  m_time 0.259000
  m_vertexTransformMat 0.176563 -0.719792 -0.671361 0.000000 -0.359784 0.587682 -0.724697 0.000000 0.916177 0.369500 -0.155207 0.000000 14.004344 14.585094 -9.264168 1.000000
aniFrame
  m_time 0.298000
  m_vertexTransformMat 0.158914 -0.666372 -0.728488 0.000000 -0.449519 0.608111 -0.654319 0.000000 0.879022 0.431450 -0.202910 0.000000 13.768126 15.322660 -8.833084 1.000000
aniFrame
  m_time 0.337000
  m_vertexTransformMat 0.130906 -0.598745 -0.790170 0.000000 -0.551999 0.618034 -0.559759 0.000000 0.823505 0.509449 -0.249602 0.000000 13.407027 16.082323 -8.428210 1.000000
aniFrame
  m_time 0.376000
  m_vertexTransformMat 0.090810 -0.522549 -0.847760 0.000000 -0.654521 0.610277 -0.446279 0.000000 0.750571 0.595403 -0.286600 0.000000 12.969204 16.803553 -8.073810 1.000000
aniFrame
  m_time 0.415000
  m_vertexTransformMat 0.039104 -0.444066 -0.895140 0.000000 -0.745232 0.583809 -0.322175 0.000000 0.665658 0.679685 -0.308103 0.000000 12.542687 17.414343 -7.733253 1.000000
aniFrame
  m_time 0.454000
  m_vertexTransformMat -0.021888 -0.369256 -0.929070 0.000000 -0.815404 0.544298 -0.197119 0.000000 0.578478 0.753253 -0.313007 0.000000 12.251642 17.847618 -7.429862 1.000000
aniFrame
  m_time 0.493000
  m_vertexTransformMat -0.087062 -0.302161 -0.949273 0.000000 -0.860265 0.503321 -0.081313 0.000000 0.502359 0.809547 -0.303759 0.000000 12.229200 18.038712 -7.188856 1.000000
aniFrame
  m_time 0.532000
  m_vertexTransformMat -0.149883 -0.244542 -0.957985 0.000000 -0.879527 0.475573 0.016210 0.000000 0.451627 0.845003 -0.286362 0.000000 12.601296 17.927340 -7.043836 1.000000
aniFrame
  m_time 0.571000
  m_vertexTransformMat -0.219823 -0.174636 -0.959782 0.000000 -0.862592 0.494321 0.107620 0.000000 0.455645 0.851557 -0.259302 0.000000 14.094653 16.879175 -7.077987 1.000000
aniFrame
  m_time 0.610000
  m_vertexTransformMat -0.290188 -0.075526 -0.953985 0.000000 -0.803512 0.560677 0.200028 0.000000 0.519770 0.824583 -0.223388 0.000000 16.625784 14.502772 -7.352682 1.000000
aniFrame
  m_time 0.649000
  m_vertexTransformMat -0.331638 0.036744 -0.942691 0.000000 -0.717729 0.638686 0.277391 0.000000 0.612276 0.768590 -0.185440 0.000000 18.969257 11.274514 -7.633453 1.000000
aniFrame
  m_time 0.688000
  m_vertexTransformMat -0.332359 0.133025 -0.933725 0.000000 -0.633141 0.702305 0.325422 0.000000 0.699049 0.699336 -0.149194 0.000000 20.323376 8.057712 -7.589250 1.000000
aniFrame
  m_time 0.727000
  m_vertexTransformMat -0.303617 0.178396 -0.935944 0.000000 -0.585374 0.740134 0.330967 0.000000 0.751768 0.648364 -0.120289 0.000000 20.675814 6.030208 -7.112571 1.000000
aniFrame
  m_time 0.766000
  m_vertexTransformMat -0.261795 0.171687 -0.949730 0.000000 -0.580356 0.758254 0.297049 0.000000 0.771136 0.628948 -0.098868 0.000000 20.452974 5.367624 -6.267256 1.000000
aniFrame
  m_time 0.805000
  m_vertexTransformMat -0.210909 0.140804 -0.967312 0.000000 -0.591951 0.769093 0.241018 0.000000 0.777889 0.623434 -0.078860 0.000000 19.986141 5.191991 -5.225834 1.000000
aniFrame
  m_time 0.844000
  m_vertexTransformMat -0.153416 0.090816 -0.983980 0.000000 -0.611248 0.773683 0.166709 0.000000 0.776428 0.627031 -0.063184 0.000000 19.317598 5.371513 -4.189324 1.000000
aniFrame
  m_time 0.883000
  m_vertexTransformMat -0.091951 0.025495 -0.995437 0.000000 -0.631703 0.771266 0.078106 0.000000 0.769738 0.636003 -0.054813 0.000000 18.493589 5.840451 -3.357295 1.000000
aniFrame
  m_time 0.922000
  m_vertexTransformMat -0.028161 -0.050692 -0.998317 0.000000 -0.648910 0.760594 -0.020317 0.000000 0.760344 0.647246 -0.054314 0.000000 17.545187 6.536499 -2.881579 1.000000
aniFrame
  m_time 0.961000
  m_vertexTransformMat 0.034702 -0.133185 -0.990483 0.000000 -0.655694 0.744918 -0.123137 0.000000 0.754229 0.653727 -0.061479 0.000000 16.535288 7.314865 -2.834253 1.000000
aniFrame
  m_time 1.000000
  m_vertexTransformMat 0.092650 -0.217551 -0.971642 0.000000 -0.651192 0.724973 -0.224416 0.000000 0.753236 0.653518 -0.074498 0.000000 15.535193 8.132891 -3.168615 1.000000
aniFrame
  m_time 1.039000
  m_vertexTransformMat 0.141688 -0.299374 -0.943557 0.000000 -0.634300 0.704330 -0.318721 0.000000 0.759992 0.643657 -0.090098 0.000000 14.668775 8.913267 -3.772465 1.000000
aniFrame
  m_time 1.078000
  m_vertexTransformMat 0.180023 -0.379536 -0.907494 0.000000 -0.600880 0.688001 -0.406938 0.000000 0.778804 0.618553 -0.104199 0.000000 14.011359 9.630905 -4.544586 1.000000
aniFrame
  m_time 1.117000
  m_vertexTransformMat 0.209100 -0.482452 -0.850598 0.000000 -0.530440 0.674783 -0.513128 0.000000 0.821529 0.558487 -0.114815 0.000000 13.576715 10.487523 -5.739400 1.000000
aniFrame
  m_time 1.156000
  m_vertexTransformMat 0.222126 -0.598543 -0.769680 0.000000 -0.431434 0.647577 -0.628099 0.000000 0.874371 0.471583 -0.114388 0.000000 13.436027 11.443940 -7.282975 1.000000
aniFrame
  m_time 1.195000
  m_vertexTransformMat 0.216956 -0.696521 -0.683951 0.000000 -0.335993 0.604548 -0.722240 0.000000 0.916536 0.386497 -0.102866 0.000000 13.621284 12.315701 -8.702551 1.000000
aniFrame
  m_time 1.234000
  m_vertexTransformMat 0.202416 -0.755318 -0.623317 0.000000 -0.276248 0.566604 -0.776304 0.000000 0.939529 0.329326 -0.093965 0.000000 13.950778 13.049510 -9.586957 1.000000
aniFrame
  m_time 1.273000
  m_vertexTransformMat 0.190941 -0.763333 -0.617142 0.000000 -0.277600 0.561053 -0.779845 0.000000 0.941531 0.320223 -0.104773 0.000000 14.114535 13.686879 -9.718372 1.000000
aniFrame
  m_time 1.312000
  m_vertexTransformMat 0.181424 -0.734792 -0.653579 0.000000 -0.333021 0.579434 -0.743877 0.000000 0.925301 0.352612 -0.139578 0.000000 14.056829 14.342106 -9.406699 1.000000
aniFrame
  m_time 1.351000
  m_vertexTransformMat 0.166421 -0.687243 -0.707108 0.000000 -0.415719 0.601361 -0.682308 0.000000 0.894138 0.407508 -0.185620 0.000000 13.865545 15.059043 -8.988136 1.000000
aniFrame
  m_time 1.390000
  m_vertexTransformMat 0.142072 -0.623801 -0.768562 0.000000 -0.515543 0.616185 -0.595425 0.000000 0.845004 0.480820 -0.234054 0.000000 13.545306 15.820910 -8.567224 1.000000
aniFrame
  m_time 1.429000
  m_vertexTransformMat 0.106269 -0.549952 -0.828409 0.000000 -0.619516 0.615041 -0.487776 0.000000 0.777758 0.565048 -0.275344 0.000000 13.126260 16.565441 -8.201367 1.000000
aniFrame
  m_time 1.468000
  m_vertexTransformMat 0.058219 -0.471540 -0.879921 0.000000 -0.715529 0.594933 -0.366160 0.000000 0.696153 0.650927 -0.302764 0.000000 12.688184 17.219854 -7.856065 1.000000
aniFrame
  m_time 1.507000
  m_vertexTransformMat -0.000155 -0.394888 -0.918729 0.000000 -0.793618 0.559019 -0.240143 0.000000 0.608417 0.729083 -0.313477 0.000000 12.338701 17.721340 -7.538663 1.000000
aniFrame
  m_time 1.546000
  m_vertexTransformMat -0.064502 -0.324791 -0.943584 0.000000 -0.847525 0.517007 -0.120024 0.000000 0.526822 0.791969 -0.308616 0.000000 12.206126 18.004362 -7.271394 1.000000
aniFrame
  m_time 1.585000
  m_vertexTransformMat -0.127765 -0.264810 -0.955799 0.000000 -0.876071 0.481904 -0.016407 0.000000 0.464948 0.835251 -0.293563 0.000000 12.389857 18.033495 -7.085968 1.000000
aniFrame
  m_time 1.624000
  m_vertexTransformMat -0.194381 -0.202076 -0.959886 0.000000 -0.873120 0.481637 0.075415 0.000000 0.447077 0.852755 -0.270058 0.000000 13.427359 17.387236 -7.041341 1.000000
aniFrame
  m_time 1.663000
  m_vertexTransformMat -0.267857 -0.112434 -0.956876 0.000000 -0.827896 0.534845 0.168907 0.000000 0.492789 0.837437 -0.236346 0.000000 15.715730 15.449450 -7.241960 1.000000
aniFrame
  m_time 1.702000
  m_vertexTransformMat -0.321723 -0.002561 -0.946831 0.000000 -0.749332 0.611974 0.252960 0.000000 0.578788 0.790874 -0.198805 0.000000 18.240822 12.458360 -7.561623 1.000000
aniFrame
  m_time 1.741000
  m_vertexTransformMat -0.336523 0.102786 -0.936049 0.000000 -0.660834 0.682376 0.312510 0.000000 0.670859 0.723740 -0.161710 0.000000 19.976370 9.128971 -7.659243 1.000000
aniFrame
  m_time 1.780000
  m_vertexTransformMat -0.315856 0.169404 -0.933562 0.000000 -0.596618 0.729605 0.334250 0.000000 0.737755 0.662555 -0.129380 0.000000 20.642580 6.559923 -7.329110 1.000000
aniFrame
  m_time 1.819000
  m_vertexTransformMat -0.277745 0.177944 -0.944031 0.000000 -0.578044 0.753930 0.312178 0.000000 0.767283 0.632397 -0.106541 0.000000 20.573729 5.495634 -6.602825 1.000000
aniFrame
  m_time 1.858000
  m_vertexTransformMat -0.231058 0.151736 -0.961035 0.000000 -0.582093 0.769922 0.261512 0.000000 0.779603 0.619836 -0.089572 0.000000 20.193075 5.230638 -5.649867 1.000000
aniFrame
  m_time 1.897000
  m_vertexTransformMat -0.177824 0.105060 -0.978438 0.000000 -0.593382 0.781741 0.191783 0.000000 0.785033 0.614691 -0.076671 0.000000 19.631451 5.352446 -4.660278 1.000000
aniFrame
  m_time 1.936000
  m_vertexTransformMat -0.120095 0.041570 -0.991892 0.000000 -0.607702 0.786983 0.106561 0.000000 0.785032 0.615573 -0.069250 0.000000 18.919987 5.804620 -3.807930 1.000000
aniFrame
  m_time 1.975000
  m_vertexTransformMat -0.059464 -0.033946 -0.997653 0.000000 -0.621215 0.783572 0.010365 0.000000 0.781381 0.620373 -0.067682 0.000000 18.091619 6.494698 -3.242280 1.000000
aniFrame
  m_time 2.014000
  m_vertexTransformMat 0.002116 -0.116104 -0.993235 0.000000 -0.630488 0.770794 -0.091445 0.000000 0.776196 0.626416 -0.071571 0.000000 17.142105 7.307492 -3.069414 1.000000
aniFrame
  m_time 2.053000
  m_vertexTransformMat 0.062368 -0.199568 -0.977898 0.000000 -0.632338 0.750158 -0.193421 0.000000 0.772178 0.630425 -0.079409 0.000000 16.122473 8.112503 -3.255806 1.000000
aniFrame
  m_time 2.092000
  m_vertexTransformMat 0.118223 -0.279012 -0.952983 0.000000 -0.627213 0.723044 -0.289501 0.000000 0.769823 0.631949 -0.089520 0.000000 15.115749 8.831614 -3.698344 1.000000
aniFrame
  m_time 2.131000
  m_vertexTransformMat 0.167068 -0.349335 -0.921983 0.000000 -0.615205 0.693813 -0.374361 0.000000 0.770461 0.629753 -0.098999 0.000000 14.228425 9.365387 -4.236776 1.000000
aniFrame
  m_time 2.133000
  m_vertexTransformMat 0.169309 -0.353366 -0.920036 0.000000 -0.614510 0.691984 -0.378861 0.000000 0.770527 0.629516 -0.099988 0.000000 14.187362 9.401758 -4.274682 1.000000
