m_aniFrameList.size 202
aniFrame
  m_time -1.066000
  m_vertexTransformMat -0.394043 0.919070 0.006284 0.000000 0.916662 0.393489 -0.069976 0.000000 -0.066786 -0.021814 -0.997529 0.000000 -14.539123 25.582224 -36.957001 1.000000
aniFrame
  m_time -1.050000
  m_vertexTransformMat -0.428313 0.903313 0.023957 0.000000 0.902350 0.428967 -0.041852 0.000000 -0.048082 0.003692 -0.998837 0.000000 -15.311793 25.478424 -36.739536 1.000000
aniFrame
  m_time -1.034000
  m_vertexTransformMat -0.463451 0.885180 0.040893 0.000000 0.885608 0.464261 -0.012686 0.000000 -0.030215 0.030335 -0.999084 0.000000 -16.113823 25.334047 -36.531616 1.000000
aniFrame
  m_time -1.018000
  m_vertexTransformMat -0.500785 0.863546 0.059204 0.000000 0.865498 0.500467 0.021158 0.000000 -0.011358 0.061837 -0.998022 0.000000 -16.945358 25.186979 -36.293030 1.000000
aniFrame
  m_time -1.002000
  m_vertexTransformMat -0.538946 0.838784 0.077320 0.000000 0.842316 0.535959 0.057019 0.000000 0.006387 0.095858 -0.995375 0.000000 -17.802673 25.005539 -36.041027 1.000000
aniFrame
  m_time -0.986000
  m_vertexTransformMat -0.576330 0.811711 0.094708 0.000000 0.816937 0.569218 0.092759 0.000000 0.021384 0.130830 -0.991174 0.000000 -18.663158 24.781984 -35.768669 1.000000
aniFrame
  m_time -0.970000
  m_vertexTransformMat -0.612558 0.782558 0.111250 0.000000 0.789723 0.599987 0.127880 0.000000 0.033325 0.166190 -0.985531 0.000000 -19.522190 24.512499 -35.475895 1.000000
aniFrame
  m_time -0.954000
  m_vertexTransformMat -0.646010 0.752795 0.126378 0.000000 0.762228 0.627283 0.159765 0.000000 0.040996 0.199538 -0.979032 0.000000 -20.347376 24.191378 -35.159039 1.000000
aniFrame
  m_time -0.938000
  m_vertexTransformMat -0.676503 0.722909 0.140523 0.000000 0.735086 0.651283 0.188361 0.000000 0.044647 0.230723 -0.971995 0.000000 -21.136250 23.827785 -34.814152 1.000000
aniFrame
  m_time -0.922000
  m_vertexTransformMat -0.702615 0.694889 0.153169 0.000000 0.710232 0.671662 0.210808 0.000000 0.043610 0.256902 -0.965453 0.000000 -21.874880 23.420355 -34.455021 1.000000
aniFrame
  m_time -0.906000
  m_vertexTransformMat -0.724385 0.669355 0.165016 0.000000 0.688320 0.688867 0.227327 0.000000 0.038489 0.278256 -0.959736 0.000000 -22.556747 22.987026 -34.072166 1.000000
aniFrame
  m_time -0.890000
  m_vertexTransformMat -0.740397 0.648871 0.175440 0.000000 0.671552 0.702884 0.234459 0.000000 0.028820 0.291410 -0.956164 0.000000 -23.184126 22.530729 -33.712719 1.000000
aniFrame
  m_time -0.874000
  m_vertexTransformMat -0.750978 0.633876 0.185025 0.000000 0.660149 0.714183 0.232695 0.000000 0.015358 0.296893 -0.954788 0.000000 -23.750463 22.071232 -33.360756 1.000000
aniFrame
  m_time -0.858000
  m_vertexTransformMat -0.756990 0.623936 0.194089 0.000000 0.653426 0.723215 0.223595 0.000000 -0.000859 0.296082 -0.955162 0.000000 -24.265579 21.613016 -33.014397 1.000000
aniFrame
  m_time -0.842000
  m_vertexTransformMat -0.758389 0.619524 0.202574 0.000000 0.651504 0.729903 0.206843 0.000000 -0.019715 0.288845 -0.957173 0.000000 -24.728132 21.167154 -32.670326 1.000000
aniFrame
  m_time -0.826000
  m_vertexTransformMat -0.757420 0.617945 0.210857 0.000000 0.651729 0.735084 0.186816 0.000000 -0.039556 0.278920 -0.959500 0.000000 -25.156271 20.722883 -32.319050 1.000000
aniFrame
  m_time -0.810000
  m_vertexTransformMat -0.753958 0.619309 0.219098 0.000000 0.654118 0.738541 0.163365 0.000000 -0.060639 0.266486 -0.961930 0.000000 -25.556791 20.287739 -31.950315 1.000000
aniFrame
  m_time -0.794000
  m_vertexTransformMat -0.748771 0.623016 0.226263 0.000000 0.657717 0.740682 0.137109 0.000000 -0.082168 0.251480 -0.964369 0.000000 -25.919638 19.847136 -31.607225 1.000000
aniFrame
  m_time -0.778000
  m_vertexTransformMat -0.741338 0.629403 0.232959 0.000000 0.662845 0.741038 0.107231 0.000000 -0.105140 0.233910 -0.966556 0.000000 -26.262489 19.413973 -31.265476 1.000000
aniFrame
  m_time -0.762000
  m_vertexTransformMat -0.733019 0.637360 0.237603 0.000000 0.668104 0.740226 0.075517 0.000000 -0.127749 0.214099 -0.968422 0.000000 -26.563778 18.966219 -30.986547 1.000000
aniFrame
  m_time -0.746000
  m_vertexTransformMat -0.723288 0.647023 0.241279 0.000000 0.673649 0.737940 0.040524 0.000000 -0.151829 0.191848 -0.969609 0.000000 -26.864748 18.508738 -30.732943 1.000000
aniFrame
  m_time -0.730000
  m_vertexTransformMat -0.712203 0.658537 0.243095 0.000000 0.679676 0.733501 0.004235 0.000000 -0.175522 0.168242 -0.969993 0.000000 -27.116043 18.072224 -30.534754 1.000000
aniFrame
  m_time -0.714000
  m_vertexTransformMat -0.701509 0.670098 0.242598 0.000000 0.684140 0.728553 -0.034095 0.000000 -0.199593 0.142053 -0.969528 0.000000 -27.370953 17.582682 -30.403954 1.000000
aniFrame
  m_time -0.698000
  m_vertexTransformMat -0.689163 0.683262 0.241261 0.000000 0.688949 0.721024 -0.073988 0.000000 -0.224508 0.115226 -0.967636 0.000000 -27.605715 17.129436 -30.283186 1.000000
aniFrame
  m_time -0.682000
  m_vertexTransformMat -0.677437 0.696442 0.236743 0.000000 0.692471 0.712364 -0.114111 0.000000 -0.248119 0.086634 -0.964848 0.000000 -27.803129 16.649561 -30.246435 1.000000
aniFrame
  m_time -0.666000
  m_vertexTransformMat -0.666772 0.708418 0.231428 0.000000 0.693366 0.703525 -0.155874 0.000000 -0.273239 0.056532 -0.960284 0.000000 -28.051277 16.111277 -30.205351 1.000000
aniFrame
  m_time -0.650000
  m_vertexTransformMat -0.656380 0.720462 0.223829 0.000000 0.693522 0.693007 -0.196898 0.000000 -0.296972 0.025990 -0.954532 0.000000 -28.265900 15.580963 -30.220621 1.000000
aniFrame
  m_time -0.634000
  m_vertexTransformMat -0.647264 0.731520 0.214311 0.000000 0.691706 0.681796 -0.238115 0.000000 -0.320302 -0.005883 -0.947298 0.000000 -28.477896 15.017606 -30.268160 1.000000
aniFrame
  m_time -0.618000
  m_vertexTransformMat -0.639333 0.741328 0.204173 0.000000 0.688020 0.670087 -0.278589 0.000000 -0.343339 -0.037636 -0.938457 0.000000 -28.706610 14.437491 -30.314941 1.000000
aniFrame
  m_time -0.602000
  m_vertexTransformMat -0.633127 0.749913 0.191783 0.000000 0.682821 0.657788 -0.317917 0.000000 -0.364562 -0.070328 -0.928519 0.000000 -28.923811 13.833912 -30.413107 1.000000
aniFrame
  m_time -0.586000
  m_vertexTransformMat -0.628670 0.756601 0.179800 0.000000 0.675206 0.645758 -0.356503 0.000000 -0.385838 -0.102720 -0.916830 0.000000 -29.169127 13.206889 -30.473745 1.000000
aniFrame
  m_time -0.570000
  m_vertexTransformMat -0.626349 0.761585 0.166356 0.000000 0.666304 0.633800 -0.392855 0.000000 -0.404629 -0.135221 -0.904428 0.000000 -29.410179 12.560527 -30.574886 1.000000
aniFrame
  m_time -0.554000
  m_vertexTransformMat -0.625888 0.764673 0.153425 0.000000 0.655767 0.622464 -0.427209 0.000000 -0.422177 -0.166774 -0.891040 0.000000 -29.661440 11.913644 -30.643721 1.000000
aniFrame
  m_time -0.538000
  m_vertexTransformMat -0.627926 0.765393 0.141005 0.000000 0.643159 0.612346 -0.459759 0.000000 -0.438240 -0.198006 -0.876778 0.000000 -29.930595 11.236748 -30.696213 1.000000
aniFrame
  m_time -0.522000
  m_vertexTransformMat -0.635209 0.761808 0.127114 0.000000 0.624794 0.603605 -0.495271 0.000000 -0.454028 -0.235181 -0.859389 0.000000 -30.280809 10.388033 -30.750256 1.000000
aniFrame
  m_time -0.506000
  m_vertexTransformMat -0.647084 0.753970 0.113191 0.000000 0.601109 0.595847 -0.532574 0.000000 -0.468989 -0.276580 -0.838781 0.000000 -30.690403 9.392683 -30.772966 1.000000
aniFrame
  m_time -0.490000
  m_vertexTransformMat -0.664120 0.741213 0.097720 0.000000 0.570915 0.587186 -0.573819 0.000000 -0.482702 -0.325294 -0.813132 0.000000 -31.165306 8.186937 -30.771769 1.000000
aniFrame
  m_time -0.474000
  m_vertexTransformMat -0.685491 0.723370 0.082693 0.000000 0.534001 0.576716 -0.618257 0.000000 -0.494919 -0.379651 -0.781614 0.000000 -31.687744 6.793965 -30.685287 1.000000
aniFrame
  m_time -0.458000
  m_vertexTransformMat -0.708011 0.702903 0.068180 0.000000 0.495431 0.563181 -0.661345 0.000000 -0.503259 -0.434460 -0.746978 0.000000 -32.168446 5.366084 -30.537527 1.000000
aniFrame
  m_time -0.442000
  m_vertexTransformMat -0.731480 0.679544 0.056191 0.000000 0.453728 0.546603 -0.703816 0.000000 -0.508988 -0.489331 -0.708157 0.000000 -32.637962 3.897291 -30.257545 1.000000
aniFrame
  m_time -0.426000
  m_vertexTransformMat -0.753171 0.656294 0.044847 0.000000 0.415650 0.527629 -0.740839 0.000000 -0.509871 -0.539338 -0.670184 0.000000 -32.998055 2.553409 -29.966297 1.000000
aniFrame
  m_time -0.410000
  m_vertexTransformMat -0.773268 0.633013 0.036763 0.000000 0.378097 0.506862 -0.774683 0.000000 -0.509018 -0.585138 -0.631280 0.000000 -33.348007 1.308276 -29.546623 1.000000
aniFrame
  m_time -0.394000
  m_vertexTransformMat -0.790426 0.611853 0.029390 0.000000 0.347500 0.487399 -0.801054 0.000000 -0.504451 -0.622960 -0.597871 0.000000 -33.576962 0.283835 -29.190582 1.000000
aniFrame
  m_time -0.378000
  m_vertexTransformMat -0.803643 0.594679 0.022679 0.000000 0.323960 0.469128 -0.821565 0.000000 -0.499207 -0.652898 -0.569664 0.000000 -33.740734 -0.475583 -28.877256 1.000000
aniFrame
  m_time -0.362000
  m_vertexTransformMat -0.813470 0.581267 0.019888 0.000000 0.306244 0.457151 -0.835002 0.000000 -0.494451 -0.673158 -0.549888 0.000000 -33.874626 -0.951181 -28.591274 1.000000
aniFrame
  m_time -0.346000
  m_vertexTransformMat -0.817975 0.575085 0.013929 0.000000 0.303222 0.451614 -0.839107 0.000000 -0.488849 -0.682145 -0.543788 0.000000 -33.841923 -1.022122 -28.622803 1.000000
aniFrame
  m_time -0.330000
  m_vertexTransformMat -0.817363 0.576050 0.009163 0.000000 0.308807 0.451486 -0.837137 0.000000 -0.486370 -0.681415 -0.546916 0.000000 -33.774170 -0.715257 -28.772425 1.000000
aniFrame
  m_time -0.314000
  m_vertexTransformMat -0.812934 0.582349 0.002976 0.000000 0.325113 0.458072 -0.827328 0.000000 -0.483156 -0.671596 -0.561711 0.000000 -33.588524 -0.092614 -29.154139 1.000000
aniFrame
  m_time -0.298000
  m_vertexTransformMat -0.805638 0.592380 -0.005885 0.000000 0.348633 0.466063 -0.813168 0.000000 -0.478961 -0.657170 -0.582001 0.000000 -33.300797 0.700198 -29.689510 1.000000
aniFrame
  m_time -0.282000
  m_vertexTransformMat -0.795894 0.605269 -0.014210 0.000000 0.375836 0.475529 -0.795375 0.000000 -0.474658 -0.638374 -0.605952 0.000000 -32.951694 1.665761 -30.272795 1.000000
aniFrame
  m_time -0.266000
  m_vertexTransformMat -0.783581 0.620830 -0.023913 0.000000 0.408254 0.485502 -0.773057 0.000000 -0.468326 -0.615515 -0.633887 0.000000 -32.481937 2.782407 -30.958557 1.000000
aniFrame
  m_time -0.250000
  m_vertexTransformMat -0.768512 0.638978 -0.033119 0.000000 0.443629 0.494833 -0.747217 0.000000 -0.461066 -0.588938 -0.663755 0.000000 -31.931343 4.041288 -31.663980 1.000000
aniFrame
  m_time -0.234000
  m_vertexTransformMat -0.750725 0.659269 -0.042166 0.000000 0.482577 0.503693 -0.716529 0.000000 -0.451146 -0.558264 -0.696283 0.000000 -31.246887 5.444182 -32.415157 1.000000
aniFrame
  m_time -0.218000
  m_vertexTransformMat -0.730300 0.681242 -0.050715 0.000000 0.523512 0.510424 -0.682204 0.000000 -0.438860 -0.524763 -0.729401 0.000000 -30.444971 6.941078 -33.166363 1.000000
aniFrame
  m_time -0.202000
  m_vertexTransformMat -0.707249 0.704618 -0.057554 0.000000 0.565469 0.514956 -0.644255 0.000000 -0.424316 -0.488194 -0.762642 0.000000 -29.532343 8.532962 -33.881981 1.000000
aniFrame
  m_time -0.186000
  m_vertexTransformMat -0.681943 0.728656 -0.063358 0.000000 0.608007 0.516608 -0.602863 0.000000 -0.406548 -0.449640 -0.795325 0.000000 -28.488329 10.174030 -34.571064 1.000000
aniFrame
  m_time -0.170000
  m_vertexTransformMat -0.654450 0.753125 -0.067068 0.000000 0.650058 0.515140 -0.558620 0.000000 -0.386161 -0.409187 -0.826708 0.000000 -27.339222 11.858096 -35.195938 1.000000
aniFrame
  m_time -0.154000
  m_vertexTransformMat -0.625511 0.777191 -0.068629 0.000000 0.690700 0.510689 -0.511987 0.000000 -0.362863 -0.367656 -0.856247 0.000000 -26.095675 13.539843 -35.752254 1.000000
aniFrame
  m_time -0.138000
  m_vertexTransformMat -0.595200 0.800660 -0.068425 0.000000 0.729596 0.502752 -0.463606 0.000000 -0.336790 -0.325860 -0.883396 0.000000 -24.771566 15.205678 -36.241344 1.000000
aniFrame
  m_time -0.122000
  m_vertexTransformMat -0.564652 0.822749 -0.065223 0.000000 0.765447 0.492492 -0.414178 0.000000 -0.308642 -0.283791 -0.907856 0.000000 -23.408644 16.821327 -36.620117 1.000000
aniFrame
  m_time -0.106000
  m_vertexTransformMat -0.533991 0.843311 -0.060662 0.000000 0.798390 0.479332 -0.364437 0.000000 -0.278257 -0.243038 -0.929250 0.000000 -22.013817 18.365318 -36.929554 1.000000
aniFrame
  m_time -0.090000
  m_vertexTransformMat -0.504469 0.861752 -0.053807 0.000000 0.827642 0.464864 -0.314500 0.000000 -0.246008 -0.203189 -0.947731 0.000000 -20.626022 19.814920 -37.140072 1.000000
aniFrame
  m_time -0.074000
  m_vertexTransformMat -0.476529 0.878002 -0.045099 0.000000 0.852839 0.449195 -0.266253 0.000000 -0.213512 -0.165340 -0.962848 0.000000 -19.281660 21.155758 -37.253387 1.000000
aniFrame
  m_time -0.058000
  m_vertexTransformMat -0.451309 0.891655 -0.035657 0.000000 0.874101 0.433674 -0.218803 0.000000 -0.179634 -0.129916 -0.975118 0.000000 -18.001768 22.362431 -37.308987 1.000000
aniFrame
  m_time -0.042000
  m_vertexTransformMat -0.429349 0.902812 -0.024270 0.000000 0.891093 0.419096 -0.174102 0.000000 -0.147010 -0.096377 -0.984428 0.000000 -16.837206 23.445118 -37.265831 1.000000
aniFrame
  m_time -0.026000
  m_vertexTransformMat -0.411655 0.911241 -0.013413 0.000000 0.903985 0.406422 -0.132785 0.000000 -0.115548 -0.066786 -0.991054 0.000000 -15.819345 24.364126 -37.192039 1.000000
aniFrame
  m_time -0.010000
  m_vertexTransformMat -0.398027 0.917372 -0.001943 0.000000 0.913336 0.396075 -0.094568 0.000000 -0.085984 -0.039415 -0.995517 0.000000 -14.954469 25.154333 -37.060959 1.000000
aniFrame
  m_time 0.005000
  m_vertexTransformMat -0.394058 0.919026 0.010527 0.000000 0.917302 0.393981 -0.057761 0.000000 -0.057231 -0.013105 -0.998275 0.000000 -14.392932 25.762140 -36.904594 1.000000
aniFrame
  m_time 0.021000
  m_vertexTransformMat -0.400823 0.915836 0.024205 0.000000 0.915683 0.401325 -0.021536 0.000000 -0.029438 0.013531 -0.999475 0.000000 -14.172328 26.195196 -36.724777 1.000000
aniFrame
  m_time 0.037000
  m_vertexTransformMat -0.418714 0.907265 0.039374 0.000000 0.908114 0.418455 0.014990 0.000000 -0.002877 0.042032 -0.999112 0.000000 -14.301986 26.465561 -36.520981 1.000000
aniFrame
  m_time 0.053000
  m_vertexTransformMat -0.449181 0.891679 0.056082 0.000000 0.893166 0.446599 0.052962 0.000000 0.022179 0.073880 -0.997020 0.000000 -14.829636 26.548113 -36.300568 1.000000
aniFrame
  m_time 0.069000
  m_vertexTransformMat -0.486603 0.870580 0.072865 0.000000 0.872560 0.480203 0.089688 0.000000 0.043091 0.107221 -0.993301 0.000000 -15.619912 26.469881 -36.063225 1.000000
aniFrame
  m_time 0.085000
  m_vertexTransformMat -0.529579 0.843491 0.089829 0.000000 0.846225 0.518005 0.124793 0.000000 0.058730 0.142104 -0.988108 0.000000 -16.647295 26.220924 -35.801331 1.000000
aniFrame
  m_time 0.101000
  m_vertexTransformMat -0.574082 0.811889 0.106145 0.000000 0.815959 0.556476 0.156672 0.000000 0.068133 0.176553 -0.981931 0.000000 -17.801924 25.818106 -35.514778 1.000000
aniFrame
  m_time 0.117000
  m_vertexTransformMat -0.618069 0.776567 0.122204 0.000000 0.782936 0.594095 0.184557 0.000000 0.070720 0.209747 -0.975195 0.000000 -19.023983 25.273523 -35.182896 1.000000
aniFrame
  m_time 0.133000
  m_vertexTransformMat -0.658683 0.739753 0.137486 0.000000 0.749432 0.628752 0.207420 0.000000 0.066995 0.239660 -0.968543 0.000000 -20.239044 24.619251 -34.821022 1.000000
aniFrame
  m_time 0.149000
  m_vertexTransformMat -0.693912 0.703812 0.152099 0.000000 0.717751 0.659182 0.224305 0.000000 0.057608 0.264818 -0.962576 0.000000 -21.381252 23.899530 -34.420048 1.000000
aniFrame
  m_time 0.165000
  m_vertexTransformMat -0.722373 0.671335 0.165792 0.000000 0.690106 0.684648 0.234545 0.000000 0.043949 0.283843 -0.957864 0.000000 -22.408310 23.163906 -34.004787 1.000000
aniFrame
  m_time 0.181000
  m_vertexTransformMat -0.741443 0.647126 0.177457 0.000000 0.670430 0.703358 0.236246 0.000000 0.028065 0.294135 -0.955352 0.000000 -23.238991 22.508335 -33.621643 1.000000
aniFrame
  m_time 0.197000
  m_vertexTransformMat -0.753211 0.630349 0.187974 0.000000 0.657694 0.717100 0.230665 0.000000 0.010603 0.297369 -0.954704 0.000000 -23.915812 21.928953 -33.248692 1.000000
aniFrame
  m_time 0.213000
  m_vertexTransformMat -0.758347 0.621309 0.197193 0.000000 0.651808 0.726251 0.218417 0.000000 -0.007507 0.294168 -0.955724 0.000000 -24.449539 21.438295 -32.895565 1.000000
aniFrame
  m_time 0.229000
  m_vertexTransformMat -0.758298 0.618728 0.205332 0.000000 0.651378 0.731824 0.200352 0.000000 -0.026304 0.285675 -0.957966 0.000000 -24.875551 21.016754 -32.555035 1.000000
aniFrame
  m_time 0.245000
  m_vertexTransformMat -0.756519 0.618077 0.213685 0.000000 0.652317 0.736415 0.179372 0.000000 -0.046495 0.275089 -0.960294 0.000000 -25.293806 20.577642 -32.195324 1.000000
aniFrame
  m_time 0.261000
  m_vertexTransformMat -0.752393 0.620316 0.221616 0.000000 0.655220 0.739387 0.154902 0.000000 -0.067772 0.261754 -0.962753 0.000000 -25.681534 20.141895 -31.832230 1.000000
aniFrame
  m_time 0.277000
  m_vertexTransformMat -0.746506 0.624872 0.228613 0.000000 0.659300 0.740991 0.127497 0.000000 -0.089731 0.245902 -0.965133 0.000000 -26.037220 19.702419 -31.491051 1.000000
aniFrame
  m_time 0.293000
  m_vertexTransformMat -0.738588 0.631952 0.234785 0.000000 0.664657 0.740853 0.096789 0.000000 -0.112775 0.227539 -0.967216 0.000000 -26.367525 19.267763 -31.163015 1.000000
aniFrame
  m_time 0.309000
  m_vertexTransformMat -0.729998 0.640334 0.238905 0.000000 0.669864 0.739700 0.064229 0.000000 -0.135590 0.206921 -0.968916 0.000000 -26.664810 18.812311 -30.900740 1.000000
aniFrame
  m_time 0.325000
  m_vertexTransformMat -0.719653 0.650722 0.242199 0.000000 0.675662 0.736665 0.028396 0.000000 -0.159941 0.184080 -0.969811 0.000000 -26.956928 18.361568 -30.656548 1.000000
aniFrame
  m_time 0.341000
  m_vertexTransformMat -0.708676 0.662352 0.243039 0.000000 0.681310 0.731950 -0.008147 0.000000 -0.183288 0.159811 -0.969983 0.000000 -27.196260 17.914001 -30.489517 1.000000
aniFrame
  m_time 0.357000
  m_vertexTransformMat -0.697628 0.674241 0.242311 0.000000 0.685597 0.726434 -0.047456 0.000000 -0.208020 0.133021 -0.969038 0.000000 -27.458139 17.422049 -30.360077 1.000000
aniFrame
  m_time 0.373000
  m_vertexTransformMat -0.684991 0.687854 0.240092 0.000000 0.690510 0.718054 -0.087147 0.000000 -0.232343 0.106091 -0.966831 0.000000 -27.667215 16.982273 -30.263216 1.000000
aniFrame
  m_time 0.389000
  m_vertexTransformMat -0.673903 0.700476 0.234923 0.000000 0.692936 0.709557 -0.127942 0.000000 -0.256312 0.076566 -0.963557 0.000000 -27.882048 16.469919 -30.237337 1.000000
aniFrame
  m_time 0.405000
  m_vertexTransformMat -0.663147 0.712469 0.229402 0.000000 0.693544 0.700155 -0.169647 0.000000 -0.281486 0.046600 -0.958434 0.000000 -28.129192 15.938002 -30.196030 1.000000
aniFrame
  m_time 0.421000
  m_vertexTransformMat -0.653225 0.724310 0.220621 0.000000 0.693205 0.689304 -0.210541 0.000000 -0.304572 0.015405 -0.952365 0.000000 -28.332005 15.396468 -30.241737 1.000000
aniFrame
  m_time 0.437000
  m_vertexTransformMat -0.644437 0.734872 0.211342 0.000000 0.690536 0.678008 -0.251924 0.000000 -0.328424 -0.016410 -0.944388 0.000000 -28.559593 14.825381 -30.270416 1.000000
aniFrame
  m_time 0.453000
  m_vertexTransformMat -0.637071 0.744377 0.200110 0.000000 0.686557 0.666001 -0.291690 0.000000 -0.350400 -0.048441 -0.935347 0.000000 -28.776413 14.239751 -30.349657 1.000000
aniFrame
  m_time 0.469000
  m_vertexTransformMat -0.631439 0.752318 0.187888 0.000000 0.680406 0.653773 -0.331103 0.000000 -0.371931 -0.081231 -0.924699 0.000000 -29.006773 13.625975 -30.429340 1.000000
aniFrame
  m_time 0.485000
  m_vertexTransformMat -0.627638 0.758475 0.175462 0.000000 0.672431 0.641748 -0.368777 0.000000 -0.392310 -0.113472 -0.912807 0.000000 -29.248463 12.994445 -30.505249 1.000000
aniFrame
  m_time 0.501000
  m_vertexTransformMat -0.626099 0.762770 0.161811 0.000000 0.662823 0.629930 -0.404789 0.000000 -0.410690 -0.146186 -0.899979 0.000000 -29.495897 12.338910 -30.603607 1.000000
aniFrame
  m_time 0.517000
  m_vertexTransformMat -0.626112 0.765288 0.149394 0.000000 0.652013 0.618932 -0.437953 0.000000 -0.427624 -0.176801 -0.886498 0.000000 -29.745010 11.700582 -30.660425 1.000000
aniFrame
  m_time 0.533000
  m_vertexTransformMat -0.629792 0.764695 0.136396 0.000000 0.637690 0.609262 -0.471329 0.000000 -0.443524 -0.209861 -0.871347 0.000000 -30.038824 10.971488 -30.717525 1.000000
aniFrame
  m_time 0.549000
  m_vertexTransformMat -0.638644 0.759678 0.122574 0.000000 0.617504 0.600996 -0.507436 0.000000 -0.459154 -0.248381 -0.852927 0.000000 -30.411160 10.074821 -30.759764 1.000000
aniFrame
  m_time 0.565000
  m_vertexTransformMat -0.652132 0.750353 0.108146 0.000000 0.591946 0.593114 -0.545726 0.000000 -0.473629 -0.291869 -0.830957 0.000000 -30.839087 9.018683 -30.779081 1.000000
aniFrame
  m_time 0.581000
  m_vertexTransformMat -0.670944 0.735697 0.092654 0.000000 0.559064 0.583982 -0.588569 0.000000 -0.487116 -0.343097 -0.803121 0.000000 -31.340393 7.734544 -30.750813 1.000000
aniFrame
  m_time 0.597000
  m_vertexTransformMat -0.692923 0.716811 0.077718 0.000000 0.521333 0.572564 -0.632758 0.000000 -0.498066 -0.397936 -0.770440 0.000000 -31.851139 6.320455 -30.646219 1.000000
aniFrame
  m_time 0.613000
  m_vertexTransformMat -0.715849 0.695317 0.063978 0.000000 0.481567 0.557973 -0.675840 0.000000 -0.505622 -0.452990 -0.734267 0.000000 -32.332447 4.873365 -30.452902 1.000000
aniFrame
  m_time 0.629000
  m_vertexTransformMat -0.739004 0.671664 0.052355 0.000000 0.440484 0.540520 -0.716807 0.000000 -0.509752 -0.506661 -0.695303 0.000000 -32.769108 3.430597 -30.161219 1.000000
aniFrame
  m_time 0.645000
  m_vertexTransformMat -0.760062 0.648505 0.041798 0.000000 0.402941 0.520764 -0.752625 0.000000 -0.509848 -0.555199 -0.657122 0.000000 -33.118935 2.124482 -29.836243 1.000000
aniFrame
  m_time 0.661000
  m_vertexTransformMat -0.779433 0.625536 0.034479 0.000000 0.366674 0.500125 -0.784491 0.000000 -0.507970 -0.598815 -0.619182 0.000000 -33.443920 0.933991 -29.407907 1.000000
aniFrame
  m_time 0.677000
  m_vertexTransformMat -0.795239 0.605708 0.026693 0.000000 0.339246 0.481025 -0.808410 0.000000 -0.502501 -0.633824 -0.588014 0.000000 -33.629475 0.002237 -29.094442 1.000000
aniFrame
  m_time 0.693000
  m_vertexTransformMat -0.807300 0.589748 0.021543 0.000000 0.316998 0.464147 -0.827091 0.000000 -0.497775 -0.660881 -0.561655 0.000000 -33.797207 -0.669405 -28.762312 1.000000
aniFrame
  m_time 0.709000
  m_vertexTransformMat -0.815682 0.578213 0.018234 0.000000 0.303652 0.454763 -0.837249 0.000000 -0.492401 -0.677392 -0.546517 0.000000 -33.877937 -1.024886 -28.571016 1.000000
aniFrame
  m_time 0.725000
  m_vertexTransformMat -0.818174 0.574848 0.011903 0.000000 0.304582 0.450881 -0.839009 0.000000 -0.487670 -0.682829 -0.543987 0.000000 -33.817207 -0.952795 -28.670473 1.000000
aniFrame
  m_time 0.741000
  m_vertexTransformMat -0.816316 0.577555 0.007667 0.000000 0.312753 0.453126 -0.834783 0.000000 -0.485607 -0.679049 -0.550526 0.000000 -33.733456 -0.539699 -28.863041 1.000000
aniFrame
  m_time 0.757000
  m_vertexTransformMat -0.810739 0.585409 -0.000017 0.000000 0.332766 0.460828 -0.822742 0.000000 -0.481632 -0.667035 -0.568415 0.000000 -33.493904 0.161054 -29.333717 1.000000
aniFrame
  m_time 0.773000
  m_vertexTransformMat -0.802700 0.596323 -0.008525 0.000000 0.356933 0.468912 -0.807911 0.000000 -0.477779 -0.651553 -0.589243 0.000000 -33.200005 0.997748 -29.867376 1.000000
aniFrame
  m_time 0.789000
  m_vertexTransformMat -0.792059 0.610198 -0.017350 0.000000 0.386274 0.478984 -0.788269 0.000000 -0.472690 -0.631057 -0.615087 0.000000 -32.804813 2.026784 -30.496372 1.000000
aniFrame
  m_time 0.805000
  m_vertexTransformMat -0.778901 0.626564 -0.027064 0.000000 0.419587 0.488557 -0.765022 0.000000 -0.466113 -0.607232 -0.643435 0.000000 -32.311535 3.180150 -31.188410 1.000000
aniFrame
  m_time 0.821000
  m_vertexTransformMat -0.762852 0.645563 -0.036111 0.000000 0.456290 0.497940 -0.737465 0.000000 -0.458099 -0.579054 -0.674419 0.000000 -31.718573 4.498158 -31.910255 1.000000
aniFrame
  m_time 0.837000
  m_vertexTransformMat -0.744262 0.666356 -0.045197 0.000000 0.496047 0.506190 -0.705485 0.000000 -0.447226 -0.547486 -0.707282 0.000000 -30.990648 5.928696 -32.669304 1.000000
aniFrame
  m_time 0.853000
  m_vertexTransformMat -0.722861 0.688945 -0.053164 0.000000 0.537423 0.512181 -0.669961 0.000000 -0.434336 -0.512861 -0.740490 0.000000 -30.154413 7.464719 -33.408401 1.000000
aniFrame
  m_time 0.869000
  m_vertexTransformMat -0.699121 0.712514 -0.059614 0.000000 0.579595 0.515924 -0.630788 0.000000 -0.418689 -0.475549 -0.773662 0.000000 -29.197760 9.072411 -34.116119 1.000000
aniFrame
  m_time 0.885000
  m_vertexTransformMat -0.672960 0.736828 -0.064893 0.000000 0.622159 0.516408 -0.588422 0.000000 -0.400054 -0.436358 -0.805946 0.000000 -28.115852 10.733411 -34.788124 1.000000
aniFrame
  m_time 0.901000
  m_vertexTransformMat -0.645014 0.761166 -0.067696 0.000000 0.663720 0.514120 -0.543283 0.000000 -0.378725 -0.395357 -0.836816 0.000000 -26.935955 12.418684 -35.386192 1.000000
aniFrame
  m_time 0.917000
  m_vertexTransformMat -0.615490 0.785132 -0.068854 0.000000 0.703940 0.508339 -0.496045 0.000000 -0.354459 -0.353780 -0.865563 0.000000 -25.660982 14.098830 -35.925640 1.000000
aniFrame
  m_time 0.933000
  m_vertexTransformMat -0.585055 0.808170 -0.067623 0.000000 0.741887 0.499655 -0.447157 0.000000 -0.327590 -0.311780 -0.891896 0.000000 -24.320951 15.750345 -36.378731 1.000000
aniFrame
  m_time 0.949000
  m_vertexTransformMat -0.554386 0.829809 -0.063835 0.000000 0.776768 0.488359 -0.397665 0.000000 -0.298811 -0.270045 -0.915308 0.000000 -22.946203 17.345779 -36.730228 1.000000
aniFrame
  m_time 0.965000
  m_vertexTransformMat -0.523991 0.849696 -0.058750 0.000000 0.808609 0.474613 -0.347699 0.000000 -0.267555 -0.229697 -0.935764 0.000000 -21.547487 18.858583 -37.014957 1.000000
aniFrame
  m_time 0.981000
  m_vertexTransformMat -0.494929 0.867438 -0.050959 0.000000 0.836473 0.459741 -0.298248 0.000000 -0.235284 -0.190237 -0.953128 0.000000 -20.172447 20.276503 -37.184074 1.000000
aniFrame
  m_time 0.997000
  m_vertexTransformMat -0.467781 0.882839 -0.042151 0.000000 0.860376 0.443924 -0.250369 0.000000 -0.202323 -0.153384 -0.967233 0.000000 -18.846066 21.571495 -37.281418 1.000000
aniFrame
  m_time 1.013000
  m_vertexTransformMat -0.443568 0.895672 -0.031943 0.000000 0.880248 0.428672 -0.203482 0.000000 -0.168560 -0.118376 -0.978558 0.000000 -17.598141 22.739855 -37.302299 1.000000
aniFrame
  m_time 1.029000
  m_vertexTransformMat -0.422990 0.905901 -0.020543 0.000000 0.895804 0.414648 -0.160006 0.000000 -0.136431 -0.086084 -0.986902 0.000000 -16.482296 23.769093 -37.243172 1.000000
aniFrame
  m_time 1.045000
  m_vertexTransformMat -0.406446 0.913624 -0.009725 0.000000 0.907564 0.402476 -0.119750 0.000000 -0.105493 -0.057498 -0.992756 0.000000 -15.507917 24.643377 -37.154793 1.000000
aniFrame
  m_time 1.061000
  m_vertexTransformMat -0.395344 0.918531 0.002130 0.000000 0.915351 0.394166 -0.082247 0.000000 -0.076386 -0.030567 -0.996610 0.000000 -14.726047 25.380159 -37.008820 1.000000
aniFrame
  m_time 1.077000
  m_vertexTransformMat -0.395165 0.918489 0.014917 0.000000 0.917365 0.395422 -0.045647 0.000000 -0.047825 -0.004354 -0.998846 0.000000 -14.282490 25.924036 -36.848335 1.000000
aniFrame
  m_time 1.093000
  m_vertexTransformMat -0.405464 0.913648 0.029103 0.000000 0.913882 0.405869 -0.009457 0.000000 -0.020452 0.022762 -0.999532 0.000000 -14.174493 26.304281 -36.658466 1.000000
aniFrame
  m_time 1.109000
  m_vertexTransformMat -0.427639 0.902838 0.044824 0.000000 0.903931 0.426789 0.027556 0.000000 0.005748 0.052302 -0.998615 0.000000 -14.437121 26.513704 -36.449409 1.000000
aniFrame
  m_time 1.125000
  m_vertexTransformMat -0.461232 0.885129 0.061741 0.000000 0.886781 0.457522 0.065520 0.000000 0.029746 0.084971 -0.995939 0.000000 -15.072788 26.537586 -36.223480 1.000000
aniFrame
  m_time 1.141000
  m_vertexTransformMat -0.500306 0.862284 0.078489 0.000000 0.864466 0.492330 0.101534 0.000000 0.048909 0.118650 -0.991731 0.000000 -15.935474 26.407503 -35.978775 1.000000
aniFrame
  m_time 1.157000
  m_vertexTransformMat -0.544596 0.833254 0.095410 0.000000 0.836358 0.531058 0.135950 0.000000 0.062613 0.153835 -0.986111 0.000000 -17.028196 26.100464 -35.708611 1.000000
aniFrame
  m_time 1.173000
  m_vertexTransformMat -0.588729 0.800608 0.111467 0.000000 0.805315 0.569031 0.166345 0.000000 0.069749 0.187698 -0.979747 0.000000 -18.199337 25.653919 -35.409935 1.000000
aniFrame
  m_time 1.189000
  m_vertexTransformMat -0.632283 0.764179 0.127473 0.000000 0.771558 0.606214 0.192883 0.000000 0.070121 0.220309 -0.972907 0.000000 -19.438328 25.062910 -35.063694 1.000000
aniFrame
  m_time 1.205000
  m_vertexTransformMat -0.670875 0.727785 0.142321 0.000000 0.738760 0.639216 0.213627 0.000000 0.064501 0.248458 -0.966493 0.000000 -20.624216 24.388174 -34.694447 1.000000
aniFrame
  m_time 1.221000
  m_vertexTransformMat -0.704382 0.692269 0.156876 0.000000 0.707811 0.668395 0.228587 0.000000 0.053388 0.272051 -0.960801 0.000000 -21.742966 23.649975 -34.278782 1.000000
aniFrame
  m_time 1.237000
  m_vertexTransformMat -0.729675 0.662369 0.169829 0.000000 0.682687 0.691535 0.236047 0.000000 0.038908 0.288177 -0.956787 0.000000 -22.705067 22.936022 -33.876190 1.000000
aniFrame
  m_time 1.253000
  m_vertexTransformMat -0.746075 0.640767 0.181080 0.000000 0.665487 0.708420 0.235095 0.000000 0.022360 0.295905 -0.954956 0.000000 -23.479572 22.307556 -33.495831 1.000000
aniFrame
  m_time 1.269000
  m_vertexTransformMat -0.755792 0.626266 0.191235 0.000000 0.654796 0.720763 0.227471 0.000000 0.004622 0.297140 -0.954823 0.000000 -24.113026 21.751043 -33.128262 1.000000
aniFrame
  m_time 1.285000
  m_vertexTransformMat -0.758656 0.620046 0.199961 0.000000 0.651348 0.728320 0.212827 0.000000 -0.013673 0.291707 -0.956410 0.000000 -24.597103 21.296167 -32.781906 1.000000
aniFrame
  m_time 1.301000
  m_vertexTransformMat -0.757983 0.618201 0.208061 0.000000 0.651448 0.733529 0.193780 0.000000 -0.032824 0.282423 -0.958728 0.000000 -25.015965 20.870275 -32.439102 1.000000
aniFrame
  m_time 1.317000
  m_vertexTransformMat -0.755347 0.618548 0.216449 0.000000 0.653134 0.737558 0.171535 0.000000 -0.053541 0.270939 -0.961107 0.000000 -25.427498 20.432856 -32.071697 1.000000
aniFrame
  m_time 1.333000
  m_vertexTransformMat -0.750704 0.621522 0.223952 0.000000 0.656381 0.740126 0.146208 0.000000 -0.074881 0.256757 -0.963571 0.000000 -25.801439 19.994194 -31.719868 1.000000
aniFrame
  m_time 1.349000
  m_vertexTransformMat -0.744002 0.627022 0.230878 0.000000 0.661036 0.741097 0.117500 0.000000 -0.097428 0.240039 -0.965862 0.000000 -26.152044 19.558466 -31.375856 1.000000
aniFrame
  m_time 1.365000
  m_vertexTransformMat -0.735822 0.634606 0.236306 0.000000 0.666410 0.740580 0.086256 0.000000 -0.120264 0.220946 -0.967843 0.000000 -26.466782 19.118723 -31.070925 1.000000
aniFrame
  m_time 1.381000
  m_vertexTransformMat -0.726749 0.643554 0.240155 0.000000 0.671712 0.738949 0.052517 0.000000 -0.143665 0.199482 -0.969313 0.000000 -26.766338 18.659273 -30.815325 1.000000
aniFrame
  m_time 1.397000
  m_vertexTransformMat -0.715913 0.654600 0.242832 0.000000 0.677711 0.735149 0.016280 0.000000 -0.167861 0.176225 -0.969932 0.000000 -27.040442 18.217463 -30.589417 1.000000
aniFrame
  m_time 1.413000
  m_vertexTransformMat -0.705162 0.666163 0.242842 0.000000 0.682748 0.730354 -0.020946 0.000000 -0.191314 0.151029 -0.969840 0.000000 -27.282192 17.748484 -30.447058 1.000000
aniFrame
  m_time 1.429000
  m_vertexTransformMat -0.693498 0.678632 0.241910 0.000000 0.687190 0.723928 -0.060831 0.000000 -0.216407 0.124052 -0.968390 0.000000 -27.538311 17.270424 -30.318094 1.000000
aniFrame
  m_time 1.445000
  m_vertexTransformMat -0.681102 0.692250 0.238517 0.000000 0.691683 0.715174 -0.100508 0.000000 -0.240158 0.096522 -0.965924 0.000000 -27.731792 16.821680 -30.253359 1.000000
aniFrame
  m_time 1.461000
  m_vertexTransformMat -0.670386 0.704434 0.233144 0.000000 0.693185 0.706651 -0.141917 0.000000 -0.264723 0.066473 -0.962031 0.000000 -27.966368 16.288254 -30.223537 1.000000
aniFrame
  m_time 1.477000
  m_vertexTransformMat -0.659683 0.716501 0.226815 0.000000 0.693617 0.696635 -0.183290 0.000000 -0.289335 0.036410 -0.956536 0.000000 -28.199493 15.761486 -30.203203 1.000000
aniFrame
  m_time 1.493000
  m_vertexTransformMat -0.650195 0.728005 0.217383 0.000000 0.692616 0.685556 -0.224269 0.000000 -0.312297 0.004744 -0.949973 0.000000 -28.401400 15.208426 -30.259817 1.000000
aniFrame
  m_time 1.509000
  m_vertexTransformMat -0.641789 0.738149 0.207952 0.000000 0.689324 0.674099 -0.265374 0.000000 -0.336066 -0.026968 -0.941453 0.000000 -28.635231 14.632414 -30.286879 1.000000
aniFrame
  m_time 1.525000
  m_vertexTransformMat -0.635003 0.747255 0.195914 0.000000 0.684854 0.661882 -0.304775 0.000000 -0.357416 -0.059360 -0.932057 0.000000 -28.847683 14.038639 -30.384836 1.000000
aniFrame
  m_time 1.541000
  m_vertexTransformMat -0.629944 0.754545 0.183936 0.000000 0.677855 0.649768 -0.343969 0.000000 -0.379056 -0.092000 -0.920789 0.000000 -29.088881 13.417129 -30.448242 1.000000
aniFrame
  m_time 1.557000
  m_vertexTransformMat -0.626861 0.760145 0.170953 0.000000 0.669486 0.637753 -0.380868 0.000000 -0.398540 -0.124300 -0.908689 0.000000 -29.328247 12.779155 -30.540314 1.000000
aniFrame
  m_time 1.573000
  m_vertexTransformMat -0.625932 0.763805 0.157520 0.000000 0.659312 0.626142 -0.416238 0.000000 -0.416554 -0.156682 -0.895507 0.000000 -29.579594 12.123942 -30.625542 1.000000
aniFrame
  m_time 1.589000
  m_vertexTransformMat -0.626745 0.765558 0.145297 0.000000 0.647871 0.615561 -0.448718 0.000000 -0.432959 -0.187098 -0.881783 0.000000 -29.833660 11.477383 -30.677462 1.000000
aniFrame
  m_time 1.605000
  m_vertexTransformMat -0.632268 0.763476 0.131689 0.000000 0.631514 0.606340 -0.483262 0.000000 -0.448807 -0.222387 -0.865515 0.000000 -30.156708 10.686072 -30.736759 1.000000
aniFrame
  m_time 1.621000
  m_vertexTransformMat -0.642594 0.757071 0.117967 0.000000 0.609619 0.598440 -0.519842 0.000000 -0.464153 -0.262132 -0.846078 0.000000 -30.547722 9.743899 -30.766863 1.000000
aniFrame
  m_time 1.637000
  m_vertexTransformMat -0.657799 0.746134 0.102884 0.000000 0.581957 0.590201 -0.559454 0.000000 -0.478150 -0.308134 -0.822451 0.000000 -30.996321 8.617426 -30.781698 1.000000
aniFrame
  m_time 1.653000
  m_vertexTransformMat -0.678117 0.729708 0.087656 0.000000 0.546669 0.580510 -0.603457 0.000000 -0.491233 -0.361296 -0.792563 0.000000 -31.516130 7.267745 -30.721117 1.000000
aniFrame
  m_time 1.669000
  m_vertexTransformMat -0.700343 0.710090 0.072748 0.000000 0.508751 0.568044 -0.646915 0.000000 -0.500692 -0.416051 -0.759085 0.000000 -32.006306 5.850119 -30.603241 1.000000
aniFrame
  m_time 1.685000
  m_vertexTransformMat -0.723718 0.687481 0.060023 0.000000 0.467542 0.552437 -0.690086 0.000000 -0.507580 -0.471364 -0.721234 0.000000 -32.490925 4.380933 -30.357103 1.000000
aniFrame
  m_time 1.701000
  m_vertexTransformMat -0.746172 0.663991 0.048413 0.000000 0.428102 0.534234 -0.728919 0.000000 -0.509859 -0.523173 -0.682886 0.000000 -32.882286 2.987815 -30.073156 1.000000
aniFrame
  m_time 1.717000
  m_vertexTransformMat -0.766783 0.640711 0.039148 0.000000 0.390309 0.513790 -0.763989 0.000000 -0.509610 -0.570534 -0.644041 0.000000 -33.237705 1.707346 -29.692987 1.000000
aniFrame
  m_time 1.733000
  m_vertexTransformMat -0.785171 0.618447 0.032091 0.000000 0.356459 0.493714 -0.793211 0.000000 -0.506403 -0.611366 -0.608101 0.000000 -33.519539 0.592565 -29.288822 1.000000
aniFrame
  m_time 1.749000
  m_vertexTransformMat -0.799632 0.599995 0.024392 0.000000 0.331424 0.474844 -0.815280 0.000000 -0.500746 -0.643840 -0.578552 0.000000 -33.683643 -0.251188 -28.990355 1.000000
aniFrame
  m_time 1.765000
  m_vertexTransformMat -0.810603 0.585226 0.020795 0.000000 0.310873 0.460146 -0.831639 0.000000 -0.496266 -0.667665 -0.554927 0.000000 -33.845791 -0.829807 -28.659447 1.000000
aniFrame
  m_time 1.781000
  m_vertexTransformMat -0.817097 0.576276 0.016095 0.000000 0.302920 0.452927 -0.838508 0.000000 -0.490502 -0.680267 -0.544651 0.000000 -33.863884 -1.040874 -28.589338 1.000000
aniFrame
  m_time 1.797000
  m_vertexTransformMat -0.817871 0.575310 0.010261 0.000000 0.306574 0.450784 -0.838335 0.000000 -0.486928 -0.682505 -0.545058 0.000000 -33.794434 -0.844095 -28.722494 1.000000
aniFrame
  m_time 1.813000
  m_vertexTransformMat -0.815217 0.579124 0.006096 0.000000 0.317358 0.455491 -0.831752 0.000000 -0.484464 -0.676124 -0.555113 0.000000 -33.679451 -0.362130 -28.969021 1.000000
aniFrame
  m_time 1.829000
  m_vertexTransformMat -0.809608 0.586970 -0.001136 0.000000 0.337725 0.464239 -0.818794 0.000000 -0.480080 -0.663286 -0.574086 0.000000 -33.428238 0.332223 -29.439707 1.000000
aniFrame
  m_time 1.845000
  m_vertexTransformMat -0.802528 0.596571 -0.007209 0.000000 0.359654 0.474108 -0.803660 0.000000 -0.476022 -0.647553 -0.595044 0.000000 -33.154804 1.117549 -29.906282 1.000000
aniFrame
  m_time 1.861000
  m_vertexTransformMat -0.793649 0.608226 -0.013476 0.000000 0.385855 0.486114 -0.784098 0.000000 -0.470358 -0.627499 -0.620491 0.000000 -32.791676 2.041658 -30.453678 1.000000
aniFrame
  m_time 1.877000
  m_vertexTransformMat -0.782907 0.621833 -0.019520 0.000000 0.414581 0.498062 -0.761615 0.000000 -0.463875 -0.604367 -0.647736 0.000000 -32.371063 3.068324 -31.024546 1.000000
aniFrame
  m_time 1.893000
  m_vertexTransformMat -0.770172 0.637342 -0.025126 0.000000 0.446566 0.510672 -0.734707 0.000000 -0.455428 -0.577070 -0.677920 0.000000 -31.856380 4.233002 -31.638878 1.000000
aniFrame
  m_time 1.909000
  m_vertexTransformMat -0.755572 0.654350 -0.030609 0.000000 0.480910 0.522364 -0.704175 0.000000 -0.444788 -0.546775 -0.709367 0.000000 -31.246296 5.489651 -32.278088 1.000000
aniFrame
  m_time 1.925000
  m_vertexTransformMat -0.738885 0.672920 -0.035040 0.000000 0.516884 0.532658 -0.670154 0.000000 -0.432295 -0.513279 -0.741395 0.000000 -30.551542 6.848763 -32.907402 1.000000
aniFrame
  m_time 1.941000
  m_vertexTransformMat -0.720356 0.692518 -0.038817 0.000000 0.554215 0.541039 -0.632553 0.000000 -0.417052 -0.477176 -0.773544 0.000000 -29.748520 8.281001 -33.535553 1.000000
aniFrame
  m_time 1.957000
  m_vertexTransformMat -0.699765 0.713160 -0.041615 0.000000 0.592329 0.546666 -0.591864 0.000000 -0.399345 -0.438815 -0.804963 0.000000 -28.846523 9.784659 -34.139668 1.000000
aniFrame
  m_time 1.973000
  m_vertexTransformMat -0.677463 0.734301 -0.042980 0.000000 0.630449 0.549562 -0.548193 0.000000 -0.378918 -0.398477 -0.835247 0.000000 -27.850807 11.333652 -34.709328 1.000000
aniFrame
  m_time 1.989000
  m_vertexTransformMat -0.653261 0.755881 -0.043529 0.000000 0.668377 0.548718 -0.502176 0.000000 -0.355700 -0.357146 -0.863669 0.000000 -26.761469 12.916015 -35.250267 1.000000
aniFrame
  m_time 2.005000
  m_vertexTransformMat -0.627597 0.777393 -0.042242 0.000000 0.705154 0.544606 -0.454052 0.000000 -0.329971 -0.314748 -0.889974 0.000000 -25.594833 14.510841 -35.725277 1.000000
aniFrame
  m_time 2.021000
  m_vertexTransformMat -0.600414 0.798693 -0.039902 0.000000 0.740521 0.536462 -0.404768 0.000000 -0.301879 -0.272577 -0.913548 0.000000 -24.355862 16.098728 -36.145657 1.000000
aniFrame
  m_time 2.037000
  m_vertexTransformMat -0.572090 0.819385 -0.036360 0.000000 0.774078 0.524740 -0.354192 0.000000 -0.271140 -0.230775 -0.934466 0.000000 -23.045057 17.660591 -36.500755 1.000000
aniFrame
  m_time 2.053000
  m_vertexTransformMat -0.542839 0.839263 -0.031062 0.000000 0.805029 0.509447 -0.303961 0.000000 -0.239279 -0.190008 -0.952179 0.000000 -21.688009 19.181015 -36.759869 1.000000
aniFrame
  m_time 2.069000
