m_aniFrameList.size 84
aniFrame
  m_time -1.066000
  m_vertexTransformMat -0.394043 0.919070 0.006284 0.000000 0.916662 0.393489 -0.069976 0.000000 -0.066786 -0.021814 -0.997529 0.000000 -14.539123 25.582224 -36.957001 1.000000
aniFrame
  m_time -1.027000
  m_vertexTransformMat -0.479507 0.876180 0.048813 0.000000 0.877262 0.480010 0.001594 0.000000 -0.022034 0.043586 -0.998807 0.000000 -16.472363 25.272038 -36.429195 1.000000
aniFrame
  m_time -0.988000
  m_vertexTransformMat -0.571672 0.815246 0.092549 0.000000 0.820247 0.565162 0.088239 0.000000 0.019631 0.126357 -0.991791 0.000000 -18.554964 24.811958 -35.804062 1.000000
aniFrame
  m_time -0.949000
  m_vertexTransformMat -0.655948 0.743359 0.130958 0.000000 0.753601 0.635171 0.169243 0.000000 0.042628 0.209705 -0.976835 0.000000 -20.598251 24.082939 -35.052765 1.000000
aniFrame
  m_time -0.910000
  m_vertexTransformMat -0.719434 0.675363 0.162172 0.000000 0.693398 0.684868 0.223953 0.000000 0.040183 0.273569 -0.961013 0.000000 -22.391285 23.097908 -34.167007 1.000000
aniFrame
  m_time -0.871000
  m_vertexTransformMat -0.752455 0.631611 0.186763 0.000000 0.658526 0.716049 0.231555 0.000000 0.012521 0.297223 -0.954727 0.000000 -23.850788 21.984964 -33.295341 1.000000
aniFrame
  m_time -0.832000
  m_vertexTransformMat -0.758028 0.618263 0.207714 0.000000 0.651437 0.733318 0.194616 0.000000 -0.031997 0.282836 -0.958634 0.000000 -24.998268 20.888790 -32.453873 1.000000
aniFrame
  m_time -0.793000
  m_vertexTransformMat -0.748368 0.623338 0.226704 0.000000 0.657998 0.740758 0.135342 0.000000 -0.083569 0.250456 -0.964515 0.000000 -25.941799 19.819883 -31.585564 1.000000
aniFrame
  m_time -0.754000
  m_vertexTransformMat -0.728401 0.641913 0.239541 0.000000 0.670777 0.739355 0.058417 0.000000 -0.139607 0.203229 -0.969127 0.000000 -26.715744 18.735563 -30.857832 1.000000
aniFrame
  m_time -0.715000
  m_vertexTransformMat -0.702210 0.669347 0.242646 0.000000 0.683877 0.728912 -0.031609 0.000000 -0.198025 0.143744 -0.969600 0.000000 -27.354280 17.613520 -30.412136 1.000000
aniFrame
  m_time -0.676000
  m_vertexTransformMat -0.673465 0.700972 0.234697 0.000000 0.692975 0.709202 -0.129684 0.000000 -0.257352 0.075302 -0.963379 0.000000 -27.892359 16.447161 -30.235893 1.000000
aniFrame
  m_time -0.637000
  m_vertexTransformMat -0.648902 0.729567 0.216007 0.000000 0.692261 0.683910 -0.230311 0.000000 -0.315756 0.000084 -0.948840 0.000000 -28.433756 15.125233 -30.265059 1.000000
aniFrame
  m_time -0.598000
  m_vertexTransformMat -0.631844 0.751736 0.188855 0.000000 0.681029 0.654773 -0.327828 0.000000 -0.370097 -0.078520 -0.925669 0.000000 -28.985886 13.678068 -30.425556 1.000000
aniFrame
  m_time -0.559000
  m_vertexTransformMat -0.625924 0.763864 0.157259 0.000000 0.659093 0.625908 -0.416935 0.000000 -0.416912 -0.157321 -0.895228 0.000000 -29.584721 12.110733 -30.626755 1.000000
aniFrame
  m_time -0.520000
  m_vertexTransformMat -0.636438 0.761064 0.125413 0.000000 0.622129 0.602616 -0.499810 0.000000 -0.455963 -0.240075 -0.857007 0.000000 -30.328959 10.272488 -30.754204 1.000000
aniFrame
  m_time -0.481000
  m_vertexTransformMat -0.675847 0.731623 0.089213 0.000000 0.550585 0.581628 -0.598804 0.000000 -0.489987 -0.355581 -0.795912 0.000000 -31.461445 7.414719 -30.731180 1.000000
aniFrame
  m_time -0.442000
  m_vertexTransformMat -0.731480 0.679544 0.056191 0.000000 0.453728 0.546603 -0.703816 0.000000 -0.508988 -0.489331 -0.708157 0.000000 -32.637962 3.897291 -30.257545 1.000000
aniFrame
  m_time -0.403000
  m_vertexTransformMat -0.781279 0.623269 0.033755 0.000000 0.363330 0.498082 -0.787341 0.000000 -0.507538 -0.602868 -0.615593 0.000000 -33.470013 0.823336 -29.367981 1.000000
aniFrame
  m_time -0.364000
  m_vertexTransformMat -0.812465 0.582656 0.020325 0.000000 0.307732 0.458195 -0.833881 0.000000 -0.495179 -0.671244 -0.551570 0.000000 -33.867188 -0.910903 -28.610727 1.000000
aniFrame
  m_time -0.325000
  m_vertexTransformMat -0.816396 0.577441 0.007777 0.000000 0.312456 0.453001 -0.834962 0.000000 -0.485664 -0.679229 -0.550253 0.000000 -33.736679 -0.551812 -28.856150 1.000000
aniFrame
  m_time -0.286000
  m_vertexTransformMat -0.798585 0.601763 -0.011988 0.000000 0.368407 0.472960 -0.800366 0.000000 -0.475960 -0.643577 -0.599393 0.000000 -33.052269 1.405569 -30.113375 1.000000
aniFrame
  m_time -0.247000
  m_vertexTransformMat -0.765365 0.642656 -0.034801 0.000000 0.450704 0.496591 -0.741798 0.000000 -0.459438 -0.583430 -0.669721 0.000000 -31.813597 4.296524 -31.801867 1.000000
aniFrame
  m_time -0.208000
  m_vertexTransformMat -0.716141 0.695774 -0.055154 0.000000 0.549661 0.513519 -0.658917 0.000000 -0.430134 -0.502193 -0.750191 0.000000 -29.889450 7.929584 -33.616959 1.000000
aniFrame
  m_time -0.169000
  m_vertexTransformMat -0.652688 0.754640 -0.067207 0.000000 0.652635 0.514968 -0.555766 0.000000 -0.384793 -0.406603 -0.828618 0.000000 -27.264364 11.963413 -35.232273 1.000000
aniFrame
  m_time -0.130000
  m_vertexTransformMat -0.579985 0.811861 -0.067082 0.000000 0.747889 0.498019 -0.438907 0.000000 -0.322924 -0.304730 -0.896025 0.000000 -24.094620 16.020264 -36.442158 1.000000
aniFrame
  m_time -0.091000
  m_vertexTransformMat -0.506277 0.860658 -0.054325 0.000000 0.825937 0.465807 -0.317572 0.000000 -0.248016 -0.205648 -0.946677 0.000000 -20.711613 19.726967 -37.130772 1.000000
aniFrame
  m_time -0.052000
  m_vertexTransformMat -0.442627 0.896154 -0.031468 0.000000 0.880982 0.428055 -0.201596 0.000000 -0.167191 -0.116954 -0.978963 0.000000 -17.548697 22.785969 -37.300755 1.000000
aniFrame
  m_time -0.013000
  m_vertexTransformMat -0.400040 0.916489 -0.004185 0.000000 0.911928 0.397585 -0.101557 0.000000 -0.091412 -0.044443 -0.994821 0.000000 -15.098559 25.018000 -37.089279 1.000000
aniFrame
  m_time 0.025000
  m_vertexTransformMat -0.404186 0.914253 0.027864 0.000000 0.914396 0.404630 -0.012482 0.000000 -0.022686 0.020433 -0.999534 0.000000 -14.170286 26.278709 -36.675266 1.000000
aniFrame
  m_time 0.064000
  m_vertexTransformMat -0.474547 0.877624 0.067685 0.000000 0.879446 0.469475 0.078542 0.000000 0.037154 0.096797 -0.994611 0.000000 -15.354523 26.509056 -36.139507 1.000000
aniFrame
  m_time 0.103000
  m_vertexTransformMat -0.579548 0.807733 0.108129 0.000000 0.812027 0.561165 0.160333 0.000000 0.068828 0.180724 -0.981123 0.000000 -17.949135 25.758806 -35.476311 1.000000
aniFrame
  m_time 0.142000
  m_vertexTransformMat -0.679046 0.719494 0.145687 0.000000 0.731439 0.646263 0.217583 0.000000 0.062398 0.254310 -0.965108 0.000000 -20.887756 24.223232 -34.602493 1.000000
aniFrame
  m_time 0.181000
  m_vertexTransformMat -0.741443 0.647126 0.177457 0.000000 0.670430 0.703358 0.236246 0.000000 0.028065 0.294135 -0.955352 0.000000 -23.238991 22.508335 -33.621643 1.000000
aniFrame
  m_time 0.220000
  m_vertexTransformMat -0.758664 0.619762 0.200808 0.000000 0.651295 0.728907 0.210972 0.000000 -0.015618 0.290843 -0.956644 0.000000 -24.641508 21.252640 -32.746552 1.000000
aniFrame
  m_time 0.259000
  m_vertexTransformMat -0.752996 0.619913 0.220694 0.000000 0.654798 0.739083 0.158103 0.000000 -0.065101 0.263561 -0.962444 0.000000 -25.635340 20.196798 -31.875843 1.000000
aniFrame
  m_time 0.298000
  m_vertexTransformMat -0.735994 0.634439 0.236220 0.000000 0.666303 0.740598 0.086915 0.000000 -0.119801 0.221363 -0.967804 0.000000 -26.460739 19.128134 -31.076344 1.000000
aniFrame
  m_time 0.337000
  m_vertexTransformMat -0.711310 0.659499 0.243103 0.000000 0.680112 0.733107 0.001180 0.000000 -0.177443 0.166176 -0.970000 0.000000 -27.135479 18.033781 -30.522861 1.000000
aniFrame
  m_time 0.376000
  m_vertexTransformMat -0.682772 0.690353 0.239242 0.000000 0.691218 0.716423 -0.094634 0.000000 -0.236729 0.100755 -0.966338 0.000000 -27.702860 16.893518 -30.256924 1.000000
aniFrame
  m_time 0.415000
  m_vertexTransformMat -0.656785 0.719973 0.224218 0.000000 0.693545 0.693466 -0.195196 0.000000 -0.296023 0.027303 -0.954791 0.000000 -28.257704 15.603764 -30.218105 1.000000
aniFrame
  m_time 0.454000
  m_vertexTransformMat -0.636669 0.744931 0.199328 0.000000 0.686258 0.665230 -0.294142 0.000000 -0.351714 -0.050481 -0.934746 0.000000 -28.789566 14.202312 -30.356422 1.000000
aniFrame
  m_time 0.493000
  m_vertexTransformMat -0.626572 0.760896 0.168658 0.000000 0.667930 0.635769 -0.386870 0.000000 -0.401595 -0.129750 -0.906580 0.000000 -29.368828 12.670274 -30.557981 1.000000
aniFrame
  m_time 0.532000
  m_vertexTransformMat -0.629384 0.764871 0.137290 0.000000 0.638782 0.609832 -0.469108 0.000000 -0.442531 -0.207550 -0.872405 0.000000 -30.017542 11.023438 -30.713312 1.000000
aniFrame
  m_time 0.571000
  m_vertexTransformMat -0.658556 0.745556 0.102232 0.000000 0.580630 0.589832 -0.561220 0.000000 -0.478720 -0.310236 -0.821329 0.000000 -31.016907 8.565062 -30.781137 1.000000
aniFrame
  m_time 0.610000
  m_vertexTransformMat -0.711427 0.699625 0.066304 0.000000 0.489409 0.560944 -0.667698 0.000000 -0.504331 -0.442569 -0.741474 0.000000 -32.240437 5.151043 -30.502367 1.000000
aniFrame
  m_time 0.649000
  m_vertexTransformMat -0.765122 0.642655 0.039780 0.000000 0.393441 0.515536 -0.761201 0.000000 -0.509698 -0.566761 -0.647295 0.000000 -33.208576 1.810187 -29.729490 1.000000
aniFrame
  m_time 0.688000
  m_vertexTransformMat -0.803882 0.594360 0.022593 0.000000 0.323508 0.468793 -0.821934 0.000000 -0.499116 -0.653428 -0.569134 0.000000 -33.744343 -0.488589 -28.870003 1.000000
aniFrame
  m_time 0.727000
  m_vertexTransformMat -0.818123 0.574934 0.011242 0.000000 0.305249 0.450766 -0.838828 0.000000 -0.487338 -0.682833 -0.544280 0.000000 -33.808372 -0.917264 -28.689238 1.000000
aniFrame
  m_time 0.766000
  m_vertexTransformMat -0.806488 0.591229 -0.005061 0.000000 0.346198 0.465272 -0.814659 0.000000 -0.479295 -0.658765 -0.579918 0.000000 -33.329472 0.613327 -29.637196 1.000000
aniFrame
  m_time 0.805000
  m_vertexTransformMat -0.778901 0.626564 -0.027064 0.000000 0.419587 0.488557 -0.765022 0.000000 -0.466113 -0.607232 -0.643435 0.000000 -32.311535 3.180150 -31.188410 1.000000
aniFrame
  m_time 0.844000
  m_vertexTransformMat -0.735246 0.676034 -0.048911 0.000000 0.514007 0.509078 -0.690388 0.000000 -0.441826 -0.532745 -0.721784 0.000000 -30.637684 6.587171 -32.997429 1.000000
aniFrame
  m_time 0.883000
  m_vertexTransformMat -0.676354 0.733761 -0.064350 0.000000 0.616863 0.516521 -0.593874 0.000000 -0.402524 -0.441364 -0.801980 0.000000 -28.256824 10.523190 -34.707680 1.000000
aniFrame
  m_time 0.922000
  m_vertexTransformMat -0.606001 0.792482 -0.068823 0.000000 0.716123 0.505845 -0.480925 0.000000 -0.346311 -0.340727 -0.874057 0.000000 -25.246761 14.620030 -36.079552 1.000000
aniFrame
  m_time 0.961000
  m_vertexTransformMat -0.531474 0.844932 -0.060211 0.000000 0.800985 0.478159 -0.360260 0.000000 -0.275605 -0.239697 -0.930907 0.000000 -21.897087 18.489714 -36.952023 1.000000
aniFrame
  m_time 1.000000
  m_vertexTransformMat -0.463023 0.885422 -0.040470 0.000000 0.864424 0.441007 -0.241423 0.000000 -0.195914 -0.146767 -0.969576 0.000000 -18.604456 21.798313 -37.294949 1.000000
aniFrame
  m_time 1.039000
  m_vertexTransformMat -0.412334 0.910928 -0.013865 0.000000 0.903511 0.406931 -0.134441 0.000000 -0.116824 -0.067962 -0.990825 0.000000 -15.859409 24.328320 -37.196114 1.000000
aniFrame
  m_time 1.078000
  m_vertexTransformMat -0.395497 0.918332 0.015758 0.000000 0.917311 0.395802 -0.043383 0.000000 -0.046077 -0.002702 -0.998934 0.000000 -14.265831 25.952429 -36.837360 1.000000
aniFrame
  m_time 1.117000
  m_vertexTransformMat -0.443422 0.894730 0.053248 0.000000 0.896128 0.441341 0.046620 0.000000 0.018212 0.068389 -0.997492 0.000000 -14.718437 26.546764 -36.338440 1.000000
aniFrame
  m_time 1.156000
  m_vertexTransformMat -0.541781 0.835205 0.094372 0.000000 0.838234 0.528617 0.133892 0.000000 0.061940 0.151646 -0.986492 0.000000 -16.956059 26.124260 -35.726196 1.000000
aniFrame
  m_time 1.195000
  m_vertexTransformMat -0.647539 0.750298 0.133212 0.000000 0.758933 0.619226 0.201446 0.000000 0.068656 0.231543 -0.970399 0.000000 -19.895510 24.815556 -34.927414 1.000000
aniFrame
  m_time 1.234000
  m_vertexTransformMat -0.725696 0.667295 0.167581 0.000000 0.686746 0.687751 0.235325 0.000000 0.041777 0.285860 -0.957360 0.000000 -22.540850 23.062954 -33.948307 1.000000
aniFrame
  m_time 1.273000
  m_vertexTransformMat -0.757123 0.623942 0.193551 0.000000 0.653273 0.723083 0.224467 0.000000 0.000101 0.296390 -0.955067 0.000000 -24.247429 21.627693 -33.039867 1.000000
aniFrame
  m_time 1.312000
  m_vertexTransformMat -0.756453 0.618097 0.213860 0.000000 0.652363 0.736492 0.178893 0.000000 -0.046933 0.274838 -0.960344 0.000000 -25.302279 20.568577 -32.187580 1.000000
aniFrame
  m_time 1.351000
  m_vertexTransformMat -0.743017 0.627891 0.231684 0.000000 0.661710 0.741092 0.113675 0.000000 -0.100324 0.237771 -0.966127 0.000000 -26.194040 19.504416 -31.333723 1.000000
aniFrame
  m_time 1.390000
  m_vertexTransformMat -0.720804 0.649544 0.241938 0.000000 0.675026 0.737091 0.032192 0.000000 -0.157420 0.186518 -0.969758 0.000000 -26.928955 18.407196 -30.679590 1.000000
aniFrame
  m_time 1.429000
  m_vertexTransformMat -0.693498 0.678632 0.241910 0.000000 0.687190 0.723928 -0.060831 0.000000 -0.216407 0.124052 -0.968390 0.000000 -27.538311 17.270424 -30.318094 1.000000
aniFrame
  m_time 1.468000
  m_vertexTransformMat -0.665623 0.709682 0.230865 0.000000 0.693428 0.702491 -0.160199 0.000000 -0.275871 0.053456 -0.959708 0.000000 -28.076693 16.057398 -30.200308 1.000000
aniFrame
  m_time 1.507000
  m_vertexTransformMat -0.642760 0.736930 0.209273 0.000000 0.689786 0.675579 -0.260365 0.000000 -0.333251 -0.022999 -0.942558 0.000000 -28.607504 14.704949 -30.279118 1.000000
aniFrame
  m_time 1.546000
  m_vertexTransformMat -0.628743 0.756478 0.180065 0.000000 0.675375 0.646008 -0.355728 0.000000 -0.385424 -0.102050 -0.917079 0.000000 -29.164145 13.220090 -30.471966 1.000000
aniFrame
  m_time 1.585000
  m_vertexTransformMat -0.626227 0.765391 0.148381 0.000000 0.651021 0.618074 -0.440632 0.000000 -0.428966 -0.179337 -0.885340 0.000000 -29.766562 11.646006 -30.664598 1.000000
aniFrame
  m_time 1.624000
  m_vertexTransformMat -0.645052 0.755389 0.115308 0.000000 0.604911 0.596992 -0.526958 0.000000 -0.466896 -0.270164 -0.842033 0.000000 -30.627235 9.548991 -30.770350 1.000000
aniFrame
  m_time 1.663000
  m_vertexTransformMat -0.691996 0.717638 0.078342 0.000000 0.522907 0.573103 -0.630969 0.000000 -0.497705 -0.395662 -0.771843 0.000000 -31.831285 6.379379 -30.651175 1.000000
aniFrame
  m_time 1.702000
  m_vertexTransformMat -0.747490 0.662559 0.047699 0.000000 0.425803 0.533022 -0.731150 0.000000 -0.509854 -0.526216 -0.680548 0.000000 -32.903240 2.906234 -30.055351 1.000000
aniFrame
  m_time 1.741000
  m_vertexTransformMat -0.792887 0.608725 0.028012 0.000000 0.343306 0.484204 -0.804790 0.000000 -0.503459 -0.628491 -0.592898 0.000000 -33.603298 0.139567 -29.143087 1.000000
aniFrame
  m_time 1.780000
  m_vertexTransformMat -0.816878 0.576573 0.016511 0.000000 0.302958 0.453233 -0.838329 0.000000 -0.490842 -0.679811 -0.544914 0.000000 -33.867374 -1.040988 -28.584188 1.000000
aniFrame
  m_time 1.819000
  m_vertexTransformMat -0.813347 0.581768 0.003562 0.000000 0.324423 0.458627 -0.827291 0.000000 -0.482925 -0.671719 -0.561762 0.000000 -33.594139 -0.114501 -29.134285 1.000000
aniFrame
  m_time 1.858000
  m_vertexTransformMat -0.795450 0.605896 -0.012265 0.000000 0.380696 0.483845 -0.788013 0.000000 -0.471520 -0.631494 -0.615536 0.000000 -32.865398 1.860846 -30.347157 1.000000
aniFrame
  m_time 1.897000
  m_vertexTransformMat -0.766707 0.641449 -0.026541 0.000000 0.454987 0.513737 -0.727366 0.000000 -0.452933 -0.569752 -0.685737 0.000000 -31.711510 4.539093 -31.798561 1.000000
aniFrame
  m_time 1.936000
  m_vertexTransformMat -0.726370 0.686271 -0.037685 0.000000 0.542418 0.538712 -0.644649 0.000000 -0.422102 -0.488694 -0.763550 0.000000 -30.011190 7.825566 -33.340122 1.000000
aniFrame
  m_time 1.975000
  m_vertexTransformMat -0.674538 0.736981 -0.043109 0.000000 0.635216 0.549659 -0.542564 0.000000 -0.376164 -0.393363 -0.838908 0.000000 -27.719484 11.529894 -34.779095 1.000000
aniFrame
  m_time 2.014000
  m_vertexTransformMat -0.612484 0.789419 -0.041004 0.000000 0.725224 0.540526 -0.426477 0.000000 -0.314506 -0.290948 -0.903569 0.000000 -24.907276 15.406244 -35.967205 1.000000
aniFrame
  m_time 2.053000
  m_vertexTransformMat -0.542839 0.839263 -0.031062 0.000000 0.805029 0.509447 -0.303961 0.000000 -0.239279 -0.190008 -0.952179 0.000000 -21.688009 19.181015 -36.759869 1.000000
aniFrame
  m_time 2.092000
  m_vertexTransformMat -0.469546 0.882785 -0.014733 0.000000 0.869133 0.459220 -0.183644 0.000000 -0.155353 -0.099034 -0.982882 0.000000 -18.211479 22.596760 -37.088264 1.000000
aniFrame
  m_time 2.131000
  m_vertexTransformMat -0.397768 0.917469 0.005534 0.000000 0.914726 0.397032 -0.075116 0.000000 -0.071114 -0.024816 -0.997160 0.000000 -14.721210 25.452486 -36.962811 1.000000
aniFrame
  m_time 2.133000
  m_vertexTransformMat -0.394043 0.919070 0.006284 0.000000 0.916662 0.393489 -0.069977 0.000000 -0.066786 -0.021814 -0.997529 0.000000 -14.539123 25.582224 -36.957001 1.000000
