m_aniFrameList.size 84
aniFrame
  m_time -1.066000
  m_vertexTransformMat 0.988149 0.033564 0.149784 0.000000 0.010068 0.959529 -0.281431 0.000000 -0.153168 0.279604 0.947819 0.000000 -2.030327 0.217488 -0.317416 1.000000
aniFrame
  m_time -1.027000
  m_vertexTransformMat 0.998895 0.017664 0.043540 0.000000 -0.011806 0.991274 -0.131289 0.000000 -0.045479 0.130630 0.990387 0.000000 3.999871 -4.263567 0.121355 1.000000
aniFrame
  m_time -0.988000
  m_vertexTransformMat 0.999696 0.024020 -0.005547 0.000000 -0.024172 0.999284 -0.029110 0.000000 0.004844 0.029235 0.999561 0.000000 6.637716 -7.068118 -0.174145 1.000000
aniFrame
  m_time -0.949000
  m_vertexTransformMat 0.999817 0.019062 -0.001806 0.000000 -0.019115 0.999154 -0.036418 0.000000 0.001110 0.036446 0.999335 0.000000 6.458915 -5.094204 -0.062557 1.000000
aniFrame
  m_time -0.910000
  m_vertexTransformMat 0.999969 0.007180 -0.003075 0.000000 -0.007280 0.999408 -0.033634 0.000000 0.002832 0.033655 0.999430 0.000000 6.584555 -3.643534 -0.027900 1.000000
aniFrame
  m_time -0.871000
  m_vertexTransformMat 0.999947 -0.009150 -0.004830 0.000000 0.009003 0.999516 -0.029768 0.000000 0.005100 0.029723 0.999546 0.000000 6.758189 -2.283408 0.016392 1.000000
aniFrame
  m_time -0.832000
  m_vertexTransformMat 0.999585 -0.027956 -0.006944 0.000000 0.027772 0.999293 -0.025345 0.000000 0.007648 0.025142 0.999655 0.000000 6.954339 -0.973250 0.058251 1.000000
aniFrame
  m_time -0.793000
  m_vertexTransformMat 0.998869 -0.046655 -0.009118 0.000000 0.046455 0.998701 -0.020968 0.000000 0.010084 0.020521 0.999739 0.000000 7.143754 0.341964 0.098320 1.000000
aniFrame
  m_time -0.754000
  m_vertexTransformMat 0.997962 -0.062850 -0.011088 0.000000 0.062653 0.997886 -0.017278 0.000000 0.012150 0.016548 0.999790 0.000000 7.302828 1.717456 0.126952 1.000000
aniFrame
  m_time -0.715000
  m_vertexTransformMat 0.997164 -0.074221 -0.012468 0.000000 0.074036 0.997147 -0.014757 0.000000 0.013528 0.013792 0.999814 0.000000 7.406826 3.201227 0.166820 1.000000
aniFrame
  m_time -0.676000
  m_vertexTransformMat 0.996679 -0.080369 -0.013134 0.000000 0.080188 0.996685 -0.013756 0.000000 0.014196 0.012657 0.999819 0.000000 7.461524 4.838013 0.177300 1.000000
aniFrame
  m_time -0.637000
  m_vertexTransformMat 0.997635 -0.067671 -0.012046 0.000000 0.067530 0.997648 -0.011744 0.000000 0.012812 0.010903 0.999859 0.000000 7.352375 6.563919 0.171632 1.000000
aniFrame
  m_time -0.598000
  m_vertexTransformMat 0.999614 -0.026199 -0.009222 0.000000 0.026141 0.999638 -0.006396 0.000000 0.009387 0.006153 0.999937 0.000000 7.022783 8.329810 0.149184 1.000000
aniFrame
  m_time -0.559000
  m_vertexTransformMat 0.999885 0.013981 -0.005949 0.000000 -0.014001 0.999897 -0.003308 0.000000 0.005902 0.003391 0.999977 0.000000 6.702884 10.355775 0.131145 1.000000
aniFrame
  m_time -0.520000
  m_vertexTransformMat 0.999668 0.025487 -0.003913 0.000000 -0.025350 0.999172 0.031835 0.000000 0.004722 -0.031725 0.999486 0.000000 6.615645 10.881311 0.302214 1.000000
aniFrame
  m_time -0.481000
  m_vertexTransformMat 0.999670 0.025387 -0.003861 0.000000 -0.024519 0.988348 0.150225 0.000000 0.007630 -0.150081 0.988645 0.000000 6.811586 7.633643 0.375848 1.000000
aniFrame
  m_time -0.442000
  m_vertexTransformMat 0.999147 0.022909 0.034368 0.000000 -0.033967 0.929148 0.368144 0.000000 -0.023499 -0.368997 0.929133 0.000000 5.075900 -2.506894 -1.671491 1.000000
aniFrame
  m_time -0.403000
  m_vertexTransformMat 0.997041 -0.014225 0.075553 0.000000 -0.041089 0.732002 0.680062 0.000000 -0.064979 -0.681154 0.729251 0.000000 2.630882 -20.125830 -10.513391 1.000000
aniFrame
  m_time -0.364000
  m_vertexTransformMat 0.996342 -0.030016 0.080016 0.000000 -0.050429 0.549418 0.834025 0.000000 -0.068996 -0.835009 0.545894 0.000000 1.662542 -30.296217 -19.062021 1.000000
aniFrame
  m_time -0.325000
  m_vertexTransformMat 0.999746 -0.008514 0.020847 0.000000 -0.014056 0.487343 0.873097 0.000000 -0.017593 -0.873169 0.487100 0.000000 2.905500 -35.175163 -22.404663 1.000000
aniFrame
  m_time -0.286000
  m_vertexTransformMat 0.997875 0.017569 -0.062740 0.000000 0.046970 0.473362 0.879615 0.000000 0.045153 -0.880693 0.471531 0.000000 4.842598 -39.278313 -23.829077 1.000000
aniFrame
  m_time -0.247000
  m_vertexTransformMat 0.997362 0.021710 -0.069259 0.000000 0.048911 0.503993 0.862321 0.000000 0.053627 -0.863435 0.501602 0.000000 4.945594 -42.005112 -22.204432 1.000000
aniFrame
  m_time -0.208000
  m_vertexTransformMat 0.999954 0.008723 0.004070 0.000000 -0.008167 0.545057 0.838359 0.000000 0.005094 -0.838354 0.545102 0.000000 2.799876 -44.485916 -19.392014 1.000000
aniFrame
  m_time -0.169000
  m_vertexTransformMat 0.997249 0.001648 0.074104 0.000000 -0.058121 0.637848 0.767966 0.000000 -0.046001 -0.770160 0.636190 0.000000 0.570594 -44.351337 -14.612930 1.000000
aniFrame
  m_time -0.130000
  m_vertexTransformMat 0.993836 0.005152 0.110741 0.000000 -0.071042 0.796459 0.600504 0.000000 -0.085107 -0.604670 0.791916 0.000000 -1.008634 -38.711262 -7.363445 1.000000
aniFrame
  m_time -0.091000
  m_vertexTransformMat 0.989970 0.016311 0.140330 0.000000 -0.062075 0.942510 0.328361 0.000000 -0.126907 -0.333778 0.934070 0.000000 -2.517566 -27.472765 -0.805047 1.000000
aniFrame
  m_time -0.052000
  m_vertexTransformMat 0.987288 0.029455 0.156191 0.000000 -0.032751 0.999291 0.018569 0.000000 -0.155534 -0.023449 0.987552 0.000000 -3.159480 -13.688680 1.581210 1.000000
aniFrame
  m_time -0.013000
  m_vertexTransformMat 0.986705 0.035001 0.158709 0.000000 0.003466 0.971780 -0.235864 0.000000 -0.162486 0.233278 0.958739 0.000000 -2.734704 -2.044252 0.260743 1.000000
aniFrame
  m_time 0.025000
  m_vertexTransformMat 0.995463 0.028227 0.090864 0.000000 -0.006785 0.973609 -0.228123 0.000000 -0.094905 0.226471 0.969383 0.000000 1.340093 -1.146914 -0.035669 1.000000
aniFrame
  m_time 0.064000
  m_vertexTransformMat 0.999695 0.024642 0.001514 0.000000 -0.024550 0.998716 -0.044323 0.000000 -0.002604 0.044273 0.999016 0.000000 6.255607 -7.000148 -0.078527 1.000000
aniFrame
  m_time 0.103000
  m_vertexTransformMat 0.999763 0.021702 -0.001552 0.000000 -0.021745 0.999075 -0.037082 0.000000 0.000746 0.037107 0.999311 0.000000 6.432296 -5.632903 -0.077213 1.000000
aniFrame
  m_time 0.142000
  m_vertexTransformMat 0.999925 0.011969 -0.002575 0.000000 -0.012051 0.999323 -0.034770 0.000000 0.002157 0.034798 0.999392 0.000000 6.533800 -4.139977 -0.042472 1.000000
aniFrame
  m_time 0.181000
  m_vertexTransformMat 0.999987 -0.002998 -0.004170 0.000000 0.002867 0.999508 -0.031227 0.000000 0.004262 0.031215 0.999504 0.000000 6.693308 -2.751991 0.000169 1.000000
aniFrame
  m_time 0.220000
  m_vertexTransformMat 0.999755 -0.021226 -0.006183 0.000000 0.021052 0.999416 -0.026934 0.000000 0.006751 0.026797 0.999618 0.000000 6.884738 -1.430315 0.042981 1.000000
aniFrame
  m_time 0.259000
  m_vertexTransformMat 0.999152 -0.040305 -0.008389 0.000000 0.040107 0.998942 -0.022488 0.000000 0.009287 0.022133 0.999712 0.000000 7.080482 -0.123145 0.082567 1.000000
aniFrame
  m_time 0.298000
  m_vertexTransformMat 0.998286 -0.057589 -0.010436 0.000000 0.057390 0.998182 -0.018458 0.000000 0.011480 0.017828 0.999775 0.000000 7.251541 1.224729 0.119421 1.000000
aniFrame
  m_time 0.337000
  m_vertexTransformMat 0.997413 -0.070870 -0.012016 0.000000 0.070684 0.997382 -0.015300 0.000000 0.013069 0.014411 0.999811 0.000000 7.375977 2.662241 0.151448 1.000000
aniFrame
  m_time 0.376000
  m_vertexTransformMat 0.996809 -0.078765 -0.012931 0.000000 0.078589 0.996815 -0.013562 0.000000 0.013958 0.012503 0.999825 0.000000 7.445031 4.236058 0.183246 1.000000
aniFrame
  m_time 0.415000
  m_vertexTransformMat 0.997093 -0.075166 -0.012471 0.000000 0.075012 0.997106 -0.012349 0.000000 0.013363 0.011378 0.999846 0.000000 7.410391 5.944689 0.177661 1.000000
aniFrame
  m_time 0.454000
  m_vertexTransformMat 0.999055 -0.042241 -0.010205 0.000000 0.042160 0.999078 -0.008110 0.000000 0.010538 0.007672 0.999915 0.000000 7.146031 7.692410 0.161778 1.000000
aniFrame
  m_time 0.493000
  m_vertexTransformMat 0.999972 0.003129 -0.006832 0.000000 -0.003146 0.999992 -0.002396 0.000000 0.006825 0.002417 0.999974 0.000000 6.786546 9.543679 0.144066 1.000000
aniFrame
  m_time 0.532000
  m_vertexTransformMat 0.999697 0.024109 -0.005056 0.000000 -0.024117 0.999708 -0.001459 0.000000 0.005020 0.001581 0.999986 0.000000 6.630066 11.758067 0.152980 1.000000
aniFrame
  m_time 0.571000
  m_vertexTransformMat 0.999675 0.025414 -0.001985 0.000000 -0.025010 0.992865 0.116593 0.000000 0.004934 -0.116506 0.993178 0.000000 6.647835 8.213950 0.416008 1.000000
aniFrame
  m_time 0.610000
  m_vertexTransformMat 0.999579 0.025935 0.012986 0.000000 -0.028467 0.963015 0.267940 0.000000 -0.005556 -0.268197 0.963348 0.000000 6.074028 2.765500 -0.338114 1.000000
aniFrame
  m_time 0.649000
  m_vertexTransformMat 0.997832 0.001249 0.065806 0.000000 -0.038973 0.816899 0.575463 0.000000 -0.053038 -0.576780 0.815176 0.000000 3.373213 -14.016906 -6.592782 1.000000
aniFrame
  m_time 0.688000
  m_vertexTransformMat 0.996076 -0.028215 0.083888 0.000000 -0.050113 0.601461 0.797329 0.000000 -0.072952 -0.798404 0.597687 0.000000 1.789951 -27.562935 -16.593847 1.000000
aniFrame
  m_time 0.727000
  m_vertexTransformMat 0.998734 -0.017636 0.047096 0.000000 -0.031789 0.504253 0.862971 0.000000 -0.038968 -0.863376 0.503054 0.000000 2.311235 -33.527733 -21.392603 1.000000
aniFrame
  m_time 0.766000
  m_vertexTransformMat 0.999175 0.010288 -0.039287 0.000000 0.029831 0.470495 0.881899 0.000000 0.027557 -0.882343 0.469800 0.000000 4.288316 -38.090813 -23.769562 1.000000
aniFrame
  m_time 0.805000
  m_vertexTransformMat 0.996424 0.023531 -0.081155 0.000000 0.059166 0.491405 0.868919 0.000000 0.060326 -0.870614 0.488255 0.000000 5.270877 -41.113503 -23.030687 1.000000
aniFrame
  m_time 0.844000
  m_vertexTransformMat 0.999537 0.013694 -0.027157 0.000000 0.015789 0.529523 0.848148 0.000000 0.025995 -0.848185 0.529062 0.000000 3.716223 -43.631306 -20.439074 1.000000
aniFrame
  m_time 0.883000
  m_vertexTransformMat 0.998586 0.002916 0.053073 0.000000 -0.044302 0.597384 0.800731 0.000000 -0.029370 -0.801950 0.596669 0.000000 1.292685 -44.871799 -16.582863 1.000000
aniFrame
  m_time 0.922000
  m_vertexTransformMat 0.995030 0.003008 0.099533 0.000000 -0.069365 0.738087 0.671131 0.000000 -0.071445 -0.674699 0.734627 0.000000 -0.476582 -41.338364 -10.004536 1.000000
aniFrame
  m_time 0.961000
  m_vertexTransformMat 0.991300 0.011526 0.131117 0.000000 -0.067513 0.899658 0.431344 0.000000 -0.112988 -0.436443 0.892609 0.000000 -2.059873 -31.864538 -2.708372 1.000000
aniFrame
  m_time 1.000000
  m_vertexTransformMat 0.988013 0.025048 0.152323 0.000000 -0.044238 0.991304 0.123931 0.000000 -0.147894 -0.129183 0.980530 0.000000 -3.075625 -18.450533 1.294577 1.000000
aniFrame
  m_time 1.039000
  m_vertexTransformMat 0.986894 0.034345 0.157675 0.000000 -0.009634 0.987886 -0.154884 0.000000 -0.161084 0.151335 0.975269 0.000000 -2.921325 -5.749362 0.978791 1.000000
aniFrame
  m_time 1.078000
  m_vertexTransformMat 0.991415 0.030917 0.127047 0.000000 0.005084 0.961794 -0.273726 0.000000 -0.130656 0.272022 0.953380 0.000000 -0.690280 0.259836 -0.324378 1.000000
aniFrame
  m_time 1.117000
  m_vertexTransformMat 0.999315 0.024227 0.027969 0.000000 -0.021056 0.993864 -0.108582 0.000000 -0.030428 0.107919 0.993694 0.000000 4.815323 -4.999055 0.127236 1.000000
aniFrame
  m_time 1.156000
  m_vertexTransformMat 0.999735 0.022687 -0.003924 0.000000 -0.022802 0.999221 -0.032206 0.000000 0.003191 0.032286 0.999474 0.000000 6.549718 -6.419830 -0.146499 1.000000
aniFrame
  m_time 1.195000
  m_vertexTransformMat 0.999871 0.015910 -0.002168 0.000000 -0.015977 0.999234 -0.035727 0.000000 0.001598 0.035757 0.999359 0.000000 6.491532 -4.650792 -0.058196 1.000000
aniFrame
  m_time 1.234000
  m_vertexTransformMat 0.999990 0.002668 -0.003567 0.000000 -0.002783 0.999466 -0.032575 0.000000 0.003478 0.032584 0.999463 0.000000 6.632778 -3.228968 -0.016082 1.000000
aniFrame
  m_time 1.273000
  m_vertexTransformMat 0.999877 -0.014660 -0.005464 0.000000 0.014499 0.999489 -0.028482 0.000000 0.005879 0.028399 0.999579 0.000000 6.816358 -1.889287 0.026951 1.000000
aniFrame
  m_time 1.312000
  m_vertexTransformMat 0.999402 -0.033737 -0.007642 0.000000 0.033545 0.999149 -0.024017 0.000000 0.008445 0.023746 0.999682 0.000000 7.014241 -0.583417 0.067946 1.000000
aniFrame
  m_time 1.351000
  m_vertexTransformMat 0.998607 -0.051848 -0.009765 0.000000 0.051647 0.998469 -0.019812 0.000000 0.010777 0.019280 0.999757 0.000000 7.196439 0.745601 0.109241 1.000000
aniFrame
  m_time 1.390000
  m_vertexTransformMat 0.997695 -0.066852 -0.011626 0.000000 0.066657 0.997640 -0.016457 0.000000 0.012699 0.015644 0.999797 0.000000 7.343005 2.150037 0.133379 1.000000
aniFrame
  m_time 1.429000
  m_vertexTransformMat 0.996987 -0.076509 -0.012796 0.000000 0.076326 0.996981 -0.014244 0.000000 0.013847 0.013225 0.999817 0.000000 7.428047 3.670374 0.177813 1.000000
aniFrame
  m_time 1.468000
  m_vertexTransformMat 0.996759 -0.079363 -0.013132 0.000000 0.079191 0.996773 -0.013190 0.000000 0.014137 0.012107 0.999827 0.000000 7.454123 5.345583 0.174868 1.000000
aniFrame
  m_time 1.507000
  m_vertexTransformMat 0.998259 -0.057806 -0.011758 0.000000 0.057687 0.998282 -0.010275 0.000000 0.012331 0.009579 0.999879 0.000000 7.281278 7.083568 0.165148 1.000000
aniFrame
  m_time 1.546000
  m_vertexTransformMat 0.999888 -0.012318 -0.008445 0.000000 0.012281 0.999915 -0.004435 0.000000 0.008499 0.004330 0.999955 0.000000 6.917731 8.878188 0.143855 1.000000
aniFrame
  m_time 1.585000
  m_vertexTransformMat 0.999788 0.019806 -0.005609 0.000000 -0.019849 0.999773 -0.007784 0.000000 0.005453 0.007894 0.999954 0.000000 6.659544 11.264545 0.113402 1.000000
aniFrame
  m_time 1.624000
  m_vertexTransformMat 0.999683 0.025014 -0.002865 0.000000 -0.024738 0.997028 0.072964 0.000000 0.004682 -0.072870 0.997330 0.000000 6.619370 9.510252 0.409453 1.000000
aniFrame
  m_time 1.663000
  m_vertexTransformMat 0.999673 0.025526 -0.001268 0.000000 -0.024820 0.981477 0.189969 0.000000 0.006094 -0.189875 0.981790 0.000000 6.726765 6.405736 0.250145 1.000000
aniFrame
  m_time 1.702000
  m_vertexTransformMat 0.998576 0.015963 0.050899 0.000000 -0.037572 0.887814 0.458668 0.000000 -0.037867 -0.459927 0.887149 0.000000 4.256481 -7.453133 -3.430351 1.000000
aniFrame
  m_time 1.741000
  m_vertexTransformMat 0.996485 -0.022454 0.080705 0.000000 -0.045134 0.667712 0.743051 0.000000 -0.070573 -0.744081 0.664351 0.000000 2.175957 -24.000107 -13.515292 1.000000
aniFrame
  m_time 1.780000
  m_vertexTransformMat 0.997323 -0.026176 0.068268 0.000000 -0.044576 0.522422 0.851521 0.000000 -0.057954 -0.852285 0.519857 0.000000 1.849918 -31.964989 -20.404188 1.000000
aniFrame
  m_time 1.819000
  m_vertexTransformMat 0.999970 0.000889 -0.007634 0.000000 0.006288 0.476399 0.879207 0.000000 0.004419 -0.879229 0.476379 0.000000 3.578019 -36.599937 -23.191824 1.000000
aniFrame
  m_time 1.858000
  m_vertexTransformMat 0.996804 0.022377 -0.076692 0.000000 0.056518 0.480951 0.874924 0.000000 0.056464 -0.876462 0.478149 0.000000 5.207857 -40.142769 -23.563730 1.000000
aniFrame
  m_time 1.897000
  m_vertexTransformMat 0.998468 0.018799 -0.052039 0.000000 0.034892 0.516010 0.855872 0.000000 0.042943 -0.856377 0.514563 0.000000 4.472727 -42.723965 -21.381544 1.000000
aniFrame
  m_time 1.936000
  m_vertexTransformMat 0.999585 0.005867 0.028196 0.000000 -0.026569 0.565653 0.824215 0.000000 -0.011113 -0.824623 0.565574 0.000000 2.092369 -44.855423 -18.224558 1.000000
aniFrame
  m_time 1.975000
  m_vertexTransformMat 0.996237 0.002182 0.086639 0.000000 -0.065045 0.679460 0.730824 0.000000 -0.057273 -0.733709 0.677046 0.000000 0.102213 -43.327656 -12.676792 1.000000
aniFrame
  m_time 2.014000
  m_vertexTransformMat 0.993779 0.005462 0.111235 0.000000 -0.065659 0.835485 0.545577 0.000000 -0.089956 -0.549487 0.830646 0.000000 -1.110784 -36.308994 -5.667264 1.000000
aniFrame
  m_time 2.053000
  m_vertexTransformMat 0.991816 0.012290 0.127080 0.000000 -0.047598 0.959193 0.278719 0.000000 -0.118469 -0.282487 0.951928 0.000000 -1.899831 -24.672964 -0.299186 1.000000
aniFrame
  m_time 2.092000
  m_vertexTransformMat 0.990180 0.021123 0.138195 0.000000 -0.018997 0.999681 -0.016685 0.000000 -0.138503 0.013896 0.990265 0.000000 -2.084035 -11.369849 1.266906 1.000000
aniFrame
  m_time 2.131000
  m_vertexTransformMat 0.988232 0.033224 0.149310 0.000000 0.008218 0.963184 -0.268718 0.000000 -0.152740 0.266782 0.951577 0.000000 -2.040852 -0.331483 -0.180692 1.000000
aniFrame
  m_time 2.133000
  m_vertexTransformMat 0.988149 0.033564 0.149784 0.000000 0.010068 0.959529 -0.281431 0.000000 -0.153168 0.279604 0.947819 0.000000 -2.030329 0.217489 -0.317409 1.000000
