m_aniFrameList.size 202
aniFrame
  m_time -1.066000
  m_vertexTransformMat 0.229958 0.076718 -0.970172 0.000000 -0.641210 0.761862 -0.091739 0.000000 0.732100 0.643180 0.224388 0.000000 10.273667 2.272315 -1.544064 1.000000
aniFrame
  m_time -1.050000
  m_vertexTransformMat 0.227942 0.061218 -0.971749 0.000000 -0.634580 0.766285 -0.100578 0.000000 0.738479 0.639578 0.213516 0.000000 10.220222 2.457840 -1.710132 1.000000
aniFrame
  m_time -1.034000
  m_vertexTransformMat 0.226086 0.044416 -0.973094 0.000000 -0.627403 0.770803 -0.110587 0.000000 0.745151 0.635524 0.202135 0.000000 10.167980 2.658685 -1.884108 1.000000
aniFrame
  m_time -1.018000
  m_vertexTransformMat 0.224772 0.024920 -0.974093 0.000000 -0.618278 0.776306 -0.122807 0.000000 0.753133 0.629864 0.189899 0.000000 10.110205 2.861739 -2.078202 1.000000
aniFrame
  m_time -1.002000
  m_vertexTransformMat 0.223366 0.004202 -0.974726 0.000000 -0.608280 0.781981 -0.136022 0.000000 0.761645 0.623289 0.177224 0.000000 10.057053 3.069312 -2.278179 1.000000
aniFrame
  m_time -0.986000
  m_vertexTransformMat 0.221794 -0.016513 -0.974954 0.000000 -0.598293 0.787219 -0.149440 0.000000 0.769969 0.616453 0.164721 0.000000 10.015452 3.276829 -2.464810 1.000000
aniFrame
  m_time -0.970000
  m_vertexTransformMat 0.219806 -0.036611 -0.974856 0.000000 -0.588553 0.791970 -0.162447 0.000000 0.778004 0.609461 0.152533 0.000000 9.988562 3.480484 -2.633986 1.000000
aniFrame
  m_time -0.954000
  m_vertexTransformMat 0.217100 -0.054748 -0.974613 0.000000 -0.580249 0.795646 -0.173948 0.000000 0.784971 0.603282 0.140968 0.000000 9.990806 3.681092 -2.763432 1.000000
aniFrame
  m_time -0.938000
  m_vertexTransformMat 0.214130 -0.070595 -0.974251 0.000000 -0.573292 0.798456 -0.183861 0.000000 0.790876 0.597901 0.130502 0.000000 10.013995 3.871998 -2.850990 1.000000
aniFrame
  m_time -0.922000
  m_vertexTransformMat 0.209479 -0.082445 -0.974332 0.000000 -0.569461 0.799734 -0.190104 0.000000 0.794879 0.594667 0.120579 0.000000 10.059709 4.057685 -2.896183 1.000000
aniFrame
  m_time -0.906000
  m_vertexTransformMat 0.205173 -0.090446 -0.974538 0.000000 -0.568016 0.799869 -0.193822 0.000000 0.797033 0.593320 0.112736 0.000000 10.113425 4.230157 -2.884765 1.000000
aniFrame
  m_time -0.890000
  m_vertexTransformMat 0.199523 -0.092097 -0.975556 0.000000 -0.570265 0.798700 -0.192033 0.000000 0.796862 0.594640 0.106839 0.000000 10.162583 4.380494 -2.842301 1.000000
aniFrame
  m_time -0.874000
  m_vertexTransformMat 0.192782 -0.088310 -0.977260 0.000000 -0.577266 0.795154 -0.185730 0.000000 0.793473 0.599944 0.102313 0.000000 10.202054 4.528712 -2.768718 1.000000
aniFrame
  m_time -0.858000
  m_vertexTransformMat 0.186465 -0.078198 -0.979345 0.000000 -0.587064 0.790424 -0.174888 0.000000 0.787773 0.607549 0.101479 0.000000 10.224641 4.646509 -2.659140 1.000000
aniFrame
  m_time -0.842000
  m_vertexTransformMat 0.176892 -0.062980 -0.982213 0.000000 -0.601546 0.782948 -0.158539 0.000000 0.779006 0.618891 0.100612 0.000000 10.245921 4.761084 -2.543514 1.000000
aniFrame
  m_time -0.826000
  m_vertexTransformMat 0.167880 -0.046088 -0.984729 0.000000 -0.617987 0.773340 -0.141551 0.000000 0.768054 0.632314 0.101347 0.000000 10.249002 4.873591 -2.416971 1.000000
aniFrame
  m_time -0.810000
  m_vertexTransformMat 0.156355 -0.024727 -0.987392 0.000000 -0.636300 0.762076 -0.119844 0.000000 0.755431 0.647015 0.103420 0.000000 10.253139 4.962965 -2.287508 1.000000
aniFrame
  m_time -0.794000
  m_vertexTransformMat 0.143558 -0.002043 -0.989640 0.000000 -0.655861 0.748665 -0.096685 0.000000 0.741106 0.662946 0.106136 0.000000 10.251828 5.048403 -2.168701 1.000000
aniFrame
  m_time -0.778000
  m_vertexTransformMat 0.129873 0.023238 -0.991258 0.000000 -0.676374 0.733086 -0.071431 0.000000 0.725018 0.679738 0.110926 0.000000 10.243225 5.123041 -2.053730 1.000000
aniFrame
  m_time -0.762000
  m_vertexTransformMat 0.114064 0.050073 -0.992211 0.000000 -0.697178 0.715545 -0.044037 0.000000 0.707766 0.696770 0.116528 0.000000 10.234286 5.184986 -1.962857 1.000000
aniFrame
  m_time -0.746000
  m_vertexTransformMat 0.097633 0.077706 -0.992184 0.000000 -0.718066 0.695787 -0.016166 0.000000 0.689093 0.714032 0.123729 0.000000 10.216063 5.245017 -1.894485 1.000000
aniFrame
  m_time -0.730000
  m_vertexTransformMat 0.080124 0.106161 -0.991116 0.000000 -0.738395 0.674252 0.012527 0.000000 0.669591 0.730831 0.132413 0.000000 10.193543 5.289201 -1.848086 1.000000
aniFrame
  m_time -0.714000
  m_vertexTransformMat 0.061457 0.134419 -0.989017 0.000000 -0.758028 0.650909 0.041363 0.000000 0.649320 0.747161 0.141896 0.000000 10.170845 5.335742 -1.833722 1.000000
aniFrame
  m_time -0.698000
  m_vertexTransformMat 0.042246 0.162833 -0.985749 0.000000 -0.776476 0.626229 0.070168 0.000000 0.628730 0.762446 0.152891 0.000000 10.146152 5.364017 -1.833706 1.000000
aniFrame
  m_time -0.682000
  m_vertexTransformMat 0.022362 0.190257 -0.981480 0.000000 -0.793604 0.600439 0.098312 0.000000 0.608023 0.776708 0.164416 0.000000 10.124658 5.394292 -1.851358 1.000000
aniFrame
  m_time -0.666000
  m_vertexTransformMat 0.002105 0.216831 -0.976207 0.000000 -0.809142 0.573999 0.125750 0.000000 0.587609 0.789626 0.176655 0.000000 10.110821 5.415111 -1.883657 1.000000
aniFrame
  m_time -0.650000
  m_vertexTransformMat -0.017700 0.242262 -0.970049 0.000000 -0.823023 0.547370 0.151719 0.000000 0.567732 0.801058 0.189699 0.000000 10.091586 5.425817 -1.922164 1.000000
aniFrame
  m_time -0.634000
  m_vertexTransformMat -0.037830 0.265579 -0.963347 0.000000 -0.835072 0.521078 0.176445 0.000000 0.548839 0.811139 0.202066 0.000000 10.094244 5.445525 -1.982549 1.000000
aniFrame
  m_time -0.618000
  m_vertexTransformMat -0.057046 0.287673 -0.956029 0.000000 -0.845306 0.495611 0.199571 0.000000 0.531229 0.819521 0.214899 0.000000 10.100473 5.446172 -2.045663 1.000000
aniFrame
  m_time -0.602000
  m_vertexTransformMat -0.074929 0.307109 -0.948720 0.000000 -0.853858 0.471671 0.220121 0.000000 0.515085 0.826566 0.226885 0.000000 10.109174 5.460419 -2.117792 1.000000
aniFrame
  m_time -0.586000
  m_vertexTransformMat -0.092086 0.324719 -0.941317 0.000000 -0.860503 0.449733 0.239321 0.000000 0.501054 0.832044 0.238007 0.000000 10.145891 5.463232 -2.200870 1.000000
aniFrame
  m_time -0.570000
  m_vertexTransformMat -0.106479 0.339929 -0.934404 0.000000 -0.865799 0.430400 0.255238 0.000000 0.488931 0.836184 0.248482 0.000000 10.170904 5.468846 -2.278690 1.000000
aniFrame
  m_time -0.554000
  m_vertexTransformMat -0.119289 0.352340 -0.928238 0.000000 -0.869584 0.414118 0.268942 0.000000 0.479159 0.839263 0.256990 0.000000 10.216099 5.485000 -2.360682 1.000000
aniFrame
  m_time -0.538000
  m_vertexTransformMat -0.129420 0.362910 -0.922793 0.000000 -0.871943 0.401507 0.280190 0.000000 0.472192 0.840885 0.264474 0.000000 10.274326 5.485516 -2.441590 1.000000
aniFrame
  m_time -0.522000
  m_vertexTransformMat -0.134892 0.369326 -0.919458 0.000000 -0.871939 0.396533 0.287199 0.000000 0.470665 0.840452 0.268541 0.000000 10.373404 5.495399 -2.553892 1.000000
aniFrame
  m_time -0.506000
  m_vertexTransformMat -0.135879 0.372822 -0.917901 0.000000 -0.869882 0.398537 0.290643 0.000000 0.474175 0.837957 0.270158 0.000000 10.509636 5.492047 -2.688870 1.000000
aniFrame
  m_time -0.490000
  m_vertexTransformMat -0.131732 0.372669 -0.918567 0.000000 -0.865359 0.408764 0.289940 0.000000 0.483529 0.833084 0.268645 0.000000 10.682838 5.485111 -2.855471 1.000000
aniFrame
  m_time -0.474000
  m_vertexTransformMat -0.122650 0.369054 -0.921280 0.000000 -0.858273 0.426662 0.285177 0.000000 0.498321 0.825687 0.264419 0.000000 10.890453 5.465135 -3.049145 1.000000
aniFrame
  m_time -0.458000
  m_vertexTransformMat -0.110481 0.362763 -0.925309 0.000000 -0.849346 0.449034 0.277453 0.000000 0.516145 0.816561 0.258502 0.000000 11.095745 5.440358 -3.234858 1.000000
aniFrame
  m_time -0.442000
  m_vertexTransformMat -0.095333 0.353844 -0.930433 0.000000 -0.838220 0.475629 0.266766 0.000000 0.536935 0.805339 0.251256 0.000000 11.300786 5.400214 -3.412198 1.000000
aniFrame
  m_time -0.426000
  m_vertexTransformMat -0.078820 0.342964 -0.936036 0.000000 -0.825753 0.503580 0.254046 0.000000 0.558497 0.792958 0.243511 0.000000 11.468700 5.354915 -3.547310 1.000000
aniFrame
  m_time -0.410000
  m_vertexTransformMat -0.061043 0.330350 -0.941883 0.000000 -0.811734 0.532688 0.239440 0.000000 0.580828 0.779175 0.235639 0.000000 11.597755 5.295739 -3.636334 1.000000
aniFrame
  m_time -0.394000
  m_vertexTransformMat -0.043488 0.316862 -0.947475 0.000000 -0.797417 0.560318 0.223986 0.000000 0.601859 0.765273 0.228304 0.000000 11.688966 5.233006 -3.674693 1.000000
aniFrame
  m_time -0.378000
  m_vertexTransformMat -0.026182 0.302914 -0.952658 0.000000 -0.782875 0.586392 0.207970 0.000000 0.621628 0.751257 0.221791 0.000000 11.739122 5.161303 -3.655925 1.000000
aniFrame
  m_time -0.362000
  m_vertexTransformMat -0.010486 0.289708 -0.957058 0.000000 -0.769754 0.608575 0.192654 0.000000 0.638254 0.738719 0.216623 0.000000 11.769951 5.089371 -3.600116 1.000000
aniFrame
  m_time -0.346000
  m_vertexTransformMat 0.003250 0.278115 -0.960543 0.000000 -0.758932 0.626161 0.178731 0.000000 0.651162 0.728405 0.213105 0.000000 11.785888 5.019600 -3.509174 1.000000
aniFrame
  m_time -0.330000
  m_vertexTransformMat 0.015751 0.267790 -0.963349 0.000000 -0.749916 0.640428 0.165763 0.000000 0.661345 0.719819 0.210908 0.000000 11.790520 4.942541 -3.387727 1.000000
aniFrame
  m_time -0.314000
  m_vertexTransformMat 0.027060 0.259016 -0.965494 0.000000 -0.743201 0.651139 0.153853 0.000000 0.668521 0.713392 0.210120 0.000000 11.783950 4.861462 -3.234977 1.000000
aniFrame
  m_time -0.298000
  m_vertexTransformMat 0.038124 0.250739 -0.967304 0.000000 -0.737311 0.660431 0.142134 0.000000 0.674476 0.707785 0.210051 0.000000 11.771841 4.763840 -3.061579 1.000000
aniFrame
  m_time -0.282000
  m_vertexTransformMat 0.049999 0.242167 -0.968946 0.000000 -0.731478 0.669442 0.129567 0.000000 0.680030 0.702284 0.210611 0.000000 11.755130 4.645804 -2.866882 1.000000
aniFrame
  m_time -0.266000
  m_vertexTransformMat 0.061737 0.233581 -0.970376 0.000000 -0.725815 0.677868 0.116994 0.000000 0.685114 0.697090 0.211386 0.000000 11.734728 4.510332 -2.664560 1.000000
aniFrame
  m_time -0.250000
  m_vertexTransformMat 0.074059 0.225013 -0.971537 0.000000 -0.720540 0.685591 0.103861 0.000000 0.689447 0.692339 0.212905 0.000000 11.702157 4.361778 -2.452158 1.000000
aniFrame
  m_time -0.234000
  m_vertexTransformMat 0.085994 0.216395 -0.972512 0.000000 -0.715356 0.692822 0.090906 0.000000 0.693449 0.687874 0.214378 0.000000 11.665451 4.200470 -2.244797 1.000000
aniFrame
  m_time -0.218000
  m_vertexTransformMat 0.098005 0.207591 -0.973294 0.000000 -0.709973 0.699919 0.077794 0.000000 0.697376 0.683388 0.215979 0.000000 11.623146 4.027304 -2.045946 1.000000
aniFrame
  m_time -0.202000
  m_vertexTransformMat 0.110301 0.198974 -0.973778 0.000000 -0.705401 0.705883 0.064333 0.000000 0.700174 0.679808 0.218216 0.000000 11.567677 3.854051 -1.853189 1.000000
aniFrame
  m_time -0.186000
  m_vertexTransformMat 0.121322 0.190124 -0.974235 0.000000 -0.700339 0.711934 0.051722 0.000000 0.703424 0.676020 0.219524 0.000000 11.518076 3.672760 -1.693470 1.000000
aniFrame
  m_time -0.170000
  m_vertexTransformMat 0.133858 0.181182 -0.974297 0.000000 -0.695645 0.717388 0.037833 0.000000 0.705804 0.672701 0.222066 0.000000 11.448627 3.493741 -1.539745 1.000000
aniFrame
  m_time -0.154000
  m_vertexTransformMat 0.144527 0.172816 -0.974293 0.000000 -0.692197 0.721266 0.025254 0.000000 0.707088 0.670753 0.223865 0.000000 11.374216 3.326308 -1.430672 1.000000
aniFrame
  m_time -0.138000
  m_vertexTransformMat 0.156052 0.163300 -0.974157 0.000000 -0.686837 0.726716 0.011795 0.000000 0.709862 0.667246 0.225566 0.000000 11.289309 3.151119 -1.348102 1.000000
aniFrame
  m_time -0.122000
  m_vertexTransformMat 0.167581 0.154497 -0.973677 0.000000 -0.682093 0.731264 -0.001363 0.000000 0.711805 0.664367 0.227927 0.000000 11.190482 2.975728 -1.288906 1.000000
aniFrame
  m_time -0.106000
  m_vertexTransformMat 0.177333 0.144846 -0.973433 0.000000 -0.677275 0.735598 -0.013925 0.000000 0.714039 0.661752 0.228546 0.000000 11.084699 2.828331 -1.273533 1.000000
aniFrame
  m_time -0.090000
  m_vertexTransformMat 0.188041 0.135557 -0.972762 0.000000 -0.672240 0.739847 -0.026848 0.000000 0.716055 0.658977 0.230248 0.000000 10.954565 2.679768 -1.264312 1.000000
aniFrame
  m_time -0.074000
  m_vertexTransformMat 0.196556 0.125762 -0.972394 0.000000 -0.667292 0.743791 -0.038687 0.000000 0.718392 0.656475 0.230116 0.000000 10.842417 2.557403 -1.294151 1.000000
aniFrame
  m_time -0.058000
  m_vertexTransformMat 0.206014 0.115645 -0.971692 0.000000 -0.661968 0.747771 -0.051353 0.000000 0.720664 0.653809 0.230605 0.000000 10.697773 2.454855 -1.322075 1.000000
aniFrame
  m_time -0.042000
  m_vertexTransformMat 0.213494 0.105705 -0.971209 0.000000 -0.656644 0.751603 -0.062542 0.000000 0.723352 0.651091 0.229874 0.000000 10.578893 2.363918 -1.376579 1.000000
aniFrame
  m_time -0.026000
  m_vertexTransformMat 0.220399 0.094770 -0.970795 0.000000 -0.651090 0.755377 -0.074076 0.000000 0.726296 0.648401 0.228188 0.000000 10.459597 2.317378 -1.434677 1.000000
aniFrame
  m_time -0.010000
  m_vertexTransformMat 0.226559 0.084747 -0.970304 0.000000 -0.645464 0.759112 -0.084410 0.000000 0.729415 0.645420 0.226684 0.000000 10.344817 2.271971 -1.491616 1.000000
aniFrame
  m_time 0.005000
  m_vertexTransformMat 0.231479 0.072127 -0.970163 0.000000 -0.638848 0.763361 -0.095675 0.000000 0.733683 0.641933 0.222780 0.000000 10.238077 2.284456 -1.575677 1.000000
aniFrame
  m_time 0.021000
  m_vertexTransformMat 0.235259 0.057790 -0.970213 0.000000 -0.631089 0.768258 -0.107267 0.000000 0.739175 0.637526 0.217210 0.000000 10.134011 2.333864 -1.685026 1.000000
aniFrame
  m_time 0.037000
  m_vertexTransformMat 0.237394 0.040798 -0.970556 0.000000 -0.622334 0.773545 -0.119704 0.000000 0.745885 0.632427 0.209025 0.000000 10.042970 2.435868 -1.826888 1.000000
aniFrame
  m_time 0.053000
  m_vertexTransformMat 0.238137 0.021009 -0.971004 0.000000 -0.612233 0.779362 -0.133287 0.000000 0.753964 0.626221 0.198457 0.000000 9.959588 2.587979 -2.005962 1.000000
aniFrame
  m_time 0.069000
  m_vertexTransformMat 0.236950 0.000430 -0.971522 0.000000 -0.602141 0.784831 -0.146512 0.000000 0.762418 0.619709 0.186224 0.000000 9.900039 2.775138 -2.195797 1.000000
aniFrame
  m_time 0.085000
  m_vertexTransformMat 0.234829 -0.020619 -0.971819 0.000000 -0.592042 0.789901 -0.159820 0.000000 0.770936 0.612887 0.173284 0.000000 9.858225 2.990837 -2.383988 1.000000
aniFrame
  m_time 0.101000
  m_vertexTransformMat 0.230639 -0.040310 -0.972205 0.000000 -0.583152 0.794104 -0.171268 0.000000 0.778935 0.606444 0.159644 0.000000 9.851212 3.222120 -2.557680 1.000000
aniFrame
  m_time 0.117000
  m_vertexTransformMat 0.226203 -0.058569 -0.972318 0.000000 -0.575438 0.797360 -0.181902 0.000000 0.785941 0.600655 0.146663 0.000000 9.877355 3.466104 -2.689083 1.000000
aniFrame
  m_time 0.133000
  m_vertexTransformMat 0.219791 -0.073454 -0.972778 0.000000 -0.570069 0.799522 -0.189174 0.000000 0.791653 0.596129 0.133854 0.000000 9.934818 3.708077 -2.789783 1.000000
aniFrame
  m_time 0.149000
  m_vertexTransformMat 0.211999 -0.084696 -0.973593 0.000000 -0.567988 0.800021 -0.193275 0.000000 0.795265 0.593964 0.121498 0.000000 10.017604 3.952321 -2.844903 1.000000
aniFrame
  m_time 0.165000
  m_vertexTransformMat 0.205951 -0.091220 -0.974301 0.000000 -0.567685 0.799846 -0.194886 0.000000 0.797068 0.593234 0.112945 0.000000 10.093539 4.170319 -2.835827 1.000000
aniFrame
  m_time 0.181000
  m_vertexTransformMat 0.197945 -0.091190 -0.975962 0.000000 -0.571834 0.797936 -0.190535 0.000000 0.796130 0.595804 0.105802 0.000000 10.161262 4.362889 -2.803804 1.000000
aniFrame
  m_time 0.197000
  m_vertexTransformMat 0.190795 -0.085677 -0.977884 0.000000 -0.580207 0.793703 -0.182745 0.000000 0.791807 0.602241 0.101724 0.000000 10.204460 4.542337 -2.728492 1.000000
aniFrame
  m_time 0.213000
  m_vertexTransformMat 0.183788 -0.073509 -0.980214 0.000000 -0.591315 0.788321 -0.169989 0.000000 0.785219 0.610857 0.101418 0.000000 10.228938 4.673014 -2.615559 1.000000
aniFrame
  m_time 0.229000
  m_vertexTransformMat 0.173757 -0.057625 -0.983101 0.000000 -0.606934 0.779889 -0.152985 0.000000 0.775526 0.623259 0.100537 0.000000 10.248633 4.799165 -2.502576 1.000000
aniFrame
  m_time 0.245000
  m_vertexTransformMat 0.164381 -0.039385 -0.985611 0.000000 -0.623878 0.769806 -0.134812 0.000000 0.764038 0.637061 0.101970 0.000000 10.250337 4.907066 -2.373579 1.000000
aniFrame
  m_time 0.261000
  m_vertexTransformMat 0.151927 -0.017188 -0.988242 0.000000 -0.642731 0.757862 -0.111992 0.000000 0.750876 0.652189 0.104092 0.000000 10.255140 4.991342 -2.247767 1.000000
aniFrame
  m_time 0.277000
  m_vertexTransformMat 0.139256 0.006037 -0.990238 0.000000 -0.662612 0.743698 -0.088648 0.000000 0.735903 0.668488 0.107565 0.000000 10.248819 5.075220 -2.128976 1.000000
aniFrame
  m_time 0.293000
  m_vertexTransformMat 0.124780 0.032156 -0.991663 0.000000 -0.683313 0.727455 -0.062392 0.000000 0.719384 0.685401 0.112744 0.000000 10.240681 5.144439 -2.019989 1.000000
aniFrame
  m_time 0.309000
  m_vertexTransformMat 0.108631 0.059149 -0.992321 0.000000 -0.704148 0.709200 -0.034811 0.000000 0.701694 0.702522 0.118691 0.000000 10.229316 5.205773 -1.938075 1.000000
aniFrame
  m_time 0.325000
  m_vertexTransformMat 0.091991 0.087151 -0.991939 0.000000 -0.724944 0.688775 -0.006716 0.000000 0.682637 0.719718 0.126541 0.000000 10.208422 5.261949 -1.876017 1.000000
aniFrame
  m_time 0.341000
  m_vertexTransformMat 0.073965 0.115598 -0.990538 0.000000 -0.745018 0.666675 0.022171 0.000000 0.662930 0.736329 0.135433 0.000000 10.186254 5.304222 -1.840222 1.000000
aniFrame
  m_time 0.357000
  m_vertexTransformMat 0.055120 0.143861 -0.988062 0.000000 -0.764348 0.642788 0.050949 0.000000 0.642443 0.752415 0.145390 0.000000 10.162740 5.348883 -1.833167 1.000000
aniFrame
  m_time 0.373000
  m_vertexTransformMat 0.035688 0.172155 -0.984423 0.000000 -0.782319 0.617762 0.079673 0.000000 0.621855 0.767289 0.156727 0.000000 10.138174 5.371716 -1.836693 1.000000
aniFrame
  m_time 0.389000
  m_vertexTransformMat 0.015620 0.199145 -0.979846 0.000000 -0.798992 0.591653 0.107511 0.000000 0.601139 0.781209 0.168357 0.000000 10.119382 5.404941 -1.861589 1.000000
aniFrame
  m_time 0.405000
  m_vertexTransformMat -0.004552 0.225570 -0.974216 0.000000 -0.813928 0.565145 0.134657 0.000000 0.580948 0.793555 0.181026 0.000000 10.105007 5.415955 -1.894644 1.000000
aniFrame
  m_time 0.421000
  m_vertexTransformMat -0.024331 0.250218 -0.967884 0.000000 -0.827276 0.538525 0.160016 0.000000 0.561269 0.804600 0.193897 0.000000 10.088270 5.433458 -1.939890 1.000000
aniFrame
  m_time 0.437000
  m_vertexTransformMat -0.044533 0.273126 -0.960947 0.000000 -0.838625 0.512500 0.184530 0.000000 0.542885 0.814092 0.206227 0.000000 10.100531 5.446077 -2.004791 1.000000
aniFrame
  m_time 0.453000
  m_vertexTransformMat -0.063036 0.294485 -0.953575 0.000000 -0.848382 0.487403 0.206603 0.000000 0.525617 0.822020 0.219112 0.000000 10.099482 5.449168 -2.067271 1.000000
aniFrame
  m_time 0.469000
  m_vertexTransformMat -0.080936 0.313065 -0.946277 0.000000 -0.856215 0.464175 0.226800 0.000000 0.510241 0.828573 0.230482 0.000000 10.123400 5.464665 -2.146921 1.000000
aniFrame
  m_time 0.485000
  m_vertexTransformMat -0.097157 0.330181 -0.938905 0.000000 -0.862440 0.442913 0.245002 0.000000 0.496748 0.833552 0.241729 0.000000 10.153731 5.462414 -2.226291 1.000000
aniFrame
  m_time 0.501000
  m_vertexTransformMat -0.110885 0.344160 -0.932341 0.000000 -0.867169 0.424793 0.259940 0.000000 0.485513 0.837320 0.251342 0.000000 10.185085 5.476753 -2.307510 1.000000
aniFrame
  m_time 0.517000
  m_vertexTransformMat -0.123093 0.356215 -0.926261 0.000000 -0.870589 0.409265 0.273087 0.000000 0.476363 0.840008 0.259739 0.000000 10.232688 5.485319 -2.385899 1.000000
aniFrame
  m_time 0.533000
  m_vertexTransformMat -0.131758 0.365457 -0.921456 0.000000 -0.872191 0.399015 0.282966 0.000000 0.471086 0.840969 0.266175 0.000000 10.302372 5.488983 -2.475678 1.000000
aniFrame
  m_time 0.549000
  m_vertexTransformMat -0.135741 0.370829 -0.918728 0.000000 -0.871491 0.396386 0.288757 0.000000 0.471250 0.839859 0.269369 0.000000 10.415018 5.495442 -2.596245 1.000000
aniFrame
  m_time 0.565000
  m_vertexTransformMat -0.135118 0.373214 -0.917854 0.000000 -0.868686 0.400944 0.290910 0.000000 0.476579 0.836633 0.270031 0.000000 10.562369 5.490409 -2.739922 1.000000
aniFrame
  m_time 0.581000
  m_vertexTransformMat -0.129154 0.371807 -0.919282 0.000000 -0.863240 0.414056 0.288746 0.000000 0.487992 0.830853 0.267482 0.000000 10.750290 5.479458 -2.918972 1.000000
aniFrame
  m_time 0.597000
  m_vertexTransformMat -0.118901 0.367234 -0.922498 0.000000 -0.855503 0.433680 0.282908 0.000000 0.503962 0.822837 0.262605 0.000000 10.959601 5.457642 -3.112502 1.000000
aniFrame
  m_time 0.613000
  m_vertexTransformMat -0.105692 0.360060 -0.926923 0.000000 -0.845850 0.457558 0.274185 0.000000 0.522844 0.813017 0.256197 0.000000 11.165644 5.428309 -3.296284 1.000000
aniFrame
  m_time 0.629000
  m_vertexTransformMat -0.089927 0.350401 -0.932273 0.000000 -0.834185 0.484888 0.262713 0.000000 0.544103 0.801313 0.248695 0.000000 11.362419 5.385498 -3.463379 1.000000
aniFrame
  m_time 0.645000
  m_vertexTransformMat -0.072981 0.338925 -0.937979 0.000000 -0.821216 0.513252 0.249352 0.000000 0.565931 0.788481 0.240873 0.000000 11.515700 5.336517 -3.582028 1.000000
aniFrame
  m_time 0.661000
  m_vertexTransformMat -0.055101 0.325900 -0.943797 0.000000 -0.806929 0.542177 0.234328 0.000000 0.588073 0.774489 0.233104 0.000000 11.632623 5.274708 -3.655309 1.000000
aniFrame
  m_time 0.677000
  m_vertexTransformMat -0.037658 0.312228 -0.949261 0.000000 -0.792557 0.569241 0.218674 0.000000 0.608634 0.760578 0.226022 0.000000 11.709480 5.210091 -3.674070 1.000000
aniFrame
  m_time 0.693000
  m_vertexTransformMat -0.020686 0.298350 -0.954233 0.000000 -0.778229 0.594366 0.202704 0.000000 0.627640 0.746804 0.219890 0.000000 11.750330 5.136609 -3.640346 1.000000
aniFrame
  m_time 0.709000
  m_vertexTransformMat -0.005735 0.285674 -0.958310 0.000000 -0.765921 0.614871 0.187878 0.000000 0.642909 0.735067 0.215277 0.000000 11.777102 5.066437 -3.573903 1.000000
aniFrame
  m_time 0.725000
  m_vertexTransformMat 0.007529 0.274555 -0.961542 0.000000 -0.755742 0.631240 0.174324 0.000000 0.654826 0.725365 0.212246 0.000000 11.788251 4.995028 -3.471542 1.000000
aniFrame
  m_time 0.741000
  m_vertexTransformMat 0.019638 0.264695 -0.964132 0.000000 -0.747431 0.644364 0.161681 0.000000 0.664049 0.717447 0.210495 0.000000 11.789627 4.916033 -3.340278 1.000000
aniFrame
  m_time 0.757000
  m_vertexTransformMat 0.030702 0.256295 -0.966111 0.000000 -0.741270 0.654231 0.150001 0.000000 0.670505 0.711544 0.210070 0.000000 11.780005 4.831785 -3.178576 1.000000
aniFrame
  m_time 0.773000
  m_vertexTransformMat 0.042013 0.247884 -0.967878 0.000000 -0.735310 0.663528 0.138019 0.000000 0.676428 0.705892 0.210148 0.000000 11.767066 4.726131 -2.999373 1.000000
aniFrame
  m_time 0.789000
  m_vertexTransformMat 0.053982 0.239303 -0.969443 0.000000 -0.729598 0.672295 0.125326 0.000000 0.681742 0.700538 0.210887 0.000000 11.748514 4.602821 -2.798946 1.000000
aniFrame
  m_time 0.805000
  m_vertexTransformMat 0.065683 0.230729 -0.970799 0.000000 -0.723972 0.680550 0.112763 0.000000 0.686695 0.695425 0.211742 0.000000 11.725993 4.461581 -2.596270 1.000000
aniFrame
  m_time 0.821000
  m_vertexTransformMat 0.078215 0.222143 -0.971872 0.000000 -0.718853 0.688017 0.099409 0.000000 0.690748 0.690858 0.213501 0.000000 11.689233 4.309920 -2.380338 1.000000
aniFrame
  m_time 0.837000
  m_vertexTransformMat 0.089714 0.213503 -0.972815 0.000000 -0.713516 0.695243 0.086784 0.000000 0.694871 0.686333 0.214711 0.000000 11.654199 4.142852 -2.180773 1.000000
aniFrame
  m_time 0.853000
  m_vertexTransformMat 0.102275 0.204654 -0.973477 0.000000 -0.708340 0.702068 0.073176 0.000000 0.698423 0.682068 0.216768 0.000000 11.604837 3.969651 -1.978550 1.000000
aniFrame
  m_time 0.869000
  m_vertexTransformMat 0.113844 0.196208 -0.973931 0.000000 -0.703961 0.707676 0.060281 0.000000 0.701055 0.678747 0.218688 0.000000 11.551269 3.794908 -1.798458 1.000000
aniFrame
  m_time 0.885000
  m_vertexTransformMat 0.125444 0.187016 -0.974314 0.000000 -0.698531 0.714027 0.047119 0.000000 0.704498 0.674678 0.220207 0.000000 11.497652 3.611863 -1.640688 1.000000
aniFrame
  m_time 0.901000
  m_vertexTransformMat 0.137644 0.178584 -0.974249 0.000000 -0.694680 0.718535 0.033564 0.000000 0.706026 0.672172 0.222961 0.000000 11.422776 3.436723 -1.496841 1.000000
aniFrame
  m_time 0.917000
  m_vertexTransformMat 0.148116 0.169649 -0.974310 0.000000 -0.690526 0.723004 0.020916 0.000000 0.707979 0.669689 0.224236 0.000000 11.348703 3.269756 -1.402458 1.000000
aniFrame
  m_time 0.933000
  m_vertexTransformMat 0.160235 0.160372 -0.973964 0.000000 -0.685152 0.728364 0.007211 0.000000 0.710557 0.666158 0.226589 0.000000 11.255228 3.089802 -1.322046 1.000000
aniFrame
  m_time 0.949000
  m_vertexTransformMat 0.170816 0.151343 -0.973611 0.000000 -0.680528 0.732702 -0.005502 0.000000 0.712533 0.663509 0.228150 0.000000 11.158447 2.924591 -1.281592 1.000000
aniFrame
  m_time 0.965000
  m_vertexTransformMat 0.180970 0.141660 -0.973233 0.000000 -0.675589 0.737050 -0.018341 0.000000 0.714723 0.660824 0.229088 0.000000 11.040383 2.779666 -1.268104 1.000000
aniFrame
  m_time 0.981000
  m_vertexTransformMat 0.190979 0.132423 -0.972621 0.000000 -0.670604 0.741177 -0.030765 0.000000 0.716810 0.658119 0.230353 0.000000 10.918054 2.634328 -1.271663 1.000000
aniFrame
  m_time 0.997000
  m_vertexTransformMat 0.199583 0.122303 -0.972219 0.000000 -0.665561 0.745109 -0.042898 0.000000 0.719162 0.655633 0.230111 0.000000 10.797434 2.524004 -1.304293 1.000000
aniFrame
  m_time 1.013000
  m_vertexTransformMat 0.208760 0.112433 -0.971483 0.000000 -0.660195 0.749065 -0.055177 0.000000 0.721499 0.652887 0.230602 0.000000 10.654674 2.420142 -1.337098 1.000000
aniFrame
  m_time 1.029000
  m_vertexTransformMat 0.215726 0.102084 -0.971103 0.000000 -0.654826 0.752863 -0.066324 0.000000 0.724337 0.650212 0.229260 0.000000 10.541649 2.345109 -1.397775 1.000000
aniFrame
  m_time 1.045000
  m_vertexTransformMat 0.222595 0.091452 -0.970612 0.000000 -0.649254 0.756602 -0.077609 0.000000 0.727269 0.647449 0.227791 0.000000 10.419766 2.300413 -1.452144 1.000000
aniFrame
  m_time 1.061000
  m_vertexTransformMat 0.228325 0.080991 -0.970211 0.000000 -0.643418 0.760447 -0.087939 0.000000 0.730671 0.644330 0.225740 0.000000 10.309053 2.266878 -1.515738 1.000000
aniFrame
  m_time 1.077000
  m_vertexTransformMat 0.232886 0.067495 -0.970159 0.000000 -0.636372 0.764932 -0.099543 0.000000 0.735387 0.640565 0.221094 0.000000 10.202596 2.297863 -1.609379 1.000000
aniFrame
  m_time 1.093000
  m_vertexTransformMat 0.236175 0.052538 -0.970289 0.000000 -0.628286 0.769989 -0.111237 0.000000 0.741268 0.635890 0.214862 0.000000 10.101847 2.359808 -1.727971 1.000000
aniFrame
  m_time 1.109000
  m_vertexTransformMat 0.237804 0.034398 -0.970704 0.000000 -0.619082 0.775446 -0.124185 0.000000 0.748456 0.630477 0.205700 0.000000 10.014058 2.482561 -1.883408 1.000000
aniFrame
  m_time 1.125000
  m_vertexTransformMat 0.237984 0.014162 -0.971166 0.000000 -0.608780 0.781281 -0.137789 0.000000 0.756802 0.624018 0.194554 0.000000 9.936014 2.646463 -2.069593 1.000000
aniFrame
  m_time 1.141000
  m_vertexTransformMat 0.236333 -0.006572 -0.971650 0.000000 -0.598787 0.786552 -0.150962 0.000000 0.765245 0.617489 0.181953 0.000000 9.884406 2.844657 -2.258734 1.000000
aniFrame
  m_time 1.157000
  m_vertexTransformMat 0.233751 -0.027453 -0.971909 0.000000 -0.588830 0.791449 -0.163973 0.000000 0.773718 0.610618 0.168837 0.000000 9.850427 3.066594 -2.444756 1.000000
aniFrame
  m_time 1.173000
  m_vertexTransformMat 0.229082 -0.046530 -0.972295 0.000000 -0.580511 0.795262 -0.174832 0.000000 0.781363 0.604478 0.155169 0.000000 9.857395 3.302429 -2.606381 1.000000
aniFrame
  m_time 1.189000
  m_vertexTransformMat 0.224473 -0.064078 -0.972372 0.000000 -0.573240 0.798245 -0.184936 0.000000 0.788040 0.598916 0.142453 0.000000 9.892611 3.547787 -2.725249 1.000000
aniFrame
  m_time 1.205000
  m_vertexTransformMat 0.217005 -0.077454 -0.973093 0.000000 -0.569147 0.799843 -0.190587 0.000000 0.793083 0.595191 0.129487 0.000000 9.961199 3.788691 -2.815973 1.000000
aniFrame
  m_time 1.221000
  m_vertexTransformMat 0.209863 -0.087603 -0.973799 0.000000 -0.567673 0.799995 -0.194306 0.000000 0.796056 0.593577 0.118159 0.000000 10.044821 4.030458 -2.847687 1.000000
aniFrame
  m_time 1.237000
  m_vertexTransformMat 0.203662 -0.091781 -0.974730 0.000000 -0.568353 0.799577 -0.194041 0.000000 0.797181 0.593509 0.110680 0.000000 10.115989 4.233161 -2.826556 1.000000
aniFrame
  m_time 1.253000
  m_vertexTransformMat 0.195203 -0.089995 -0.976626 0.000000 -0.574370 0.796665 -0.188214 0.000000 0.794981 0.597684 0.103821 0.000000 10.179757 4.426964 -2.785265 1.000000
aniFrame
  m_time 1.269000
  m_vertexTransformMat 0.188992 -0.082441 -0.978512 0.000000 -0.583256 0.792231 -0.179398 0.000000 0.789997 0.604627 0.101640 0.000000 10.212314 4.588573 -2.691560 1.000000
aniFrame
  m_time 1.285000
  m_vertexTransformMat 0.180515 -0.068347 -0.981195 0.000000 -0.596218 0.785804 -0.164425 0.000000 0.782265 0.614687 0.101099 0.000000 10.237124 4.714924 -2.578233 1.000000
aniFrame
  m_time 1.301000
  m_vertexTransformMat 0.170835 -0.052171 -0.983918 0.000000 -0.612371 0.776687 -0.147507 0.000000 0.771892 0.627722 0.100737 0.000000 10.249757 4.839392 -2.461479 1.000000
aniFrame
  m_time 1.317000
  m_vertexTransformMat 0.160516 -0.032200 -0.986508 0.000000 -0.629998 0.766056 -0.127513 0.000000 0.759827 0.641966 0.102678 0.000000 10.251739 4.936190 -2.330069 1.000000
aniFrame
  m_time 1.333000
  m_vertexTransformMat 0.147677 -0.009691 -0.988988 0.000000 -0.649244 0.753391 -0.104328 0.000000 0.746106 0.657501 0.104967 0.000000 10.254546 5.019804 -2.208401 1.000000
aniFrame
  m_time 1.349000
  m_vertexTransformMat 0.134703 0.014495 -0.990780 0.000000 -0.669462 0.738503 -0.080214 0.000000 0.730531 0.674095 0.109182 0.000000 10.245905 5.100073 -2.090332 1.000000
aniFrame
  m_time 1.365000
  m_vertexTransformMat 0.119477 0.041119 -0.991985 0.000000 -0.690247 0.721614 -0.053223 0.000000 0.713642 0.691073 0.114598 0.000000 10.237911 5.164760 -1.989734 1.000000
aniFrame
  m_time 1.381000
  m_vertexTransformMat 0.103164 0.068363 -0.992312 0.000000 -0.711122 0.702605 -0.025526 0.000000 0.695458 0.708289 0.121098 0.000000 10.223155 5.226079 -1.915257 1.000000
aniFrame
  m_time 1.397000
  m_vertexTransformMat 0.086174 0.096657 -0.991580 0.000000 -0.731725 0.681593 0.002849 0.000000 0.676130 0.725319 0.129462 0.000000 10.200751 5.276457 -1.860294 1.000000
aniFrame
  m_time 1.413000
  m_vertexTransformMat 0.067739 0.125005 -0.989841 0.000000 -0.751574 0.658882 0.031776 0.000000 0.656161 0.741787 0.138583 0.000000 10.178689 5.320344 -1.835774 1.000000
aniFrame
  m_time 1.429000
  m_vertexTransformMat 0.048721 0.153337 -0.986972 0.000000 -0.770505 0.634552 0.060549 0.000000 0.635570 0.757517 0.149063 0.000000 10.154476 5.358511 -1.833331 1.000000
aniFrame
  m_time 1.445000
  m_vertexTransformMat 0.029056 0.181277 -0.983003 0.000000 -0.788038 0.609153 0.089042 0.000000 0.614941 0.772056 0.160553 0.000000 10.130941 5.382535 -1.842810 1.000000
aniFrame
  m_time 1.461000
  m_vertexTransformMat 0.008856 0.207988 -0.978091 0.000000 -0.804177 0.582830 0.116656 0.000000 0.594324 0.785525 0.172421 0.000000 10.114932 5.412510 -1.872667 1.000000
aniFrame
  m_time 1.477000
  m_vertexTransformMat -0.011126 0.234052 -0.972161 0.000000 -0.818564 0.556256 0.143289 0.000000 0.574307 0.797370 0.185398 0.000000 10.097793 5.419627 -1.907203 1.000000
aniFrame
  m_time 1.493000
  m_vertexTransformMat -0.031044 0.257967 -0.965655 0.000000 -0.831299 0.529752 0.168244 0.000000 0.554959 0.807971 0.198002 0.000000 10.089025 5.440800 -1.960250 1.000000
aniFrame
  m_time 1.509000
  m_vertexTransformMat -0.050910 0.280530 -0.958494 0.000000 -0.842044 0.503993 0.192232 0.000000 0.537002 0.816881 0.210560 0.000000 10.101761 5.445508 -2.025292 1.000000
aniFrame
  m_time 1.525000
  m_vertexTransformMat -0.068969 0.300951 -0.951142 0.000000 -0.851244 0.479414 0.213417 0.000000 0.520218 0.824373 0.223118 0.000000 10.101512 5.454358 -2.091104 1.000000
aniFrame
  m_time 1.541000
  m_vertexTransformMat -0.086682 0.318973 -0.943792 0.000000 -0.858424 0.456844 0.233241 0.000000 0.505563 0.830391 0.234214 0.000000 10.136091 5.464784 -2.174666 1.000000
aniFrame
  m_time 1.557000
  m_vertexTransformMat -0.101932 0.335269 -0.936592 0.000000 -0.864214 0.436450 0.250290 0.000000 0.492690 0.834929 0.245256 0.000000 10.161298 5.464000 -2.251890 1.000000
aniFrame
  m_time 1.573000
  m_vertexTransformMat -0.115186 0.348283 -0.930286 0.000000 -0.868427 0.419357 0.264526 0.000000 0.482252 0.838355 0.254155 0.000000 10.200584 5.482548 -2.335032 1.000000
aniFrame
  m_time 1.589000
  m_vertexTransformMat -0.126501 0.359782 -0.924421 0.000000 -0.871392 0.404994 0.276867 0.000000 0.473996 0.840557 0.262280 0.000000 10.251619 5.484933 -2.412289 1.000000
aniFrame
  m_time 1.605000
  m_vertexTransformMat -0.133555 0.367529 -0.920373 0.000000 -0.872169 0.397425 0.285263 0.000000 0.470621 0.840819 0.267469 0.000000 10.335793 5.493361 -2.513773 1.000000
aniFrame
  m_time 1.621000
  m_vertexTransformMat -0.136079 0.372009 -0.918201 0.000000 -0.870811 0.397036 0.289914 0.000000 0.472410 0.839030 0.269921 0.000000 10.460476 5.494063 -2.641125 1.000000
aniFrame
  m_time 1.637000
  m_vertexTransformMat -0.133746 0.373147 -0.918081 0.000000 -0.867186 0.404346 0.290675 0.000000 0.479687 0.835024 0.269508 0.000000 10.619604 5.488928 -2.795255 1.000000
aniFrame
  m_time 1.653000
  m_vertexTransformMat -0.126097 0.370590 -0.920197 0.000000 -0.860865 0.420072 0.287142 0.000000 0.492961 0.828373 0.266059 0.000000 10.820099 5.472601 -2.984084 1.000000
aniFrame
  m_time 1.669000
  m_vertexTransformMat -0.114898 0.365156 -0.923829 0.000000 -0.852568 0.441048 0.280365 0.000000 0.509830 0.819840 0.260645 0.000000 11.026746 5.450194 -3.173319 1.000000
aniFrame
  m_time 1.685000
  m_vertexTransformMat -0.100615 0.357076 -0.928640 0.000000 -0.842126 0.466472 0.270607 0.000000 0.529812 0.809259 0.253769 0.000000 11.234599 5.414704 -3.355949 1.000000
aniFrame
  m_time 1.701000
  m_vertexTransformMat -0.084467 0.346788 -0.934132 0.000000 -0.830070 0.494127 0.258498 0.000000 0.551224 0.797230 0.246121 0.000000 11.417888 5.371090 -3.507972 1.000000
aniFrame
  m_time 1.717000
  m_vertexTransformMat -0.067029 0.334707 -0.939936 0.000000 -0.816521 0.523001 0.244466 0.000000 0.573412 0.783863 0.238239 0.000000 11.558756 5.316565 -3.611804 1.000000
aniFrame
  m_time 1.733000
  m_vertexTransformMat -0.049277 0.321411 -0.945657 0.000000 -0.802181 0.551341 0.229191 0.000000 0.595044 0.769882 0.230661 0.000000 11.663301 5.254157 -3.668406 1.000000
aniFrame
  m_time 1.749000
  m_vertexTransformMat -0.031864 0.307561 -0.950995 0.000000 -0.787681 0.577975 0.213315 0.000000 0.615258 0.755878 0.223843 0.000000 11.725856 5.185995 -3.667484 1.000000
aniFrame
  m_time 1.765000
  m_vertexTransformMat -0.015444 0.293931 -0.955702 0.000000 -0.773836 0.601779 0.197585 0.000000 0.633197 0.742608 0.218161 0.000000 11.760545 5.112527 -3.621723 1.000000
aniFrame
  m_time 1.781000
  m_vertexTransformMat -0.001133 0.281829 -0.959464 0.000000 -0.762313 0.620729 0.183231 0.000000 0.647207 0.731620 0.214139 0.000000 11.782283 5.042676 -3.543239 1.000000
aniFrame
  m_time 1.797000
  m_vertexTransformMat 0.011717 0.271123 -0.962473 0.000000 -0.752730 0.636002 0.169994 0.000000 0.658224 0.722491 0.211535 0.000000 11.789714 4.968941 -3.430855 1.000000
aniFrame
  m_time 1.813000
  m_vertexTransformMat 0.023149 0.261717 -0.964867 0.000000 -0.745211 0.647875 0.157855 0.000000 0.666427 0.715375 0.210031 0.000000 11.788151 4.891158 -3.290922 1.000000
aniFrame
  m_time 1.829000
  m_vertexTransformMat 0.033650 0.253340 -0.966792 0.000000 -0.739321 0.657225 0.146488 0.000000 0.672511 0.709840 0.209415 0.000000 11.778590 4.807052 -3.126280 1.000000
aniFrame
  m_time 1.845000
  m_vertexTransformMat 0.044421 0.244558 -0.968617 0.000000 -0.733372 0.666366 0.134613 0.000000 0.678374 0.704377 0.208953 0.000000 11.768132 4.708745 -2.947737 1.000000
aniFrame
  m_time 1.861000
  m_vertexTransformMat 0.055150 0.235635 -0.970276 0.000000 -0.727725 0.674836 0.122523 0.000000 0.683648 0.699337 0.208695 0.000000 11.755021 4.601192 -2.756728 1.000000
aniFrame
  m_time 1.877000
  m_vertexTransformMat 0.065791 0.226722 -0.971735 0.000000 -0.722328 0.682685 0.110376 0.000000 0.688413 0.694650 0.208682 0.000000 11.736485 4.485859 -2.563993 1.000000
aniFrame
  m_time 1.893000
  m_vertexTransformMat 0.076544 0.217694 -0.973011 0.000000 -0.717265 0.689885 0.097925 0.000000 0.692584 0.690411 0.208952 0.000000 11.711061 4.366888 -2.368040 1.000000
aniFrame
  m_time 1.909000
  m_vertexTransformMat 0.086992 0.208681 -0.974107 0.000000 -0.712269 0.696664 0.085636 0.000000 0.696495 0.686377 0.209241 0.000000 11.683120 4.239079 -2.182795 1.000000
aniFrame
  m_time 1.925000
  m_vertexTransformMat 0.097856 0.199540 -0.974992 0.000000 -0.707636 0.702815 0.072814 0.000000 0.699768 0.682814 0.209976 0.000000 11.645629 4.110928 -2.001150 1.000000
aniFrame
  m_time 1.941000
  m_vertexTransformMat 0.107834 0.190477 -0.975751 0.000000 -0.702755 0.708837 0.060708 0.000000 0.703212 0.679168 0.210295 0.000000 11.612535 3.970217 -1.845931 1.000000
aniFrame
  m_time 1.957000
  m_vertexTransformMat 0.118753 0.181077 -0.976273 0.000000 -0.698068 0.714447 0.047602 0.000000 0.706115 0.675852 0.211247 0.000000 11.567240 3.833199 -1.700002 1.000000
aniFrame
  m_time 1.973000
  m_vertexTransformMat 0.128613 0.172344 -0.976604 0.000000 -0.694157 0.718950 0.035459 0.000000 0.708241 0.673356 0.212100 0.000000 11.513114 3.691623 -1.589461 1.000000
aniFrame
  m_time 1.989000
  m_vertexTransformMat 0.139108 0.162713 -0.976818 0.000000 -0.689240 0.724185 0.022477 0.000000 0.711054 0.670135 0.212889 0.000000 11.444973 3.548261 -1.507639 1.000000
aniFrame
  m_time 2.005000
  m_vertexTransformMat 0.149588 0.153962 -0.976688 0.000000 -0.685371 0.728128 0.009810 0.000000 0.712664 0.667926 0.214441 0.000000 11.354375 3.401963 -1.448211 1.000000
aniFrame
  m_time 2.021000
  m_vertexTransformMat 0.159254 0.144465 -0.976610 0.000000 -0.680735 0.732525 -0.002647 0.000000 0.715009 0.665234 0.215000 0.000000 11.255100 3.258863 -1.428040 1.000000
aniFrame
  m_time 2.037000
  m_vertexTransformMat 0.170674 0.135092 -0.976023 0.000000 -0.675656 0.737040 -0.016136 0.000000 0.717188 0.662210 0.217069 0.000000 11.122916 3.105600 -1.408888 1.000000
aniFrame
  m_time 2.053000
  m_vertexTransformMat 0.180233 0.125716 -0.975557 0.000000 -0.670779 0.741113 -0.028422 0.000000 0.719425 0.659505 0.217901 0.000000 11.002083 2.958204 -1.424944 1.000000
aniFrame
  m_time 2.069000
  m_vertexTransformMat 0.190974 0.115987 -0.974719 0.000000 -0.665451 0.745277 -0.041695 0.000000 0.721599 0.656590 0.219513 0.000000 10.848894 2.817138 -1.438902 1.000000
aniFrame
  m_time 2.085000
  m_vertexTransformMat 0.201039 0.106619 -0.973764 0.000000 -0.659953 0.749349 -0.054204 0.000000 0.723910 0.653535 0.221012 0.000000 10.702523 2.667809 -1.465920 1.000000
aniFrame
  m_time 2.101000
  m_vertexTransformMat 0.210631 0.096557 -0.972785 0.000000 -0.654129 0.753423 -0.066850 0.000000 0.726464 0.650408 0.221855 0.000000 10.560586 2.537962 -1.498633 1.000000
aniFrame
  m_time 2.117000
  m_vertexTransformMat 0.220993 0.087792 -0.971316 0.000000 -0.647755 0.757753 -0.078887 0.000000 0.729092 0.646609 0.224326 0.000000 10.405299 2.378975 -1.513329 1.000000
aniFrame
  m_time 2.133000
