m_aniFrameList.size 202
aniFrame
  m_time -1.066000
  m_vertexTransformMat 0.991210 -0.123657 0.047033 0.000000 0.121882 0.991782 0.038904 0.000000 -0.051457 -0.032829 0.998136 0.000000 -0.557057 -1.671004 -1.130231 1.000000
aniFrame
  m_time -1.050000
  m_vertexTransformMat 0.991794 -0.118390 0.048253 0.000000 0.116992 0.992654 0.030848 0.000000 -0.051551 -0.024950 0.998359 0.000000 -0.677810 -1.549464 -1.238964 1.000000
aniFrame
  m_time -1.034000
  m_vertexTransformMat 0.992369 -0.112975 0.049398 0.000000 0.112005 0.993465 0.021986 0.000000 -0.051559 -0.016286 0.998537 0.000000 -0.796129 -1.410969 -1.351414 1.000000
aniFrame
  m_time -1.018000
  m_vertexTransformMat 0.992873 -0.107730 0.050959 0.000000 0.107219 0.994155 0.012677 0.000000 -0.052026 -0.007123 0.998620 0.000000 -0.927190 -1.267025 -1.480867 1.000000
aniFrame
  m_time -1.002000
  m_vertexTransformMat 0.993345 -0.102437 0.052643 0.000000 0.102427 0.994736 0.002900 0.000000 -0.052663 0.002512 0.998609 0.000000 -1.056998 -1.114943 -1.612445 1.000000
aniFrame
  m_time -0.986000
  m_vertexTransformMat 0.993796 -0.097054 0.054315 0.000000 0.097571 0.995204 -0.006943 0.000000 -0.053381 0.012200 0.998500 0.000000 -1.173747 -0.961877 -1.729836 1.000000
aniFrame
  m_time -0.970000
  m_vertexTransformMat 0.994228 -0.091553 0.055939 0.000000 0.092617 0.995561 -0.016728 0.000000 -0.054160 0.021813 0.998294 0.000000 -1.274832 -0.810243 -1.829350 1.000000
aniFrame
  m_time -0.954000
  m_vertexTransformMat 0.994657 -0.085856 0.057323 0.000000 0.087469 0.995821 -0.026247 0.000000 -0.054830 0.031121 0.998011 0.000000 -1.341477 -0.662491 -1.888614 1.000000
aniFrame
  m_time -0.938000
  m_vertexTransformMat 0.995076 -0.080019 0.058482 0.000000 0.082164 0.995996 -0.035246 0.000000 -0.055428 0.039877 0.997666 0.000000 -1.379627 -0.524224 -1.910807 1.000000
aniFrame
  m_time -0.922000
  m_vertexTransformMat 0.995504 -0.073934 0.059198 0.000000 0.076571 0.996111 -0.043591 0.000000 -0.055745 0.047928 0.997294 0.000000 -1.389307 -0.395875 -1.885810 1.000000
aniFrame
  m_time -0.906000
  m_vertexTransformMat 0.995928 -0.067715 0.059511 0.000000 0.070781 0.996187 -0.051014 0.000000 -0.055829 0.055019 0.996923 0.000000 -1.374108 -0.283542 -1.817620 1.000000
aniFrame
  m_time -0.890000
  m_vertexTransformMat 0.996365 -0.061255 0.059209 0.000000 0.064655 0.996260 -0.057324 0.000000 -0.055476 0.060944 0.996598 0.000000 -1.351645 -0.188813 -1.723837 1.000000
aniFrame
  m_time -0.874000
  m_vertexTransformMat 0.996800 -0.054654 0.058328 0.000000 0.058280 0.996349 -0.062393 0.000000 -0.054705 0.065593 0.996346 0.000000 -1.320722 -0.114577 -1.602999 1.000000
aniFrame
  m_time -0.858000
  m_vertexTransformMat 0.997246 -0.047869 0.056657 0.000000 0.051574 0.996496 -0.065844 0.000000 -0.053306 0.068585 0.996220 0.000000 -1.283397 -0.066409 -1.467034 1.000000
aniFrame
  m_time -0.842000
  m_vertexTransformMat 0.997688 -0.040939 0.054253 0.000000 0.044581 0.996708 -0.067713 0.000000 -0.051303 0.069975 0.996229 0.000000 -1.239957 -0.043424 -1.314846 1.000000
aniFrame
  m_time -0.826000
  m_vertexTransformMat 0.998134 -0.033584 0.050999 0.000000 0.037008 0.997017 -0.067738 0.000000 -0.048572 0.069499 0.996399 0.000000 -1.189572 -0.050331 -1.159769 1.000000
aniFrame
  m_time -0.810000
  m_vertexTransformMat 0.998566 -0.025747 0.046930 0.000000 0.028817 0.997406 -0.065967 0.000000 -0.045110 0.067225 0.996718 0.000000 -1.132482 -0.085321 -1.001193 1.000000
aniFrame
  m_time -0.794000
  m_vertexTransformMat 0.998956 -0.017386 0.042245 0.000000 0.020017 0.997833 -0.062689 0.000000 -0.041064 0.063469 0.997139 0.000000 -1.068485 -0.144539 -0.853361 1.000000
aniFrame
  m_time -0.778000
  m_vertexTransformMat 0.999282 -0.008353 0.036944 0.000000 0.010491 0.998258 -0.058066 0.000000 -0.036394 0.058411 0.997629 0.000000 -0.996003 -0.223606 -0.716596 1.000000
aniFrame
  m_time -0.762000
  m_vertexTransformMat 0.999510 0.001046 0.031284 0.000000 0.000590 0.998635 -0.052234 0.000000 -0.031296 0.052227 0.998145 0.000000 -0.919938 -0.321977 -0.604366 1.000000
aniFrame
  m_time -0.746000
  m_vertexTransformMat 0.999623 0.010911 0.025188 0.000000 -0.009754 0.998912 -0.045596 0.000000 -0.025658 0.045333 0.998643 0.000000 -0.838221 -0.429929 -0.520452 1.000000
aniFrame
  m_time -0.730000
  m_vertexTransformMat 0.999600 0.020968 0.019003 0.000000 -0.020236 0.999075 -0.037944 0.000000 -0.019781 0.037544 0.999099 0.000000 -0.754666 -0.554971 -0.465597 1.000000
aniFrame
  m_time -0.714000
  m_vertexTransformMat 0.999431 0.031308 0.012533 0.000000 -0.030919 0.999069 -0.030093 0.000000 -0.013463 0.029688 0.999469 0.000000 -0.664236 -0.678067 -0.443452 1.000000
aniFrame
  m_time -0.698000
  m_vertexTransformMat 0.999113 0.041667 0.006182 0.000000 -0.041526 0.998907 -0.021446 0.000000 -0.007069 0.021171 0.999751 0.000000 -0.571818 -0.815704 -0.444638 1.000000
aniFrame
  m_time -0.682000
  m_vertexTransformMat 0.998645 0.052049 -0.000139 0.000000 -0.052047 0.998560 -0.012983 0.000000 -0.000537 0.012973 0.999916 0.000000 -0.473968 -0.945787 -0.464679 1.000000
aniFrame
  m_time -0.666000
  m_vertexTransformMat 0.998036 0.062302 -0.006516 0.000000 -0.062331 0.998046 -0.004398 0.000000 0.006230 0.004795 0.999969 0.000000 -0.367354 -1.077097 -0.502052 1.000000
aniFrame
  m_time -0.650000
  m_vertexTransformMat 0.997312 0.072251 -0.012187 0.000000 -0.072205 0.997381 0.004125 0.000000 0.012453 -0.003234 0.999917 0.000000 -0.269174 -1.208107 -0.554275 1.000000
aniFrame
  m_time -0.634000
  m_vertexTransformMat 0.996473 0.081875 -0.018393 0.000000 -0.081668 0.996591 0.011710 0.000000 0.019289 -0.010166 0.999763 0.000000 -0.150907 -1.317509 -0.618726 1.000000
aniFrame
  m_time -0.618000
  m_vertexTransformMat 0.995568 0.090925 -0.024019 0.000000 -0.090472 0.995712 0.019323 0.000000 0.025673 -0.017064 0.999525 0.000000 -0.035980 -1.432109 -0.692791 1.000000
aniFrame
  m_time -0.602000
  m_vertexTransformMat 0.994633 0.099286 -0.029113 0.000000 -0.098560 0.994807 0.025392 0.000000 0.031483 -0.022386 0.999254 0.000000 0.073539 -1.516171 -0.772959 1.000000
aniFrame
  m_time -0.586000
  m_vertexTransformMat 0.993677 0.106828 -0.034545 0.000000 -0.105776 0.993908 0.030962 0.000000 0.037642 -0.027112 0.998923 0.000000 0.201593 -1.594638 -0.856958 1.000000
aniFrame
  m_time -0.570000
  m_vertexTransformMat 0.992808 0.113333 -0.038568 0.000000 -0.112002 0.993088 0.035088 0.000000 0.042278 -0.030516 0.998640 0.000000 0.304478 -1.650676 -0.941505 1.000000
aniFrame
  m_time -0.554000
  m_vertexTransformMat 0.992024 0.118638 -0.042590 0.000000 -0.117074 0.992415 0.037505 0.000000 0.046717 -0.032220 0.998388 0.000000 0.414235 -1.676578 -1.018453 1.000000
aniFrame
  m_time -0.538000
  m_vertexTransformMat 0.991379 0.122696 -0.045970 0.000000 -0.120946 0.991889 0.039092 0.000000 0.050393 -0.033195 0.998178 0.000000 0.520568 -1.696404 -1.094503 1.000000
aniFrame
  m_time -0.522000
  m_vertexTransformMat 0.990945 0.124970 -0.049091 0.000000 -0.123192 0.991666 0.037716 0.000000 0.053395 -0.031327 0.998082 0.000000 0.640343 -1.666492 -1.184452 1.000000
aniFrame
  m_time -0.506000
  m_vertexTransformMat 0.990727 0.125558 -0.051912 0.000000 -0.123871 0.991697 0.034549 0.000000 0.055819 -0.027798 0.998054 0.000000 0.772509 -1.613610 -1.287580 1.000000
aniFrame
  m_time -0.490000
  m_vertexTransformMat 0.990730 0.124402 -0.054573 0.000000 -0.122971 0.991991 0.028842 0.000000 0.057724 -0.021864 0.998093 0.000000 0.914094 -1.520109 -1.407772 1.000000
aniFrame
  m_time -0.474000
  m_vertexTransformMat 0.990954 0.121482 -0.057027 0.000000 -0.120454 0.992494 0.021134 0.000000 0.059167 -0.014073 0.998149 0.000000 1.065407 -1.398482 -1.544445 1.000000
aniFrame
  m_time -0.458000
  m_vertexTransformMat 0.991352 0.117147 -0.059140 0.000000 -0.116643 0.993102 0.011929 0.000000 0.060130 -0.004927 0.998179 0.000000 1.199266 -1.252896 -1.669200 1.000000
aniFrame
  m_time -0.442000
  m_vertexTransformMat 0.991907 0.111416 -0.060880 0.000000 -0.111520 0.993761 0.001701 0.000000 0.060690 0.005102 0.998144 0.000000 1.319032 -1.094782 -1.784822 1.000000
aniFrame
  m_time -0.426000
  m_vertexTransformMat 0.992570 0.104609 -0.062147 0.000000 -0.105372 0.994391 -0.009125 0.000000 0.060844 0.015606 0.998025 0.000000 1.396942 -0.926970 -1.862439 1.000000
aniFrame
  m_time -0.410000
  m_vertexTransformMat 0.993313 0.096805 -0.062906 0.000000 -0.098243 0.994958 -0.020165 0.000000 0.060636 0.026210 0.997816 0.000000 1.431766 -0.758438 -1.901182 1.000000
aniFrame
  m_time -0.394000
  m_vertexTransformMat 0.994089 0.088346 -0.063098 0.000000 -0.090426 0.995424 -0.030901 0.000000 0.060079 0.036424 0.997529 0.000000 1.433073 -0.594511 -1.899815 1.000000
aniFrame
  m_time -0.378000
  m_vertexTransformMat 0.994873 0.079351 -0.062706 0.000000 -0.082013 0.995785 -0.041073 0.000000 0.059183 0.046005 0.997186 0.000000 1.397601 -0.440901 -1.854117 1.000000
aniFrame
  m_time -0.362000
  m_vertexTransformMat 0.995622 0.070197 -0.061721 0.000000 -0.073330 0.996051 -0.050059 0.000000 0.057964 0.054366 0.996837 0.000000 1.354315 -0.305975 -1.786089 1.000000
aniFrame
  m_time -0.346000
  m_vertexTransformMat 0.996324 0.060997 -0.060154 0.000000 -0.064478 0.996247 -0.057748 0.000000 0.056406 0.061415 0.996517 0.000000 1.309573 -0.191605 -1.699324 1.000000
aniFrame
  m_time -0.330000
  m_vertexTransformMat 0.996952 0.052177 -0.058008 0.000000 -0.055838 0.996425 -0.063400 0.000000 0.054493 0.066446 0.996301 0.000000 1.264187 -0.109543 -1.597085 1.000000
aniFrame
  m_time -0.314000
  m_vertexTransformMat 0.997492 0.044050 -0.055395 0.000000 -0.047722 0.996624 -0.066812 0.000000 0.052265 0.069288 0.996227 0.000000 1.221082 -0.061842 -1.479675 1.000000
aniFrame
  m_time -0.298000
  m_vertexTransformMat 0.997983 0.036171 -0.052170 0.000000 -0.039685 0.996897 -0.067985 0.000000 0.049549 0.069918 0.996321 0.000000 1.176710 -0.049835 -1.352802 1.000000
aniFrame
  m_time -0.282000
  m_vertexTransformMat 0.998428 0.028402 -0.048318 0.000000 -0.031603 0.997264 -0.066823 0.000000 0.046288 0.068245 0.996594 0.000000 1.131369 -0.074053 -1.218433 1.000000
aniFrame
  m_time -0.266000
  m_vertexTransformMat 0.998829 0.020373 -0.043875 0.000000 -0.023156 0.997689 -0.063887 0.000000 0.042472 0.064828 0.996992 0.000000 1.081841 -0.126326 -1.082333 1.000000
aniFrame
  m_time -0.250000
  m_vertexTransformMat 0.999181 0.011561 -0.038774 0.000000 -0.013863 0.998123 -0.059656 0.000000 0.038011 0.060145 0.997466 0.000000 1.024091 -0.198381 -0.948838 1.000000
aniFrame
  m_time -0.234000
  m_vertexTransformMat 0.999446 0.002260 -0.033206 0.000000 -0.004058 0.998523 -0.054181 0.000000 0.033034 0.054286 0.997979 0.000000 0.960940 -0.289311 -0.821951 1.000000
aniFrame
  m_time -0.218000
  m_vertexTransformMat 0.999601 -0.007425 -0.027256 0.000000 0.006117 0.998840 -0.047770 0.000000 0.027579 0.047584 0.998486 0.000000 0.892488 -0.393390 -0.707128 1.000000
aniFrame
  m_time -0.202000
  m_vertexTransformMat 0.999626 -0.017460 -0.021056 0.000000 0.016598 0.999044 -0.040442 0.000000 0.021742 0.040078 0.998960 0.000000 0.820442 -0.510766 -0.607158 1.000000
aniFrame
  m_time -0.186000
  m_vertexTransformMat 0.999509 -0.027674 -0.014712 0.000000 0.027183 0.999099 -0.032592 0.000000 0.015600 0.032176 0.999360 0.000000 0.746791 -0.634508 -0.528618 1.000000
aniFrame
  m_time -0.170000
  m_vertexTransformMat 0.999240 -0.038091 -0.008229 0.000000 0.037881 0.998987 -0.024300 0.000000 0.009146 0.023970 0.999671 0.000000 0.668368 -0.762868 -0.472837 1.000000
aniFrame
  m_time -0.154000
  m_vertexTransformMat 0.998825 -0.048427 -0.002000 0.000000 0.048390 0.998707 -0.015561 0.000000 0.002751 0.015446 0.999877 0.000000 0.587028 -0.899171 -0.448838 1.000000
aniFrame
  m_time -0.138000
  m_vertexTransformMat 0.998260 -0.058799 0.004470 0.000000 0.058830 0.998242 -0.007234 0.000000 -0.004037 0.007484 0.999964 0.000000 0.491762 -1.022740 -0.453417 1.000000
aniFrame
  m_time -0.122000
  m_vertexTransformMat 0.997576 -0.068829 0.010275 0.000000 0.068816 0.997628 0.001610 0.000000 -0.010362 -0.000899 0.999946 0.000000 0.395262 -1.159707 -0.484332 1.000000
aniFrame
  m_time -0.106000
  m_vertexTransformMat 0.996772 -0.078623 0.016227 0.000000 0.078480 0.996872 0.009300 0.000000 -0.016908 -0.007996 0.999825 0.000000 0.282488 -1.269781 -0.539552 1.000000
aniFrame
  m_time -0.090000
  m_vertexTransformMat 0.995881 -0.087890 0.022263 0.000000 0.087521 0.996017 0.017059 0.000000 -0.023674 -0.015040 0.999606 0.000000 0.153211 -1.384707 -0.611307 1.000000
aniFrame
  m_time -0.074000
  m_vertexTransformMat 0.994959 -0.096523 0.027197 0.000000 0.095892 0.995111 0.023632 0.000000 -0.029345 -0.020905 0.999351 0.000000 0.038466 -1.477867 -0.697616 1.000000
aniFrame
  m_time -0.058000
  m_vertexTransformMat 0.993991 -0.104378 0.032985 0.000000 0.103431 0.994207 0.029234 0.000000 -0.035845 -0.025646 0.999028 0.000000 -0.107863 -1.553035 -0.790786 1.000000
aniFrame
  m_time -0.042000
  m_vertexTransformMat 0.993090 -0.111284 0.037255 0.000000 0.110033 0.993343 0.034100 0.000000 -0.040801 -0.029765 0.998724 0.000000 -0.229777 -1.621821 -0.889834 1.000000
aniFrame
  m_time -0.026000
  m_vertexTransformMat 0.992273 -0.116980 0.041356 0.000000 0.115492 0.992630 0.036704 0.000000 -0.045345 -0.031645 0.998470 0.000000 -0.354073 -1.648166 -0.982577 1.000000
aniFrame
  m_time -0.010000
  m_vertexTransformMat 0.991571 -0.121526 0.044915 0.000000 0.119821 0.992033 0.038902 0.000000 -0.049285 -0.033193 0.998233 0.000000 -0.475301 -1.676419 -1.069114 1.000000
aniFrame
  m_time 0.005000
  m_vertexTransformMat 0.991066 -0.124401 0.048091 0.000000 0.122622 0.991713 0.038338 0.000000 -0.052461 -0.032099 0.998107 0.000000 -0.600679 -1.658495 -1.162900 1.000000
aniFrame
  m_time 0.021000
  m_vertexTransformMat 0.990778 -0.125533 0.051003 0.000000 0.123800 0.991660 0.035834 0.000000 -0.055076 -0.029189 0.998055 0.000000 -0.737687 -1.614740 -1.267401 1.000000
aniFrame
  m_time 0.037000
  m_vertexTransformMat 0.990708 -0.124959 0.053701 0.000000 0.123426 0.991870 0.030990 0.000000 -0.057136 -0.024074 0.998076 0.000000 -0.879333 -1.534898 -1.383623 1.000000
aniFrame
  m_time 0.053000
  m_vertexTransformMat 0.990866 -0.122557 0.056243 0.000000 0.121383 0.992319 0.023864 0.000000 -0.058735 -0.016819 0.998132 0.000000 -1.031257 -1.421737 -1.519139 1.000000
aniFrame
  m_time 0.069000
  m_vertexTransformMat 0.991212 -0.118659 0.058472 0.000000 0.117966 0.992902 0.015178 0.000000 -0.059858 -0.008147 0.998174 0.000000 -1.171377 -1.285234 -1.647851 1.000000
aniFrame
  m_time 0.085000
  m_vertexTransformMat 0.991722 -0.113341 0.060348 0.000000 0.113232 0.993555 0.005230 0.000000 -0.060552 0.001646 0.998164 0.000000 -1.297298 -1.131074 -1.766484 1.000000
aniFrame
  m_time 0.101000
  m_vertexTransformMat 0.992354 -0.106852 0.061773 0.000000 0.107386 0.994203 -0.005384 0.000000 -0.060840 0.011977 0.998076 0.000000 -1.393186 -0.967992 -1.856343 1.000000
aniFrame
  m_time 0.117000
  m_vertexTransformMat 0.993075 -0.099344 0.062711 0.000000 0.100552 0.994797 -0.016406 0.000000 -0.060755 0.022599 0.997897 0.000000 -1.446380 -0.799816 -1.905146 1.000000
aniFrame
  m_time 0.133000
  m_vertexTransformMat 0.993845 -0.091064 0.063091 0.000000 0.092928 0.995299 -0.027270 0.000000 -0.060311 0.032965 0.997635 0.000000 -1.465938 -0.635536 -1.913110 1.000000
aniFrame
  m_time 0.149000
  m_vertexTransformMat 0.994626 -0.082234 0.062896 0.000000 0.084703 0.995694 -0.037656 0.000000 -0.059529 0.042782 0.997310 0.000000 -1.449375 -0.479312 -1.869982 1.000000
aniFrame
  m_time 0.165000
  m_vertexTransformMat 0.995389 -0.073092 0.062110 0.000000 0.076076 0.995988 -0.047125 0.000000 -0.058416 0.051632 0.996956 0.000000 -1.411810 -0.338396 -1.790436 1.000000
aniFrame
  m_time 0.181000
  m_vertexTransformMat 0.996106 -0.063914 0.060732 0.000000 0.067289 0.996203 -0.055250 0.000000 -0.056970 0.059122 0.996624 0.000000 -1.370809 -0.218495 -1.686373 1.000000
aniFrame
  m_time 0.197000
  m_vertexTransformMat 0.996760 -0.054908 0.058781 0.000000 0.058527 0.996376 -0.061722 0.000000 -0.055179 0.064963 0.996361 0.000000 -1.323502 -0.124892 -1.559240 1.000000
aniFrame
  m_time 0.213000
  m_vertexTransformMat 0.997326 -0.046584 0.056313 0.000000 0.050267 0.996562 -0.065858 0.000000 -0.053051 0.068513 0.996239 0.000000 -1.275432 -0.067428 -1.417507 1.000000
aniFrame
  m_time 0.229000
  m_vertexTransformMat 0.997827 -0.038690 0.053325 0.000000 0.042274 0.996801 -0.067826 0.000000 -0.050530 0.069933 0.996271 0.000000 -1.224806 -0.043904 -1.263048 1.000000
aniFrame
  m_time 0.245000
  m_vertexTransformMat 0.998289 -0.030864 0.049657 0.000000 0.034184 0.997136 -0.067460 0.000000 -0.047433 0.069042 0.996486 0.000000 -1.170272 -0.057196 -1.106824 1.000000
aniFrame
  m_time 0.261000
  m_vertexTransformMat 0.998703 -0.023002 0.045422 0.000000 0.025933 0.997545 -0.065046 0.000000 -0.043814 0.066140 0.996848 0.000000 -1.111848 -0.102314 -0.950055 1.000000
aniFrame
  m_time 0.277000
  m_vertexTransformMat 0.999074 -0.014440 0.040538 0.000000 0.016911 0.997977 -0.061294 0.000000 -0.039571 0.061923 0.997296 0.000000 -1.045087 -0.168696 -0.806233 1.000000
aniFrame
  m_time 0.293000
  m_vertexTransformMat 0.999371 -0.005245 0.035085 0.000000 0.007214 0.998391 -0.056241 0.000000 -0.034733 0.056459 0.997801 0.000000 -0.970817 -0.254432 -0.675588 1.000000
aniFrame
  m_time 0.309000
  m_vertexTransformMat 0.999562 0.004283 0.029295 0.000000 -0.002810 0.998740 -0.050116 0.000000 -0.029473 0.050011 0.998314 0.000000 -0.893340 -0.356782 -0.573432 1.000000
aniFrame
  m_time 0.325000
  m_vertexTransformMat 0.999631 0.014263 0.023112 0.000000 -0.013256 0.998980 -0.043162 0.000000 -0.023705 0.042840 0.998801 0.000000 -0.810285 -0.469391 -0.498715 1.000000
aniFrame
  m_time 0.341000
  m_vertexTransformMat 0.999560 0.024377 0.016889 0.000000 -0.023769 0.999093 -0.035335 0.000000 -0.017735 0.034918 0.999233 0.000000 -0.725539 -0.596596 -0.454806 1.000000
aniFrame
  m_time 0.357000
  m_vertexTransformMat 0.999341 0.034786 0.010358 0.000000 -0.034491 0.999031 -0.027350 0.000000 -0.011300 0.026975 0.999573 0.000000 -0.633012 -0.720848 -0.441897 1.000000
aniFrame
  m_time 0.373000
  m_vertexTransformMat 0.998974 0.045109 0.004121 0.000000 -0.045026 0.998814 -0.018516 0.000000 -0.004952 0.018311 0.999820 0.000000 -0.540750 -0.862133 -0.449038 1.000000
aniFrame
  m_time 0.389000
  m_vertexTransformMat 0.998456 0.055507 -0.002302 0.000000 -0.055528 0.998405 -0.010229 0.000000 0.001731 0.010341 0.999945 0.000000 -0.438688 -0.986927 -0.475485 1.000000
aniFrame
  m_time 0.405000
  m_vertexTransformMat 0.997808 0.065636 -0.008454 0.000000 -0.065650 0.997842 -0.001389 0.000000 0.008344 0.001941 0.999963 0.000000 -0.334063 -1.124717 -0.517753 1.000000
aniFrame
  m_time 0.421000
  m_vertexTransformMat 0.997045 0.075511 -0.014144 0.000000 -0.075423 0.997129 0.006678 0.000000 0.014608 -0.005592 0.999878 0.000000 -0.233502 -1.245010 -0.574651 1.000000
aniFrame
  m_time 0.437000
  m_vertexTransformMat 0.996173 0.084956 -0.020518 0.000000 -0.084672 0.996306 0.014334 0.000000 0.021660 -0.012542 0.999687 0.000000 -0.107531 -1.356980 -0.642286 1.000000
aniFrame
  m_time 0.453000
  m_vertexTransformMat 0.995261 0.093799 -0.025629 0.000000 -0.093258 0.995409 0.021529 0.000000 0.027531 -0.019037 0.999440 0.000000 -0.002451 -1.463920 -0.719154 1.000000
aniFrame
  m_time 0.469000
  m_vertexTransformMat 0.994309 0.101891 -0.031111 0.000000 -0.101060 0.994508 0.027227 0.000000 0.033714 -0.023928 0.999145 0.000000 0.119438 -1.540734 -0.800270 1.000000
aniFrame
  m_time 0.485000
  m_vertexTransformMat 0.993376 0.109131 -0.035966 0.000000 -0.107976 0.993618 0.032615 0.000000 0.039296 -0.028515 0.998821 0.000000 0.237049 -1.618531 -0.885568 1.000000
aniFrame
  m_time 0.501000
  m_vertexTransformMat 0.992537 0.115215 -0.039950 0.000000 -0.113807 0.992855 0.035883 0.000000 0.043799 -0.031069 0.998557 0.000000 0.341248 -1.658073 -0.968273 1.000000
aniFrame
  m_time 0.517000
  m_vertexTransformMat 0.991789 0.120158 -0.043778 0.000000 -0.118521 0.992214 0.038262 0.000000 0.048035 -0.032759 0.998308 0.000000 0.449410 -1.686641 -1.043005 1.000000
aniFrame
  m_time 0.533000
  m_vertexTransformMat 0.991210 0.123657 -0.047033 0.000000 -0.121882 0.991782 0.038904 0.000000 0.051457 -0.032829 0.998136 0.000000 0.558449 -1.690528 -1.122804 1.000000
aniFrame
  m_time 0.549000
  m_vertexTransformMat 0.990849 0.125350 -0.050062 0.000000 -0.123588 0.991648 0.036883 0.000000 0.054267 -0.030358 0.998065 0.000000 0.683444 -1.652027 -1.217362 1.000000
aniFrame
  m_time 0.565000
  m_vertexTransformMat 0.990702 0.125379 -0.052809 0.000000 -0.123758 0.991765 0.032942 0.000000 0.056505 -0.026100 0.998061 0.000000 0.817950 -1.587086 -1.324949 1.000000
aniFrame
  m_time 0.581000
  m_vertexTransformMat 0.990782 0.123607 -0.055424 0.000000 -0.122296 0.992141 0.026465 0.000000 0.058259 -0.019443 0.998112 0.000000 0.964968 -1.482402 -1.453067 1.000000
aniFrame
  m_time 0.597000
  m_vertexTransformMat 0.991069 0.120186 -0.057771 0.000000 -0.119321 0.992689 0.018209 0.000000 0.059537 -0.011153 0.998164 0.000000 1.112268 -1.352214 -1.587712 1.000000
aniFrame
  m_time 0.613000
  m_vertexTransformMat 0.991522 0.115380 -0.059767 0.000000 -0.115070 0.993320 0.008611 0.000000 0.060361 -0.001660 0.998175 0.000000 1.241844 -1.201357 -1.709903 1.000000
aniFrame
  m_time 0.629000
  m_vertexTransformMat 0.992118 0.109254 -0.061358 0.000000 -0.109573 0.993977 -0.001860 0.000000 0.060785 0.008568 0.998114 0.000000 1.350926 -1.039742 -1.816149 1.000000
aniFrame
  m_time 0.645000
  m_vertexTransformMat 0.992811 0.102107 -0.062459 0.000000 -0.103095 0.994589 -0.012807 0.000000 0.060814 0.019154 0.997965 0.000000 1.412665 -0.870502 -1.879436 1.000000
aniFrame
  m_time 0.661000
  m_vertexTransformMat 0.993571 0.094041 -0.063035 0.000000 -0.095698 0.995126 -0.023798 0.000000 0.060489 0.029678 0.997728 0.000000 1.435833 -0.703112 -1.905581 1.000000
aniFrame
  m_time 0.677000
  m_vertexTransformMat 0.994351 0.085396 -0.063033 0.000000 -0.087678 0.995555 -0.034380 0.000000 0.059817 0.039712 0.997419 0.000000 1.424383 -0.541719 -1.888693 1.000000
aniFrame
  m_time 0.693000
  m_vertexTransformMat 0.995128 0.076296 -0.062444 0.000000 -0.079129 0.995883 -0.044230 0.000000 0.058812 0.048955 0.997068 0.000000 1.382381 -0.393532 -1.832739 1.000000
aniFrame
  m_time 0.709000
  m_vertexTransformMat 0.995862 0.067125 -0.061264 0.000000 -0.070390 0.996122 -0.052786 0.000000 0.057483 0.056879 0.996725 0.000000 1.339953 -0.265195 -1.759459 1.000000
aniFrame
  m_time 0.725000
  m_vertexTransformMat 0.996543 0.057985 -0.059501 0.000000 -0.061548 0.996305 -0.059906 0.000000 0.055807 0.063361 0.996429 0.000000 1.294131 -0.159986 -1.666530 1.000000
aniFrame
  m_time 0.741000
  m_vertexTransformMat 0.997140 0.049405 -0.057190 0.000000 -0.053087 0.996487 -0.064771 0.000000 0.053789 0.067622 0.996260 0.000000 1.249751 -0.090033 -1.559685 1.000000
aniFrame
  m_time 0.757000
  m_vertexTransformMat 0.997660 0.041425 -0.054400 0.000000 -0.045064 0.996704 -0.067463 0.000000 0.051426 0.069757 0.996238 0.000000 1.206580 -0.053611 -1.437885 1.000000
aniFrame
  m_time 0.773000
  m_vertexTransformMat 0.998137 0.033563 -0.050947 0.000000 -0.036988 0.997010 -0.067840 0.000000 0.048518 0.069599 0.996394 0.000000 1.161657 -0.054251 -1.309014 1.000000
aniFrame
  m_time 0.789000
  m_vertexTransformMat 0.998566 0.025792 -0.046907 0.000000 -0.028863 0.997402 -0.066005 0.000000 0.045082 0.067264 0.996716 0.000000 1.115645 -0.088790 -1.172612 1.000000
aniFrame
  m_time 0.805000
  m_vertexTransformMat 0.998954 0.017518 -0.042246 0.000000 -0.020147 0.997834 -0.062620 0.000000 0.041057 0.063406 0.997143 0.000000 1.063434 -0.148385 -1.037886 1.000000
aniFrame
  m_time 0.821000
  m_vertexTransformMat 0.999281 0.008492 -0.036954 0.000000 -0.010627 0.998262 -0.057964 0.000000 0.036397 0.058315 0.997634 0.000000 1.003436 -0.226504 -0.905187 1.000000
aniFrame
  m_time 0.837000
  m_vertexTransformMat 0.999510 -0.000897 -0.031282 0.000000 -0.000735 0.998641 -0.052120 0.000000 0.031287 0.052117 0.998151 0.000000 0.939074 -0.323412 -0.782774 1.000000
aniFrame
  m_time 0.853000
  m_vertexTransformMat 0.999625 -0.010757 -0.025191 0.000000 0.009604 0.998921 -0.045445 0.000000 0.025653 0.045186 0.998649 0.000000 0.868431 -0.430435 -0.671533 1.000000
aniFrame
  m_time 0.869000
  m_vertexTransformMat 0.999603 -0.020809 -0.019005 0.000000 0.020080 0.999084 -0.037792 0.000000 0.019774 0.037395 0.999105 0.000000 0.796859 -0.553701 -0.579064 1.000000
aniFrame
  m_time 0.885000
  m_vertexTransformMat 0.999436 -0.031154 -0.012521 0.000000 0.030767 0.999078 -0.029941 0.000000 0.013443 0.029539 0.999473 0.000000 0.720747 -0.675020 -0.506919 1.000000
aniFrame
  m_time 0.901000
  m_vertexTransformMat 0.999119 -0.041511 -0.006191 0.000000 0.041371 0.998918 -0.021268 0.000000 0.007067 0.020993 0.999755 0.000000 0.642650 -0.811612 -0.461336 1.000000
aniFrame
  m_time 0.917000
  m_vertexTransformMat 0.998652 -0.051907 0.000165 0.000000 0.051905 0.998570 -0.012833 0.000000 0.000501 0.012824 0.999918 0.000000 0.556531 -0.939349 -0.447392 1.000000
aniFrame
  m_time 0.933000
  m_vertexTransformMat 0.998044 -0.062171 0.006509 0.000000 0.062199 0.998055 -0.004227 0.000000 -0.006233 0.004624 0.999970 0.000000 0.458898 -1.069637 -0.460636 1.000000
aniFrame
  m_time 0.949000
  m_vertexTransformMat 0.997321 -0.072132 0.012166 0.000000 0.072085 0.997389 0.004267 0.000000 -0.012442 -0.003379 0.999917 0.000000 0.361300 -1.198549 -0.500510 1.000000
aniFrame
  m_time 0.965000
  m_vertexTransformMat 0.996480 -0.081782 0.018394 0.000000 0.081573 0.996597 0.011842 0.000000 -0.019299 -0.010300 0.999761 0.000000 0.237425 -1.306361 -0.561658 1.000000
aniFrame
  m_time 0.981000
  m_vertexTransformMat 0.995578 -0.090845 0.023894 0.000000 0.090390 0.995716 0.019464 0.000000 -0.025560 -0.017218 0.999525 0.000000 0.116352 -1.420227 -0.638941 1.000000
aniFrame
  m_time 0.997000
  m_vertexTransformMat 0.994639 -0.099232 0.029074 0.000000 0.098505 0.994810 0.025477 0.000000 -0.031451 -0.022477 0.999253 0.000000 -0.007534 -1.501739 -0.727919 1.000000
aniFrame
  m_time 1.013000
  m_vertexTransformMat 0.993679 -0.106803 0.034579 0.000000 0.105746 0.993907 0.031083 0.000000 -0.037688 -0.027230 0.998919 0.000000 -0.151632 -1.579909 -0.823746 1.000000
aniFrame
  m_time 1.029000
  m_vertexTransformMat 0.992811 -0.113318 0.038543 0.000000 0.111985 0.993088 0.035148 0.000000 -0.042259 -0.030579 0.998639 0.000000 -0.268642 -1.633869 -0.921942 1.000000
aniFrame
  m_time 1.045000
  m_vertexTransformMat 0.992021 -0.118640 0.042639 0.000000 0.117073 0.992413 0.037552 0.000000 -0.046771 -0.032261 0.998385 0.000000 -0.395466 -1.658624 -1.011479 1.000000
aniFrame
  m_time 1.061000
  m_vertexTransformMat 0.991378 -0.122700 0.045971 0.000000 0.120948 0.991887 0.039141 0.000000 -0.050401 -0.033243 0.998176 0.000000 -0.515389 -1.678113 -1.098958 1.000000
aniFrame
  m_time 1.077000
  m_vertexTransformMat 0.990946 -0.124961 0.049102 0.000000 0.123186 0.991668 0.037666 0.000000 -0.053399 -0.031277 0.998083 0.000000 -0.645524 -1.645618 -1.196602 1.000000
aniFrame
  m_time 1.093000
  m_vertexTransformMat 0.990730 -0.125539 0.051912 0.000000 0.123851 0.991699 0.034559 0.000000 -0.055820 -0.027809 0.998054 0.000000 -0.784502 -1.594009 -1.304607 1.000000
aniFrame
  m_time 1.109000
  m_vertexTransformMat 0.990736 -0.124352 0.054575 0.000000 0.122923 0.991998 0.028807 0.000000 -0.057721 -0.021832 0.998094 0.000000 -0.929345 -1.499631 -1.427339 1.000000
aniFrame
  m_time 1.125000
  m_vertexTransformMat 0.990964 -0.121404 0.057025 0.000000 0.120376 0.992504 0.021129 0.000000 -0.059163 -0.014074 0.998149 0.000000 -1.080724 -1.378997 -1.564474 1.000000
aniFrame
  m_time 1.141000
  m_vertexTransformMat 0.991364 -0.117045 0.059139 0.000000 0.116538 0.993114 0.011975 0.000000 -0.060134 -0.004980 0.998178 0.000000 -1.214721 -1.235137 -1.688302 1.000000
aniFrame
  m_time 1.157000
  m_vertexTransformMat 0.991922 -0.111284 0.060878 0.000000 0.111386 0.993776 0.001738 0.000000 -0.060693 0.005057 0.998144 0.000000 -1.334158 -1.077520 -1.801459 1.000000
aniFrame
  m_time 1.173000
  m_vertexTransformMat 0.992585 -0.104466 0.062141 0.000000 0.105222 0.994408 -0.009023 0.000000 -0.060851 0.015494 0.998027 0.000000 -1.415007 -0.912141 -1.876490 1.000000
aniFrame
  m_time 1.189000
  m_vertexTransformMat 0.993329 -0.096644 0.062904 0.000000 0.098076 0.994976 -0.020087 0.000000 -0.060647 0.026122 0.997818 0.000000 -1.456351 -0.744146 -1.912875 1.000000
aniFrame
  m_time 1.205000
  m_vertexTransformMat 0.994104 -0.088189 0.063087 0.000000 0.090261 0.995443 -0.030773 0.000000 -0.060085 0.036285 0.997534 0.000000 -1.464738 -0.582611 -1.904406 1.000000
aniFrame
  m_time 1.221000
  m_vertexTransformMat 0.994885 -0.079193 0.062704 0.000000 0.081848 0.995803 -0.040963 0.000000 -0.059196 0.045886 0.997191 0.000000 -1.437606 -0.429973 -1.846220 1.000000
aniFrame
  m_time 1.237000
  m_vertexTransformMat 0.995633 -0.070051 0.061710 0.000000 0.073178 0.996067 -0.049950 0.000000 -0.057968 0.054247 0.996844 0.000000 -1.399253 -0.296526 -1.759339 1.000000
aniFrame
  m_time 1.253000
  m_vertexTransformMat 0.996332 -0.060862 0.060148 0.000000 0.064338 0.996262 -0.057646 0.000000 -0.056415 0.061304 0.996524 0.000000 -1.355380 -0.183556 -1.645708 1.000000
aniFrame
  m_time 1.269000
  m_vertexTransformMat 0.996959 -0.052051 0.058002 0.000000 0.055709 0.996436 -0.063338 0.000000 -0.054498 0.066377 0.996305 0.000000 -1.307573 -0.102111 -1.514364 1.000000
aniFrame
  m_time 1.285000
  m_vertexTransformMat 0.997498 -0.043934 0.055388 0.000000 0.047603 0.996633 -0.066761 0.000000 -0.052268 0.069231 0.996231 0.000000 -1.258980 -0.055650 -1.366547 1.000000
aniFrame
  m_time 1.301000
  m_vertexTransformMat 0.997987 -0.036054 0.052168 0.000000 0.039568 0.996902 -0.067976 0.000000 -0.049556 0.069904 0.996322 0.000000 -1.206901 -0.044170 -1.211822 1.000000
aniFrame
  m_time 1.317000
  m_vertexTransformMat 0.998432 -0.028283 0.048310 0.000000 0.031484 0.997267 -0.066842 0.000000 -0.046287 0.068258 0.996593 0.000000 -1.151421 -0.069249 -1.053709 1.000000
aniFrame
  m_time 1.333000
  m_vertexTransformMat 0.998832 -0.020245 0.043874 0.000000 0.023030 0.997689 -0.063933 0.000000 -0.042478 0.064868 0.996989 0.000000 -1.090755 -0.122447 -0.901037 1.000000
aniFrame
  m_time 1.349000
  m_vertexTransformMat 0.999183 -0.011423 0.038766 0.000000 0.013729 0.998119 -0.059752 0.000000 -0.038010 0.060235 0.997460 0.000000 -1.020837 -0.195033 -0.760395 1.000000
aniFrame
  m_time 1.365000
  m_vertexTransformMat 0.999447 -0.002115 0.033202 0.000000 0.003916 0.998518 -0.054288 0.000000 -0.033038 0.054388 0.997973 0.000000 -0.945526 -0.287465 -0.638110 1.000000
aniFrame
  m_time 1.381000
  m_vertexTransformMat 0.999600 0.007578 0.027256 0.000000 -0.006266 0.998832 -0.047909 0.000000 -0.027587 0.047720 0.998480 0.000000 -0.866001 -0.392555 -0.545408 1.000000
aniFrame
  m_time 1.397000
  m_vertexTransformMat 0.999623 0.017617 0.021050 0.000000 -0.016752 0.999035 -0.040601 0.000000 -0.021745 0.040233 0.998954 0.000000 -0.782447 -0.511278 -0.480354 1.000000
aniFrame
  m_time 1.413000
  m_vertexTransformMat 0.999504 0.027832 0.014721 0.000000 -0.027338 0.999090 -0.032738 0.000000 -0.015619 0.032319 0.999356 0.000000 -0.695240 -0.637100 -0.447590 1.000000
aniFrame
  m_time 1.429000
  m_vertexTransformMat 0.999235 0.038244 0.008231 0.000000 -0.038032 0.998977 -0.024473 0.000000 -0.009159 0.024141 0.999667 0.000000 -0.602056 -0.766552 -0.442442 1.000000
aniFrame
  m_time 1.445000
  m_vertexTransformMat 0.998818 0.048577 0.002010 0.000000 -0.048539 0.998698 -0.015721 0.000000 -0.002771 0.015605 0.999875 0.000000 -0.508094 -0.904827 -0.455794 1.000000
aniFrame
  m_time 1.461000
  m_vertexTransformMat 0.998252 0.058931 -0.004445 0.000000 -0.058963 0.998233 -0.007389 0.000000 0.004002 0.007638 0.999963 0.000000 -0.402835 -1.030100 -0.488008 1.000000
aniFrame
  m_time 1.477000
  m_vertexTransformMat 0.997567 0.068955 -0.010313 0.000000 -0.068944 0.997620 0.001449 0.000000 0.010388 -0.000735 0.999946 0.000000 -0.302115 -1.168330 -0.535237 1.000000
aniFrame
  m_time 1.493000
  m_vertexTransformMat 0.996765 0.078724 -0.016215 0.000000 -0.078583 0.996866 0.009176 0.000000 0.016887 -0.007872 0.999827 0.000000 -0.194117 -1.280717 -0.596195 1.000000
aniFrame
  m_time 1.509000
  m_vertexTransformMat 0.995872 0.087975 -0.022355 0.000000 -0.087608 0.996012 0.016908 0.000000 0.023754 -0.014880 0.999607 0.000000 -0.070074 -1.396041 -0.667076 1.000000
aniFrame
  m_time 1.525000
  m_vertexTransformMat 0.994950 0.096588 -0.027294 0.000000 -0.095957 0.995107 0.023533 0.000000 0.029433 -0.020795 0.999350 0.000000 0.033201 -1.491506 -0.745927 1.000000
aniFrame
  m_time 1.541000
  m_vertexTransformMat 0.993989 0.104410 -0.032940 0.000000 -0.103467 0.994206 0.029126 0.000000 0.035790 -0.025543 0.999033 0.000000 0.162646 -1.567801 -0.828382 1.000000
aniFrame
  m_time 1.557000
  m_vertexTransformMat 0.993087 0.111303 -0.037275 0.000000 -0.110055 0.993344 0.034004 0.000000 0.040811 -0.029666 0.998726 0.000000 0.270594 -1.637556 -0.913850 1.000000
aniFrame
  m_time 1.573000
  m_vertexTransformMat 0.992274 0.116983 -0.041316 0.000000 -0.115498 0.992630 0.036677 0.000000 0.045302 -0.031622 0.998473 0.000000 0.378338 -1.666344 -0.993775 1.000000
aniFrame
  m_time 1.589000
  m_vertexTransformMat 0.991573 0.121520 -0.044896 0.000000 -0.119818 0.992036 0.038832 0.000000 0.049257 -0.033126 0.998237 0.000000 0.484563 -1.694134 -1.068130 1.000000
aniFrame
  m_time 1.605000
  m_vertexTransformMat 0.991066 0.124406 -0.048083 0.000000 -0.122625 0.991711 0.038380 0.000000 0.052459 -0.032141 0.998106 0.000000 0.598573 -1.679104 -1.152949 1.000000
aniFrame
  m_time 1.621000
  m_vertexTransformMat 0.990776 0.125547 -0.050999 0.000000 -0.123814 0.991658 0.035843 0.000000 0.055074 -0.029198 0.998055 0.000000 0.727591 -1.634786 -1.251730 1.000000
aniFrame
  m_time 1.637000
  m_vertexTransformMat 0.990703 0.124997 -0.053699 0.000000 -0.123463 0.991865 0.031007 0.000000 0.057138 -0.024089 0.998076 0.000000 0.864644 -1.555032 -1.364629 1.000000
aniFrame
  m_time 1.653000
  m_vertexTransformMat 0.990858 0.122628 -0.056244 0.000000 -0.121451 0.992310 0.023891 0.000000 0.058741 -0.016842 0.998131 0.000000 1.015864 -1.441868 -1.499094 1.000000
aniFrame
  m_time 1.669000
  m_vertexTransformMat 0.991201 0.118752 -0.058473 0.000000 -0.118061 0.992891 0.015134 0.000000 0.059855 -0.008097 0.998174 0.000000 1.155856 -1.303258 -1.628244 1.000000
aniFrame
  m_time 1.685000
  m_vertexTransformMat 0.991708 0.113464 -0.060349 0.000000 -0.113358 0.993541 0.005196 0.000000 0.060549 0.001688 0.998164 0.000000 1.282220 -1.148651 -1.748924 1.000000
aniFrame
  m_time 1.701000
  m_vertexTransformMat 0.992339 0.106991 -0.061779 0.000000 -0.107531 0.994187 -0.005471 0.000000 0.060835 0.012072 0.998075 0.000000 1.376645 -0.983536 -1.841581 1.000000
aniFrame
  m_time 1.717000
  m_vertexTransformMat 0.993059 0.099500 -0.062713 0.000000 -0.100714 0.994779 -0.016494 0.000000 0.060744 0.022695 0.997895 0.000000 1.424158 -0.814279 -1.892409 1.000000
aniFrame
  m_time 1.733000
  m_vertexTransformMat 0.993829 0.091225 -0.063099 0.000000 -0.093096 0.995281 -0.027375 0.000000 0.060304 0.033080 0.997632 0.000000 1.436702 -0.648420 -1.905423 1.000000
aniFrame
  m_time 1.749000
  m_vertexTransformMat 0.994613 0.082391 -0.062903 0.000000 -0.084868 0.995676 -0.037780 0.000000 0.059518 0.042915 0.997304 0.000000 1.412080 -0.490403 -1.873110 1.000000
aniFrame
  m_time 1.765000
  m_vertexTransformMat 0.995378 0.073244 -0.062115 0.000000 -0.076235 0.995971 -0.047223 0.000000 0.058406 0.051740 0.996951 0.000000 1.367845 -0.348595 -1.810016 1.000000
aniFrame
  m_time 1.781000
  m_vertexTransformMat 0.996096 0.064051 -0.060742 0.000000 -0.067433 0.996187 -0.055362 0.000000 0.056964 0.059242 0.996617 0.000000 1.324945 -0.226866 -1.730414 1.000000
aniFrame
  m_time 1.797000
  m_vertexTransformMat 0.996753 0.055037 -0.058784 0.000000 -0.058660 0.996364 -0.061797 0.000000 0.055169 0.065044 0.996356 0.000000 1.278920 -0.132541 -1.632402 1.000000
aniFrame
  m_time 1.813000
  m_vertexTransformMat 0.997324 0.046648 -0.056293 0.000000 -0.050330 0.996559 -0.065857 0.000000 0.053028 0.068514 0.996240 0.000000 1.235048 -0.074968 -1.520376 1.000000
aniFrame
  m_time 1.829000
  m_vertexTransformMat 0.997826 0.038752 -0.053299 0.000000 -0.042334 0.996800 -0.067804 0.000000 0.050501 0.069913 0.996274 0.000000 1.191448 -0.050444 -1.395441 1.000000
aniFrame
  m_time 1.845000
  m_vertexTransformMat 0.998271 0.031244 -0.049788 0.000000 -0.034584 0.997106 -0.067705 0.000000 0.047528 0.069310 0.996462 0.000000 1.148270 -0.058069 -1.264203 1.000000
aniFrame
  m_time 1.861000
  m_vertexTransformMat 0.998661 0.023994 -0.045829 0.000000 -0.026989 0.997462 -0.065889 0.000000 0.044132 0.067037 0.996774 0.000000 1.104698 -0.091865 -1.127497 1.000000
aniFrame
  m_time 1.877000
  m_vertexTransformMat 0.999004 0.016522 -0.041436 0.000000 -0.019122 0.997821 -0.063154 0.000000 0.040302 0.063884 0.997143 0.000000 1.056668 -0.140326 -0.994007 1.000000
aniFrame
  m_time 1.893000
  m_vertexTransformMat 0.999290 0.008841 -0.036634 0.000000 -0.011015 0.998163 -0.059579 0.000000 0.036040 0.059940 0.997552 0.000000 1.004529 -0.200557 -0.863780 1.000000
aniFrame
  m_time 1.909000
  m_vertexTransformMat 0.999502 0.001044 -0.031542 0.000000 -0.002782 0.998477 -0.055110 0.000000 0.031437 0.055171 0.997982 0.000000 0.949648 -0.275007 -0.745370 1.000000
aniFrame
  m_time 1.925000
  m_vertexTransformMat 0.999634 -0.006973 -0.026126 0.000000 0.005659 0.998732 -0.050019 0.000000 0.026442 0.049853 0.998406 0.000000 0.890689 -0.356961 -0.638609 1.000000
aniFrame
  m_time 1.941000
  m_vertexTransformMat 0.999674 -0.015101 -0.020591 0.000000 0.014181 0.998925 -0.044125 0.000000 0.021236 0.043818 0.998814 0.000000 0.831740 -0.452443 -0.552238 1.000000
aniFrame
  m_time 1.957000
  m_vertexTransformMat 0.999616 -0.023483 -0.014748 0.000000 0.022909 0.999016 -0.037988 0.000000 0.015626 0.037635 0.999170 0.000000 0.768414 -0.547696 -0.485841 1.000000
aniFrame
  m_time 1.973000
  m_vertexTransformMat 0.999449 -0.031959 -0.009014 0.000000 0.031666 0.999019 -0.030956 0.000000 0.009994 0.030654 0.999480 0.000000 0.698888 -0.660027 -0.449966 1.000000
aniFrame
  m_time 1.989000
  m_vertexTransformMat 0.999167 -0.040693 -0.002989 0.000000 0.040609 0.998883 -0.024153 0.000000 0.003969 0.024011 0.999704 0.000000 0.614278 -0.762391 -0.445439 1.000000
aniFrame
  m_time 2.005000
  m_vertexTransformMat 0.998769 -0.049527 0.002856 0.000000 0.049568 0.998635 -0.016484 0.000000 -0.002036 0.016606 0.999860 0.000000 0.518131 -0.882512 -0.468225 1.000000
aniFrame
  m_time 2.021000
  m_vertexTransformMat 0.998248 -0.058547 0.008611 0.000000 0.058626 0.998238 -0.009221 0.000000 -0.008056 0.009710 0.999920 0.000000 0.407680 -0.990337 -0.519014 1.000000
aniFrame
  m_time 2.037000
  m_vertexTransformMat 0.997594 -0.067720 0.014858 0.000000 0.067751 0.997701 -0.001581 0.000000 -0.014716 0.002583 0.999888 0.000000 0.273391 -1.104710 -0.587919 1.000000
aniFrame
  m_time 2.053000
  m_vertexTransformMat 0.996830 -0.076957 0.020184 0.000000 0.076852 0.997025 0.005928 0.000000 -0.020580 -0.004358 0.999779 0.000000 0.149442 -1.216013 -0.673050 1.000000
aniFrame
  m_time 2.069000
  m_vertexTransformMat 0.995915 -0.086329 0.026465 0.000000 0.086008 0.996209 0.013046 0.000000 -0.027491 -0.010717 0.999565 0.000000 -0.004469 -1.315969 -0.766278 1.000000
aniFrame
  m_time 2.085000
  m_vertexTransformMat 0.994894 -0.095726 0.031968 0.000000 0.095104 0.995257 0.020442 0.000000 -0.033773 -0.017297 0.999280 0.000000 -0.148122 -1.423832 -0.865440 1.000000
aniFrame
  m_time 2.101000
  m_vertexTransformMat 0.993771 -0.105074 0.037138 0.000000 0.104121 0.994205 0.026740 0.000000 -0.039733 -0.022707 0.998952 0.000000 -0.285970 -1.507606 -0.961193 1.000000
aniFrame
  m_time 2.117000
  m_vertexTransformMat 0.992519 -0.114449 0.042517 0.000000 0.113049 0.993007 0.034002 0.000000 -0.046111 -0.028941 0.998517 0.000000 -0.433535 -1.616001 -1.048868 1.000000
aniFrame
