m_aniFrameList.size 84
aniFrame
  m_time -1.066000
  m_vertexTransformMat 0.991210 -0.123657 0.047033 0.000000 0.121882 0.991782 0.038904 0.000000 -0.051457 -0.032829 0.998136 0.000000 -0.557057 -1.671004 -1.130231 1.000000
aniFrame
  m_time -1.027000
  m_vertexTransformMat 0.992596 -0.110674 0.050043 0.000000 0.109899 0.993780 0.017989 0.000000 -0.051723 -0.012356 0.998585 0.000000 -0.851966 -1.349158 -1.405742 1.000000
aniFrame
  m_time -0.988000
  m_vertexTransformMat 0.993741 -0.097728 0.054102 0.000000 0.098178 0.995152 -0.005714 0.000000 -0.053281 0.010990 0.998519 0.000000 -1.159488 -0.980897 -1.715505 1.000000
aniFrame
  m_time -0.949000
  m_vertexTransformMat 0.994788 -0.084057 0.057724 0.000000 0.085839 0.995884 -0.029120 0.000000 -0.055039 0.033923 0.997908 0.000000 -1.356320 -0.618327 -1.899935 1.000000
aniFrame
  m_time -0.910000
  m_vertexTransformMat 0.995822 -0.069290 0.059485 0.000000 0.072257 0.996169 -0.049260 0.000000 -0.055844 0.053352 0.997013 0.000000 -1.379112 -0.309980 -1.837498 1.000000
aniFrame
  m_time -0.871000
  m_vertexTransformMat 0.996883 -0.053395 0.058078 0.000000 0.057048 0.996371 -0.063168 0.000000 -0.054494 0.066285 0.996312 0.000000 -1.314131 -0.103519 -1.578484 1.000000
aniFrame
  m_time -0.832000
  m_vertexTransformMat 0.997966 -0.036404 0.052325 0.000000 0.039928 0.996889 -0.067956 0.000000 -0.049689 0.069907 0.996315 0.000000 -1.209291 -0.044150 -1.218222 1.000000
aniFrame
  m_time -0.793000
  m_vertexTransformMat 0.998979 -0.016840 0.041931 0.000000 0.019442 0.997860 -0.062439 0.000000 -0.040790 0.063190 0.997168 0.000000 -1.064176 -0.148905 -0.844458 1.000000
aniFrame
  m_time -0.754000
  m_vertexTransformMat 0.999583 0.005924 0.028281 0.000000 -0.004533 0.998788 -0.049025 0.000000 -0.028537 0.048876 0.998397 0.000000 -0.879746 -0.374503 -0.559048 1.000000
aniFrame
  m_time -0.715000
  m_vertexTransformMat 0.999447 0.030656 0.012943 0.000000 -0.030248 0.999074 -0.030595 0.000000 -0.013869 0.030186 0.999448 0.000000 -0.670082 -0.670284 -0.444017 1.000000
aniFrame
  m_time -0.676000
  m_vertexTransformMat 0.998431 0.055938 -0.002572 0.000000 -0.055960 0.998384 -0.009880 0.000000 0.002015 0.010008 0.999948 0.000000 -0.434224 -0.992175 -0.476964 1.000000
aniFrame
  m_time -0.637000
  m_vertexTransformMat 0.996638 0.080111 -0.017157 0.000000 -0.079943 0.996747 0.010274 0.000000 0.017924 -0.008868 0.999800 0.000000 -0.175656 -1.296527 -0.605940 1.000000
aniFrame
  m_time -0.598000
  m_vertexTransformMat 0.994390 0.101248 -0.030617 0.000000 -0.100444 0.994583 0.026760 0.000000 0.033160 -0.023534 0.999173 0.000000 0.107963 -1.534317 -0.793373 1.000000
aniFrame
  m_time -0.559000
  m_vertexTransformMat 0.992258 0.117090 -0.041398 0.000000 -0.115600 0.992616 0.036729 0.000000 0.045393 -0.031659 0.998467 0.000000 0.380612 -1.666948 -0.995336 1.000000
aniFrame
  m_time -0.520000
  m_vertexTransformMat 0.990906 0.125134 -0.049459 0.000000 -0.123360 0.991656 0.037425 0.000000 0.053730 -0.030983 0.998075 0.000000 0.656365 -1.661329 -1.196627 1.000000
aniFrame
  m_time -0.481000
  m_vertexTransformMat 0.990832 0.122952 -0.055991 0.000000 -0.121732 0.992255 0.024716 0.000000 0.058596 -0.017673 0.998125 0.000000 1.000042 -1.454839 -1.484714 1.000000
aniFrame
  m_time -0.442000
  m_vertexTransformMat 0.991907 0.111416 -0.060880 0.000000 -0.111520 0.993761 0.001701 0.000000 0.060690 0.005102 0.998144 0.000000 1.319032 -1.094782 -1.784822 1.000000
aniFrame
  m_time -0.403000
  m_vertexTransformMat 0.993652 0.093165 -0.063062 0.000000 -0.094890 0.995176 -0.024923 0.000000 0.060435 0.030749 0.997698 0.000000 1.436431 -0.685947 -1.906030 1.000000
aniFrame
  m_time -0.364000
  m_vertexTransformMat 0.995531 0.071343 -0.061876 0.000000 -0.074424 0.996022 -0.049007 0.000000 0.058134 0.053393 0.996880 0.000000 1.359470 -0.321767 -1.795377 1.000000
aniFrame
  m_time -0.325000
  m_vertexTransformMat 0.997129 0.049576 -0.057242 0.000000 -0.053257 0.996483 -0.064692 0.000000 0.053834 0.067555 0.996262 0.000000 1.250650 -0.091151 -1.562085 1.000000
aniFrame
  m_time -0.286000
  m_vertexTransformMat 0.998321 0.030339 -0.049334 0.000000 -0.033630 0.997165 -0.067309 0.000000 0.047152 0.068855 0.996512 0.000000 1.142842 -0.065027 -1.252703 1.000000
aniFrame
  m_time -0.247000
  m_vertexTransformMat 0.999239 0.009840 -0.037756 0.000000 -0.012049 0.998202 -0.058721 0.000000 0.037110 0.059131 0.997560 0.000000 1.012536 -0.213937 -0.924163 1.000000
aniFrame
  m_time -0.208000
  m_vertexTransformMat 0.999633 -0.013689 -0.023377 0.000000 0.012667 0.998981 -0.043315 0.000000 0.023946 0.043003 0.998788 0.000000 0.847316 -0.464470 -0.642109 1.000000
aniFrame
  m_time -0.169000
  m_vertexTransformMat 0.999219 -0.038735 -0.007840 0.000000 0.038539 0.998975 -0.023741 0.000000 0.008752 0.023421 0.999687 0.000000 0.663512 -0.771775 -0.470379 1.000000
aniFrame
  m_time -0.130000
  m_vertexTransformMat 0.997932 -0.063839 0.007475 0.000000 0.063860 0.997955 -0.002697 0.000000 -0.007288 0.003169 0.999968 0.000000 0.442889 -1.093832 -0.465348 1.000000
aniFrame
  m_time -0.091000
  m_vertexTransformMat 0.995938 -0.087329 0.021944 0.000000 0.086975 0.996072 0.016586 0.000000 -0.023306 -0.014610 0.999621 0.000000 0.160305 -1.377614 -0.606305 1.000000
aniFrame
  m_time -0.052000
  m_vertexTransformMat 0.993641 -0.107098 0.034762 0.000000 0.106027 0.993871 0.031302 0.000000 -0.037902 -0.027417 0.998905 0.000000 -0.156809 -1.583091 -0.827895 1.000000
aniFrame
  m_time -0.013000
  m_vertexTransformMat 0.991690 -0.120781 0.044305 0.000000 0.119110 0.992130 0.038612 0.000000 -0.048620 -0.033014 0.998272 0.000000 -0.453006 -1.672746 -1.052745 1.000000
aniFrame
  m_time 0.025000
  m_vertexTransformMat 0.990739 -0.125555 0.051686 0.000000 0.123854 0.991686 0.034906 0.000000 -0.055639 -0.028181 0.998053 0.000000 -0.772771 -1.599663 -1.295190 1.000000
aniFrame
  m_time 0.064000
  m_vertexTransformMat 0.991087 -0.120015 0.057814 0.000000 0.119159 0.992711 0.018046 0.000000 -0.059558 -0.010996 0.998164 0.000000 -1.130430 -1.330583 -1.610183 1.000000
aniFrame
  m_time 0.103000
  m_vertexTransformMat 0.992440 -0.105973 0.061917 0.000000 0.106590 0.994280 -0.006741 0.000000 -0.060848 0.013290 0.998059 0.000000 -1.401868 -0.947115 -1.864313 1.000000
aniFrame
  m_time 0.142000
  m_vertexTransformMat 0.994284 -0.086168 0.063050 0.000000 0.088380 0.995535 -0.033167 0.000000 -0.059910 0.038549 0.997459 0.000000 -1.461104 -0.546584 -1.894883 1.000000
aniFrame
  m_time 0.181000
  m_vertexTransformMat 0.996106 -0.063914 0.060732 0.000000 0.067289 0.996203 -0.055250 0.000000 -0.056970 0.059122 0.996624 0.000000 -1.370809 -0.218495 -1.686373 1.000000
aniFrame
  m_time 0.220000
  m_vertexTransformMat 0.997551 -0.043112 0.055085 0.000000 0.046773 0.996657 -0.066993 0.000000 -0.052013 0.069406 0.996232 0.000000 -1.253760 -0.052763 -1.350432 1.000000
aniFrame
  m_time 0.259000
  m_vertexTransformMat 0.998654 -0.024011 0.045984 0.000000 0.026996 0.997492 -0.065431 0.000000 -0.044297 0.066584 0.996797 0.000000 -1.119502 -0.095322 -0.969025 1.000000
aniFrame
  m_time 0.298000
  m_vertexTransformMat 0.999442 -0.002311 0.033320 0.000000 0.004123 0.998510 -0.054413 0.000000 -0.033144 0.054520 0.997963 0.000000 -0.947105 -0.285337 -0.640338 1.000000
aniFrame
  m_time 0.337000
  m_vertexTransformMat 0.999591 0.021815 0.018481 0.000000 -0.021115 0.999082 -0.037287 0.000000 -0.019278 0.036881 0.999134 0.000000 -0.747521 -0.565577 -0.462535 1.000000
aniFrame
  m_time 0.376000
  m_vertexTransformMat 0.998888 0.047058 0.002939 0.000000 -0.047002 0.998751 -0.016932 0.000000 -0.003732 0.016775 0.999853 0.000000 -0.522571 -0.886480 -0.452561 1.000000
aniFrame
  m_time 0.415000
  m_vertexTransformMat 0.997345 0.071841 -0.011949 0.000000 -0.071800 0.997412 0.003799 0.000000 0.012191 -0.002931 0.999922 0.000000 -0.273413 -1.203318 -0.551816 1.000000
aniFrame
  m_time 0.454000
  m_vertexTransformMat 0.995203 0.094328 -0.025934 0.000000 -0.093771 0.995353 0.021920 0.000000 0.027881 -0.019383 0.999423 0.000000 0.003994 -1.469392 -0.724147 1.000000
aniFrame
  m_time 0.493000
  m_vertexTransformMat 0.992947 0.112336 -0.037916 0.000000 -0.111046 0.993213 0.034585 0.000000 0.041544 -0.030131 0.998682 0.000000 0.287329 -1.644884 -0.927771 1.000000
aniFrame
  m_time 0.532000
  m_vertexTransformMat 0.991240 0.123494 -0.046832 0.000000 -0.121722 0.991799 0.038980 0.000000 0.051262 -0.032938 0.998142 0.000000 0.551151 -1.692394 -1.117321 1.000000
aniFrame
  m_time 0.571000
  m_vertexTransformMat 0.990705 0.124934 -0.053809 0.000000 -0.123412 0.991879 0.030748 0.000000 0.057214 -0.023822 0.998078 0.000000 0.870698 -1.550817 -1.369854 1.000000
aniFrame
  m_time 0.610000
  m_vertexTransformMat 0.991424 0.116393 -0.059420 0.000000 -0.115973 0.993197 0.010490 0.000000 0.060237 -0.003509 0.998178 0.000000 1.218080 -1.230490 -1.687122 1.000000
aniFrame
  m_time 0.649000
  m_vertexTransformMat 0.992997 0.100161 -0.062655 0.000000 -0.101318 0.994732 -0.015573 0.000000 0.060765 0.021812 0.997914 0.000000 1.421662 -0.828305 -1.889553 1.000000
aniFrame
  m_time 0.688000
  m_vertexTransformMat 0.994889 0.079160 -0.062692 0.000000 -0.081833 0.995791 -0.041274 0.000000 0.059161 0.046194 0.997179 0.000000 1.396654 -0.437875 -1.852837 1.000000
aniFrame
  m_time 0.727000
  m_vertexTransformMat 0.996622 0.056871 -0.059239 0.000000 -0.060459 0.996326 -0.060648 0.000000 0.055572 0.064025 0.996400 0.000000 1.288384 -0.149177 -1.653870 1.000000
aniFrame
  m_time 0.766000
  m_vertexTransformMat 0.997933 0.036995 -0.052541 0.000000 -0.040534 0.996863 -0.067974 0.000000 0.049861 0.069963 0.996303 0.000000 1.181460 -0.049277 -1.366173 1.000000
aniFrame
  m_time 0.805000
  m_vertexTransformMat 0.998954 0.017518 -0.042246 0.000000 -0.020147 0.997834 -0.062620 0.000000 0.041057 0.063406 0.997143 0.000000 1.063434 -0.148385 -1.037886 1.000000
aniFrame
  m_time 0.844000
  m_vertexTransformMat 0.999576 -0.005155 -0.028660 0.000000 0.003737 0.998777 -0.049306 0.000000 0.028880 0.049178 0.998372 0.000000 0.908819 -0.368858 -0.732578 1.000000
aniFrame
  m_time 0.883000
  m_vertexTransformMat 0.999465 -0.029848 -0.013343 0.000000 0.029423 0.999088 -0.030945 0.000000 0.014254 0.030536 0.999432 0.000000 0.730556 -0.659668 -0.514734 1.000000
aniFrame
  m_time 0.922000
  m_vertexTransformMat 0.998475 -0.055155 0.002201 0.000000 0.055175 0.998424 -0.010255 0.000000 -0.001632 0.010360 0.999945 0.000000 0.526624 -0.977323 -0.448779 1.000000
aniFrame
  m_time 0.961000
  m_vertexTransformMat 0.996700 -0.079419 0.016763 0.000000 0.079260 0.996804 0.009927 0.000000 -0.017498 -0.008566 0.999810 0.000000 0.271529 -1.278690 -0.544944 1.000000
aniFrame
  m_time 1.000000
  m_vertexTransformMat 0.994456 -0.100716 0.030236 0.000000 0.099929 0.994642 0.026499 0.000000 -0.032743 -0.023331 0.999192 0.000000 -0.036548 -1.514941 -0.745096 1.000000
aniFrame
  m_time 1.039000
  m_vertexTransformMat 0.992305 -0.116764 0.041187 0.000000 0.115286 0.992658 0.036600 0.000000 -0.045158 -0.031570 0.998481 0.000000 -0.348791 -1.646982 -0.978922 1.000000
aniFrame
  m_time 1.078000
  m_vertexTransformMat 0.990926 -0.125046 0.049286 0.000000 0.123273 0.991663 0.037526 0.000000 -0.053568 -0.031109 0.998080 0.000000 -0.654043 -1.643091 -1.203043 1.000000
aniFrame
  m_time 1.117000
  m_vertexTransformMat 0.990825 -0.123073 0.055838 0.000000 0.121830 0.992232 0.025167 0.000000 -0.058501 -0.018134 0.998123 0.000000 -1.005924 -1.442140 -1.496075 1.000000
aniFrame
  m_time 1.156000
  m_vertexTransformMat 0.991884 -0.111679 0.060783 0.000000 0.111741 0.993735 0.002397 0.000000 -0.060670 0.004414 0.998148 0.000000 -1.327555 -1.087627 -1.795210 1.000000
aniFrame
  m_time 1.195000
  m_vertexTransformMat 0.993619 -0.093528 0.063043 0.000000 0.095206 0.995164 -0.024167 0.000000 -0.060478 0.030014 0.997718 0.000000 -1.463367 -0.682493 -1.915648 1.000000
aniFrame
  m_time 1.234000
  m_vertexTransformMat 0.995496 -0.071765 0.061942 0.000000 0.074813 0.996024 -0.048373 0.000000 -0.058225 0.052789 0.996907 0.000000 -1.406442 -0.319879 -1.777290 1.000000
aniFrame
  m_time 1.273000
  m_vertexTransformMat 0.997101 -0.049968 0.057390 0.000000 0.053643 0.996482 -0.064393 0.000000 -0.053970 0.067285 0.996273 0.000000 -1.295601 -0.087419 -1.479077 1.000000
aniFrame
  m_time 1.312000
  m_vertexTransformMat 0.998299 -0.030703 0.049575 0.000000 0.034016 0.997144 -0.067427 0.000000 -0.047363 0.068999 0.996492 0.000000 -1.169103 -0.057851 -1.103500 1.000000
aniFrame
  m_time 1.351000
  m_vertexTransformMat 0.999222 -0.010277 0.038088 0.000000 0.012520 0.998172 -0.059136 0.000000 -0.037410 0.059567 0.997523 0.000000 -1.011579 -0.205484 -0.743689 1.000000
aniFrame
  m_time 1.390000
  m_vertexTransformMat 0.999631 0.013214 0.023760 0.000000 -0.012161 0.998960 -0.043936 0.000000 -0.024316 0.043631 0.998752 0.000000 -0.819015 -0.456812 -0.505154 1.000000
aniFrame
  m_time 1.429000
  m_vertexTransformMat 0.999235 0.038244 0.008231 0.000000 -0.038032 0.998977 -0.024473 0.000000 -0.009159 0.024141 0.999667 0.000000 -0.602056 -0.766552 -0.442442 1.000000
aniFrame
  m_time 1.468000
  m_vertexTransformMat 0.997966 0.063345 -0.007137 0.000000 -0.063370 0.997984 -0.003440 0.000000 0.006905 0.003885 0.999969 0.000000 -0.356644 -1.092389 -0.506750 1.000000
aniFrame
  m_time 1.507000
  m_vertexTransformMat 0.995985 0.086851 -0.021693 0.000000 -0.086515 0.996123 0.015957 0.000000 0.022995 -0.014016 0.999638 0.000000 -0.083572 -1.381635 -0.657656 1.000000
aniFrame
  m_time 1.546000
  m_vertexTransformMat 0.993696 0.106680 -0.034451 0.000000 -0.105635 0.993926 0.030851 0.000000 0.037533 -0.027018 0.998930 0.000000 0.199273 -1.593023 -0.855166 1.000000
aniFrame
  m_time 1.585000
  m_vertexTransformMat 0.991733 0.120514 -0.044064 0.000000 -0.118860 0.992167 0.038427 0.000000 0.048349 -0.032872 0.998290 0.000000 0.458170 -1.688853 -1.049206 1.000000
aniFrame
  m_time 1.624000
  m_vertexTransformMat 0.990745 0.125576 -0.051515 0.000000 -0.123867 0.991676 0.035150 0.000000 0.055500 -0.028444 0.998053 0.000000 0.752779 -1.623444 -1.271711 1.000000
aniFrame
  m_time 1.663000
  m_vertexTransformMat 0.991054 0.120356 -0.057681 0.000000 -0.119470 0.992664 0.018583 0.000000 0.059494 -0.011526 0.998162 0.000000 1.106603 -1.358155 -1.582467 1.000000
aniFrame
  m_time 1.702000
  m_vertexTransformMat 0.992381 0.106555 -0.061852 0.000000 -0.107136 0.994225 -0.006153 0.000000 0.060839 0.012733 0.998066 0.000000 1.380812 -0.972930 -1.845778 1.000000
aniFrame
  m_time 1.741000
  m_vertexTransformMat 0.994220 0.086879 -0.063073 0.000000 -0.089061 0.995491 -0.032648 0.000000 0.059952 0.038077 0.997475 0.000000 1.429270 -0.567953 -1.894877 1.000000
aniFrame
  m_time 1.780000
  m_vertexTransformMat 0.996053 0.064627 -0.060845 0.000000 -0.067988 0.996175 -0.054892 0.000000 0.057065 0.058812 0.996637 0.000000 1.327796 -0.233837 -1.736026 1.000000
aniFrame
  m_time 1.819000
  m_vertexTransformMat 0.997519 0.043640 -0.055233 0.000000 -0.047302 0.996643 -0.066827 0.000000 0.052131 0.069274 0.996235 0.000000 1.218718 -0.061940 -1.474448 1.000000
aniFrame
  m_time 1.858000
  m_vertexTransformMat 0.998591 0.025359 -0.046604 0.000000 -0.028424 0.997394 -0.066319 0.000000 0.044800 0.067551 0.996709 0.000000 1.113107 -0.084057 -1.152980 1.000000
aniFrame
  m_time 1.897000
  m_vertexTransformMat 0.999350 0.006908 -0.035391 0.000000 -0.008973 0.998246 -0.058529 0.000000 0.034924 0.058808 0.997659 0.000000 0.991152 -0.218241 -0.833033 1.000000
aniFrame
  m_time 1.936000
  m_vertexTransformMat 0.999672 -0.012533 -0.022359 0.000000 0.011494 0.998876 -0.045976 0.000000 0.022910 0.045703 0.998692 0.000000 0.850409 -0.423049 -0.577254 1.000000
aniFrame
  m_time 1.975000
  m_vertexTransformMat 0.999420 -0.033038 -0.008278 0.000000 0.032775 0.999009 -0.030103 0.000000 0.009264 0.029815 0.999513 0.000000 0.689226 -0.673115 -0.447803 1.000000
aniFrame
  m_time 2.014000
  m_vertexTransformMat 0.998492 -0.054575 0.006026 0.000000 0.054646 0.998430 -0.012336 0.000000 -0.005344 0.012647 0.999906 0.000000 0.459234 -0.945030 -0.493844 1.000000
aniFrame
  m_time 2.053000
  m_vertexTransformMat 0.996830 -0.076957 0.020184 0.000000 0.076852 0.997025 0.005928 0.000000 -0.020580 -0.004358 0.999779 0.000000 0.149442 -1.216013 -0.673050 1.000000
aniFrame
  m_time 2.092000
  m_vertexTransformMat 0.994422 -0.099816 0.034090 0.000000 0.099056 0.994809 0.023311 0.000000 -0.036240 -0.019804 0.999147 0.000000 -0.205219 -1.463249 -0.908529 1.000000
aniFrame
  m_time 2.131000
  m_vertexTransformMat 0.991376 -0.122532 0.046463 0.000000 0.120787 0.991925 0.038664 0.000000 -0.050825 -0.032718 0.998172 0.000000 -0.542507 -1.673032 -1.120468 1.000000
aniFrame
  m_time 2.133000
  m_vertexTransformMat 0.991210 -0.123657 0.047033 0.000000 0.121882 0.991782 0.038904 0.000000 -0.051457 -0.032829 0.998136 0.000000 -0.557057 -1.671005 -1.130231 1.000000
