m_aniFrameList.size 84
aniFrame
  m_time -1.066000
  m_vertexTransformMat -0.331621 0.776890 0.535229 0.000000 0.903465 0.424866 -0.056922 0.000000 -0.271623 0.464684 -0.842787 0.000000 -15.030276 26.897522 -22.476654 1.000000
aniFrame
  m_time -1.027000
  m_vertexTransformMat -0.426351 0.702847 0.569414 0.000000 0.860601 0.509028 0.016068 0.000000 -0.278554 0.496888 -0.821895 0.000000 -17.700106 25.497040 -21.934584 1.000000
aniFrame
  m_time -0.988000
  m_vertexTransformMat -0.524503 0.604367 0.599698 0.000000 0.799945 0.590982 0.104058 0.000000 -0.291522 0.534304 -0.793432 0.000000 -20.468079 23.670160 -21.427412 1.000000
aniFrame
  m_time -0.949000
  m_vertexTransformMat -0.605750 0.496834 0.621468 0.000000 0.730173 0.657423 0.186128 0.000000 -0.316093 0.566526 -0.761009 0.000000 -22.906269 21.563980 -20.911346 1.000000
aniFrame
  m_time -0.910000
  m_vertexTransformMat -0.656145 0.403629 0.637619 0.000000 0.667875 0.703948 0.241662 0.000000 -0.351309 0.584415 -0.731466 0.000000 -24.701853 19.508173 -20.259211 1.000000
aniFrame
  m_time -0.871000
  m_vertexTransformMat -0.668277 0.352904 0.654878 0.000000 0.632253 0.733312 0.250018 0.000000 -0.391997 0.581130 -0.713180 0.000000 -25.778229 17.958818 -19.448795 1.000000
aniFrame
  m_time -0.832000
  m_vertexTransformMat -0.649213 0.348573 0.676032 0.000000 0.625550 0.750298 0.213868 0.000000 -0.432677 0.561738 -0.705153 0.000000 -26.284472 17.034121 -18.484657 1.000000
aniFrame
  m_time -0.793000
  m_vertexTransformMat -0.613989 0.369731 0.697364 0.000000 0.633098 0.758322 0.155357 0.000000 -0.471386 0.536888 -0.699677 0.000000 -26.475052 16.433336 -17.447010 1.000000
aniFrame
  m_time -0.754000
  m_vertexTransformMat -0.567885 0.410503 0.713438 0.000000 0.647269 0.758159 0.078981 0.000000 -0.508478 0.506638 -0.696252 0.000000 -26.422049 16.060061 -16.560734 1.000000
aniFrame
  m_time -0.715000
  m_vertexTransformMat -0.515256 0.465591 0.719539 0.000000 0.662003 0.749422 -0.010873 0.000000 -0.544301 0.470735 -0.694367 0.000000 -26.190285 15.847856 -16.018410 1.000000
aniFrame
  m_time -0.676000
  m_vertexTransformMat -0.459837 0.529302 0.713014 0.000000 0.672837 0.731682 -0.109234 0.000000 -0.579517 0.429513 -0.692588 0.000000 -25.837328 15.735710 -15.851095 1.000000
aniFrame
  m_time -0.637000
  m_vertexTransformMat -0.408103 0.594223 0.693074 0.000000 0.673709 0.708347 -0.210618 0.000000 -0.616091 0.380977 -0.689412 0.000000 -25.497992 15.566589 -16.022928 1.000000
aniFrame
  m_time -0.598000
  m_vertexTransformMat -0.364505 0.655624 0.661282 0.000000 0.663765 0.680994 -0.309294 0.000000 -0.653110 0.326197 -0.683406 0.000000 -25.229315 15.315175 -16.466343 1.000000
aniFrame
  m_time -0.559000
  m_vertexTransformMat -0.333949 0.708603 0.621578 0.000000 0.642646 0.653573 -0.399811 0.000000 -0.689554 0.265938 -0.673641 0.000000 -25.122536 14.931179 -17.070007 1.000000
aniFrame
  m_time -0.520000
  m_vertexTransformMat -0.320898 0.750814 0.577325 0.000000 0.605848 0.631262 -0.484208 0.000000 -0.727992 0.194390 -0.657449 0.000000 -25.283585 14.305793 -17.718542 1.000000
aniFrame
  m_time -0.481000
  m_vertexTransformMat -0.333773 0.787664 0.517861 0.000000 0.533443 0.610765 -0.585154 0.000000 -0.777196 0.080941 -0.624031 0.000000 -25.915937 13.091859 -18.538183 1.000000
aniFrame
  m_time -0.442000
  m_vertexTransformMat -0.367445 0.815465 0.447214 0.000000 0.434996 0.575702 -0.692348 0.000000 -0.822048 -0.059863 -0.566263 0.000000 -26.809530 11.461209 -19.281746 1.000000
aniFrame
  m_time -0.403000
  m_vertexTransformMat -0.407213 0.829503 0.382233 0.000000 0.342940 0.526749 -0.777771 0.000000 -0.846504 -0.185635 -0.498969 0.000000 -27.651369 9.988641 -19.683350 1.000000
aniFrame
  m_time -0.364000
  m_vertexTransformMat -0.438207 0.832638 0.338658 0.000000 0.286157 0.486380 -0.825560 0.000000 -0.852108 -0.264857 -0.451401 0.000000 -28.220997 9.218861 -19.826651 1.000000
aniFrame
  m_time -0.325000
  m_vertexTransformMat -0.446740 0.832622 0.327359 0.000000 0.290622 0.481114 -0.827084 0.000000 -0.846146 -0.274354 -0.456911 0.000000 -28.238220 9.690380 -20.108803 1.000000
aniFrame
  m_time -0.286000
  m_vertexTransformMat -0.438766 0.833685 0.335341 0.000000 0.347019 0.501432 -0.792556 0.000000 -0.828892 -0.231377 -0.509316 0.000000 -27.720270 11.150364 -20.718670 1.000000
aniFrame
  m_time -0.247000
  m_vertexTransformMat -0.422270 0.835720 0.351084 0.000000 0.430183 0.525672 -0.733903 0.000000 -0.797892 -0.158874 -0.581487 0.000000 -26.748417 13.211493 -21.481064 1.000000
aniFrame
  m_time -0.208000
  m_vertexTransformMat -0.399556 0.837211 0.373407 0.000000 0.530378 0.543358 -0.650739 0.000000 -0.747700 -0.061960 -0.661140 0.000000 -25.267538 15.734763 -22.242928 1.000000
aniFrame
  m_time -0.169000
  m_vertexTransformMat -0.373397 0.836543 0.400963 0.000000 0.634867 0.545589 -0.547062 0.000000 -0.676401 0.050287 -0.734814 0.000000 -23.299845 18.474775 -22.841291 1.000000
aniFrame
  m_time -0.130000
  m_vertexTransformMat -0.347856 0.831814 0.432531 0.000000 0.731745 0.529297 -0.429413 0.000000 -0.586128 0.167129 -0.792794 0.000000 -21.005058 21.162008 -23.188147 1.000000
aniFrame
  m_time -0.091000
  m_vertexTransformMat -0.327741 0.821963 0.465793 0.000000 0.811295 0.497501 -0.307073 0.000000 -0.484135 0.277255 -0.829905 0.000000 -18.667507 23.541271 -23.241058 1.000000
aniFrame
  m_time -0.052000
  m_vertexTransformMat -0.318463 0.806521 0.498102 0.000000 0.867438 0.459847 -0.189980 0.000000 -0.382273 0.371571 -0.846051 0.000000 -16.628761 25.408213 -23.020372 1.000000
aniFrame
  m_time -0.013000
  m_vertexTransformMat -0.323517 0.786518 0.526048 0.000000 0.898845 0.429162 -0.088874 0.000000 -0.295660 0.444084 -0.845799 0.000000 -15.238573 26.652346 -22.633789 1.000000
aniFrame
  m_time 0.025000
  m_vertexTransformMat -0.363458 0.750069 0.552535 0.000000 0.900288 0.435293 0.001297 0.000000 -0.239542 0.497912 -0.833489 0.000000 -15.311267 26.966202 -22.188129 1.000000
aniFrame
  m_time 0.064000
  m_vertexTransformMat -0.453516 0.676315 0.580449 0.000000 0.862193 0.497866 0.093555 0.000000 -0.225713 0.542888 -0.808904 0.000000 -17.431629 25.977785 -21.750097 1.000000
aniFrame
  m_time 0.103000
  m_vertexTransformMat -0.556899 0.569394 0.604694 0.000000 0.790830 0.586034 0.176499 0.000000 -0.253874 0.576502 -0.776655 0.000000 -20.576658 23.824476 -21.298643 1.000000
aniFrame
  m_time 0.142000
  m_vertexTransformMat -0.634999 0.452616 0.626032 0.000000 0.706983 0.667121 0.234787 0.000000 -0.311370 0.591683 -0.743613 0.000000 -23.494783 21.014023 -20.654152 1.000000
aniFrame
  m_time 0.181000
  m_vertexTransformMat -0.667582 0.368148 0.647150 0.000000 0.644326 0.721198 0.254397 0.000000 -0.373067 0.586806 -0.718666 0.000000 -25.385710 18.561949 -19.784399 1.000000
aniFrame
  m_time 0.220000
  m_vertexTransformMat -0.658407 0.345769 0.668539 0.000000 0.625177 0.745839 0.229953 0.000000 -0.419111 0.569358 -0.707233 0.000000 -26.165043 17.288769 -18.831869 1.000000
aniFrame
  m_time 0.259000
  m_vertexTransformMat -0.627563 0.359958 0.690359 0.000000 0.629505 0.756363 0.177872 0.000000 -0.458135 0.546210 -0.701261 0.000000 -26.439171 16.617483 -17.797699 1.000000
aniFrame
  m_time 0.298000
  m_vertexTransformMat -0.584636 0.394532 0.708904 0.000000 0.642284 0.758914 0.107330 0.000000 -0.495652 0.518067 -0.697090 0.000000 -26.460155 16.178429 -16.830263 1.000000
aniFrame
  m_time 0.337000
  m_vertexTransformMat -0.533720 0.445230 0.718967 0.000000 0.657666 0.752991 0.021914 0.000000 -0.531618 0.484536 -0.694699 0.000000 -26.278730 15.925514 -16.153698 1.000000
aniFrame
  m_time 0.376000
  m_vertexTransformMat -0.478571 0.506581 0.717180 0.000000 0.670499 0.738210 -0.074014 0.000000 -0.566923 0.445447 -0.692947 0.000000 -25.957880 15.791825 -15.855777 1.000000
aniFrame
  m_time 0.415000
  m_vertexTransformMat -0.425266 0.571355 0.701928 0.000000 0.674471 0.717220 -0.175170 0.000000 -0.603521 0.398936 -0.690371 0.000000 -25.619875 15.628690 -15.911010 1.000000
aniFrame
  m_time 0.454000
  m_vertexTransformMat -0.378502 0.634654 0.673758 0.000000 0.668590 0.690852 -0.275157 0.000000 -0.640097 0.346321 -0.685812 0.000000 -25.310610 15.414458 -16.282362 1.000000
aniFrame
  m_time 0.493000
  m_vertexTransformMat -0.342912 0.691157 0.636171 0.000000 0.651258 0.662973 -0.369230 0.000000 -0.676960 0.287698 -0.677462 0.000000 -25.137156 15.078812 -16.848734 1.000000
aniFrame
  m_time 0.532000
  m_vertexTransformMat -0.322612 0.736588 0.594441 0.000000 0.622558 0.638187 -0.452923 0.000000 -0.712981 0.223956 -0.664456 0.000000 -25.171358 14.585919 -17.466616 1.000000
aniFrame
  m_time 0.571000
  m_vertexTransformMat -0.326140 0.775213 0.540998 0.000000 0.563914 0.618857 -0.546825 0.000000 -0.758706 0.126735 -0.638987 0.000000 -25.636684 13.600446 -18.237217 1.000000
aniFrame
  m_time 0.610000
  m_vertexTransformMat -0.354177 0.807259 0.472114 0.000000 0.471278 0.590119 -0.655483 0.000000 -0.807747 -0.009660 -0.589450 0.000000 -26.483063 12.056115 -19.064524 1.000000
aniFrame
  m_time 0.649000
  m_vertexTransformMat -0.393446 0.826229 0.403170 0.000000 0.373611 0.544390 -0.751036 0.000000 -0.840009 -0.144863 -0.522876 0.000000 -27.363102 10.466525 -19.602798 1.000000
aniFrame
  m_time 0.688000
  m_vertexTransformMat -0.429411 0.832765 0.349440 0.000000 0.302266 0.497141 -0.813318 0.000000 -0.851024 -0.243623 -0.465194 0.000000 -28.043400 9.391360 -19.840204 1.000000
aniFrame
  m_time 0.727000
  m_vertexTransformMat -0.447062 0.832481 0.327278 0.000000 0.283382 0.478841 -0.830907 0.000000 -0.848428 -0.278722 -0.449982 0.000000 -28.281498 9.375337 -20.019312 1.000000
aniFrame
  m_time 0.766000
  m_vertexTransformMat -0.442911 0.833057 0.331430 0.000000 0.324598 0.493584 -0.806853 0.000000 -0.835743 -0.249782 -0.489022 0.000000 -27.940104 10.568991 -20.499844 1.000000
aniFrame
  m_time 0.805000
  m_vertexTransformMat -0.429108 0.834945 0.344578 0.000000 0.398710 0.517399 -0.757185 0.000000 -0.810492 -0.187527 -0.554921 0.000000 -27.140753 12.422398 -21.213654 1.000000
aniFrame
  m_time 0.844000
  m_vertexTransformMat -0.408301 0.836783 0.364807 0.000000 0.494246 0.538639 -0.682341 0.000000 -0.767471 -0.098297 -0.633503 0.000000 -25.841734 14.808266 -21.994513 1.000000
aniFrame
  m_time 0.883000
  m_vertexTransformMat -0.382814 0.837159 0.390665 0.000000 0.598538 0.546874 -0.585390 0.000000 -0.703708 0.009733 -0.710422 0.000000 -24.037775 17.503866 -22.661047 1.000000
aniFrame
  m_time 0.922000
  m_vertexTransformMat -0.356419 0.834131 0.420942 0.000000 0.699412 0.536918 -0.471744 0.000000 -0.619507 0.126274 -0.774769 0.000000 -21.828281 20.245241 -23.105627 1.000000
aniFrame
  m_time 0.961000
  m_vertexTransformMat -0.333632 0.826186 0.453990 0.000000 0.785854 0.509744 -0.350136 0.000000 -0.520696 0.239953 -0.819328 0.000000 -19.468611 22.760532 -23.258427 1.000000
aniFrame
  m_time 1.000000
  m_vertexTransformMat -0.319982 0.812719 0.486928 0.000000 0.850564 0.472807 -0.230208 0.000000 -0.417318 0.340501 -0.842559 0.000000 -17.284546 24.822790 -23.125895 1.000000
aniFrame
  m_time 1.039000
  m_vertexTransformMat -0.320207 0.793902 0.516901 0.000000 0.890340 0.438613 -0.122117 0.000000 -0.323669 0.421116 -0.847290 0.000000 -15.642864 26.285135 -22.781689 1.000000
aniFrame
  m_time 1.078000
  m_vertexTransformMat -0.343826 0.766077 0.543057 0.000000 0.903798 0.426907 -0.030004 0.000000 -0.254820 0.480497 -0.839160 0.000000 -15.058816 26.988461 -22.347725 1.000000
aniFrame
  m_time 1.117000
  m_vertexTransformMat -0.417702 0.706846 0.570871 0.000000 0.880169 0.470699 0.061199 0.000000 -0.225450 0.528026 -0.818756 0.000000 -16.491312 26.477873 -21.898779 1.000000
aniFrame
  m_time 1.156000
  m_vertexTransformMat -0.522165 0.609229 0.596811 0.000000 0.818397 0.554818 0.149675 0.000000 -0.239935 0.566584 -0.788298 0.000000 -19.452513 24.681652 -21.466528 1.000000
aniFrame
  m_time 1.195000
  m_vertexTransformMat -0.612571 0.491743 0.618827 0.000000 0.735454 0.641445 0.218303 0.000000 -0.289594 0.588844 -0.754584 0.000000 -22.571869 22.006683 -20.906029 1.000000
aniFrame
  m_time 1.234000
  m_vertexTransformMat -0.662061 0.390184 0.639869 0.000000 0.660993 0.706396 0.253166 0.000000 -0.353220 0.590559 -0.725586 0.000000 -24.877499 19.280943 -20.095938 1.000000
aniFrame
  m_time 1.273000
  m_vertexTransformMat -0.665481 0.346589 0.661068 0.000000 0.627005 0.740090 0.243171 0.000000 -0.404969 0.576318 -0.709829 0.000000 -25.997522 17.595459 -19.171566 1.000000
aniFrame
  m_time 1.312000
  m_vertexTransformMat -0.640014 0.352547 0.682710 0.000000 0.626721 0.753567 0.198388 0.000000 -0.444527 0.554840 -0.703242 0.000000 -26.371317 16.826149 -18.169619 1.000000
aniFrame
  m_time 1.351000
  m_vertexTransformMat -0.600726 0.380287 0.703214 0.000000 0.637205 0.758974 0.133896 0.000000 -0.482802 0.528526 -0.698256 0.000000 -26.480873 16.307541 -17.143957 1.000000
aniFrame
  m_time 1.390000
  m_vertexTransformMat -0.552176 0.425890 0.716742 0.000000 0.652003 0.756372 0.052863 0.000000 -0.519609 0.496507 -0.695332 0.000000 -26.370707 15.986546 -16.344999 1.000000
aniFrame
  m_time 1.429000
  m_vertexTransformMat -0.498267 0.484055 0.719320 0.000000 0.665846 0.745011 -0.040116 0.000000 -0.555319 0.458968 -0.693520 0.000000 -26.098995 15.807704 -15.915297 1.000000
aniFrame
  m_time 1.468000
  m_vertexTransformMat -0.443412 0.548478 0.708914 0.000000 0.673795 0.725553 -0.139906 0.000000 -0.591090 0.415626 -0.691280 0.000000 -25.742968 15.680762 -15.845388 1.000000
aniFrame
  m_time 1.507000
  m_vertexTransformMat -0.393555 0.612969 0.685116 0.000000 0.671670 0.700569 -0.240963 0.000000 -0.627674 0.365339 -0.687425 0.000000 -25.407589 15.498507 -16.109343 1.000000
aniFrame
  m_time 1.546000
  m_vertexTransformMat -0.353569 0.672399 0.650283 0.000000 0.658416 0.672699 -0.337586 0.000000 -0.664437 0.308797 -0.680564 0.000000 -25.176268 15.212354 -16.623526 1.000000
aniFrame
  m_time 1.585000
  m_vertexTransformMat -0.327544 0.721818 0.609667 0.000000 0.634723 0.646078 -0.423922 0.000000 -0.699887 0.248117 -0.669773 0.000000 -25.123121 14.794053 -17.241488 1.000000
aniFrame
  m_time 1.624000
  m_vertexTransformMat -0.321808 0.762110 0.561808 0.000000 0.588487 0.625834 -0.511874 0.000000 -0.741703 0.165892 -0.649890 0.000000 -25.420572 14.013639 -17.940332 1.000000
aniFrame
  m_time 1.663000
  m_vertexTransformMat -0.342398 0.797300 0.497067 0.000000 0.505332 0.602283 -0.617977 0.000000 -0.792088 0.039590 -0.609122 0.000000 -26.172255 12.622484 -18.791552 1.000000
aniFrame
  m_time 1.702000
  m_vertexTransformMat -0.379566 0.821048 0.426392 0.000000 0.406554 0.562024 -0.720308 0.000000 -0.831050 -0.100053 -0.547125 0.000000 -27.059788 10.990273 -19.465073 1.000000
aniFrame
  m_time 1.741000
  m_vertexTransformMat -0.418498 0.831212 0.365988 0.000000 0.322482 0.512713 -0.795696 0.000000 -0.849038 -0.214972 -0.482620 0.000000 -27.841949 9.666276 -19.778250 1.000000
aniFrame
  m_time 1.780000
  m_vertexTransformMat -0.444073 0.832186 0.332063 0.000000 0.281180 0.481323 -0.830220 0.000000 -0.850727 -0.275308 -0.447737 0.000000 -28.285887 9.208092 -19.897709 1.000000
aniFrame
  m_time 1.819000
  m_vertexTransformMat -0.446030 0.832120 0.329595 0.000000 0.302649 0.486788 -0.819415 0.000000 -0.842295 -0.265732 -0.468963 0.000000 -28.141998 10.020386 -20.234291 1.000000
aniFrame
  m_time 1.858000
  m_vertexTransformMat -0.438894 0.830413 0.343200 0.000000 0.359349 0.512296 -0.780014 0.000000 -0.823553 -0.219015 -0.523252 0.000000 -27.604465 11.427041 -20.731432 1.000000
aniFrame
  m_time 1.897000
  m_vertexTransformMat -0.427001 0.826853 0.366041 0.000000 0.434334 0.542590 -0.718993 0.000000 -0.793111 -0.148027 -0.590816 0.000000 -26.746330 13.238524 -21.247797 1.000000
aniFrame
  m_time 1.936000
  m_vertexTransformMat -0.412218 0.821115 0.394774 0.000000 0.522687 0.568038 -0.635713 0.000000 -0.746240 -0.055709 -0.663342 0.000000 -25.513693 15.397795 -21.760592 1.000000
aniFrame
  m_time 1.975000
  m_vertexTransformMat -0.395866 0.813327 0.426368 0.000000 0.616603 0.579484 -0.532915 0.000000 -0.680508 0.051937 -0.730898 0.000000 -23.895721 17.790869 -22.216026 1.000000
aniFrame
  m_time 2.014000
  m_vertexTransformMat -0.379058 0.803976 0.458191 0.000000 0.707878 0.570833 -0.416004 0.000000 -0.596008 0.166654 -0.785495 0.000000 -21.966368 20.275242 -22.577074 1.000000
aniFrame
  m_time 2.053000
  m_vertexTransformMat -0.362620 0.793989 0.487943 0.000000 0.789042 0.540181 -0.292607 0.000000 -0.495904 0.278903 -0.822371 0.000000 -19.804901 22.696234 -22.768835 1.000000
aniFrame
  m_time 2.092000
  m_vertexTransformMat -0.347127 0.784595 0.513725 0.000000 0.854527 0.490305 -0.171419 0.000000 -0.386376 0.379488 -0.840656 0.000000 -17.491478 24.910784 -22.743288 1.000000
aniFrame
  m_time 2.131000
  m_vertexTransformMat -0.332422 0.776993 0.534582 0.000000 0.901458 0.428390 -0.062089 0.000000 -0.277252 0.461264 -0.842833 0.000000 -15.153588 26.805399 -22.484055 1.000000
aniFrame
  m_time 2.133000
  m_vertexTransformMat -0.331621 0.776890 0.535229 0.000000 0.903465 0.424866 -0.056922 0.000000 -0.271623 0.464684 -0.842787 0.000000 -15.030275 26.897522 -22.476652 1.000000
