m_aniFrameList.size 84
aniFrame
  m_time -1.066000
  m_vertexTransformMat 0.983925 -0.027924 0.176387 0.000000 -0.021929 0.961333 0.274513 0.000000 -0.177232 -0.273968 0.945267 0.000000 -0.016930 -0.724488 -2.484096 1.000000
aniFrame
  m_time -1.027000
  m_vertexTransformMat 0.983557 0.061954 0.169638 0.000000 -0.105232 0.959984 0.259534 0.000000 -0.146770 -0.273118 0.950718 0.000000 0.270549 -0.572563 -2.658146 1.000000
aniFrame
  m_time -0.988000
  m_vertexTransformMat 0.974637 0.154523 0.161883 0.000000 -0.190979 0.951375 0.241690 0.000000 -0.116665 -0.266476 0.956755 0.000000 0.570805 -0.365374 -2.838586 1.000000
aniFrame
  m_time -0.949000
  m_vertexTransformMat 0.960873 0.222662 0.164755 0.000000 -0.256654 0.939405 0.227263 0.000000 -0.104169 -0.260656 0.959796 0.000000 0.862557 -0.140836 -2.905511 1.000000
aniFrame
  m_time -0.910000
  m_vertexTransformMat 0.950464 0.241927 0.195164 0.000000 -0.283128 0.932949 0.222363 0.000000 -0.128282 -0.266604 0.955231 0.000000 1.099604 0.041216 -2.777904 1.000000
aniFrame
  m_time -0.871000
  m_vertexTransformMat 0.943614 0.215767 0.251072 0.000000 -0.274017 0.934639 0.226638 0.000000 -0.185761 -0.282657 0.941063 0.000000 1.216812 0.152312 -2.511163 1.000000
aniFrame
  m_time -0.832000
  m_vertexTransformMat 0.937448 0.175307 0.300764 0.000000 -0.251290 0.938669 0.236121 0.000000 -0.240925 -0.296930 0.924006 0.000000 1.241267 0.191386 -2.191011 1.000000
aniFrame
  m_time -0.793000
  m_vertexTransformMat 0.936907 0.152533 0.314548 0.000000 -0.235381 0.940510 0.245024 0.000000 -0.258461 -0.303603 0.917074 0.000000 1.235262 0.151068 -1.882012 1.000000
aniFrame
  m_time -0.754000
  m_vertexTransformMat 0.947406 0.150307 0.282542 0.000000 -0.224890 0.940804 0.253600 0.000000 -0.227699 -0.303803 0.925126 0.000000 1.162639 0.047264 -1.689726 1.000000
aniFrame
  m_time -0.715000
  m_vertexTransformMat 0.961753 0.155434 0.225550 0.000000 -0.213825 0.940658 0.263517 0.000000 -0.171206 -0.301667 0.937916 0.000000 1.022261 -0.094842 -1.682766 1.000000
aniFrame
  m_time -0.676000
  m_vertexTransformMat 0.971682 0.168340 0.165820 0.000000 -0.209174 0.939219 0.272238 0.000000 -0.109912 -0.299214 0.947834 0.000000 0.925780 -0.239881 -1.802152 1.000000
aniFrame
  m_time -0.637000
  m_vertexTransformMat 0.973708 0.194509 0.118570 0.000000 -0.220771 0.934056 0.280715 0.000000 -0.056149 -0.299511 0.952440 0.000000 0.960769 -0.339122 -1.993538 1.000000
aniFrame
  m_time -0.598000
  m_vertexTransformMat 0.969299 0.233792 0.076162 0.000000 -0.245875 0.924321 0.291849 0.000000 -0.002166 -0.301615 0.953427 0.000000 1.096112 -0.365874 -2.241471 1.000000
aniFrame
  m_time -0.559000
  m_vertexTransformMat 0.961786 0.272165 0.029910 0.000000 -0.268116 0.914026 0.304417 0.000000 0.055513 -0.300803 0.952069 0.000000 1.228294 -0.345115 -2.503527 1.000000
aniFrame
  m_time -0.520000
  m_vertexTransformMat 0.954552 0.296156 -0.033494 0.000000 -0.270796 0.908733 0.317606 0.000000 0.124498 -0.294101 0.947632 0.000000 1.291957 -0.315266 -2.762438 1.000000
aniFrame
  m_time -0.481000
  m_vertexTransformMat 0.942977 0.306499 -0.129816 0.000000 -0.249257 0.908699 0.334870 0.000000 0.220600 -0.283417 0.933280 0.000000 1.303240 -0.262062 -3.112668 1.000000
aniFrame
  m_time -0.442000
  m_vertexTransformMat 0.922356 0.310199 -0.230294 0.000000 -0.217616 0.909681 0.353730 0.000000 0.319221 -0.276149 0.906554 0.000000 1.275155 -0.158101 -3.464993 1.000000
aniFrame
  m_time -0.403000
  m_vertexTransformMat 0.905160 0.310608 -0.290186 0.000000 -0.193679 0.909063 0.368908 0.000000 0.378383 -0.277718 0.883006 0.000000 1.189868 -0.004125 -3.623035 1.000000
aniFrame
  m_time -0.364000
  m_vertexTransformMat 0.908327 0.305776 -0.285383 0.000000 -0.187654 0.907710 0.375299 0.000000 0.373803 -0.287341 0.881877 0.000000 1.159136 0.173363 -3.536571 1.000000
aniFrame
  m_time -0.325000
  m_vertexTransformMat 0.927560 0.291649 -0.233610 0.000000 -0.192916 0.909165 0.369057 0.000000 0.320025 -0.297256 0.899569 0.000000 1.274974 0.314161 -3.296931 1.000000
aniFrame
  m_time -0.286000
  m_vertexTransformMat 0.948341 0.271541 -0.164058 0.000000 -0.200168 0.913330 0.354628 0.000000 0.246135 -0.303469 0.920502 0.000000 1.441254 0.344944 -2.948875 1.000000
aniFrame
  m_time -0.247000
  m_vertexTransformMat 0.963055 0.250897 -0.097855 0.000000 -0.204909 0.918468 0.338275 0.000000 0.174748 -0.305726 0.935946 0.000000 1.556940 0.260150 -2.565131 1.000000
aniFrame
  m_time -0.208000
  m_vertexTransformMat 0.972531 0.231372 -0.025529 0.000000 -0.211335 0.923599 0.319848 0.000000 0.097582 -0.305667 0.947125 0.000000 1.656600 0.114158 -2.211496 1.000000
aniFrame
  m_time -0.169000
  m_vertexTransformMat 0.977033 0.207817 0.047098 0.000000 -0.212268 0.929852 0.300529 0.000000 0.018660 -0.303624 0.952609 0.000000 1.709918 -0.074100 -1.954053 1.000000
aniFrame
  m_time -0.130000
  m_vertexTransformMat 0.979504 0.172691 0.103685 0.000000 -0.195584 0.938492 0.284571 0.000000 -0.048164 -0.299017 0.953032 0.000000 1.597665 -0.290106 -1.870629 1.000000
aniFrame
  m_time -0.091000
  m_vertexTransformMat 0.984520 0.106081 0.139522 0.000000 -0.141714 0.950210 0.277524 0.000000 -0.103135 -0.293000 0.950533 0.000000 1.154056 -0.506154 -1.975749 1.000000
aniFrame
  m_time -0.052000
  m_vertexTransformMat 0.986586 0.024035 0.161468 0.000000 -0.068800 0.958187 0.277750 0.000000 -0.148041 -0.285133 0.946987 0.000000 0.523248 -0.661162 -2.198786 1.000000
aniFrame
  m_time -0.013000
  m_vertexTransformMat 0.984420 -0.026169 0.173877 0.000000 -0.023328 0.960685 0.276659 0.000000 -0.174281 -0.276405 0.945107 0.000000 0.058606 -0.721264 -2.419126 1.000000
aniFrame
  m_time 0.025000
  m_vertexTransformMat 0.984250 0.000637 0.176785 0.000000 -0.048494 0.962608 0.266523 0.000000 -0.170005 -0.270898 0.947477 0.000000 -0.000926 -0.699815 -2.599764 1.000000
aniFrame
  m_time 0.064000
  m_vertexTransformMat 0.981296 0.094350 0.167800 0.000000 -0.134555 0.959537 0.247353 0.000000 -0.137673 -0.265305 0.954285 0.000000 0.264300 -0.569664 -2.786137 1.000000
aniFrame
  m_time 0.103000
  m_vertexTransformMat 0.967503 0.194565 0.161502 0.000000 -0.228410 0.946468 0.228097 0.000000 -0.108476 -0.257573 0.960151 0.000000 0.651767 -0.337187 -2.895814 1.000000
aniFrame
  m_time 0.142000
  m_vertexTransformMat 0.953368 0.243312 0.178575 0.000000 -0.279690 0.934593 0.219796 0.000000 -0.113416 -0.259492 0.959063 0.000000 0.983415 -0.094634 -2.837407 1.000000
aniFrame
  m_time 0.181000
  m_vertexTransformMat 0.945953 0.228949 0.229684 0.000000 -0.280255 0.933490 0.223726 0.000000 -0.163186 -0.276004 0.947202 0.000000 1.170405 0.082521 -2.612585 1.000000
aniFrame
  m_time 0.220000
  m_vertexTransformMat 0.939367 0.188940 0.286166 0.000000 -0.259377 0.937363 0.232540 0.000000 -0.224305 -0.292665 0.929534 0.000000 1.236593 0.181188 -2.304729 1.000000
aniFrame
  m_time 0.259000
  m_vertexTransformMat 0.935796 0.157820 0.315243 0.000000 -0.240058 0.940122 0.241958 0.000000 -0.258181 -0.302100 0.917649 0.000000 1.243496 0.173952 -1.980430 1.000000
aniFrame
  m_time 0.298000
  m_vertexTransformMat 0.942833 0.150400 0.297397 0.000000 -0.228996 0.940712 0.250244 0.000000 -0.242129 -0.304041 0.921376 0.000000 1.200575 0.089729 -1.734394 1.000000
aniFrame
  m_time 0.337000
  m_vertexTransformMat 0.956842 0.152680 0.247271 0.000000 -0.217361 0.940767 0.260217 0.000000 -0.192894 -0.302733 0.933352 0.000000 1.072442 -0.045791 -1.664166 1.000000
aniFrame
  m_time 0.376000
  m_vertexTransformMat 0.968945 0.162848 0.186083 0.000000 -0.209747 0.939829 0.269681 0.000000 -0.130969 -0.300336 0.944799 0.000000 0.947184 -0.195781 -1.750865 1.000000
aniFrame
  m_time 0.415000
  m_vertexTransformMat 0.973848 0.183515 0.133951 0.000000 -0.214667 0.936317 0.277901 0.000000 -0.074421 -0.299388 0.951225 0.000000 0.929631 -0.317908 -1.918794 1.000000
aniFrame
  m_time 0.454000
  m_vertexTransformMat 0.971359 0.219361 0.091334 0.000000 -0.236633 0.927954 0.287938 0.000000 -0.021592 -0.301303 0.953284 0.000000 1.041578 -0.368900 -2.150600 1.000000
aniFrame
  m_time 0.493000
  m_vertexTransformMat 0.964420 0.260100 0.047345 0.000000 -0.262084 0.917089 0.300434 0.000000 0.034723 -0.302153 0.952627 0.000000 1.189228 -0.361395 -2.415239 1.000000
aniFrame
  m_time 0.532000
  m_vertexTransformMat 0.957065 0.289795 -0.006836 0.000000 -0.273213 0.909683 0.312781 0.000000 0.096861 -0.297484 0.949801 0.000000 1.277901 -0.330370 -2.661862 1.000000
aniFrame
  m_time 0.571000
  m_vertexTransformMat 0.948237 0.303772 -0.092577 0.000000 -0.258985 0.908435 0.328138 0.000000 0.183779 -0.287176 0.940083 0.000000 1.301954 -0.285857 -2.975571 1.000000
aniFrame
  m_time 0.610000
  m_vertexTransformMat 0.930308 0.309442 -0.196908 0.000000 -0.229021 0.909422 0.347135 0.000000 0.286490 -0.277846 0.916911 0.000000 1.290108 -0.198775 -3.350955 1.000000
aniFrame
  m_time 0.649000
  m_vertexTransformMat 0.909690 0.310775 -0.275468 0.000000 -0.200440 0.909511 0.364163 0.000000 0.363714 -0.276060 0.889664 0.000000 1.222923 -0.061983 -3.594821 1.000000
aniFrame
  m_time 0.688000
  m_vertexTransformMat 0.904882 0.308397 -0.293393 0.000000 -0.188088 0.908013 0.374347 0.000000 0.381852 -0.283557 0.879650 0.000000 1.155605 0.112522 -3.587917 1.000000
aniFrame
  m_time 0.727000
  m_vertexTransformMat 0.920087 0.297462 -0.254867 0.000000 -0.190495 0.908308 0.372410 0.000000 0.342276 -0.294098 0.892387 0.000000 1.223721 0.275575 -3.394903 1.000000
aniFrame
  m_time 0.766000
  m_vertexTransformMat 0.941807 0.278888 -0.187673 0.000000 -0.198248 0.911681 0.359912 0.000000 0.271473 -0.301762 0.913916 0.000000 1.389630 0.351337 -3.078120 1.000000
aniFrame
  m_time 0.805000
  m_vertexTransformMat 0.958606 0.257851 -0.120785 0.000000 -0.203196 0.916647 0.344195 0.000000 0.199468 -0.305404 0.931097 0.000000 1.522777 0.298105 -2.699687 1.000000
aniFrame
  m_time 0.844000
  m_vertexTransformMat 0.969805 0.238235 -0.052179 0.000000 -0.208859 0.921771 0.326674 0.000000 0.125923 -0.305912 0.943696 0.000000 1.620989 0.169866 -2.329443 1.000000
aniFrame
  m_time 0.883000
  m_vertexTransformMat 0.975930 0.216915 0.022563 0.000000 -0.213242 0.927451 0.307185 0.000000 0.045707 -0.304602 0.951382 0.000000 1.702548 -0.003843 -2.029146 1.000000
aniFrame
  m_time 0.922000
  m_vertexTransformMat 0.978405 0.187893 0.086147 0.000000 -0.205031 0.935059 0.289185 0.000000 -0.026216 -0.300603 0.953389 0.000000 1.669564 -0.208518 -1.878434 1.000000
aniFrame
  m_time 0.961000
  m_vertexTransformMat 0.982820 0.132625 0.128357 0.000000 -0.164094 0.946243 0.278745 0.000000 -0.084488 -0.295019 0.951749 0.000000 1.345741 -0.429817 -1.922248 1.000000
aniFrame
  m_time 1.000000
  m_vertexTransformMat 0.986617 0.051402 0.154745 0.000000 -0.093293 0.956284 0.277162 0.000000 -0.133733 -0.287889 0.948281 0.000000 0.747725 -0.612314 -2.114599 1.000000
aniFrame
  m_time 1.039000
  m_vertexTransformMat 0.985346 -0.014611 0.169943 0.000000 -0.033600 0.960178 0.277363 0.000000 -0.167228 -0.279009 0.945616 0.000000 0.187016 -0.704360 -2.350373 1.000000
aniFrame
  m_time 1.078000
  m_vertexTransformMat 0.983987 -0.019105 0.177215 0.000000 -0.030164 0.962050 0.271203 0.000000 -0.175671 -0.272205 0.946068 0.000000 -0.031442 -0.714610 -2.538094 1.000000
aniFrame
  m_time 1.117000
  m_vertexTransformMat 0.983482 0.056993 0.171796 0.000000 -0.100189 0.961884 0.254446 0.000000 -0.150746 -0.267455 0.951706 0.000000 0.146249 -0.628615 -2.721744 1.000000
aniFrame
  m_time 1.156000
  m_vertexTransformMat 0.973165 0.163401 0.162019 0.000000 -0.198735 0.951750 0.233830 0.000000 -0.115993 -0.259754 0.958683 0.000000 0.516277 -0.425834 -2.872718 1.000000
aniFrame
  m_time 1.195000
  m_vertexTransformMat 0.957430 0.234717 0.168038 0.000000 -0.268626 0.937559 0.220959 0.000000 -0.105682 -0.256692 0.960698 0.000000 0.884530 -0.173833 -2.879332 1.000000
aniFrame
  m_time 1.234000
  m_vertexTransformMat 0.948327 0.238440 0.209336 0.000000 -0.283527 0.932976 0.221737 0.000000 -0.142435 -0.269632 0.952372 0.000000 1.120243 0.026887 -2.704324 1.000000
aniFrame
  m_time 1.273000
  m_vertexTransformMat 0.941659 0.204174 0.267567 0.000000 -0.268004 0.935775 0.229128 0.000000 -0.203601 -0.287469 0.935900 0.000000 1.225973 0.157536 -2.418840 1.000000
aniFrame
  m_time 1.312000
  m_vertexTransformMat 0.936296 0.166198 0.309400 0.000000 -0.245703 0.939444 0.238904 0.000000 -0.250958 -0.299705 0.920433 0.000000 1.244486 0.188625 -2.093055 1.000000
aniFrame
  m_time 1.351000
  m_vertexTransformMat 0.939167 0.150879 0.308547 0.000000 -0.232376 0.940652 0.247336 0.000000 -0.252918 -0.303988 0.918490 0.000000 1.223681 0.126422 -1.805794 1.000000
aniFrame
  m_time 1.390000
  m_vertexTransformMat 0.951831 0.151047 0.266837 0.000000 -0.221228 0.940873 0.256546 0.000000 -0.212310 -0.303221 0.928969 0.000000 1.121864 0.007576 -1.669041 1.000000
aniFrame
  m_time 1.429000
  m_vertexTransformMat 0.965472 0.158514 0.206728 0.000000 -0.211434 0.940393 0.266380 0.000000 -0.152181 -0.300892 0.941438 0.000000 0.982996 -0.139939 -1.710664 1.000000
aniFrame
  m_time 1.468000
  m_vertexTransformMat 0.973189 0.174401 0.149957 0.000000 -0.210483 0.938143 0.274928 0.000000 -0.092733 -0.299120 0.949699 0.000000 0.921514 -0.280473 -1.852614 1.000000
aniFrame
  m_time 1.507000
  m_vertexTransformMat 0.973036 0.205176 0.105374 0.000000 -0.227179 0.931513 0.284030 0.000000 -0.039881 -0.300310 0.953008 0.000000 0.999674 -0.358392 -2.063472 1.000000
aniFrame
  m_time 1.546000
  m_vertexTransformMat 0.967203 0.246103 0.062870 0.000000 -0.253568 0.920949 0.295900 0.000000 0.014922 -0.302138 0.953148 0.000000 1.145214 -0.367304 -2.321730 1.000000
aniFrame
  m_time 1.585000
  m_vertexTransformMat 0.959576 0.281081 0.014419 0.000000 -0.271690 0.911709 0.308175 0.000000 0.073477 -0.299635 0.951221 0.000000 1.255383 -0.339608 -2.573835 1.000000
aniFrame
  m_time 1.624000
  m_vertexTransformMat 0.952070 0.300058 -0.059395 0.000000 -0.266203 0.908444 0.322282 0.000000 0.150660 -0.291024 0.944779 0.000000 1.298173 -0.306005 -2.855571 1.000000
aniFrame
  m_time 1.663000
  m_vertexTransformMat 0.937499 0.308128 -0.161718 0.000000 -0.240010 0.909036 0.340660 0.000000 0.251974 -0.280555 0.926174 0.000000 1.299898 -0.236643 -3.227962 1.000000
aniFrame
  m_time 1.702000
  m_vertexTransformMat 0.916080 0.310516 -0.253727 0.000000 -0.209034 0.909761 0.358665 0.000000 0.342202 -0.275528 0.898322 0.000000 1.256204 -0.116154 -3.537929 1.000000
aniFrame
  m_time 1.741000
  m_vertexTransformMat 0.903747 0.309846 -0.295360 0.000000 -0.190020 0.908658 0.371798 0.000000 0.383581 -0.279887 0.880074 0.000000 1.170830 0.049105 -3.620522 1.000000
aniFrame
  m_time 1.780000
  m_vertexTransformMat 0.913088 0.302411 -0.273530 0.000000 -0.188468 0.907845 0.374564 0.000000 0.361595 -0.290458 0.885936 0.000000 1.181849 0.223707 -3.478851 1.000000
aniFrame
  m_time 1.819000
  m_vertexTransformMat 0.934368 0.285968 -0.212554 0.000000 -0.195479 0.910166 0.365220 0.000000 0.297901 -0.299700 0.906331 0.000000 1.328504 0.336139 -3.200600 1.000000
aniFrame
  m_time 1.858000
  m_vertexTransformMat 0.953456 0.265196 -0.143502 0.000000 -0.201517 0.914438 0.350990 0.000000 0.224305 -0.305735 0.925318 0.000000 1.485452 0.328372 -2.837420 1.000000
aniFrame
  m_time 1.897000
  m_vertexTransformMat 0.966498 0.245088 -0.076256 0.000000 -0.206544 0.918995 0.335841 0.000000 0.152390 -0.308839 0.938827 0.000000 1.603539 0.247446 -2.463393 1.000000
aniFrame
  m_time 1.936000
  m_vertexTransformMat 0.974426 0.224705 -0.001053 0.000000 -0.212656 0.923672 0.318759 0.000000 0.072599 -0.310383 0.947836 0.000000 1.719875 0.125022 -2.137209 1.000000
aniFrame
  m_time 1.975000
  m_vertexTransformMat 0.977775 0.198048 0.068805 0.000000 -0.209616 0.930148 0.301473 0.000000 -0.004293 -0.309196 0.950989 0.000000 1.755323 -0.034777 -1.928330 1.000000
aniFrame
  m_time 2.014000
  m_vertexTransformMat 0.980316 0.158228 0.118089 0.000000 -0.186300 0.939361 0.287914 0.000000 -0.065373 -0.304246 0.950348 0.000000 1.571016 -0.225089 -1.908842 1.000000
aniFrame
  m_time 2.053000
  m_vertexTransformMat 0.984186 0.102601 0.144398 0.000000 -0.140110 0.949666 0.280186 0.000000 -0.108383 -0.295987 0.949024 0.000000 1.132716 -0.423625 -2.051220 1.000000
aniFrame
  m_time 2.092000
  m_vertexTransformMat 0.986417 0.038319 0.159727 0.000000 -0.081955 0.957540 0.276405 0.000000 -0.142353 -0.285741 0.947675 0.000000 0.560232 -0.596698 -2.269706 1.000000
aniFrame
  m_time 2.131000
  m_vertexTransformMat 0.984141 -0.024819 0.175644 0.000000 -0.024844 0.961120 0.275013 0.000000 -0.175640 -0.275015 0.945261 0.000000 0.009208 -0.726917 -2.474269 1.000000
aniFrame
  m_time 2.133000
  m_vertexTransformMat 0.983925 -0.027924 0.176387 0.000000 -0.021929 0.961333 0.274513 0.000000 -0.177232 -0.273968 0.945267 0.000000 -0.016930 -0.724491 -2.484097 1.000000
