m_aniFrameList.size 84
aniFrame
  m_time -1.066000
  m_vertexTransformMat 0.204974 -0.537850 0.817743 0.000000 0.716412 0.651705 0.249068 0.000000 -0.666888 0.534788 0.518905 0.000000 -6.839193 -2.270535 -2.094560 1.000000
aniFrame
  m_time -1.027000
  m_vertexTransformMat 0.220282 -0.573886 0.788753 0.000000 0.640027 0.695247 0.327105 0.000000 -0.736099 0.432768 0.520453 0.000000 -7.646365 -4.178939 -3.184665 1.000000
aniFrame
  m_time -0.988000
  m_vertexTransformMat 0.243359 -0.613731 0.751073 0.000000 0.546691 0.726426 0.416454 0.000000 -0.801190 0.309256 0.512304 0.000000 -8.193762 -6.318353 -4.595015 1.000000
aniFrame
  m_time -0.949000
  m_vertexTransformMat 0.277985 -0.646579 0.710395 0.000000 0.453034 0.740377 0.496591 0.000000 -0.847044 0.183788 0.498736 0.000000 -8.217454 -8.339478 -5.967394 1.000000
aniFrame
  m_time -0.910000
  m_vertexTransformMat 0.321043 -0.664069 0.675236 0.000000 0.379666 0.743423 0.550615 0.000000 -0.867633 0.079593 0.490795 0.000000 -7.740058 -9.922630 -6.864235 1.000000
aniFrame
  m_time -0.871000
  m_vertexTransformMat 0.365305 -0.660998 0.655465 0.000000 0.346511 0.750084 0.563298 0.000000 -0.863993 0.021350 0.503052 0.000000 -7.080803 -10.810519 -6.957531 1.000000
aniFrame
  m_time -0.832000
  m_vertexTransformMat 0.405457 -0.643025 0.649710 0.000000 0.352211 0.765771 0.538092 0.000000 -0.843536 0.010663 0.536967 0.000000 -6.480962 -11.137951 -6.341577 1.000000
aniFrame
  m_time -0.793000
  m_vertexTransformMat 0.441589 -0.620044 0.648494 0.000000 0.377176 0.784104 0.492868 0.000000 -0.814087 0.026951 0.580118 0.000000 -5.951879 -11.275232 -5.433057 1.000000
aniFrame
  m_time -0.754000
  m_vertexTransformMat 0.474996 -0.591901 0.651178 0.000000 0.412377 0.803424 0.429483 0.000000 -0.777383 0.064529 0.625709 0.000000 -5.430634 -11.240457 -4.422303 1.000000
aniFrame
  m_time -0.715000
  m_vertexTransformMat 0.506774 -0.558052 0.657084 0.000000 0.450586 0.821271 0.349980 0.000000 -0.734951 0.118712 0.667649 0.000000 -4.870330 -11.012659 -3.477592 1.000000
aniFrame
  m_time -0.676000
  m_vertexTransformMat 0.538165 -0.518517 0.664469 0.000000 0.486305 0.834933 0.257671 0.000000 -0.688394 0.184465 0.701489 0.000000 -4.225204 -10.578845 -2.669332 1.000000
aniFrame
  m_time -0.637000
  m_vertexTransformMat 0.571979 -0.471262 0.671381 0.000000 0.511616 0.844735 0.157076 0.000000 -0.641163 0.253646 0.724275 0.000000 -3.434358 -9.944091 -2.033600 1.000000
aniFrame
  m_time -0.598000
  m_vertexTransformMat 0.607599 -0.417265 0.675805 0.000000 0.523858 0.850099 0.053892 0.000000 -0.596988 0.321281 0.735107 0.000000 -2.515252 -9.110175 -1.607917 1.000000
aniFrame
  m_time -0.559000
  m_vertexTransformMat 0.644280 -0.357407 0.676138 0.000000 0.520631 0.852572 -0.045430 0.000000 -0.560220 0.381288 0.735373 0.000000 -1.519544 -8.106034 -1.402081 1.000000
aniFrame
  m_time -0.520000
  m_vertexTransformMat 0.685198 -0.286259 0.669746 0.000000 0.496301 0.856514 -0.141665 0.000000 -0.533094 0.429465 0.728952 0.000000 -0.376214 -6.846858 -1.424759 1.000000
aniFrame
  m_time -0.481000
  m_vertexTransformMat 0.741272 -0.173333 0.648438 0.000000 0.430241 0.864212 -0.260826 0.000000 -0.515178 0.472328 0.715191 0.000000 1.244756 -4.728939 -1.864395 1.000000
aniFrame
  m_time -0.442000
  m_vertexTransformMat 0.796359 -0.031450 0.604006 0.000000 0.331681 0.857799 -0.392645 0.000000 -0.505767 0.513023 0.693547 0.000000 2.922160 -1.905660 -2.830216 1.000000
aniFrame
  m_time -0.403000
  m_vertexTransformMat 0.830876 0.097390 0.547868 0.000000 0.234412 0.831683 -0.503343 0.000000 -0.504673 0.546642 0.668197 0.000000 4.028030 0.864848 -3.983933 1.000000
aniFrame
  m_time -0.364000
  m_vertexTransformMat 0.843047 0.179676 0.506941 0.000000 0.170851 0.804264 -0.569184 0.000000 -0.509983 0.566459 0.647334 0.000000 4.440851 2.908966 -4.770469 1.000000
aniFrame
  m_time -0.325000
  m_vertexTransformMat 0.837125 0.189598 0.513103 0.000000 0.170876 0.800431 -0.574553 0.000000 -0.519638 0.568650 0.637663 0.000000 4.323106 3.726122 -4.698175 1.000000
aniFrame
  m_time -0.286000
  m_vertexTransformMat 0.814509 0.144968 0.561748 0.000000 0.223647 0.814978 -0.534596 0.000000 -0.535311 0.561067 0.631385 0.000000 3.810107 3.629322 -3.908868 1.000000
aniFrame
  m_time -0.247000
  m_vertexTransformMat 0.775401 0.070567 0.627514 0.000000 0.302804 0.830482 -0.467558 0.000000 -0.554133 0.552558 0.622589 0.000000 3.009974 3.122454 -2.881355 1.000000
aniFrame
  m_time -0.208000
  m_vertexTransformMat 0.715372 -0.027504 0.698202 0.000000 0.398006 0.837323 -0.374809 0.000000 -0.574311 0.546017 0.609944 0.000000 1.891642 2.321361 -1.852755 1.000000
aniFrame
  m_time -0.169000
  m_vertexTransformMat 0.633795 -0.139334 0.760848 0.000000 0.496356 0.827672 -0.261898 0.000000 -0.593241 0.543641 0.593734 0.000000 0.488272 1.358048 -1.059583 1.000000
aniFrame
  m_time -0.130000
  m_vertexTransformMat 0.534056 -0.253875 0.806432 0.000000 0.585601 0.799066 -0.136256 0.000000 -0.609800 0.545016 0.575415 0.000000 -1.157580 0.363246 -0.676168 1.000000
aniFrame
  m_time -0.091000
  m_vertexTransformMat 0.424476 -0.360096 0.830753 0.000000 0.655706 0.754976 -0.007785 0.000000 -0.624396 0.548035 0.556586 0.000000 -2.961804 -0.548740 -0.739919 1.000000
aniFrame
  m_time -0.052000
  m_vertexTransformMat 0.317653 -0.449793 0.834736 0.000000 0.700168 0.704916 0.113396 0.000000 -0.639423 0.548435 0.538849 0.000000 -4.759717 -1.335082 -1.174962 1.000000
aniFrame
  m_time -0.013000
  m_vertexTransformMat 0.228912 -0.518206 0.824052 0.000000 0.717910 0.661579 0.216608 0.000000 -0.657423 0.542011 0.523469 0.000000 -6.344109 -2.002516 -1.823044 1.000000
aniFrame
  m_time 0.025000
  m_vertexTransformMat 0.174879 -0.570550 0.802427 0.000000 0.697460 0.647032 0.308057 0.000000 -0.694958 0.505788 0.511088 0.000000 -7.697305 -2.973054 -2.721036 1.000000
aniFrame
  m_time 0.064000
  m_vertexTransformMat 0.168882 -0.617365 0.768335 0.000000 0.625183 0.669747 0.400732 0.000000 -0.761988 0.412673 0.499074 0.000000 -8.736110 -4.761656 -4.064685 1.000000
aniFrame
  m_time 0.103000
  m_vertexTransformMat 0.208286 -0.653581 0.727633 0.000000 0.521545 0.703573 0.482676 0.000000 -0.827410 0.278958 0.487416 0.000000 -9.018324 -7.018329 -5.537099 1.000000
aniFrame
  m_time 0.142000
  m_vertexTransformMat 0.276779 -0.670348 0.688496 0.000000 0.419694 0.728867 0.540935 0.000000 -0.864437 0.139238 0.483076 0.000000 -8.395776 -9.138450 -6.648894 1.000000
aniFrame
  m_time 0.181000
  m_vertexTransformMat 0.345355 -0.666289 0.660900 0.000000 0.355851 0.744612 0.564733 0.000000 -0.868390 0.040149 0.494255 0.000000 -7.396490 -10.540442 -7.027486 1.000000
aniFrame
  m_time 0.220000
  m_vertexTransformMat 0.392438 -0.650069 0.650694 0.000000 0.346796 0.759811 0.549927 0.000000 -0.851895 0.009846 0.523620 0.000000 -6.673292 -11.066422 -6.610822 1.000000
aniFrame
  m_time 0.259000
  m_vertexTransformMat 0.429385 -0.628672 0.648384 0.000000 0.367102 0.777446 0.510701 0.000000 -0.825146 0.018736 0.564610 0.000000 -6.134193 -11.244882 -5.768714 1.000000
aniFrame
  m_time 0.298000
  m_vertexTransformMat 0.463491 -0.602569 0.649681 0.000000 0.399804 0.796528 0.453542 0.000000 -0.790780 0.049532 0.610093 0.000000 -5.618426 -11.272343 -4.773046 1.000000
aniFrame
  m_time 0.337000
  m_vertexTransformMat 0.495436 -0.571121 0.654495 0.000000 0.437926 0.814930 0.379619 0.000000 -0.750176 0.098544 0.653854 0.000000 -5.082939 -11.117200 -3.795339 1.000000
aniFrame
  m_time 0.376000
  m_vertexTransformMat 0.526748 -0.533861 0.661460 0.000000 0.475365 0.830118 0.291431 0.000000 -0.704673 0.160924 0.691043 0.000000 -4.475395 -10.759322 -2.939137 1.000000
aniFrame
  m_time 0.415000
  m_vertexTransformMat 0.560232 -0.488824 0.668723 0.000000 0.504131 0.841788 0.192989 0.000000 -0.657261 0.229006 0.718028 0.000000 -3.726869 -10.197600 -2.236253 1.000000
aniFrame
  m_time 0.454000
  m_vertexTransformMat 0.594894 -0.437161 0.674531 0.000000 0.521299 0.848592 0.090216 0.000000 -0.611840 0.297962 0.732714 0.000000 -2.852592 -9.431376 -1.735146 1.000000
aniFrame
  m_time 0.493000
  m_vertexTransformMat 0.631410 -0.379058 0.676489 0.000000 0.523583 0.851899 -0.011347 0.000000 -0.571999 0.361362 0.736366 0.000000 -1.872512 -8.480945 -1.454140 1.000000
aniFrame
  m_time 0.532000
  m_vertexTransformMat 0.668845 -0.315608 0.673081 0.000000 0.509292 0.854090 -0.105603 0.000000 -0.541542 0.413427 0.731991 0.000000 -0.836710 -7.377917 -1.382027 1.000000
aniFrame
  m_time 0.571000
  m_vertexTransformMat 0.719772 -0.219016 0.658757 0.000000 0.459157 0.861914 -0.215127 0.000000 -0.520676 0.457315 0.720944 0.000000 0.616729 -5.599191 -1.641082 1.000000
aniFrame
  m_time 0.610000
  m_vertexTransformMat 0.778233 -0.082292 0.622560 0.000000 0.368577 0.862513 -0.346730 0.000000 -0.508433 0.499298 0.701568 0.000000 2.362140 -2.935259 -2.435872 1.000000
aniFrame
  m_time 0.649000
  m_vertexTransformMat 0.820996 0.055403 0.568240 0.000000 0.267196 0.842275 -0.468167 0.000000 -0.504552 0.536195 0.676700 0.000000 3.714370 -0.062113 -3.582875 1.000000
aniFrame
  m_time 0.688000
  m_vertexTransformMat 0.840097 0.157580 0.519043 0.000000 0.188935 0.811949 -0.552306 0.000000 -0.508469 0.562056 0.652343 0.000000 4.356345 2.313620 -4.560750 1.000000
aniFrame
  m_time 0.727000
  m_vertexTransformMat 0.840062 0.194155 0.506558 0.000000 0.164391 0.798750 -0.578769 0.000000 -0.516984 0.569475 0.639082 0.000000 4.404257 3.571053 -4.812349 1.000000
aniFrame
  m_time 0.766000
  m_vertexTransformMat 0.823538 0.164013 0.543033 0.000000 0.202275 0.809455 -0.551242 0.000000 -0.529972 0.563811 0.633442 0.000000 4.013958 3.711904 -4.214305 1.000000
aniFrame
  m_time 0.805000
  m_vertexTransformMat 0.791093 0.099851 0.603492 0.000000 0.272697 0.825555 -0.494060 0.000000 -0.547548 0.555417 0.625862 0.000000 3.325449 3.339788 -3.252115 1.000000
aniFrame
  m_time 0.844000
  m_vertexTransformMat 0.738708 0.009088 0.673964 0.000000 0.363622 0.836550 -0.409833 0.000000 -0.567529 0.547815 0.614662 0.000000 2.317848 2.627630 -2.196301 1.000000
aniFrame
  m_time 0.883000
  m_vertexTransformMat 0.664678 -0.099136 0.740524 0.000000 0.462288 0.833212 -0.303395 0.000000 -0.586935 0.543995 0.599647 0.000000 1.010029 1.706866 -1.298428 1.000000
aniFrame
  m_time 0.922000
  m_vertexTransformMat 0.570579 -0.214029 0.792863 0.000000 0.556131 0.811087 -0.181267 0.000000 -0.604284 0.544363 0.581817 0.000000 -0.557953 0.712505 -0.759594 1.000000
aniFrame
  m_time 0.961000
  m_vertexTransformMat 0.463416 -0.324292 0.824670 0.000000 0.633905 0.771608 -0.052792 0.000000 -0.619202 0.547226 0.563146 0.000000 -2.316245 -0.236569 -0.670163 1.000000
aniFrame
  m_time 1.000000
  m_vertexTransformMat 0.354104 -0.420348 0.835415 0.000000 0.687765 0.722360 0.071943 0.000000 -0.633711 0.549094 0.544891 0.000000 -4.134765 -1.065943 -0.986402 1.000000
aniFrame
  m_time 1.039000
  m_vertexTransformMat 0.257379 -0.496563 0.828964 0.000000 0.714350 0.675483 0.182832 0.000000 -0.650739 0.545113 0.528574 0.000000 -5.820918 -1.777762 -1.584939 1.000000
aniFrame
  m_time 1.078000
  m_vertexTransformMat 0.188817 -0.553243 0.811339 0.000000 0.710100 0.647607 0.276340 0.000000 -0.678312 0.523953 0.515137 0.000000 -7.246943 -2.556850 -2.364018 1.000000
aniFrame
  m_time 1.117000
  m_vertexTransformMat 0.165280 -0.601608 0.781505 0.000000 0.655912 0.658811 0.368439 0.000000 -0.736520 0.451702 0.503490 0.000000 -8.433208 -4.046321 -3.551041 1.000000
aniFrame
  m_time 1.156000
  m_vertexTransformMat 0.190271 -0.642826 0.742005 0.000000 0.559177 0.692191 0.456282 0.000000 -0.806919 0.328095 0.491157 0.000000 -9.025647 -6.218524 -5.042208 1.000000
aniFrame
  m_time 1.195000
  m_vertexTransformMat 0.251478 -0.667100 0.701239 0.000000 0.452404 0.721522 0.524154 0.000000 -0.855622 0.185430 0.483245 0.000000 -8.690174 -8.460347 -6.333526 1.000000
aniFrame
  m_time 1.234000
  m_vertexTransformMat 0.323847 -0.669754 0.668246 0.000000 0.371219 0.739620 0.561389 0.000000 -0.870241 0.066262 0.488150 0.000000 -7.724811 -10.172913 -6.998025 1.000000
aniFrame
  m_time 1.273000
  m_vertexTransformMat 0.378546 -0.656517 0.652448 0.000000 0.344177 0.754202 0.559215 0.000000 -0.859212 0.012869 0.511458 0.000000 -6.880736 -10.965633 -6.838181 1.000000
aniFrame
  m_time 1.312000
  m_vertexTransformMat 0.416697 -0.636648 0.648878 0.000000 0.358180 0.771044 0.526496 0.000000 -0.835507 0.013026 0.549326 0.000000 -6.317569 -11.196191 -6.090924 1.000000
aniFrame
  m_time 1.351000
  m_vertexTransformMat 0.451939 -0.612293 0.648728 0.000000 0.387407 0.789792 0.475547 0.000000 -0.803534 0.036403 0.594144 0.000000 -5.798605 -11.282206 -5.129420 1.000000
aniFrame
  m_time 1.390000
  m_vertexTransformMat 0.484887 -0.582403 0.652451 0.000000 0.424132 0.809013 0.406951 0.000000 -0.764850 0.079400 0.639296 0.000000 -5.268844 -11.191713 -4.124002 1.000000
aniFrame
  m_time 1.429000
  m_vertexTransformMat 0.516571 -0.546838 0.658880 0.000000 0.462033 0.825876 0.323196 0.000000 -0.720889 0.137471 0.679281 0.000000 -4.685349 -10.904977 -3.219292 1.000000
aniFrame
  m_time 1.468000
  m_vertexTransformMat 0.548800 -0.505075 0.666122 0.000000 0.494956 0.838477 0.227979 0.000000 -0.673674 0.204587 0.710146 0.000000 -3.992970 -10.415865 -2.458691 1.000000
aniFrame
  m_time 1.507000
  m_vertexTransformMat 0.582984 -0.455910 0.672515 0.000000 0.516787 0.846783 0.126061 0.000000 -0.626947 0.274055 0.729268 0.000000 -3.160160 -9.720174 -1.883659 1.000000
aniFrame
  m_time 1.546000
  m_vertexTransformMat 0.618822 -0.400018 0.676051 0.000000 0.524540 0.851064 0.023437 0.000000 -0.584737 0.340112 0.736483 0.000000 -2.214194 -8.831224 -1.525555 1.000000
aniFrame
  m_time 1.585000
  m_vertexTransformMat 0.654963 -0.339641 0.675031 0.000000 0.517047 0.852877 -0.072552 0.000000 -0.551077 0.396541 0.734214 0.000000 -1.223508 -7.800906 -1.380367 1.000000
aniFrame
  m_time 1.624000
  m_vertexTransformMat 0.700441 -0.257965 0.665460 0.000000 0.481531 0.859014 -0.173847 0.000000 -0.526793 0.442210 0.725907 0.000000 0.058616 -6.329860 -1.500975 1.000000
aniFrame
  m_time 1.663000
  m_vertexTransformMat 0.759028 -0.131899 0.637557 0.000000 0.402708 0.864572 -0.300570 0.000000 -0.511569 0.484890 0.709351 0.000000 1.776957 -3.922743 -2.106345 1.000000
aniFrame
  m_time 1.702000
  m_vertexTransformMat 0.808454 0.009491 0.588483 0.000000 0.301842 0.851682 -0.428404 0.000000 -0.505266 0.523973 0.685681 0.000000 3.318918 -1.048691 -3.170993 1.000000
aniFrame
  m_time 1.741000
  m_vertexTransformMat 0.835779 0.127754 0.533997 0.000000 0.211516 0.822581 -0.527847 0.000000 -0.506690 0.554112 0.660473 0.000000 4.210075 1.570986 -4.272326 1.000000
aniFrame
  m_time 1.780000
  m_vertexTransformMat 0.842403 0.190550 0.504032 0.000000 0.163823 0.800543 -0.576448 0.000000 -0.513342 0.568173 0.643163 0.000000 4.445926 3.280298 -4.838207 1.000000
aniFrame
  m_time 1.819000
  m_vertexTransformMat 0.832178 0.180536 0.524295 0.000000 0.181715 0.804516 -0.565450 0.000000 -0.523888 0.565828 0.636695 0.000000 4.208137 3.744322 -4.506015 1.000000
aniFrame
  m_time 1.858000
  m_vertexTransformMat 0.808095 0.131851 0.574106 0.000000 0.234273 0.822291 -0.518607 0.000000 -0.540461 0.553582 0.633600 0.000000 3.675937 3.479096 -3.653206 1.000000
aniFrame
  m_time 1.897000
  m_vertexTransformMat 0.770500 0.058682 0.634733 0.000000 0.304193 0.841209 -0.447029 0.000000 -0.560176 0.537517 0.630301 0.000000 2.897415 2.816185 -2.648777 1.000000
aniFrame
  m_time 1.936000
  m_vertexTransformMat 0.715221 -0.035165 0.698013 0.000000 0.385769 0.852673 -0.352322 0.000000 -0.582788 0.521260 0.623415 0.000000 1.827891 1.859432 -1.699434 1.000000
aniFrame
  m_time 1.975000
  m_vertexTransformMat 0.640603 -0.142905 0.754458 0.000000 0.471120 0.849014 -0.239209 0.000000 -0.606361 0.508678 0.611206 0.000000 0.465160 0.747107 -1.017987 1.000000
aniFrame
  m_time 2.014000
  m_vertexTransformMat 0.547531 -0.255795 0.796730 0.000000 0.552343 0.825719 -0.114480 0.000000 -0.628592 0.502750 0.593393 0.000000 -1.195051 -0.360666 -0.759381 1.000000
aniFrame
  m_time 2.053000
  m_vertexTransformMat 0.439863 -0.364224 0.820891 0.000000 0.622631 0.782400 0.013518 0.000000 -0.647188 0.505166 0.570925 0.000000 -3.069816 -1.305946 -0.925475 1.000000
aniFrame
  m_time 2.092000
  m_vertexTransformMat 0.324275 -0.459350 0.826948 0.000000 0.677313 0.723012 0.136018 0.000000 -0.660373 0.515996 0.545578 0.000000 -4.993085 -1.963582 -1.415894 1.000000
aniFrame
  m_time 2.131000
  m_vertexTransformMat 0.210793 -0.534769 0.818284 0.000000 0.714836 0.655301 0.244111 0.000000 -0.666765 0.533482 0.520405 0.000000 -6.753034 -2.273101 -2.059302 1.000000
aniFrame
  m_time 2.133000
  m_vertexTransformMat 0.204974 -0.537850 0.817743 0.000000 0.716412 0.651705 0.249068 0.000000 -0.666888 0.534788 0.518905 0.000000 -6.839197 -2.270534 -2.094556 1.000000
