m_aniFrameList.size 202
aniFrame
  m_time -1.066000
  m_vertexTransformMat -0.415022 0.451629 -0.789803 0.000000 0.771150 0.635270 -0.041957 0.000000 0.482789 -0.626469 -0.611924 0.000000 -9.332949 7.938828 -53.617863 1.000000
aniFrame
  m_time -1.050000
  m_vertexTransformMat -0.417500 0.457908 -0.784866 0.000000 0.747387 0.664314 -0.009988 0.000000 0.516824 -0.590768 -0.619586 0.000000 -9.150086 8.513738 -53.775112 1.000000
aniFrame
  m_time -1.034000
  m_vertexTransformMat -0.420792 0.463768 -0.779650 0.000000 0.721069 0.692490 0.022747 0.000000 0.550449 -0.552609 -0.625803 0.000000 -8.992163 9.110849 -53.911716 1.000000
aniFrame
  m_time -1.018000
  m_vertexTransformMat -0.424051 0.471401 -0.773280 0.000000 0.690880 0.720448 0.060329 0.000000 0.585547 -0.508662 -0.631188 0.000000 -8.803526 9.849589 -54.025852 1.000000
aniFrame
  m_time -1.002000
  m_vertexTransformMat -0.428226 0.479374 -0.766043 0.000000 0.657539 0.746787 0.099753 0.000000 0.619890 -0.460987 -0.635002 0.000000 -8.640899 10.654098 -54.098583 1.000000
aniFrame
  m_time -0.986000
  m_vertexTransformMat -0.433846 0.487117 -0.757954 0.000000 0.622371 0.770314 0.138821 0.000000 0.651484 -0.411502 -0.637365 0.000000 -8.539287 11.477061 -54.111610 1.000000
aniFrame
  m_time -0.970000
  m_vertexTransformMat -0.440995 0.494347 -0.749097 0.000000 0.585836 0.790860 0.177024 0.000000 0.679941 -0.360781 -0.638371 0.000000 -8.506524 12.301247 -54.064011 1.000000
aniFrame
  m_time -0.954000
  m_vertexTransformMat -0.449949 0.500117 -0.739885 0.000000 0.549909 0.807949 0.211706 0.000000 0.703667 -0.311612 -0.638554 0.000000 -8.561747 13.054967 -53.948853 1.000000
aniFrame
  m_time -0.938000
  m_vertexTransformMat -0.460497 0.504560 -0.730316 0.000000 0.515242 0.821891 0.242943 0.000000 0.722819 -0.264415 -0.638449 0.000000 -8.702343 13.735773 -53.775352 1.000000
aniFrame
  m_time -0.922000
  m_vertexTransformMat -0.472648 0.506575 -0.721101 0.000000 0.484108 0.832997 0.267871 0.000000 0.736372 -0.222482 -0.638951 0.000000 -8.953555 14.258709 -53.562134 1.000000
aniFrame
  m_time -0.906000
  m_vertexTransformMat -0.486032 0.506594 -0.712135 0.000000 0.457108 0.841866 0.286906 0.000000 0.744866 -0.186077 -0.640742 0.000000 -9.298775 14.632894 -53.318272 1.000000
aniFrame
  m_time -0.890000
  m_vertexTransformMat -0.500534 0.503376 -0.704329 0.000000 0.436763 0.849280 0.296583 0.000000 0.747465 -0.159174 -0.644950 0.000000 -9.776203 14.757945 -53.098011 1.000000
aniFrame
  m_time -0.874000
  m_vertexTransformMat -0.515769 0.497525 -0.697461 0.000000 0.423175 0.855801 0.297539 0.000000 0.744920 -0.141687 -0.651935 0.000000 -10.360917 14.653911 -52.897434 1.000000
aniFrame
  m_time -0.858000
  m_vertexTransformMat -0.531293 0.489838 -0.691222 0.000000 0.415422 0.861708 0.291350 0.000000 0.738345 -0.132357 -0.661309 0.000000 -11.028956 14.355737 -52.714706 1.000000
aniFrame
  m_time -0.842000
  m_vertexTransformMat -0.547005 0.480491 -0.685504 0.000000 0.413629 0.867063 0.277692 0.000000 0.727803 -0.131646 -0.673032 0.000000 -11.777970 13.863665 -52.543179 1.000000
aniFrame
  m_time -0.826000
  m_vertexTransformMat -0.562468 0.470823 -0.679674 0.000000 0.414583 0.871827 0.260841 0.000000 0.715368 -0.135066 -0.685570 0.000000 -12.554619 13.277884 -52.362709 1.000000
aniFrame
  m_time -0.810000
  m_vertexTransformMat -0.577821 0.461078 -0.673447 0.000000 0.418339 0.875819 0.240696 0.000000 0.700797 -0.142650 -0.698954 0.000000 -13.372302 12.607101 -52.162308 1.000000
aniFrame
  m_time -0.794000
  m_vertexTransformMat -0.592722 0.450798 -0.667430 0.000000 0.423750 0.879264 0.217557 0.000000 0.684921 -0.153873 -0.712185 0.000000 -14.192673 11.846286 -51.965103 1.000000
aniFrame
  m_time -0.778000
  m_vertexTransformMat -0.607724 0.440253 -0.660945 0.000000 0.431291 0.881806 0.190805 0.000000 0.666828 -0.169103 -0.725772 0.000000 -15.059879 11.002769 -51.752804 1.000000
aniFrame
  m_time -0.762000
  m_vertexTransformMat -0.621944 0.428975 -0.655108 0.000000 0.439197 0.883717 0.161709 0.000000 0.648299 -0.187148 -0.738027 0.000000 -15.895864 10.079665 -51.558422 1.000000
aniFrame
  m_time -0.746000
  m_vertexTransformMat -0.636581 0.416928 -0.648796 0.000000 0.447807 0.884749 0.129179 0.000000 0.627880 -0.208303 -0.749918 0.000000 -16.782293 9.076296 -51.356968 1.000000
aniFrame
  m_time -0.730000
  m_vertexTransformMat -0.650200 0.405168 -0.642712 0.000000 0.457249 0.884264 0.094867 0.000000 0.606764 -0.232197 -0.760212 0.000000 -17.637924 8.039526 -51.162106 1.000000
aniFrame
  m_time -0.714000
  m_vertexTransformMat -0.664119 0.391428 -0.636970 0.000000 0.465092 0.883365 0.057927 0.000000 0.585352 -0.257779 -0.768710 0.000000 -18.494743 6.906333 -50.975929 1.000000
aniFrame
  m_time -0.698000
  m_vertexTransformMat -0.677820 0.378475 -0.630331 0.000000 0.473746 0.880452 0.019220 0.000000 0.562250 -0.285589 -0.776089 0.000000 -19.376154 5.771945 -50.759010 1.000000
aniFrame
  m_time -0.682000
  m_vertexTransformMat -0.690636 0.364276 -0.624760 0.000000 0.480961 0.876499 -0.020619 0.000000 0.540090 -0.314726 -0.780545 0.000000 -20.185820 4.582385 -50.552521 1.000000
aniFrame
  m_time -0.666000
  m_vertexTransformMat -0.704890 0.348195 -0.617973 0.000000 0.485394 0.872073 -0.062297 0.000000 0.517226 -0.343873 -0.783727 0.000000 -21.049231 3.331534 -50.295815 1.000000
aniFrame
  m_time -0.650000
  m_vertexTransformMat -0.718074 0.332047 -0.611649 0.000000 0.489009 0.866065 -0.103932 0.000000 0.495217 -0.373733 -0.784273 0.000000 -21.850235 2.081800 -50.034485 1.000000
aniFrame
  m_time -0.634000
  m_vertexTransformMat -0.731373 0.314363 -0.605202 0.000000 0.490364 0.859146 -0.146324 0.000000 0.473959 -0.403787 -0.782509 0.000000 -22.616476 0.795650 -49.745258 1.000000
aniFrame
  m_time -0.618000
  m_vertexTransformMat -0.744842 0.296132 -0.597927 0.000000 0.489587 0.851399 -0.188215 0.000000 0.453338 -0.432928 -0.779140 0.000000 -23.370935 -0.481816 -49.417885 1.000000
aniFrame
  m_time -0.602000
  m_vertexTransformMat -0.757615 0.276530 -0.591228 0.000000 0.486831 0.842764 -0.229660 0.000000 0.434758 -0.461823 -0.773114 0.000000 -24.050430 -1.775306 -49.083412 1.000000
aniFrame
  m_time -0.586000
  m_vertexTransformMat -0.771078 0.256041 -0.582994 0.000000 0.481269 0.833850 -0.270322 0.000000 0.416916 -0.489017 -0.766188 0.000000 -24.724373 -3.052680 -48.690441 1.000000
aniFrame
  m_time -0.570000
  m_vertexTransformMat -0.783574 0.234478 -0.575354 0.000000 0.473817 0.824531 -0.309265 0.000000 0.401882 -0.514944 -0.757181 0.000000 -25.312130 -4.319949 -48.301502 1.000000
aniFrame
  m_time -0.554000
  m_vertexTransformMat -0.795894 0.212497 -0.566919 0.000000 0.464245 0.815256 -0.346170 0.000000 0.388624 -0.538704 -0.747509 0.000000 -25.853565 -5.537755 -47.875271 1.000000
aniFrame
  m_time -0.538000
  m_vertexTransformMat -0.808147 0.189238 -0.557753 0.000000 0.451952 0.806481 -0.381220 0.000000 0.377675 -0.560159 -0.737281 0.000000 -26.340172 -6.737942 -47.429333 1.000000
aniFrame
  m_time -0.522000
  m_vertexTransformMat -0.822337 0.158519 -0.546474 0.000000 0.432659 0.797962 -0.419599 0.000000 0.369551 -0.581488 -0.724778 0.000000 -26.801123 -8.131230 -46.902859 1.000000
aniFrame
  m_time -0.506000
  m_vertexTransformMat -0.837711 0.121810 -0.532356 0.000000 0.406956 0.789296 -0.459781 0.000000 0.364181 -0.601809 -0.710773 0.000000 -27.217970 -9.664373 -46.289043 1.000000
aniFrame
  m_time -0.490000
  m_vertexTransformMat -0.854080 0.076519 -0.514483 0.000000 0.373533 0.778561 -0.504298 0.000000 0.361968 -0.622887 -0.693536 0.000000 -27.577990 -11.438476 -45.534969 1.000000
aniFrame
  m_time -0.474000
  m_vertexTransformMat -0.870740 0.024031 -0.491157 0.000000 0.332412 0.764798 -0.551893 0.000000 0.362373 -0.643822 -0.673928 0.000000 -27.874210 -13.398549 -44.602802 1.000000
aniFrame
  m_time -0.458000
  m_vertexTransformMat -0.884690 -0.029875 -0.465221 0.000000 0.289289 0.747370 -0.598122 0.000000 0.365561 -0.663736 -0.652549 0.000000 -28.041370 -15.349765 -43.568211 1.000000
aniFrame
  m_time -0.442000
  m_vertexTransformMat -0.896620 -0.085041 -0.434558 0.000000 0.242833 0.726216 -0.643152 0.000000 0.370277 -0.682188 -0.630488 0.000000 -28.133278 -17.286743 -42.378693 1.000000
aniFrame
  m_time -0.426000
  m_vertexTransformMat -0.904160 -0.135871 -0.405010 0.000000 0.200239 0.702676 -0.682753 0.000000 0.377358 -0.698417 -0.608125 0.000000 -28.071335 -19.017384 -41.209335 1.000000
aniFrame
  m_time -0.410000
  m_vertexTransformMat -0.909464 -0.183066 -0.373312 0.000000 0.158555 0.677307 -0.718412 0.000000 0.384364 -0.712560 -0.586961 0.000000 -28.000153 -20.576822 -39.959141 1.000000
aniFrame
  m_time -0.394000
  m_vertexTransformMat -0.911116 -0.222809 -0.346734 0.000000 0.124281 0.653597 -0.746569 0.000000 0.392967 -0.723303 -0.567812 0.000000 -27.807098 -21.822968 -38.884682 1.000000
aniFrame
  m_time -0.378000
  m_vertexTransformMat -0.911001 -0.254087 -0.324833 0.000000 0.097867 0.631961 -0.768796 0.000000 0.400623 -0.732165 -0.550850 0.000000 -27.617050 -22.747200 -37.957615 1.000000
aniFrame
  m_time -0.362000
  m_vertexTransformMat -0.910194 -0.276340 -0.308519 0.000000 0.078002 0.617190 -0.782938 0.000000 0.406772 -0.736691 -0.540207 0.000000 -27.473381 -23.301834 -37.277451 1.000000
aniFrame
  m_time -0.346000
  m_vertexTransformMat -0.907819 -0.286311 -0.306417 0.000000 0.073710 0.610358 -0.788689 0.000000 0.412834 -0.738573 -0.532990 0.000000 -27.261562 -23.403337 -37.093781 1.000000
aniFrame
  m_time -0.330000
  m_vertexTransformMat -0.906294 -0.285150 -0.311962 0.000000 0.079184 0.610487 -0.788058 0.000000 0.415164 -0.738915 -0.530702 0.000000 -27.169374 -23.101917 -37.209930 1.000000
aniFrame
  m_time -0.314000
  m_vertexTransformMat -0.903569 -0.274596 -0.328878 0.000000 0.095997 0.618340 -0.780026 0.000000 0.417551 -0.736379 -0.532352 0.000000 -27.027946 -22.438040 -37.734261 1.000000
aniFrame
  m_time -0.298000
  m_vertexTransformMat -0.899471 -0.258397 -0.352397 0.000000 0.120514 0.628476 -0.768437 0.000000 0.420035 -0.733655 -0.534156 0.000000 -26.827997 -21.597252 -38.459019 1.000000
aniFrame
  m_time -0.282000
  m_vertexTransformMat -0.894426 -0.237255 -0.379095 0.000000 0.149247 0.640725 -0.753125 0.000000 0.421578 -0.730193 -0.537672 0.000000 -26.613564 -20.564934 -39.306187 1.000000
aniFrame
  m_time -0.266000
  m_vertexTransformMat -0.887041 -0.211381 -0.410459 0.000000 0.183658 0.654113 -0.733762 0.000000 0.423590 -0.726261 -0.541403 0.000000 -26.297104 -19.363407 -40.301403 1.000000
aniFrame
  m_time -0.250000
  m_vertexTransformMat -0.877764 -0.180933 -0.443616 0.000000 0.221655 0.667521 -0.710834 0.000000 0.424736 -0.722274 -0.545821 0.000000 -25.937946 -18.004618 -41.361164 1.000000
aniFrame
  m_time -0.234000
  m_vertexTransformMat -0.865310 -0.145884 -0.479539 0.000000 0.263779 0.680979 -0.683146 0.000000 0.426216 -0.717625 -0.550777 0.000000 -25.454153 -16.472460 -42.518757 1.000000
aniFrame
  m_time -0.218000
  m_vertexTransformMat -0.849730 -0.107280 -0.516188 0.000000 0.308493 0.692799 -0.651815 0.000000 0.427541 -0.713107 -0.555597 0.000000 -24.863951 -14.828002 -43.699028 1.000000
aniFrame
  m_time -0.202000
  m_vertexTransformMat -0.830976 -0.065074 -0.552490 0.000000 0.354869 0.702828 -0.616523 0.000000 0.428425 -0.708377 -0.560940 0.000000 -24.174681 -13.060994 -44.880791 1.000000
aniFrame
  m_time -0.186000
  m_vertexTransformMat -0.808416 -0.020464 -0.588256 0.000000 0.402358 0.710231 -0.577651 0.000000 0.429619 -0.703671 -0.565928 0.000000 -23.342363 -11.221018 -46.049225 1.000000
aniFrame
  m_time -0.170000
  m_vertexTransformMat -0.782418 0.026383 -0.622194 0.000000 0.449929 0.714715 -0.535487 0.000000 0.430564 -0.698918 -0.571077 0.000000 -22.400984 -9.311198 -47.173111 1.000000
aniFrame
  m_time -0.154000
  m_vertexTransformMat -0.753039 0.074307 -0.653767 0.000000 0.496484 0.716200 -0.490471 0.000000 0.431782 -0.693929 -0.576219 0.000000 -21.341831 -7.375336 -48.239620 1.000000
aniFrame
  m_time -0.138000
  m_vertexTransformMat -0.720379 0.122615 -0.682658 0.000000 0.541683 0.714164 -0.443340 0.000000 0.433169 -0.689156 -0.580887 0.000000 -20.179352 -5.436514 -49.233273 1.000000
aniFrame
  m_time -0.122000
  m_vertexTransformMat -0.685462 0.170695 -0.707818 0.000000 0.583975 0.709507 -0.394429 0.000000 0.434874 -0.683714 -0.586021 0.000000 -18.944796 -3.515624 -50.127934 1.000000
aniFrame
  m_time -0.106000
  m_vertexTransformMat -0.648249 0.217267 -0.729773 0.000000 0.623456 0.701669 -0.344909 0.000000 0.437122 -0.678569 -0.590313 0.000000 -17.640217 -1.657361 -50.927464 1.000000
aniFrame
  m_time -0.090000
  m_vertexTransformMat -0.609643 0.262086 -0.748095 0.000000 0.659032 0.692005 -0.294628 0.000000 0.440468 -0.672637 -0.594599 0.000000 -16.287003 0.131751 -51.621899 1.000000
aniFrame
  m_time -0.074000
  m_vertexTransformMat -0.571148 0.304214 -0.762394 0.000000 0.690268 0.680622 -0.245530 0.000000 0.444209 -0.666489 -0.598725 0.000000 -14.939978 1.820229 -52.195450 1.000000
aniFrame
  m_time -0.058000
  m_vertexTransformMat -0.532520 0.342877 -0.773860 0.000000 0.716933 0.668712 -0.197058 0.000000 0.449922 -0.659743 -0.601922 0.000000 -13.580459 3.381702 -52.676556 1.000000
aniFrame
  m_time -0.042000
  m_vertexTransformMat -0.496143 0.378449 -0.781421 0.000000 0.738618 0.657052 -0.150751 0.000000 0.456383 -0.651966 -0.605521 0.000000 -12.293006 4.832701 -53.042587 1.000000
aniFrame
  m_time -0.026000
  m_vertexTransformMat -0.462544 0.408995 -0.786623 0.000000 0.755202 0.646550 -0.107902 0.000000 0.464460 -0.643969 -0.607932 0.000000 -11.089119 6.102477 -53.320118 1.000000
aniFrame
  m_time -0.010000
  m_vertexTransformMat -0.432285 0.436091 -0.789276 0.000000 0.767294 0.637691 -0.067908 0.000000 0.473699 -0.634961 -0.610274 0.000000 -9.991547 7.246359 -53.512466 1.000000
aniFrame
  m_time 0.005000
  m_vertexTransformMat -0.407426 0.458547 -0.789772 0.000000 0.771535 0.635525 -0.029028 0.000000 0.488608 -0.621163 -0.612715 0.000000 -9.027978 8.264139 -53.668098 1.000000
aniFrame
  m_time 0.021000
  m_vertexTransformMat -0.388674 0.477096 -0.788234 0.000000 0.767435 0.641055 0.009594 0.000000 0.509878 -0.601189 -0.615302 0.000000 -8.218512 9.192093 -53.795933 1.000000
aniFrame
  m_time 0.037000
  m_vertexTransformMat -0.376421 0.492616 -0.784625 0.000000 0.754541 0.654429 0.048886 0.000000 0.537564 -0.573630 -0.618040 0.000000 -7.569453 10.077457 -53.901463 1.000000
aniFrame
  m_time 0.053000
  m_vertexTransformMat -0.371507 0.505186 -0.778954 0.000000 0.731082 0.676333 0.089957 0.000000 0.572277 -0.536060 -0.620595 0.000000 -7.105018 10.948574 -53.991295 1.000000
aniFrame
  m_time 0.069000
  m_vertexTransformMat -0.373086 0.514991 -0.771745 0.000000 0.700346 0.701900 0.129813 0.000000 0.608541 -0.492057 -0.622541 0.000000 -6.838767 11.779582 -54.037205 1.000000
aniFrame
  m_time 0.085000
  m_vertexTransformMat -0.381256 0.521983 -0.763007 0.000000 0.662681 0.729785 0.168130 0.000000 0.644591 -0.441529 -0.624143 0.000000 -6.789665 12.571345 -54.035751 1.000000
aniFrame
  m_time 0.101000
  m_vertexTransformMat -0.394746 0.525938 -0.753370 0.000000 0.620962 0.757059 0.203146 0.000000 0.677188 -0.387623 -0.625433 0.000000 -6.939680 13.284290 -53.978062 1.000000
aniFrame
  m_time 0.117000
  m_vertexTransformMat -0.413025 0.526874 -0.742842 0.000000 0.576902 0.782505 0.234244 0.000000 0.704695 -0.331798 -0.627149 0.000000 -7.277359 13.903766 -53.857018 1.000000
aniFrame
  m_time 0.133000
  m_vertexTransformMat -0.434385 0.524746 -0.732088 0.000000 0.533471 0.804767 0.260305 0.000000 0.725754 -0.277475 -0.629516 0.000000 -7.774683 14.389288 -53.688061 1.000000
aniFrame
  m_time 0.149000
  m_vertexTransformMat -0.457486 0.519911 -0.721387 0.000000 0.493430 0.823328 0.280460 0.000000 0.739752 -0.227648 -0.633201 0.000000 -8.394207 14.718340 -53.473129 1.000000
aniFrame
  m_time 0.165000
  m_vertexTransformMat -0.480741 0.512854 -0.711245 0.000000 0.459257 0.838238 0.294007 0.000000 0.746975 -0.185303 -0.638507 0.000000 -9.098136 14.870687 -53.241219 1.000000
aniFrame
  m_time 0.181000
  m_vertexTransformMat -0.501577 0.504501 -0.702781 0.000000 0.435411 0.849182 0.298843 0.000000 0.747556 -0.156105 -0.645595 0.000000 -9.823296 14.812525 -53.032265 1.000000
aniFrame
  m_time 0.197000
  m_vertexTransformMat -0.520519 0.495455 -0.695403 0.000000 0.420305 0.857603 0.296414 0.000000 0.743239 -0.137992 -0.654641 0.000000 -10.561984 14.581438 -52.836124 1.000000
aniFrame
  m_time 0.213000
  m_vertexTransformMat -0.537189 0.486341 -0.689131 0.000000 0.413645 0.863932 0.287261 0.000000 0.735069 -0.130742 -0.665268 0.000000 -11.297091 14.194342 -52.657055 1.000000
aniFrame
  m_time 0.229000
  m_vertexTransformMat -0.552242 0.477196 -0.683603 0.000000 0.413688 0.868759 0.272251 0.000000 0.723803 -0.132450 -0.677175 0.000000 -12.036676 13.673168 -52.485233 1.000000
aniFrame
  m_time 0.245000
  m_vertexTransformMat -0.567629 0.467616 -0.677594 0.000000 0.415562 0.873232 0.254507 0.000000 0.710708 -0.137117 -0.689995 0.000000 -12.824887 13.065073 -52.296703 1.000000
aniFrame
  m_time 0.261000
  m_vertexTransformMat -0.582833 0.457718 -0.671417 0.000000 0.420002 0.877024 0.233296 0.000000 0.695633 -0.146024 -0.703401 0.000000 -13.645728 12.363073 -52.095688 1.000000
aniFrame
  m_time 0.277000
  m_vertexTransformMat -0.597751 0.447322 -0.665280 0.000000 0.426081 0.880211 0.209006 0.000000 0.679080 -0.158530 -0.716742 0.000000 -14.479425 11.574234 -51.895172 1.000000
aniFrame
  m_time 0.293000
  m_vertexTransformMat -0.612565 0.436609 -0.658890 0.000000 0.433979 0.882490 0.181309 0.000000 0.660625 -0.174881 -0.730062 0.000000 -15.344428 10.703786 -51.684387 1.000000
aniFrame
  m_time 0.309000
  m_vertexTransformMat -0.626788 0.424976 -0.653095 0.000000 0.441916 0.884213 0.151251 0.000000 0.641753 -0.193811 -0.742018 0.000000 -16.184792 9.752083 -51.493423 1.000000
aniFrame
  m_time 0.325000
  m_vertexTransformMat -0.641328 0.412979 -0.646643 0.000000 0.450947 0.884743 0.117801 0.000000 0.620762 -0.216052 -0.753642 0.000000 -17.078400 8.733067 -51.288662 1.000000
aniFrame
  m_time 0.341000
  m_vertexTransformMat -0.654676 0.400791 -0.640910 0.000000 0.459987 0.884041 0.082966 0.000000 0.599843 -0.240494 -0.763120 0.000000 -17.913948 7.672344 -51.103222 1.000000
aniFrame
  m_time 0.357000
  m_vertexTransformMat -0.668897 0.386840 -0.634770 0.000000 0.467773 0.882702 0.045012 0.000000 0.577725 -0.266820 -0.771390 0.000000 -18.795050 6.521273 -50.905201 1.000000
aniFrame
  m_time 0.373000
  m_vertexTransformMat -0.681970 0.374187 -0.628413 0.000000 0.476596 0.879101 0.006244 0.000000 0.554774 -0.295240 -0.777856 0.000000 -19.646376 5.391233 -50.690945 1.000000
aniFrame
  m_time 0.389000
  m_vertexTransformMat -0.695279 0.358892 -0.622725 0.000000 0.482589 0.875170 -0.034434 0.000000 0.532632 -0.324461 -0.781684 0.000000 -20.466597 4.163727 -50.474606 1.000000
aniFrame
  m_time 0.405000
  m_vertexTransformMat -0.709481 0.343013 -0.615614 0.000000 0.486773 0.870205 -0.076126 0.000000 0.509598 -0.353674 -0.784363 0.000000 -21.331270 2.921787 -50.204643 1.000000
aniFrame
  m_time 0.421000
  m_vertexTransformMat -0.722340 0.326272 -0.609731 0.000000 0.489766 0.863835 -0.117975 0.000000 0.488215 -0.383844 -0.783779 0.000000 -22.100573 1.654025 -49.946865 1.000000
aniFrame
  m_time 0.437000
  m_vertexTransformMat -0.736123 0.308363 -0.602525 0.000000 0.490223 0.856696 -0.160477 0.000000 0.466696 -0.413503 -0.781800 0.000000 -22.884230 0.370297 -49.630646 1.000000
aniFrame
  m_time 0.453000
  m_vertexTransformMat -0.749018 0.289778 -0.595820 0.000000 0.488981 0.848584 -0.201999 0.000000 0.447068 -0.442645 -0.777300 0.000000 -23.598436 -0.911439 -49.313000 1.000000
aniFrame
  m_time 0.469000
  m_vertexTransformMat -0.762228 0.269717 -0.588440 0.000000 0.485159 0.839840 -0.243496 0.000000 0.428520 -0.471087 -0.771005 0.000000 -24.284723 -2.205022 -48.951225 1.000000
aniFrame
  m_time 0.485000
  m_vertexTransformMat -0.775291 0.249045 -0.580432 0.000000 0.479048 0.830778 -0.283410 0.000000 0.411628 -0.497780 -0.763399 0.000000 -24.927692 -3.474610 -48.562920 1.000000
aniFrame
  m_time 0.501000
  m_vertexTransformMat -0.787801 0.226893 -0.572617 0.000000 0.470688 0.821406 -0.322095 0.000000 0.397270 -0.523271 -0.753900 0.000000 -25.499905 -4.742095 -48.160645 1.000000
aniFrame
  m_time 0.517000
  m_vertexTransformMat -0.799858 0.205292 -0.563988 0.000000 0.460707 0.812274 -0.357715 0.000000 0.384676 -0.545955 -0.744284 0.000000 -26.019985 -5.925570 -47.731480 1.000000
aniFrame
  m_time 0.533000
  m_vertexTransformMat -0.812668 0.179741 -0.554314 0.000000 0.446305 0.803604 -0.393742 0.000000 0.374678 -0.567374 -0.733283 0.000000 -26.496653 -7.184746 -47.263889 1.000000
aniFrame
  m_time 0.549000
  m_vertexTransformMat -0.827363 0.147045 -0.542078 0.000000 0.424822 0.795173 -0.432697 0.000000 0.367420 -0.588284 -0.720365 0.000000 -26.946447 -8.622569 -46.709103 1.000000
aniFrame
  m_time 0.565000
  m_vertexTransformMat -0.842994 0.107820 -0.527007 0.000000 0.396858 0.786021 -0.473999 0.000000 0.363132 -0.608725 -0.705400 0.000000 -27.342005 -10.223832 -46.058937 1.000000
aniFrame
  m_time 0.581000
  m_vertexTransformMat -0.859803 0.059483 -0.507149 0.000000 0.360353 0.774361 -0.520107 0.000000 0.361779 -0.629942 -0.687233 0.000000 -27.689323 -12.082858 -45.239365 1.000000
aniFrame
  m_time 0.597000
  m_vertexTransformMat -0.875671 0.006148 -0.482870 0.000000 0.318248 0.759408 -0.567466 0.000000 0.363206 -0.650585 -0.666949 0.000000 -27.940771 -14.051944 -44.271641 1.000000
aniFrame
  m_time 0.613000
  m_vertexTransformMat -0.889046 -0.048388 -0.455253 0.000000 0.273846 0.740686 -0.613509 0.000000 0.366885 -0.670107 -0.645254 0.000000 -28.086802 -16.006536 -43.180107 1.000000
aniFrame
  m_time 0.629000
  m_vertexTransformMat -0.899599 -0.102627 -0.424487 0.000000 0.228035 0.718580 -0.656996 0.000000 0.372453 -0.687831 -0.623031 0.000000 -28.125635 -17.891226 -41.984737 1.000000
aniFrame
  m_time 0.645000
  m_vertexTransformMat -0.906221 -0.152107 -0.394497 0.000000 0.186113 0.694281 -0.695224 0.000000 0.379640 -0.703447 -0.600862 0.000000 -28.052473 -19.560516 -40.793861 1.000000
aniFrame
  m_time 0.661000
  m_vertexTransformMat -0.910473 -0.197383 -0.363428 0.000000 0.145841 0.669072 -0.728748 0.000000 0.387002 -0.716508 -0.580385 0.000000 -27.953871 -21.034801 -39.567104 1.000000
aniFrame
  m_time 0.677000
  m_vertexTransformMat -0.911088 -0.234147 -0.339255 0.000000 0.114967 0.646016 -0.754616 0.000000 0.395855 -0.726525 -0.561659 0.000000 -27.730402 -22.166243 -38.567410 1.000000
aniFrame
  m_time 0.693000
  m_vertexTransformMat -0.910918 -0.262614 -0.318217 0.000000 0.090128 0.625989 -0.774606 0.000000 0.402623 -0.734283 -0.546556 0.000000 -27.575487 -22.978415 -37.682838 1.000000
aniFrame
  m_time 0.709000
  m_vertexTransformMat -0.909429 -0.281151 -0.306420 0.000000 0.074848 0.614143 -0.785637 0.000000 0.409068 -0.737417 -0.537476 0.000000 -27.399317 -23.387577 -37.168404 1.000000
aniFrame
  m_time 0.725000
  m_vertexTransformMat -0.907184 -0.286889 -0.307754 0.000000 0.074933 0.609604 -0.789157 0.000000 0.414009 -0.738971 -0.531525 0.000000 -27.214941 -23.340326 -37.107655 1.000000
aniFrame
  m_time 0.741000
  m_vertexTransformMat -0.905661 -0.282622 -0.316076 0.000000 0.083246 0.612427 -0.786132 0.000000 0.415751 -0.738281 -0.531124 0.000000 -27.139156 -22.916235 -37.335541 1.000000
aniFrame
  m_time 0.757000
  m_vertexTransformMat -0.902210 -0.269572 -0.336673 0.000000 0.103921 0.621734 -0.776304 0.000000 0.418591 -0.735377 -0.532920 0.000000 -26.955957 -22.167381 -37.975124 1.000000
aniFrame
  m_time 0.773000
  m_vertexTransformMat -0.898057 -0.252029 -0.360521 0.000000 0.129275 0.632182 -0.763960 0.000000 0.420455 -0.732686 -0.535154 0.000000 -26.769838 -21.281448 -38.714298 1.000000
aniFrame
  m_time 0.789000
  m_vertexTransformMat -0.892179 -0.229041 -0.389304 0.000000 0.160292 0.645249 -0.746968 0.000000 0.422284 -0.728832 -0.538964 0.000000 -26.514835 -20.176044 -39.631386 1.000000
aniFrame
  m_time 0.805000
  m_vertexTransformMat -0.884244 -0.201868 -0.421145 0.000000 0.195792 0.658454 -0.726708 0.000000 0.424004 -0.725043 -0.542710 0.000000 -26.187195 -18.936102 -40.640491 1.000000
aniFrame
  m_time 0.821000
  m_vertexTransformMat -0.873994 -0.169649 -0.455362 0.000000 0.235320 0.672112 -0.702061 0.000000 0.425158 -0.720753 -0.547500 0.000000 -25.792459 -17.507217 -41.739902 1.000000
aniFrame
  m_time 0.837000
  m_vertexTransformMat -0.860431 -0.133503 -0.491769 0.000000 0.278423 0.685105 -0.673136 0.000000 0.426779 -0.716106 -0.552315 0.000000 -25.264870 -15.941135 -42.911530 1.000000
aniFrame
  m_time 0.853000
  m_vertexTransformMat -0.843870 -0.093530 -0.528334 0.000000 0.323819 0.696360 -0.640488 0.000000 0.427815 -0.711573 -0.557350 0.000000 -24.648672 -14.249382 -44.093082 1.000000
aniFrame
  m_time 0.869000
  m_vertexTransformMat -0.823862 -0.050498 -0.564537 0.000000 0.370568 0.705669 -0.603914 0.000000 0.428872 -0.706741 -0.562660 0.000000 -23.909878 -12.456948 -45.274204 1.000000
aniFrame
  m_time 0.885000
  m_vertexTransformMat -0.800117 -0.005046 -0.599823 0.000000 0.418301 0.712013 -0.563970 0.000000 0.429928 -0.702149 -0.567582 0.000000 -23.040945 -10.590329 -46.429493 1.000000
aniFrame
  m_time 0.901000
  m_vertexTransformMat -0.773029 0.042289 -0.632960 0.000000 0.465506 0.715661 -0.520705 0.000000 0.430965 -0.697167 -0.572912 0.000000 -22.060911 -8.666951 -47.535591 1.000000
aniFrame
  m_time 0.917000
  m_vertexTransformMat -0.742471 0.090388 -0.663753 0.000000 0.511797 0.715839 -0.475014 0.000000 0.432204 -0.692391 -0.577750 0.000000 -20.964539 -6.728740 -48.580051 1.000000
aniFrame
  m_time 0.933000
  m_vertexTransformMat -0.708959 0.138725 -0.691472 0.000000 0.556101 0.712962 -0.427128 0.000000 0.433740 -0.687344 -0.582605 0.000000 -19.774223 -4.792175 -49.543484 1.000000
aniFrame
  m_time 0.949000
  m_vertexTransformMat -0.673321 0.186430 -0.715460 0.000000 0.597482 0.707191 -0.378016 0.000000 0.435494 -0.682001 -0.587555 0.000000 -18.518572 -2.887756 -50.404243 1.000000
aniFrame
  m_time 0.965000
  m_vertexTransformMat -0.635397 0.232375 -0.736392 0.000000 0.635810 0.698613 -0.328156 0.000000 0.438198 -0.676715 -0.591642 0.000000 -17.189613 -1.054414 -51.173309 1.000000
aniFrame
  m_time 0.981000
  m_vertexTransformMat -0.596833 0.276539 -0.753205 0.000000 0.669924 0.688374 -0.278106 0.000000 0.441579 -0.670573 -0.596104 0.000000 -15.838936 0.709749 -51.824440 1.000000
aniFrame
  m_time 0.997000
  m_vertexTransformMat -0.558227 0.317399 -0.766578 0.000000 0.699686 0.676635 -0.229357 0.000000 0.445896 -0.664396 -0.599796 0.000000 -14.486304 2.351534 -52.366627 1.000000
aniFrame
  m_time 1.013000
  m_vertexTransformMat -0.520063 0.355216 -0.776760 0.000000 0.724738 0.664763 -0.181234 0.000000 0.451985 -0.657200 -0.603157 0.000000 -13.140768 3.882570 -52.810776 1.000000
aniFrame
  m_time 1.029000
  m_vertexTransformMat -0.484666 0.389171 -0.783355 0.000000 0.744670 0.653405 -0.136120 0.000000 0.458874 -0.649314 -0.606487 0.000000 -11.883436 5.275848 -53.143742 1.000000
aniFrame
  m_time 1.045000
  m_vertexTransformMat -0.451982 0.418428 -0.787801 0.000000 0.759858 0.643211 -0.094319 0.000000 0.467256 -0.641248 -0.608665 0.000000 -10.709486 6.496647 -53.392063 1.000000
aniFrame
  m_time 1.061000
  m_vertexTransformMat -0.423310 0.444166 -0.789636 0.000000 0.769753 0.635975 -0.054918 0.000000 0.477796 -0.631072 -0.611113 0.000000 -9.654558 7.600207 -53.565735 1.000000
aniFrame
  m_time 1.077000
  m_vertexTransformMat -0.400491 0.465078 -0.789500 0.000000 0.771064 0.636553 -0.016160 0.000000 0.495042 -0.615226 -0.613539 0.000000 -8.740581 8.580207 -53.714188 1.000000
aniFrame
  m_time 1.093000
  m_vertexTransformMat -0.383831 0.482608 -0.787250 0.000000 0.764198 0.644588 0.022560 0.000000 0.518339 -0.592955 -0.616221 0.000000 -7.983941 9.490580 -53.832695 1.000000
aniFrame
  m_time 1.109000
  m_vertexTransformMat -0.373975 0.497123 -0.782951 0.000000 0.747828 0.660948 0.062460 0.000000 0.548540 -0.562154 -0.618940 0.000000 -7.392765 10.369629 -53.934361 1.000000
aniFrame
  m_time 1.125000
  m_vertexTransformMat -0.371381 0.508754 -0.776688 0.000000 0.721406 0.684725 0.103567 0.000000 0.584508 -0.521845 -0.621312 0.000000 -6.994321 11.232145 -54.012772 1.000000
aniFrame
  m_time 1.141000
  m_vertexTransformMat -0.375066 0.517652 -0.769000 0.000000 0.688608 0.710951 0.142720 0.000000 0.620600 -0.476010 -0.623112 0.000000 -6.797544 12.047794 -54.041832 1.000000
aniFrame
  m_time 1.157000
  m_vertexTransformMat -0.385287 0.523637 -0.759841 0.000000 0.648918 0.739174 0.180353 0.000000 0.656094 -0.423587 -0.624592 0.000000 -6.820078 12.821264 -54.023495 1.000000
aniFrame
  m_time 1.173000
  m_vertexTransformMat -0.400277 0.526595 -0.749984 0.000000 0.606611 0.765692 0.213868 0.000000 0.686878 -0.369343 -0.625927 0.000000 -7.030385 13.500405 -53.944344 1.000000
aniFrame
  m_time 1.189000
  m_vertexTransformMat -0.419984 0.526489 -0.739204 0.000000 0.562019 0.790423 0.243654 0.000000 0.712565 -0.313115 -0.627862 0.000000 -7.429116 14.084505 -53.804859 1.000000
aniFrame
  m_time 1.205000
  m_vertexTransformMat -0.441814 0.523426 -0.728578 0.000000 0.519877 0.811256 0.267568 0.000000 0.731115 -0.260555 -0.630541 0.000000 -7.966675 14.514104 -53.622391 1.000000
aniFrame
  m_time 1.221000
  m_vertexTransformMat -0.465426 0.517759 -0.717848 0.000000 0.481060 0.828772 0.285863 0.000000 0.742940 -0.212280 -0.634805 0.000000 -8.623876 14.792083 -53.394356 1.000000
aniFrame
  m_time 1.237000
  m_vertexTransformMat -0.487898 0.510188 -0.708283 0.000000 0.450212 0.842239 0.296552 0.000000 0.747841 -0.174190 -0.640619 0.000000 -9.337273 14.872819 -53.170353 1.000000
aniFrame
  m_time 1.253000
  m_vertexTransformMat -0.508102 0.501532 -0.700213 0.000000 0.429505 0.852220 0.298743 0.000000 0.746565 -0.148953 -0.648425 0.000000 -10.068833 14.752967 -52.965248 1.000000
aniFrame
  m_time 1.269000
  m_vertexTransformMat -0.526392 0.492389 -0.693157 0.000000 0.416943 0.859982 0.294263 0.000000 0.740994 -0.134109 -0.657985 0.000000 -10.808496 14.471058 -52.774368 1.000000
aniFrame
  m_time 1.285000
  m_vertexTransformMat -0.542267 0.483328 -0.687271 0.000000 0.413262 0.865623 0.282686 0.000000 0.731547 -0.130732 -0.669140 0.000000 -11.541229 14.032350 -52.600056 1.000000
aniFrame
  m_time 1.301000
  m_vertexTransformMat -0.557325 0.474022 -0.681683 0.000000 0.413997 0.870324 0.266726 0.000000 0.719719 -0.133562 -0.681297 0.000000 -12.291546 13.480487 -52.425549 1.000000
aniFrame
  m_time 1.317000
  m_vertexTransformMat -0.572754 0.464374 -0.675508 0.000000 0.416839 0.874558 0.247777 0.000000 0.705831 -0.139663 -0.694476 0.000000 -13.098284 12.841350 -52.229511 1.000000
aniFrame
  m_time 1.333000
  m_vertexTransformMat -0.587763 0.454275 -0.669455 0.000000 0.421756 0.878188 0.225625 0.000000 0.690403 -0.149732 -0.707760 0.000000 -13.916246 12.109252 -52.031143 1.000000
aniFrame
  m_time 1.349000
  m_vertexTransformMat -0.602771 0.443816 -0.663094 0.000000 0.428629 0.881052 0.200062 0.000000 0.673011 -0.163630 -0.721306 0.000000 -14.770212 11.293017 -51.823696 1.000000
aniFrame
  m_time 1.365000
  m_vertexTransformMat -0.617272 0.432860 -0.656969 0.000000 0.436611 0.883125 0.171640 0.000000 0.654482 -0.180891 -0.734120 0.000000 -15.621004 10.396443 -51.620094 1.000000
aniFrame
  m_time 1.381000
  m_vertexTransformMat -0.631702 0.420939 -0.650971 0.000000 0.444788 0.884568 0.140368 0.000000 0.634914 -0.200873 -0.746012 0.000000 -16.482359 9.416713 -51.425816 1.000000
aniFrame
  m_time 1.397000
  m_vertexTransformMat -0.645866 0.409098 -0.644590 0.000000 0.454146 0.884557 0.106352 0.000000 0.613685 -0.224048 -0.757096 0.000000 -17.364599 8.388403 -51.223011 1.000000
aniFrame
  m_time 1.413000
  m_vertexTransformMat -0.659339 0.396138 -0.639021 0.000000 0.462539 0.883782 0.070623 0.000000 0.592731 -0.249007 -0.765941 0.000000 -18.199566 7.292125 -51.041912 1.000000
aniFrame
  m_time 1.429000
  m_vertexTransformMat -0.673520 0.382502 -0.632506 0.000000 0.470654 0.881736 0.032048 0.000000 0.569962 -0.276107 -0.773893 0.000000 -19.092405 6.142099 -50.831635 1.000000
aniFrame
  m_time 1.445000
  m_vertexTransformMat -0.686208 0.369423 -0.626615 0.000000 0.478992 0.877791 -0.007041 0.000000 0.547436 -0.304976 -0.779298 0.000000 -19.913742 4.993383 -50.623623 1.000000
aniFrame
  m_time 1.461000
  m_vertexTransformMat -0.700075 0.353458 -0.620455 0.000000 0.484009 0.873725 -0.048380 0.000000 0.525006 -0.334175 -0.782749 0.000000 -20.755869 3.744156 -50.388672 1.000000
aniFrame
  m_time 1.477000
  m_vertexTransformMat -0.713829 0.337635 -0.613557 0.000000 0.487997 0.868194 -0.089989 0.000000 0.502303 -0.363651 -0.784507 0.000000 -21.596031 2.504989 -50.118973 1.000000
aniFrame
  m_time 1.493000
  m_vertexTransformMat -0.726740 0.320355 -0.607637 0.000000 0.490230 0.861522 -0.132113 0.000000 0.481170 -0.393894 -0.783150 0.000000 -22.353724 1.224274 -49.851826 1.000000
aniFrame
  m_time 1.509000
  m_vertexTransformMat -0.740583 0.302312 -0.600121 0.000000 0.489980 0.854110 -0.174404 0.000000 0.459845 -0.423208 -0.780665 0.000000 -23.134586 -0.054817 -49.522415 1.000000
aniFrame
  m_time 1.525000
  m_vertexTransformMat -0.753233 0.283238 -0.593647 0.000000 0.488090 0.845692 -0.215808 0.000000 0.440918 -0.452307 -0.775249 0.000000 -23.822838 -1.343169 -49.203159 1.000000
aniFrame
  m_time 1.541000
  m_vertexTransformMat -0.766735 0.262908 -0.585660 0.000000 0.483296 0.836872 -0.257043 0.000000 0.422544 -0.480131 -0.768721 0.000000 -24.510401 -2.630123 -48.819458 1.000000
aniFrame
  m_time 1.557000
  m_vertexTransformMat -0.779431 0.241867 -0.577918 0.000000 0.476584 0.827666 -0.296373 0.000000 0.406639 -0.506429 -0.760378 0.000000 -25.122562 -3.896942 -48.434399 1.000000
aniFrame
  m_time 1.573000
  m_vertexTransformMat -0.791912 0.219588 -0.569788 0.000000 0.467503 0.818306 -0.334389 0.000000 0.392833 -0.531184 -0.750684 0.000000 -25.680822 -5.147098 -48.017754 1.000000
aniFrame
  m_time 1.589000
  m_vertexTransformMat -0.803909 0.197648 -0.560951 0.000000 0.456680 0.809356 -0.369305 0.000000 0.381017 -0.553063 -0.740910 0.000000 -26.181704 -6.321887 -47.583889 1.000000
aniFrame
  m_time 1.605000
  m_vertexTransformMat -0.817434 0.169380 -0.550557 0.000000 0.439809 0.800753 -0.406649 0.000000 0.371982 -0.574548 -0.729057 0.000000 -26.650846 -7.653492 -47.087513 1.000000
aniFrame
  m_time 1.621000
  m_vertexTransformMat -0.832494 0.134848 -0.537374 0.000000 0.416265 0.792313 -0.446053 0.000000 0.365619 -0.595026 -0.715728 0.000000 -27.085768 -9.132080 -46.505032 1.000000
aniFrame
  m_time 1.637000
  m_vertexTransformMat -0.848415 0.092724 -0.521148 0.000000 0.385792 0.782428 -0.488847 0.000000 0.362433 -0.615800 -0.699595 0.000000 -27.460402 -10.815597 -45.809429 1.000000
aniFrame
  m_time 1.653000
  m_vertexTransformMat -0.865408 0.041896 -0.499314 0.000000 0.346547 0.769781 -0.536043 0.000000 0.361904 -0.636931 -0.680694 0.000000 -27.789394 -12.739266 -44.927052 1.000000
aniFrame
  m_time 1.669000
  m_vertexTransformMat -0.880187 -0.011637 -0.474483 0.000000 0.304158 0.753616 -0.582710 0.000000 0.364359 -0.657212 -0.659784 0.000000 -27.990725 -14.696015 -43.933998 1.000000
aniFrame
  m_time 1.685000
  m_vertexTransformMat -0.893070 -0.066871 -0.444921 0.000000 0.258230 0.733612 -0.628595 0.000000 0.368434 -0.676271 -0.637899 0.000000 -28.119263 -16.655497 -42.780266 1.000000
aniFrame
  m_time 1.701000
  m_vertexTransformMat -0.901972 -0.119406 -0.414958 0.000000 0.214149 0.710789 -0.670016 0.000000 0.374951 -0.693197 -0.615540 0.000000 -28.096464 -18.461758 -41.605255 1.000000
aniFrame
  m_time 1.717000
  m_vertexTransformMat -0.908022 -0.167905 -0.383803 0.000000 0.172103 0.685768 -0.707180 0.000000 0.381939 -0.708188 -0.593795 0.000000 -28.031103 -20.082886 -40.372627 1.000000
aniFrame
  m_time 1.733000
  m_vertexTransformMat -0.910995 -0.210616 -0.354584 0.000000 0.134396 0.661231 -0.738046 0.000000 0.389906 -0.720010 -0.574072 0.000000 -27.887722 -21.448627 -39.210823 1.000000
aniFrame
  m_time 1.749000
  m_vertexTransformMat -0.911041 -0.244583 -0.331939 0.000000 0.106189 0.638721 -0.762076 0.000000 0.398407 -0.729531 -0.555929 0.000000 -27.666780 -22.475327 -38.256557 1.000000
aniFrame
  m_time 1.765000
  m_vertexTransformMat -0.910694 -0.270084 -0.312555 0.000000 0.083290 0.621043 -0.779338 0.000000 0.404596 -0.735772 -0.543085 0.000000 -27.532097 -23.164694 -37.449612 1.000000
aniFrame
  m_time 1.781000
  m_vertexTransformMat -0.908603 -0.284307 -0.305958 0.000000 0.073705 0.611907 -0.787488 0.000000 0.411107 -0.738064 -0.535026 0.000000 -27.326906 -23.413994 -37.115086 1.000000
aniFrame
  m_time 1.797000
  m_vertexTransformMat -0.906706 -0.286349 -0.309659 0.000000 0.076911 0.609632 -0.788944 0.000000 0.414691 -0.739157 -0.530733 0.000000 -27.187353 -23.234600 -37.148006 1.000000
aniFrame
  m_time 1.813000
  m_vertexTransformMat -0.904788 -0.279714 -0.321120 0.000000 0.087946 0.615067 -0.783555 0.000000 0.416682 -0.737193 -0.531905 0.000000 -27.090925 -22.721148 -37.492115 1.000000
aniFrame
  m_time 1.829000
  m_vertexTransformMat -0.901042 -0.266159 -0.342466 0.000000 0.108960 0.625356 -0.772695 0.000000 0.419823 -0.733546 -0.534471 0.000000 -26.890198 -21.965887 -38.158978 1.000000
aniFrame
  m_time 1.845000
  m_vertexTransformMat -0.896945 -0.249431 -0.365068 0.000000 0.131893 0.637144 -0.759376 0.000000 0.422012 -0.729268 -0.538585 0.000000 -26.701265 -21.104790 -38.878284 1.000000
aniFrame
  m_time 1.861000
  m_vertexTransformMat -0.891151 -0.228357 -0.392051 0.000000 0.159390 0.651456 -0.741755 0.000000 0.424788 -0.723504 -0.544148 0.000000 -26.433208 -20.072840 -39.754063 1.000000
aniFrame
  m_time 1.877000
  m_vertexTransformMat -0.884000 -0.203675 -0.420785 0.000000 0.189814 0.666186 -0.721226 0.000000 0.427216 -0.717435 -0.550249 0.000000 -26.130817 -18.922840 -40.690273 1.000000
aniFrame
  m_time 1.893000
  m_vertexTransformMat -0.874606 -0.174644 -0.452288 0.000000 0.223877 0.681986 -0.696258 0.000000 0.430051 -0.710208 -0.557370 0.000000 -25.741537 -17.601078 -41.731426 1.000000
aniFrame
  m_time 1.909000
  m_vertexTransformMat -0.862722 -0.142202 -0.485273 0.000000 0.260674 0.697253 -0.667749 0.000000 0.433313 -0.702579 -0.564467 0.000000 -25.256926 -16.164015 -42.824371 1.000000
aniFrame
  m_time 1.925000
  m_vertexTransformMat -0.848389 -0.106079 -0.518637 0.000000 0.299576 0.711540 -0.635582 0.000000 0.436453 -0.694592 -0.571884 0.000000 -24.696775 -14.598459 -43.939911 1.000000
aniFrame
  m_time 1.941000
  m_vertexTransformMat -0.830982 -0.066984 -0.552251 0.000000 0.340230 0.724217 -0.599794 0.000000 0.440127 -0.686311 -0.579022 0.000000 -24.017752 -12.933328 -45.071949 1.000000
aniFrame
  m_time 1.957000
  m_vertexTransformMat -0.810523 -0.025064 -0.585170 0.000000 0.382155 0.734491 -0.560785 0.000000 0.443858 -0.678155 -0.585744 0.000000 -23.237383 -11.175582 -46.188866 1.000000
aniFrame
  m_time 1.973000
  m_vertexTransformMat -0.786892 0.019137 -0.616794 0.000000 0.424501 0.742236 -0.518540 0.000000 0.447884 -0.669865 -0.592184 0.000000 -22.349432 -9.345972 -47.281731 1.000000
aniFrame
  m_time 1.989000
  m_vertexTransformMat -0.759895 0.064943 -0.646795 0.000000 0.467129 0.746492 -0.473859 0.000000 0.452053 -0.662219 -0.597592 0.000000 -21.356083 -7.470793 -48.332249 1.000000
aniFrame
  m_time 2.005000
  m_vertexTransformMat -0.729865 0.112049 -0.674347 0.000000 0.509001 0.747565 -0.426691 0.000000 0.456307 -0.654670 -0.602655 0.000000 -20.269312 -5.560829 -49.317375 1.000000
aniFrame
  m_time 2.021000
  m_vertexTransformMat -0.696853 0.159448 -0.699266 0.000000 0.549889 0.744716 -0.378180 0.000000 0.460454 -0.648055 -0.606636 0.000000 -19.097324 -3.653637 -50.222919 1.000000
aniFrame
  m_time 2.037000
  m_vertexTransformMat -0.660785 0.206726 -0.721545 0.000000 0.589297 0.738271 -0.328155 0.000000 0.464857 -0.642044 -0.609662 0.000000 -17.828558 -1.763852 -51.042301 1.000000
aniFrame
  m_time 2.053000
