m_aniFrameList.size 202
aniFrame
  m_time -1.066000
  m_vertexTransformMat -0.331621 0.776890 0.535229 0.000000 0.903465 0.424866 -0.056922 0.000000 -0.271623 0.464684 -0.842787 0.000000 -15.030276 26.897522 -22.476654 1.000000
aniFrame
  m_time -1.050000
  m_vertexTransformMat -0.370062 0.748773 0.549903 0.000000 0.887753 0.459456 -0.028196 0.000000 -0.273768 0.477744 -0.834753 0.000000 -16.110683 26.368319 -22.240517 1.000000
aniFrame
  m_time -1.034000
  m_vertexTransformMat -0.408708 0.718047 0.563353 0.000000 0.869594 0.493766 0.001531 0.000000 -0.277065 0.490514 -0.826215 0.000000 -17.207357 25.778728 -22.031334 1.000000
aniFrame
  m_time -1.018000
  m_vertexTransformMat -0.449620 0.681752 0.577112 0.000000 0.847981 0.528805 0.035965 0.000000 -0.280661 0.505550 -0.815873 0.000000 -18.347914 25.110207 -21.812746 1.000000
aniFrame
  m_time -1.002000
  m_vertexTransformMat -0.490536 0.641497 0.589793 0.000000 0.823285 0.562993 0.072386 0.000000 -0.285614 0.521076 -0.804304 0.000000 -19.496538 24.366932 -21.605837 1.000000
aniFrame
  m_time -0.986000
  m_vertexTransformMat -0.529262 0.598858 0.601042 0.000000 0.796456 0.594858 0.108641 0.000000 -0.292474 0.536203 -0.791799 0.000000 -20.605412 23.566467 -21.401976 1.000000
aniFrame
  m_time -0.970000
  m_vertexTransformMat -0.565325 0.554340 0.610831 0.000000 0.767870 0.624158 0.144231 0.000000 -0.301302 0.550576 -0.778513 0.000000 -21.665228 22.713724 -21.199219 1.000000
aniFrame
  m_time -0.954000
  m_vertexTransformMat -0.596767 0.510493 0.619084 0.000000 0.739153 0.649993 0.176528 0.000000 -0.312284 0.562944 -0.765227 0.000000 -22.625143 21.840778 -20.983776 1.000000
aniFrame
  m_time -0.938000
  m_vertexTransformMat -0.623587 0.467803 0.626338 0.000000 0.710942 0.672557 0.205496 0.000000 -0.325116 0.573435 -0.751979 0.000000 -23.486603 20.959530 -20.746433 1.000000
aniFrame
  m_time -0.922000
  m_vertexTransformMat -0.644295 0.429471 0.632802 0.000000 0.685228 0.691631 0.228276 0.000000 -0.339627 0.580690 -0.739900 0.000000 -24.225742 20.112938 -20.484118 1.000000
aniFrame
  m_time -0.906000
  m_vertexTransformMat -0.659267 0.395912 0.639235 0.000000 0.662653 0.707679 0.245115 0.000000 -0.355329 0.585187 -0.728902 0.000000 -24.845440 19.316853 -20.181759 1.000000
aniFrame
  m_time -0.890000
  m_vertexTransformMat -0.667134 0.371085 0.645932 0.000000 0.645474 0.720820 0.252553 0.000000 -0.371882 0.585418 -0.720409 0.000000 -25.341248 18.626755 -19.865067 1.000000
aniFrame
  m_time -0.874000
  m_vertexTransformMat -0.668583 0.355066 0.653396 0.000000 0.633890 0.731528 0.251099 0.000000 -0.388821 0.582061 -0.714160 0.000000 -25.718201 18.054996 -19.516998 1.000000
aniFrame
  m_time -0.858000
  m_vertexTransformMat -0.664867 0.346742 0.661606 0.000000 0.627174 0.740226 0.242320 0.000000 -0.405715 0.576052 -0.709619 0.000000 -26.001751 17.585096 -19.143085 1.000000
aniFrame
  m_time -0.842000
  m_vertexTransformMat -0.656015 0.346588 0.670464 0.000000 0.625448 0.746851 0.225894 0.000000 -0.422445 0.567530 -0.706718 0.000000 -26.192286 17.230825 -18.741459 1.000000
aniFrame
  m_time -0.826000
  m_vertexTransformMat -0.644711 0.350311 0.679434 0.000000 0.625960 0.752102 0.206192 0.000000 -0.438772 0.558233 -0.704170 0.000000 -26.332687 16.922628 -18.325272 1.000000
aniFrame
  m_time -0.810000
  m_vertexTransformMat -0.630715 0.357918 0.688545 0.000000 0.628736 0.755763 0.183070 0.000000 -0.454853 0.548378 -0.701706 0.000000 -26.425848 16.665792 -17.886957 1.000000
aniFrame
  m_time -0.794000
  m_vertexTransformMat -0.615061 0.368919 0.696849 0.000000 0.632786 0.758222 0.157106 0.000000 -0.470407 0.537586 -0.699800 0.000000 -26.473465 16.445400 -17.473108 1.000000
aniFrame
  m_time -0.778000
  m_vertexTransformMat -0.596795 0.383612 0.704753 0.000000 0.638459 0.759021 0.127505 0.000000 -0.486010 0.526050 -0.697901 0.000000 -26.478333 16.275148 -17.061508 1.000000
aniFrame
  m_time -0.762000
  m_vertexTransformMat -0.577976 0.400863 0.710811 0.000000 0.644287 0.758735 0.095994 0.000000 -0.500837 0.513449 -0.696801 0.000000 -26.445688 16.126131 -16.718700 1.000000
aniFrame
  m_time -0.746000
  m_vertexTransformMat -0.557189 0.420905 0.715806 0.000000 0.650470 0.757065 0.061165 0.000000 -0.516167 0.499691 -0.695615 0.000000 -26.389645 16.006569 -16.409359 1.000000
aniFrame
  m_time -0.730000
  m_vertexTransformMat -0.535478 0.443308 0.718847 0.000000 0.657175 0.753325 0.024968 0.000000 -0.530457 0.485778 -0.694720 0.000000 -26.287958 15.932315 -16.168587 1.000000
aniFrame
  m_time -0.714000
  m_vertexTransformMat -0.513842 0.467135 0.719549 0.000000 0.662310 0.749111 -0.013360 0.000000 -0.545264 0.469700 -0.694313 0.000000 -26.183519 15.842899 -16.008991 1.000000
aniFrame
  m_time -0.698000
  m_vertexTransformMat -0.490371 0.492752 0.718841 0.000000 0.667856 0.742380 -0.053297 0.000000 -0.559915 0.453947 -0.693129 0.000000 -26.044605 15.803830 -15.879800 1.000000
aniFrame
  m_time -0.682000
  m_vertexTransformMat -0.468069 0.519355 0.714969 0.000000 0.672078 0.734543 -0.093583 0.000000 -0.573778 0.436712 -0.692864 0.000000 -25.886885 15.764705 -15.852104 1.000000
aniFrame
  m_time -0.666000
  m_vertexTransformMat -0.445775 0.545743 0.709541 0.000000 0.673659 0.726504 -0.135558 0.000000 -0.589464 0.417560 -0.691502 0.000000 -25.757208 15.687364 -15.845363 1.000000
aniFrame
  m_time -0.650000
  m_vertexTransformMat -0.424421 0.572480 0.701522 0.000000 0.674474 0.716795 -0.176887 0.000000 -0.604113 0.398084 -0.690346 0.000000 -25.613743 15.626017 -15.916224 1.000000
aniFrame
  m_time -0.634000
  m_vertexTransformMat -0.404291 0.599110 0.691099 0.000000 0.673269 0.706378 -0.218494 0.000000 -0.619079 0.376960 -0.688943 0.000000 -25.473526 15.550039 -16.043463 1.000000
aniFrame
  m_time -0.618000
  m_vertexTransformMat -0.385253 0.624635 0.679274 0.000000 0.670152 0.695419 -0.259402 0.000000 -0.634411 0.355282 -0.686512 0.000000 -25.354229 15.454185 -16.194757 1.000000
aniFrame
  m_time -0.602000
  m_vertexTransformMat -0.368583 0.649639 0.664918 0.000000 0.665440 0.683840 -0.299253 0.000000 -0.649104 0.332164 -0.684347 0.000000 -25.250772 15.347144 -16.417732 1.000000
aniFrame
  m_time -0.586000
  m_vertexTransformMat -0.353282 0.672867 0.649955 0.000000 0.658255 0.672461 -0.338373 0.000000 -0.664749 0.308295 -0.680487 0.000000 -25.174995 15.209254 -16.628563 1.000000
aniFrame
  m_time -0.570000
  m_vertexTransformMat -0.341061 0.694704 0.633295 0.000000 0.649680 0.661099 -0.375318 0.000000 -0.679406 0.283433 -0.676811 0.000000 -25.132820 15.050966 -16.894487 1.000000
aniFrame
  m_time -0.554000
  m_vertexTransformMat -0.331016 0.714410 0.616479 0.000000 0.639390 0.650280 -0.410263 0.000000 -0.693980 0.258367 -0.672040 0.000000 -25.120024 14.875063 -17.143461 1.000000
aniFrame
  m_time -0.538000
  m_vertexTransformMat -0.323801 0.731895 0.599569 0.000000 0.626927 0.640594 -0.443397 0.000000 -0.708600 0.232314 -0.666270 0.000000 -25.148336 14.659811 -17.389660 1.000000
aniFrame
  m_time -0.522000
  m_vertexTransformMat -0.320974 0.748821 0.579864 0.000000 0.608528 0.632213 -0.479583 0.000000 -0.725719 0.198931 -0.658603 0.000000 -25.264069 14.350828 -17.681961 1.000000
aniFrame
  m_time -0.506000
  m_vertexTransformMat -0.322288 0.764340 0.558494 0.000000 0.584646 0.624723 -0.517600 0.000000 -0.744527 0.159705 -0.648209 0.000000 -25.452946 13.948942 -17.987766 1.000000
aniFrame
  m_time -0.490000
  m_vertexTransformMat -0.328406 0.779586 0.533288 0.000000 0.554067 0.616258 -0.559675 0.000000 -0.764957 0.111677 -0.634326 0.000000 -25.726707 13.435792 -18.341043 1.000000
aniFrame
  m_time -0.474000
  m_vertexTransformMat -0.338752 0.793567 0.505469 0.000000 0.516605 0.605883 -0.605000 0.000000 -0.786363 0.056183 -0.615205 0.000000 -26.069731 12.811019 -18.690090 1.000000
aniFrame
  m_time -0.458000
  m_vertexTransformMat -0.352062 0.805672 0.476388 0.000000 0.477399 0.592362 -0.648998 0.000000 -0.805073 -0.001060 -0.593174 0.000000 -26.427147 12.156840 -19.023415 1.000000
aniFrame
  m_time -0.442000
  m_vertexTransformMat -0.367445 0.815465 0.447214 0.000000 0.434996 0.575702 -0.692348 0.000000 -0.822048 -0.059863 -0.566263 0.000000 -26.809530 11.461209 -19.281746 1.000000
aniFrame
  m_time -0.426000
  m_vertexTransformMat -0.384013 0.822865 0.418840 0.000000 0.396215 0.556589 -0.730221 0.000000 -0.833995 -0.114463 -0.539768 0.000000 -27.153240 10.822676 -19.520771 1.000000
aniFrame
  m_time -0.410000
  m_vertexTransformMat -0.400165 0.828078 0.392625 0.000000 0.357990 0.535628 -0.764818 0.000000 -0.843630 -0.165497 -0.510783 0.000000 -27.510002 10.223786 -19.642942 1.000000
aniFrame
  m_time -0.394000
  m_vertexTransformMat -0.416036 0.830826 0.369652 0.000000 0.326769 0.515941 -0.791851 0.000000 -0.848608 -0.208647 -0.486138 0.000000 -27.801580 9.732327 -19.755411 1.000000
aniFrame
  m_time -0.378000
  m_vertexTransformMat -0.429176 0.832743 0.349781 0.000000 0.302727 0.497481 -0.812939 0.000000 -0.850978 -0.243006 -0.465601 0.000000 -28.038553 9.396859 -19.840023 1.000000
aniFrame
  m_time -0.362000
  m_vertexTransformMat -0.439392 0.832508 0.337438 0.000000 0.284626 0.485314 -0.826716 0.000000 -0.852011 -0.267208 -0.450196 0.000000 -28.239044 9.205132 -19.831074 1.000000
aniFrame
  m_time -0.346000
  m_vertexTransformMat -0.446066 0.832215 0.329307 0.000000 0.281381 0.479685 -0.831100 0.000000 -0.849617 -0.278065 -0.448141 0.000000 -28.291103 9.259972 -19.955708 1.000000
aniFrame
  m_time -0.330000
  m_vertexTransformMat -0.447057 0.832652 0.326848 0.000000 0.286951 0.479580 -0.829254 0.000000 -0.847230 -0.276935 -0.453330 0.000000 -28.263515 9.557863 -20.069134 1.000000
aniFrame
  m_time -0.314000
  m_vertexTransformMat -0.445583 0.832567 0.329073 0.000000 0.303356 0.486251 -0.819473 0.000000 -0.842278 -0.265317 -0.469229 0.000000 -28.133080 10.041883 -20.255714 1.000000
aniFrame
  m_time -0.298000
  m_vertexTransformMat -0.442454 0.833161 0.331779 0.000000 0.327055 0.494394 -0.805364 0.000000 -0.835027 -0.247826 -0.491236 0.000000 -27.917297 10.633802 -20.524731 1.000000
aniFrame
  m_time -0.282000
  m_vertexTransformMat -0.437438 0.833817 0.336746 0.000000 0.354518 0.504052 -0.787559 0.000000 -0.826418 -0.225126 -0.516094 0.000000 -27.641502 11.338243 -20.791407 1.000000
aniFrame
  m_time -0.266000
  m_vertexTransformMat -0.431502 0.834570 0.342489 0.000000 0.387254 0.514257 -0.765229 0.000000 -0.814764 -0.197568 -0.545093 0.000000 -27.275461 12.138592 -21.109386 1.000000
aniFrame
  m_time -0.250000
  m_vertexTransformMat -0.423826 0.835576 0.349550 0.000000 0.423026 0.523860 -0.739338 0.000000 -0.800888 -0.165482 -0.575496 0.000000 -26.840664 13.031964 -21.421692 1.000000
aniFrame
  m_time -0.234000
  m_vertexTransformMat -0.415378 0.836249 0.357978 0.000000 0.462428 0.533013 -0.708561 0.000000 -0.783340 -0.128781 -0.608107 0.000000 -26.309744 14.013828 -21.745691 1.000000
aniFrame
  m_time -0.218000
  m_vertexTransformMat -0.406015 0.836932 0.367012 0.000000 0.503875 0.540060 -0.674127 0.000000 -0.762406 -0.088777 -0.640981 0.000000 -25.693457 15.053409 -22.063890 1.000000
aniFrame
  m_time -0.202000
  m_vertexTransformMat -0.395656 0.837259 0.377430 0.000000 0.546404 0.544917 -0.636009 0.000000 -0.738173 -0.045412 -0.673081 0.000000 -24.996126 16.147839 -22.345606 1.000000
aniFrame
  m_time -0.186000
  m_vertexTransformMat -0.385109 0.837202 0.388308 0.000000 0.589549 0.546893 -0.594424 0.000000 -0.710016 0.000009 -0.704185 0.000000 -24.211124 17.266502 -22.610552 1.000000
aniFrame
  m_time -0.170000
  m_vertexTransformMat -0.374075 0.836618 0.400173 0.000000 0.632248 0.545742 -0.549935 0.000000 -0.678476 0.047292 -0.733099 0.000000 -23.355139 18.404341 -22.829636 1.000000
aniFrame
  m_time -0.154000
  m_vertexTransformMat -0.363304 0.835229 0.412800 0.000000 0.673552 0.541583 -0.503007 0.000000 -0.643691 0.095298 -0.759329 0.000000 -22.443253 19.526508 -23.005833 1.000000
aniFrame
  m_time -0.138000
  m_vertexTransformMat -0.352774 0.833318 0.425598 0.000000 0.713123 0.533916 -0.454302 0.000000 -0.605811 0.143238 -0.782609 0.000000 -21.487188 20.631353 -23.148346 1.000000
aniFrame
  m_time -0.122000
  m_vertexTransformMat -0.343031 0.830174 0.439479 0.000000 0.749630 0.523877 -0.404485 0.000000 -0.566025 0.190696 -0.802029 0.000000 -20.519022 21.682198 -23.215872 1.000000
aniFrame
  m_time -0.106000
  m_vertexTransformMat -0.334271 0.826536 0.452880 0.000000 0.783208 0.510904 -0.354347 0.000000 -0.524259 0.236252 -0.818130 0.000000 -19.548349 22.680855 -23.256620 1.000000
aniFrame
  m_time -0.090000
  m_vertexTransformMat -0.327331 0.821623 0.466679 0.000000 0.813035 0.496564 -0.303972 0.000000 -0.481487 0.279927 -0.830549 0.000000 -18.609833 23.596239 -23.237263 1.000000
aniFrame
  m_time -0.074000
  m_vertexTransformMat -0.321717 0.815953 0.480332 0.000000 0.838751 0.480975 -0.255266 0.000000 -0.439312 0.320756 -0.839119 0.000000 -17.716837 24.429607 -23.164919 1.000000
aniFrame
  m_time -0.058000
  m_vertexTransformMat -0.319001 0.809358 0.493131 0.000000 0.860425 0.465476 -0.207368 0.000000 -0.397376 0.358152 -0.844879 0.000000 -16.908609 25.159813 -23.074123 1.000000
aniFrame
  m_time -0.042000
  m_vertexTransformMat -0.318234 0.801609 0.506113 0.000000 0.877737 0.450858 -0.162189 0.000000 -0.358197 0.392620 -0.847080 0.000000 -16.198420 25.788641 -22.921791 1.000000
aniFrame
  m_time -0.026000
  m_vertexTransformMat -0.320322 0.793565 0.517347 0.000000 0.890821 0.438100 -0.120444 0.000000 -0.322230 0.422283 -0.847257 0.000000 -15.620654 26.304920 -22.775192 1.000000
aniFrame
  m_time -0.010000
  m_vertexTransformMat -0.324730 0.784663 0.528067 0.000000 0.900251 0.427618 -0.081803 0.000000 -0.289999 0.448829 -0.845254 0.000000 -15.171196 26.718821 -22.598686 1.000000
aniFrame
  m_time 0.005000
  m_vertexTransformMat -0.336708 0.772230 0.538785 0.000000 0.903981 0.425244 -0.044560 0.000000 -0.263526 0.472048 -0.841264 0.000000 -15.022682 26.951149 -22.418684 1.000000
aniFrame
  m_time 0.021000
  m_vertexTransformMat -0.357082 0.755179 0.549725 0.000000 0.901775 0.432133 -0.007878 0.000000 -0.243503 0.492915 -0.835309 0.000000 -15.212002 26.987848 -22.235388 1.000000
aniFrame
  m_time 0.037000
  m_vertexTransformMat -0.386027 0.732230 0.561092 0.000000 0.893261 0.448594 0.029137 0.000000 -0.230367 0.512449 -0.827241 0.000000 -15.744774 26.817640 -22.048733 1.000000
aniFrame
  m_time 0.053000
  m_vertexTransformMat -0.424577 0.701168 0.572798 0.000000 0.876961 0.475779 0.067628 0.000000 -0.225107 0.531035 -0.816902 0.000000 -16.665594 26.390394 -21.869488 1.000000
aniFrame
  m_time 0.069000
  m_vertexTransformMat -0.466633 0.664446 0.583751 0.000000 0.854825 0.508213 0.104855 0.000000 -0.227000 0.547934 -0.805133 0.000000 -17.794245 25.767403 -21.695534 1.000000
aniFrame
  m_time 0.085000
  m_vertexTransformMat -0.510406 0.621680 0.594138 0.000000 0.826841 0.544619 0.140448 0.000000 -0.236265 0.562943 -0.792007 0.000000 -19.086729 24.938522 -21.516502 1.000000
aniFrame
  m_time 0.101000
  m_vertexTransformMat -0.552036 0.575291 0.603569 0.000000 0.794955 0.581544 0.172783 0.000000 -0.251601 0.575193 -0.778364 0.000000 -20.414968 23.954657 -21.324947 1.000000
aniFrame
  m_time 0.117000
  m_vertexTransformMat -0.589528 0.526442 0.612630 0.000000 0.760420 0.617507 0.201112 0.000000 -0.272430 0.584417 -0.764355 0.000000 -21.708843 22.842394 -21.092724 1.000000
aniFrame
  m_time 0.133000
  m_vertexTransformMat -0.620803 0.478168 0.621256 0.000000 0.725600 0.650501 0.224395 0.000000 -0.296829 0.590088 -0.750792 0.000000 -22.899063 21.668406 -20.825716 1.000000
aniFrame
  m_time 0.149000
  m_vertexTransformMat -0.644584 0.433299 0.629891 0.000000 0.692859 0.679361 0.241691 0.000000 -0.323198 0.592216 -0.738121 0.000000 -23.928368 20.502941 -20.505049 1.000000
aniFrame
  m_time 0.165000
  m_vertexTransformMat -0.660511 0.394789 0.638645 0.000000 0.664436 0.703459 0.252331 0.000000 -0.349643 0.591006 -0.726954 0.000000 -24.774538 19.420000 -20.147087 1.000000
aniFrame
  m_time 0.181000
  m_vertexTransformMat -0.667582 0.368148 0.647150 0.000000 0.644326 0.721198 0.254397 0.000000 -0.373067 0.586806 -0.718666 0.000000 -25.385710 18.561949 -19.784399 1.000000
aniFrame
  m_time 0.197000
  m_vertexTransformMat -0.667875 0.351719 0.655925 0.000000 0.631421 0.734317 0.249170 0.000000 -0.394020 0.580579 -0.712514 0.000000 -25.815891 17.897818 -19.399822 1.000000
aniFrame
  m_time 0.213000
  m_vertexTransformMat -0.662445 0.345418 0.664720 0.000000 0.625596 0.743195 0.237258 0.000000 -0.412063 0.573017 -0.708418 0.000000 -26.090210 17.431227 -19.006605 1.000000
aniFrame
  m_time 0.229000
  m_vertexTransformMat -0.652450 0.347520 0.673454 0.000000 0.625409 0.748785 0.219511 0.000000 -0.427987 0.564404 -0.705886 0.000000 -26.244308 17.123201 -18.604458 1.000000
aniFrame
  m_time 0.245000
  m_vertexTransformMat -0.640299 0.352401 0.682518 0.000000 0.626668 0.753487 0.198860 0.000000 -0.444190 0.555042 -0.703295 0.000000 -26.369221 16.831638 -18.178806 1.000000
aniFrame
  m_time 0.261000
  m_vertexTransformMat -0.625655 0.361244 0.691418 0.000000 0.629982 0.756704 0.174708 0.000000 -0.460086 0.544888 -0.701012 0.000000 -26.446289 16.588985 -17.745222 1.000000
aniFrame
  m_time 0.277000
  m_vertexTransformMat -0.609199 0.373432 0.699590 0.000000 0.634542 0.758666 0.147590 0.000000 -0.475640 0.533831 -0.699136 0.000000 -26.479948 16.383717 -17.333296 1.000000
aniFrame
  m_time 0.293000
  m_vertexTransformMat -0.590492 0.389149 0.707023 0.000000 0.640461 0.759004 0.117141 0.000000 -0.491049 0.521992 -0.697420 0.000000 -26.470724 16.224932 -16.936909 1.000000
aniFrame
  m_time 0.309000
  m_vertexTransformMat -0.571330 0.407199 0.712580 0.000000 0.646251 0.758403 0.084765 0.000000 -0.505907 0.508934 -0.696451 0.000000 -26.430645 16.080812 -16.613132 1.000000
aniFrame
  m_time 0.325000
  m_vertexTransformMat -0.549890 0.428194 0.717127 0.000000 0.652709 0.756017 0.049080 0.000000 -0.521145 0.495063 -0.695212 0.000000 -26.361158 15.978299 -16.317204 1.000000
aniFrame
  m_time 0.341000
  m_vertexTransformMat -0.528439 0.451056 0.719236 0.000000 0.659028 0.752014 0.012591 0.000000 -0.535196 0.480650 -0.694652 0.000000 -26.252298 15.903010 -16.111879 1.000000
aniFrame
  m_time 0.357000
  m_vertexTransformMat -0.506148 0.475499 0.719524 0.000000 0.664006 0.747250 -0.026729 0.000000 -0.550374 0.464239 -0.693953 0.000000 -26.144600 15.820888 -15.959987 1.000000
aniFrame
  m_time 0.373000
  m_vertexTransformMat -0.482746 0.501582 0.717894 0.000000 0.669659 0.739686 -0.066497 0.000000 -0.564369 0.448643 -0.692970 0.000000 -25.988214 15.798247 -15.860759 1.000000
aniFrame
  m_time 0.389000
  m_vertexTransformMat -0.460757 0.528200 0.713238 0.000000 0.672769 0.732004 -0.107484 0.000000 -0.578866 0.430320 -0.692632 0.000000 -25.842657 15.739135 -15.851280 1.000000
aniFrame
  m_time 0.405000
  m_vertexTransformMat -0.438348 0.554550 0.707338 0.000000 0.674067 0.723402 -0.149415 0.000000 -0.594547 0.411297 -0.690905 0.000000 -25.710796 15.666747 -15.852754 1.000000
aniFrame
  m_time 0.421000
  m_vertexTransformMat -0.417716 0.581472 0.698144 0.000000 0.674363 0.713361 -0.190659 0.000000 -0.608892 0.391161 -0.690104 0.000000 -25.565096 15.603624 -15.960525 1.000000
aniFrame
  m_time 0.437000
  m_vertexTransformMat -0.397557 0.607653 0.687536 0.000000 0.672301 0.702842 -0.232434 0.000000 -0.624469 0.369826 -0.687945 0.000000 -25.432606 15.518419 -16.079102 1.000000
aniFrame
  m_time 0.453000
  m_vertexTransformMat -0.379549 0.633078 0.674652 0.000000 0.668858 0.691578 -0.272672 0.000000 -0.639197 0.347753 -0.685927 0.000000 -25.317308 15.420881 -16.268068 1.000000
aniFrame
  m_time 0.469000
  m_vertexTransformMat -0.363169 0.657587 0.660067 0.000000 0.663179 0.680050 -0.312613 0.000000 -0.654448 0.324211 -0.683071 0.000000 -25.222523 15.304044 -16.482471 1.000000
aniFrame
  m_time 0.485000
  m_vertexTransformMat -0.348886 0.680284 0.644587 0.000000 0.655601 0.668656 -0.350838 0.000000 -0.669676 0.300190 -0.679279 0.000000 -25.156715 15.158654 -16.713028 1.000000
aniFrame
  m_time 0.501000
  m_vertexTransformMat -0.337520 0.701644 0.627515 0.000000 0.646287 0.657412 -0.387457 0.000000 -0.684393 0.274781 -0.675353 0.000000 -25.127344 14.993119 -16.982944 1.000000
aniFrame
  m_time 0.517000
  m_vertexTransformMat -0.328192 0.720359 0.611043 0.000000 0.635701 0.646900 -0.421195 0.000000 -0.698695 0.250208 -0.670240 0.000000 -25.121712 14.811040 -17.221607 1.000000
aniFrame
  m_time 0.533000
  m_vertexTransformMat -0.322394 0.737681 0.593203 0.000000 0.621466 0.637640 -0.455187 0.000000 -0.714032 0.221906 -0.664015 0.000000 -25.177870 14.567614 -17.485340 1.000000
aniFrame
  m_time 0.549000
  m_vertexTransformMat -0.320915 0.754087 0.573032 0.000000 0.601192 0.629703 -0.491978 0.000000 -0.731834 0.186619 -0.655433 0.000000 -25.318623 14.227526 -17.780052 1.000000
aniFrame
  m_time 0.565000
  m_vertexTransformMat -0.323788 0.769453 0.550549 0.000000 0.575376 0.622065 -0.531016 0.000000 -0.751069 0.144836 -0.644142 0.000000 -25.533497 13.792895 -18.101961 1.000000
aniFrame
  m_time 0.581000
  m_vertexTransformMat -0.331436 0.784435 0.524225 0.000000 0.542048 0.613096 -0.574716 0.000000 -0.772227 0.093674 -0.628403 0.000000 -25.837040 13.235271 -18.458260 1.000000
aniFrame
  m_time 0.597000
  m_vertexTransformMat -0.342937 0.797820 0.495860 0.000000 0.503732 0.601745 -0.619805 0.000000 -0.792873 0.037226 -0.608248 0.000000 -26.186792 12.595672 -18.806097 1.000000
aniFrame
  m_time 0.613000
  m_vertexTransformMat -0.356964 0.809222 0.466623 0.000000 0.463307 0.587137 -0.663791 0.000000 -0.811125 -0.020760 -0.584505 0.000000 -26.555616 11.925293 -19.114904 1.000000
aniFrame
  m_time 0.629000
  m_vertexTransformMat -0.372948 0.818163 0.437629 0.000000 0.421515 0.569576 -0.705627 0.000000 -0.826581 -0.078695 -0.557290 0.000000 -26.928345 11.238758 -19.364473 1.000000
aniFrame
  m_time 0.645000
  m_vertexTransformMat -0.389414 0.824891 0.409770 0.000000 0.383278 0.549666 -0.742271 0.000000 -0.837529 -0.131995 -0.530210 0.000000 -27.272724 10.617655 -19.572742 1.000000
aniFrame
  m_time 0.661000
  m_vertexTransformMat -0.405539 0.829209 0.384643 0.000000 0.346351 0.528817 -0.774852 0.000000 -0.845919 -0.181011 -0.501653 0.000000 -27.619444 10.042219 -19.673065 1.000000
aniFrame
  m_time 0.677000
  m_vertexTransformMat -0.420854 0.831587 0.362416 0.000000 0.318332 0.509501 -0.799421 0.000000 -0.849439 -0.221071 -0.479146 0.000000 -27.881643 9.604459 -19.798677 1.000000
aniFrame
  m_time 0.693000
  m_vertexTransformMat -0.432786 0.832960 0.344780 0.000000 0.295626 0.492437 -0.818603 0.000000 -0.851646 -0.252353 -0.459365 0.000000 -28.114584 9.315668 -19.837202 1.000000
aniFrame
  m_time 0.709000
  m_vertexTransformMat -0.442259 0.832243 0.334334 0.000000 0.281934 0.482877 -0.829061 0.000000 -0.851423 -0.272399 -0.448194 0.000000 -28.272804 9.190266 -19.859837 1.000000
aniFrame
  m_time 0.725000
  m_vertexTransformMat -0.446906 0.832403 0.327690 0.000000 0.282718 0.478953 -0.831068 0.000000 -0.848732 -0.278765 -0.449382 0.000000 -28.284988 9.339517 -20.003613 1.000000
aniFrame
  m_time 0.741000
  m_vertexTransformMat -0.446714 0.832619 0.327403 0.000000 0.290920 0.481240 -0.826906 0.000000 -0.846057 -0.274142 -0.457202 0.000000 -28.235985 9.699943 -20.112089 1.000000
aniFrame
  m_time 0.757000
  m_vertexTransformMat -0.444801 0.832652 0.329915 0.000000 0.311059 0.489051 -0.814906 0.000000 -0.839878 -0.259847 -0.476534 0.000000 -28.064430 10.231649 -20.347301 1.000000
aniFrame
  m_time 0.773000
  m_vertexTransformMat -0.440884 0.833434 0.333181 0.000000 0.335436 0.497303 -0.800108 0.000000 -0.832529 -0.240994 -0.498816 0.000000 -27.837036 10.853430 -20.606934 1.000000
aniFrame
  m_time 0.789000
  m_vertexTransformMat -0.435599 0.834005 0.338660 0.000000 0.365054 0.507580 -0.780448 0.000000 -0.822794 -0.216333 -0.525558 0.000000 -27.527193 11.597689 -20.894480 1.000000
aniFrame
  m_time 0.805000
  m_vertexTransformMat -0.429108 0.834945 0.344578 0.000000 0.398710 0.517399 -0.757185 0.000000 -0.810492 -0.187527 -0.554921 0.000000 -27.140753 12.422398 -21.213654 1.000000
aniFrame
  m_time 0.821000
  m_vertexTransformMat -0.421047 0.835824 0.352303 0.000000 0.435834 0.527062 -0.729558 0.000000 -0.795467 -0.153633 -0.586199 0.000000 -26.674263 13.353005 -21.527658 1.000000
aniFrame
  m_time 0.837000
  m_vertexTransformMat -0.412452 0.836472 0.360829 0.000000 0.476058 0.535612 -0.697487 0.000000 -0.776693 -0.115904 -0.619124 0.000000 -26.113203 14.350933 -21.855970 1.000000
aniFrame
  m_time 0.853000
  m_vertexTransformMat -0.402596 0.837108 0.370360 0.000000 0.517972 0.541925 -0.661833 0.000000 -0.754733 -0.074615 -0.651776 0.000000 -25.470278 15.415016 -22.161034 1.000000
aniFrame
  m_time 0.869000
  m_vertexTransformMat -0.392243 0.837235 0.381029 0.000000 0.560725 0.545992 -0.622480 0.000000 -0.729200 -0.030511 -0.683620 0.000000 -24.744024 16.515558 -22.436419 1.000000
aniFrame
  m_time 0.885000
  m_vertexTransformMat -0.381430 0.837117 0.392106 0.000000 0.603915 0.546802 -0.579909 0.000000 -0.699856 0.015604 -0.714114 0.000000 -23.932398 17.646486 -22.690195 1.000000
aniFrame
  m_time 0.901000
  m_vertexTransformMat -0.370494 0.836162 0.404436 0.000000 0.646128 0.544820 -0.534500 0.000000 -0.667273 0.063289 -0.742119 0.000000 -23.058088 18.778191 -22.889370 1.000000
aniFrame
  m_time 0.917000
  m_vertexTransformMat -0.359723 0.834710 0.416965 0.000000 0.687017 0.539328 -0.486963 0.000000 -0.631353 0.111290 -0.767468 0.000000 -22.127487 19.899199 -23.060112 1.000000
aniFrame
  m_time 0.933000
  m_vertexTransformMat -0.349474 0.832353 0.430184 0.000000 0.725633 0.530897 -0.437728 0.000000 -0.592727 0.159182 -0.789517 0.000000 -21.165895 20.986835 -23.177345 1.000000
aniFrame
  m_time 0.949000
  m_vertexTransformMat -0.339927 0.829041 0.444005 0.000000 0.761169 0.519811 -0.387839 0.000000 -0.552333 0.206126 -0.807738 0.000000 -20.193928 22.022598 -23.231928 1.000000
aniFrame
  m_time 0.965000
  m_vertexTransformMat -0.331814 0.825066 0.457348 0.000000 0.793624 0.506235 -0.337471 0.000000 -0.509961 0.250985 -0.822768 0.000000 -19.231293 22.995459 -23.260925 1.000000
aniFrame
  m_time 0.981000
  m_vertexTransformMat -0.325226 0.819781 0.471368 0.000000 0.822048 0.491472 -0.287564 0.000000 -0.467404 0.293963 -0.833739 0.000000 -18.305220 23.884132 -23.214451 1.000000
aniFrame
  m_time 0.997000
  m_vertexTransformMat -0.320483 0.813923 0.484583 0.000000 0.846439 0.475719 -0.239236 0.000000 -0.425245 0.333499 -0.841395 0.000000 -17.436869 24.684904 -23.140251 1.000000
aniFrame
  m_time 1.013000
  m_vertexTransformMat -0.318511 0.806842 0.497552 0.000000 0.866690 0.460466 -0.191886 0.000000 -0.383928 0.370105 -0.845945 0.000000 -16.659147 25.381329 -23.026705 1.000000
aniFrame
  m_time 1.029000
  m_vertexTransformMat -0.318602 0.798945 0.510078 0.000000 0.882526 0.446386 -0.147943 0.000000 -0.345890 0.403022 -0.847310 0.000000 -15.991237 25.972792 -22.871178 1.000000
aniFrame
  m_time 1.045000
  m_vertexTransformMat -0.321349 0.790815 0.520909 0.000000 0.894446 0.434119 -0.107270 0.000000 -0.310967 0.431454 -0.846845 0.000000 -15.450040 26.457327 -22.720184 1.000000
aniFrame
  m_time 1.061000
  m_vertexTransformMat -0.327602 0.781035 0.531659 0.000000 0.902234 0.425637 -0.069338 0.000000 -0.280449 0.456965 -0.844116 0.000000 -15.079272 26.820404 -22.536345 1.000000
aniFrame
  m_time 1.077000
  m_vertexTransformMat -0.342622 0.767096 0.542378 0.000000 0.903885 0.426554 -0.032297 0.000000 -0.256128 0.479181 -0.839514 0.000000 -15.049792 26.984505 -22.359085 1.000000
aniFrame
  m_time 1.093000
  m_vertexTransformMat -0.365704 0.748281 0.553477 0.000000 0.899703 0.436481 0.004362 0.000000 -0.238318 0.499560 -0.832853 0.000000 -15.349151 26.956066 -22.172371 1.000000
aniFrame
  m_time 1.109000
  m_vertexTransformMat -0.398006 0.722748 0.565002 0.000000 0.888666 0.456639 0.041875 0.000000 -0.227737 0.518764 -0.824026 0.000000 -16.013828 26.702991 -21.988089 1.000000
aniFrame
  m_time 1.125000
  m_vertexTransformMat -0.438570 0.689359 0.576577 0.000000 0.870073 0.486329 0.080357 0.000000 -0.225011 0.536906 -0.813082 0.000000 -17.029980 26.199602 -21.811443 1.000000
aniFrame
  m_time 1.141000
  m_vertexTransformMat -0.481041 0.650935 0.587268 0.000000 0.846194 0.519903 0.116864 0.000000 -0.229251 0.553159 -0.800911 0.000000 -18.206631 25.516138 -21.636568 1.000000
aniFrame
  m_time 1.157000
  m_vertexTransformMat -0.524842 0.606329 0.597416 0.000000 0.816417 0.557163 0.151763 0.000000 -0.240840 0.567392 -0.787440 0.000000 -19.536795 24.621021 -21.454849 1.000000
aniFrame
  m_time 1.173000
  m_vertexTransformMat -0.564932 0.559383 0.606582 0.000000 0.783798 0.593562 0.182604 0.000000 -0.257899 0.578597 -0.773766 0.000000 -20.847527 23.600800 -21.252838 1.000000
aniFrame
  m_time 1.189000
  m_vertexTransformMat -0.600858 0.509918 0.615591 0.000000 0.748572 0.629059 0.209582 0.000000 -0.280374 0.586743 -0.759686 0.000000 -22.124998 22.449301 -21.006573 1.000000
aniFrame
  m_time 1.205000
  m_vertexTransformMat -0.629443 0.462993 0.624050 0.000000 0.714551 0.660437 0.230737 0.000000 -0.305316 0.591152 -0.746540 0.000000 -23.256342 21.282513 -20.727390 1.000000
aniFrame
  m_time 1.221000
  m_vertexTransformMat -0.650877 0.419357 0.632850 0.000000 0.682622 0.688082 0.246110 0.000000 -0.332245 0.592185 -0.734119 0.000000 -24.235374 20.122984 -20.386343 1.000000
aniFrame
  m_time 1.237000
  m_vertexTransformMat -0.663773 0.384647 0.641446 0.000000 0.656837 0.709980 0.253956 0.000000 -0.357730 0.589894 -0.723916 0.000000 -25.002375 19.109619 -20.029434 1.000000
aniFrame
  m_time 1.253000
  m_vertexTransformMat -0.668317 0.361639 0.650054 0.000000 0.639301 0.726017 0.253365 0.000000 -0.380323 0.584908 -0.716405 0.000000 -25.546146 18.321333 -19.657808 1.000000
aniFrame
  m_time 1.269000
  m_vertexTransformMat -0.666798 0.348246 0.658867 0.000000 0.628514 0.737842 0.246091 0.000000 -0.400440 0.578200 -0.710868 0.000000 -25.927853 17.713644 -19.269787 1.000000
aniFrame
  m_time 1.285000
  m_vertexTransformMat -0.659431 0.345574 0.667630 0.000000 0.625205 0.745251 0.231775 0.000000 -0.417457 0.570245 -0.707496 0.000000 -26.148760 17.320795 -18.873617 1.000000
aniFrame
  m_time 1.301000
  m_vertexTransformMat -0.648738 0.348732 0.676406 0.000000 0.625574 0.750512 0.213047 0.000000 -0.433355 0.561353 -0.705043 0.000000 -26.290165 17.021278 -18.467222 1.000000
aniFrame
  m_time 1.317000
  m_vertexTransformMat -0.635610 0.354954 0.685572 0.000000 0.627614 0.754698 0.191133 0.000000 -0.449556 0.551761 -0.702467 0.000000 -26.400198 16.746412 -18.031906 1.000000
aniFrame
  m_time 1.333000
  m_vertexTransformMat -0.620506 0.364882 0.694143 0.000000 0.631291 0.757548 0.166111 0.000000 -0.465235 0.541279 -0.700409 0.000000 -26.462116 16.514547 -17.609327 1.000000
aniFrame
  m_time 1.349000
  m_vertexTransformMat -0.603068 0.378351 0.702254 0.000000 0.636461 0.758920 0.137687 0.000000 -0.480860 0.529992 -0.698486 0.000000 -26.481525 16.327539 -17.194735 1.000000
aniFrame
  m_time 1.365000
  m_vertexTransformMat -0.584249 0.394895 0.709021 0.000000 0.642403 0.758906 0.106675 0.000000 -0.495955 0.517802 -0.697072 0.000000 -26.459358 16.175316 -16.823538 1.000000
aniFrame
  m_time 1.381000
  m_vertexTransformMat -0.564372 0.413890 0.714268 0.000000 0.648311 0.757857 0.073108 0.000000 -0.511055 0.504328 -0.696043 0.000000 -26.412470 16.040728 -16.509045 1.000000
aniFrame
  m_time 1.397000
  m_vertexTransformMat -0.542604 0.435690 0.718161 0.000000 0.654986 0.754735 0.036994 0.000000 -0.525903 0.490459 -0.694893 0.000000 -26.326658 15.954843 -16.235926 1.000000
aniFrame
  m_time 1.413000
  m_vertexTransformMat -0.521268 0.458988 0.719451 0.000000 0.660688 0.750661 -0.000208 0.000000 -0.540159 0.475224 -0.694543 0.000000 -26.218445 15.871503 -16.059664 1.000000
aniFrame
  m_time 1.429000
  m_vertexTransformMat -0.498267 0.484055 0.719320 0.000000 0.665846 0.745011 -0.040116 0.000000 -0.555319 0.458968 -0.693520 0.000000 -26.098995 15.807704 -15.915297 1.000000
aniFrame
  m_time 1.445000
  m_vertexTransformMat -0.475359 0.510472 0.716556 0.000000 0.671064 0.737081 -0.079915 0.000000 -0.568954 0.442867 -0.692937 0.000000 -25.935244 15.785127 -15.853716 1.000000
aniFrame
  m_time 1.461000
  m_vertexTransformMat -0.453337 0.536996 0.711422 0.000000 0.673246 0.729364 -0.121529 0.000000 -0.584146 0.423868 -0.692178 0.000000 -25.800507 15.711877 -15.848954 1.000000
aniFrame
  m_time 1.477000
  m_vertexTransformMat -0.431263 0.563483 0.704628 0.000000 0.674358 0.720153 -0.163161 0.000000 -0.599378 0.404806 -0.690564 0.000000 -25.662642 15.646732 -15.878293 1.000000
aniFrame
  m_time 1.493000
  m_vertexTransformMat -0.411041 0.590376 0.694624 0.000000 0.673976 0.709879 -0.204519 0.000000 -0.613842 0.384095 -0.689688 0.000000 -25.517849 15.578592 -16.004997 1.000000
aniFrame
  m_time 1.509000
  m_vertexTransformMat -0.391228 0.616154 0.683590 0.000000 0.671278 0.699183 -0.246028 0.000000 -0.629546 0.362626 -0.687150 0.000000 -25.392788 15.486510 -16.130297 1.000000
aniFrame
  m_time 1.525000
  m_vertexTransformMat -0.374025 0.641439 0.669822 0.000000 0.667317 0.687700 -0.285933 0.000000 -0.644045 0.340037 -0.685260 0.000000 -25.282578 15.385650 -16.344637 1.000000
aniFrame
  m_time 1.541000
  m_vertexTransformMat -0.358044 0.665312 0.655107 0.000000 0.660772 0.676261 -0.325655 0.000000 -0.659686 0.316278 -0.681750 0.000000 -25.197105 15.257814 -16.551567 1.000000
aniFrame
  m_time 1.557000
  m_vertexTransformMat -0.344828 0.687568 0.639018 0.000000 0.652764 0.664860 -0.363127 0.000000 -0.674532 0.291912 -0.678082 0.000000 -25.142590 15.106004 -16.802860 1.000000
aniFrame
  m_time 1.573000
  m_vertexTransformMat -0.334152 0.708206 0.621921 0.000000 0.642860 0.653796 -0.399102 0.000000 -0.689256 0.266447 -0.673745 0.000000 -25.122793 14.934846 -17.065039 1.000000
aniFrame
  m_time 1.589000
  m_vertexTransformMat -0.325760 0.726153 0.605460 0.000000 0.631609 0.643672 -0.432153 0.000000 -0.703527 0.241636 -0.668327 0.000000 -25.130356 14.740137 -17.302670 1.000000
aniFrame
  m_time 1.605000
  m_vertexTransformMat -0.321480 0.743375 0.586554 0.000000 0.615277 0.634839 -0.467347 0.000000 -0.719781 0.210651 -0.661470 0.000000 -25.217325 14.464034 -17.584526 1.000000
aniFrame
  m_time 1.621000
  m_vertexTransformMat -0.321341 0.759238 0.565948 0.000000 0.593241 0.627235 -0.504620 0.000000 -0.738109 0.173589 -0.651968 0.000000 -25.381443 14.093701 -17.881195 1.000000
aniFrame
  m_time 1.637000
  m_vertexTransformMat -0.325846 0.774579 0.542081 0.000000 0.565258 0.619219 -0.545024 0.000000 -0.757831 0.128822 -0.639608 0.000000 -25.624456 13.622978 -18.222267 1.000000
aniFrame
  m_time 1.653000
  m_vertexTransformMat -0.334900 0.789102 0.514937 0.000000 0.529469 0.609656 -0.589901 0.000000 -0.779426 0.075086 -0.621979 0.000000 -25.952316 13.025609 -18.574402 1.000000
aniFrame
  m_time 1.669000
  m_vertexTransformMat -0.347392 0.801860 0.486148 0.000000 0.490939 0.597231 -0.634267 0.000000 -0.798935 0.018329 -0.601137 0.000000 -26.303223 12.381174 -18.921125 1.000000
aniFrame
  m_time 1.685000
  m_vertexTransformMat -0.362101 0.812488 0.456887 0.000000 0.449048 0.581572 -0.678329 0.000000 -0.816847 -0.040459 -0.575433 0.000000 -26.684298 11.691730 -19.199732 1.000000
aniFrame
  m_time 1.701000
  m_vertexTransformMat -0.378528 0.820610 0.428154 0.000000 0.408898 0.563245 -0.718024 0.000000 -0.830373 -0.096721 -0.548749 0.000000 -27.038971 11.028899 -19.450150 1.000000
aniFrame
  m_time 1.717000
  m_vertexTransformMat -0.394789 0.826638 0.401013 0.000000 0.370423 0.542627 -0.753885 0.000000 -0.840790 -0.149081 -0.520429 0.000000 -27.393024 10.416913 -19.611586 1.000000
aniFrame
  m_time 1.733000
  m_vertexTransformMat -0.410868 0.830063 0.377071 0.000000 0.335927 0.522329 -0.783790 0.000000 -0.847550 -0.195365 -0.493448 0.000000 -27.716599 9.877515 -19.709305 1.000000
aniFrame
  m_time 1.749000
  m_vertexTransformMat -0.425228 0.832258 0.355708 0.000000 0.310342 0.503258 -0.806486 0.000000 -0.850217 -0.232549 -0.472284 0.000000 -27.960308 9.492990 -19.828156 1.000000
aniFrame
  m_time 1.765000
  m_vertexTransformMat -0.436167 0.832855 0.340752 0.000000 0.289374 0.488371 -0.823259 0.000000 -0.852069 -0.260474 -0.454017 0.000000 -28.184101 9.250258 -19.828302 1.000000
aniFrame
  m_time 1.781000
  m_vertexTransformMat -0.444436 0.832185 0.331578 0.000000 0.281130 0.481014 -0.830416 0.000000 -0.850554 -0.275850 -0.447732 0.000000 -28.287594 9.214633 -19.907106 1.000000
aniFrame
  m_time 1.797000
  m_vertexTransformMat -0.447114 0.832626 0.326839 0.000000 0.284710 0.478867 -0.830437 0.000000 -0.847956 -0.278246 -0.451165 0.000000 -28.274374 9.444314 -20.043261 1.000000
aniFrame
  m_time 1.813000
  m_vertexTransformMat -0.446551 0.832318 0.328388 0.000000 0.295545 0.483620 -0.823872 0.000000 -0.844539 -0.270847 -0.461948 0.000000 -28.201204 9.835382 -20.157034 1.000000
aniFrame
  m_time 1.829000
  m_vertexTransformMat -0.444839 0.831872 0.331823 0.000000 0.316034 0.492465 -0.810926 0.000000 -0.837998 -0.255865 -0.481967 0.000000 -28.024187 10.347795 -20.376806 1.000000
aniFrame
  m_time 1.845000
  m_vertexTransformMat -0.441764 0.831343 0.337212 0.000000 0.338138 0.502453 -0.795741 0.000000 -0.830967 -0.237506 -0.503075 0.000000 -27.819521 10.910932 -20.564121 1.000000
aniFrame
  m_time 1.861000
  m_vertexTransformMat -0.438166 0.830196 0.344653 0.000000 0.364551 0.514592 -0.776079 0.000000 -0.821653 -0.214408 -0.528126 0.000000 -27.549706 11.551491 -20.771915 1.000000
aniFrame
  m_time 1.877000
  m_vertexTransformMat -0.433510 0.829078 0.353128 0.000000 0.393542 0.526699 -0.753468 0.000000 -0.810675 -0.187665 -0.554606 0.000000 -27.233843 12.253136 -20.979650 1.000000
aniFrame
  m_time 1.893000
  m_vertexTransformMat -0.428319 0.827348 0.363371 0.000000 0.425832 0.539480 -0.726381 0.000000 -0.797001 -0.156388 -0.583381 0.000000 -26.852379 13.034879 -21.191933 1.000000
aniFrame
  m_time 1.909000
  m_vertexTransformMat -0.422791 0.825337 0.374256 0.000000 0.460515 0.551356 -0.695654 0.000000 -0.780496 -0.121766 -0.613188 0.000000 -26.406631 13.868388 -21.414104 1.000000
aniFrame
  m_time 1.925000
  m_vertexTransformMat -0.416530 0.823007 0.386215 0.000000 0.496874 0.561847 -0.661395 0.000000 -0.761327 -0.083591 -0.642958 0.000000 -25.901388 14.761790 -21.619722 1.000000
aniFrame
  m_time 1.941000
  m_vertexTransformMat -0.410210 0.820240 0.398666 0.000000 0.534617 0.570428 -0.623536 0.000000 -0.738859 -0.042647 -0.672510 0.000000 -25.326126 15.694032 -21.824829 1.000000
aniFrame
  m_time 1.957000
  m_vertexTransformMat -0.403471 0.817263 0.411450 0.000000 0.573181 0.576264 -0.582566 0.000000 -0.713214 0.000787 -0.700945 0.000000 -24.685129 16.669239 -22.017910 1.000000
aniFrame
  m_time 1.973000
  m_vertexTransformMat -0.396720 0.813761 0.424743 0.000000 0.611775 0.579362 -0.538582 0.000000 -0.684357 0.046180 -0.727683 0.000000 -23.987141 17.664562 -22.193605 1.000000
aniFrame
  m_time 1.989000
  m_vertexTransformMat -0.389827 0.810240 0.437660 0.000000 0.650206 0.578725 -0.492251 0.000000 -0.652126 0.092677 -0.752425 0.000000 -23.232807 18.683109 -22.368462 1.000000
aniFrame
  m_time 2.005000
  m_vertexTransformMat -0.382980 0.806214 0.450938 0.000000 0.687504 0.574805 -0.443777 0.000000 -0.616981 0.140064 -0.774414 0.000000 -22.434179 19.701715 -22.507229 1.000000
aniFrame
  m_time 2.021000
  m_vertexTransformMat -0.376044 0.802273 0.463626 0.000000 0.723414 0.566853 -0.394144 0.000000 -0.579019 0.187178 -0.793537 0.000000 -21.593725 20.720139 -22.630306 1.000000
aniFrame
  m_time 2.037000
  m_vertexTransformMat -0.369475 0.798139 0.475881 0.000000 0.757521 0.555309 -0.343212 0.000000 -0.538191 0.233682 -0.809779 0.000000 -20.716265 21.720354 -22.725903 1.000000
aniFrame
  m_time 2.053000
  m_vertexTransformMat -0.362620 0.793989 0.487943 0.000000 0.789042 0.540181 -0.292607 0.000000 -0.495904 0.278903 -0.822371 0.000000 -19.804901 22.696234 -22.768835 1.000000
aniFrame
  m_time 2.069000
