m_aniFrameList.size 84
aniFrame
  m_time -1.066000
  m_vertexTransformMat -0.322390 -0.737683 -0.593202 0.000000 -0.621469 0.637636 -0.455189 0.000000 0.714032 0.221908 -0.664015 0.000000 25.386646 14.684164 -17.391676 1.000000
aniFrame
  m_time -1.027000
  m_vertexTransformMat -0.346642 -0.770032 -0.535622 0.000000 -0.544325 0.630181 -0.553698 0.000000 0.763904 0.099617 -0.637595 0.000000 26.183571 13.486699 -18.358126 1.000000
aniFrame
  m_time -0.988000
  m_vertexTransformMat -0.377104 -0.799685 -0.467222 0.000000 -0.448279 0.599035 -0.663478 0.000000 0.810456 -0.040754 -0.584380 0.000000 27.047920 11.888206 -19.148876 1.000000
aniFrame
  m_time -0.949000
  m_vertexTransformMat -0.409054 -0.819959 -0.400429 0.000000 -0.356523 0.547552 -0.757020 0.000000 0.839980 -0.166900 -0.516312 0.000000 27.802277 10.359673 -19.582527 1.000000
aniFrame
  m_time -0.910000
  m_vertexTransformMat -0.435008 -0.830145 -0.348751 0.000000 -0.294311 0.497131 -0.816237 0.000000 0.850970 -0.252428 -0.460576 0.000000 28.331404 9.400841 -19.729843 1.000000
aniFrame
  m_time -0.871000
  m_vertexTransformMat -0.446852 -0.832665 -0.327099 0.000000 -0.283598 0.478623 -0.830959 0.000000 0.848467 -0.278551 -0.450015 0.000000 28.464249 9.468019 -19.881266 1.000000
aniFrame
  m_time -0.832000
  m_vertexTransformMat -0.442628 -0.833124 -0.331639 0.000000 -0.326048 0.494057 -0.805978 0.000000 0.835328 -0.248618 -0.490322 0.000000 28.124384 10.643007 -20.294498 1.000000
aniFrame
  m_time -0.793000
  m_vertexTransformMat -0.428584 -0.835033 -0.345015 0.000000 -0.400875 0.517967 -0.755652 0.000000 0.809700 -0.185552 -0.556736 0.000000 27.341675 12.522089 -20.968199 1.000000
aniFrame
  m_time -0.754000
  m_vertexTransformMat -0.407659 -0.836834 -0.365408 0.000000 -0.496858 0.539025 -0.680135 0.000000 0.766125 -0.095707 -0.635526 0.000000 26.058187 14.931800 -21.770571 1.000000
aniFrame
  m_time -0.715000
  m_vertexTransformMat -0.382108 -0.837133 -0.391411 0.000000 -0.601215 0.546853 -0.582660 0.000000 0.701807 0.012683 -0.712254 0.000000 24.270885 17.646582 -22.534327 1.000000
aniFrame
  m_time -0.676000
  m_vertexTransformMat -0.355749 -0.833989 -0.421787 0.000000 -0.701840 0.536420 -0.468694 0.000000 0.617141 0.129290 -0.776158 0.000000 22.080631 20.400476 -23.067720 1.000000
aniFrame
  m_time -0.637000
  m_vertexTransformMat -0.333152 -0.825911 -0.454843 0.000000 -0.787816 0.508873 -0.346979 0.000000 0.518031 0.242736 -0.820197 0.000000 19.716124 22.920519 -23.243301 1.000000
aniFrame
  m_time -0.598000
  m_vertexTransformMat -0.319827 -0.812307 -0.487718 0.000000 -0.851904 0.471841 -0.227216 0.000000 0.414694 0.342819 -0.842914 0.000000 17.509832 24.979990 -23.089300 1.000000
aniFrame
  m_time -0.559000
  m_vertexTransformMat -0.320356 -0.793396 -0.517585 0.000000 -0.891054 0.437843 -0.119650 0.000000 0.321551 0.422866 -0.847224 0.000000 15.843951 26.434643 -22.706543 1.000000
aniFrame
  m_time -0.520000
  m_vertexTransformMat -0.345053 -0.765018 -0.543771 0.000000 -0.903691 0.427288 -0.027698 0.000000 0.253537 0.481844 -0.838777 0.000000 15.272900 27.114357 -22.244244 1.000000
aniFrame
  m_time -0.481000
  m_vertexTransformMat -0.420266 -0.704712 -0.571628 0.000000 -0.878989 0.472576 0.063642 0.000000 0.225288 0.529201 -0.818041 0.000000 16.760798 26.562275 -21.785572 1.000000
aniFrame
  m_time -0.442000
  m_vertexTransformMat -0.524840 -0.606315 -0.597432 0.000000 -0.816419 0.557156 0.151780 0.000000 0.240837 0.567416 -0.787425 0.000000 19.758873 24.722425 -21.353487 1.000000
aniFrame
  m_time -0.403000
  m_vertexTransformMat -0.614399 -0.488776 -0.619364 0.000000 -0.733313 0.643426 0.219671 0.000000 0.291145 0.589153 -0.753746 0.000000 22.868475 22.014879 -20.791880 1.000000
aniFrame
  m_time -0.364000
  m_vertexTransformMat -0.662664 -0.388302 -0.640390 0.000000 -0.659579 0.707611 0.253459 0.000000 0.354728 0.590346 -0.725024 0.000000 25.136593 19.286388 -20.006966 1.000000
aniFrame
  m_time -0.325000
  m_vertexTransformMat -0.665091 -0.346300 -0.661612 0.000000 -0.626714 0.740600 0.242366 0.000000 0.406058 0.575836 -0.709598 0.000000 26.233271 17.624023 -19.143856 1.000000
aniFrame
  m_time -0.286000
  m_vertexTransformMat -0.639149 -0.352995 -0.683289 0.000000 -0.626888 0.753801 0.196968 0.000000 0.445535 0.554237 -0.703079 0.000000 26.612835 16.867023 -18.201210 1.000000
aniFrame
  m_time -0.247000
  m_vertexTransformMat -0.599511 -0.381268 -0.703719 0.000000 -0.637599 0.758980 0.131973 0.000000 0.483792 0.527810 -0.698113 0.000000 26.737936 16.361338 -17.201509 1.000000
aniFrame
  m_time -0.208000
  m_vertexTransformMat -0.550769 -0.427263 -0.717007 0.000000 -0.652428 0.756162 0.050568 0.000000 0.520568 0.495647 -0.695229 0.000000 26.643469 16.054142 -16.358963 1.000000
aniFrame
  m_time -0.169000
  m_vertexTransformMat -0.496814 -0.485658 -0.719244 0.000000 -0.666175 0.744577 -0.042607 0.000000 0.556225 0.457975 -0.693450 0.000000 26.393827 15.889120 -15.824491 1.000000
aniFrame
  m_time -0.130000
  m_vertexTransformMat -0.442005 -0.550121 -0.708518 0.000000 -0.673865 0.724980 -0.142515 0.000000 0.592062 0.414454 -0.691152 0.000000 26.055346 15.772033 -15.689672 1.000000
aniFrame
  m_time -0.091000
  m_vertexTransformMat -0.392427 -0.614541 -0.684355 0.000000 -0.671489 0.699887 -0.243438 0.000000 0.628573 0.364005 -0.687311 0.000000 25.703676 15.597717 -15.953884 1.000000
aniFrame
  m_time -0.052000
  m_vertexTransformMat -0.352689 -0.673766 -0.649347 0.000000 -0.657917 0.672005 -0.339933 0.000000 0.665400 0.307326 -0.680290 0.000000 25.436920 15.315494 -16.496716 1.000000
aniFrame
  m_time -0.013000
  m_vertexTransformMat -0.327055 -0.722872 -0.608680 0.000000 -0.633960 0.645492 -0.425952 0.000000 0.700807 0.246569 -0.669383 0.000000 25.345789 14.897301 -17.150749 1.000000
aniFrame
  m_time 0.025000
  m_vertexTransformMat -0.322027 -0.763056 -0.560397 0.000000 -0.586896 0.625367 -0.514267 0.000000 0.742868 0.163287 -0.649219 0.000000 25.626802 14.099267 -17.881014 1.000000
aniFrame
  m_time 0.064000
  m_vertexTransformMat -0.343234 -0.798081 -0.495234 0.000000 -0.502983 0.601470 -0.620679 0.000000 0.793221 0.036056 -0.607866 0.000000 26.380518 12.679973 -18.744654 1.000000
aniFrame
  m_time 0.103000
  m_vertexTransformMat -0.380541 -0.821468 -0.424712 0.000000 -0.403992 0.560796 -0.722703 0.000000 0.831853 -0.103438 -0.545272 0.000000 27.271723 11.023987 -19.403553 1.000000
aniFrame
  m_time 0.142000
  m_vertexTransformMat -0.418994 -0.831491 -0.364785 0.000000 -0.320734 0.511385 -0.797256 0.000000 0.849455 -0.217046 -0.480954 0.000000 28.036802 9.700562 -19.697050 1.000000
aniFrame
  m_time 0.181000
  m_vertexTransformMat -0.443871 -0.832626 -0.331228 0.000000 -0.282116 0.480687 -0.830272 0.000000 0.850523 -0.275089 -0.448260 0.000000 28.446114 9.273156 -19.801702 1.000000
aniFrame
  m_time 0.220000
  m_vertexTransformMat -0.445923 -0.832302 -0.329280 0.000000 -0.305692 0.487376 -0.817935 0.000000 0.841252 -0.264077 -0.471760 0.000000 28.303633 10.119658 -20.095209 1.000000
aniFrame
  m_time 0.259000
  m_vertexTransformMat -0.434433 -0.834129 -0.339849 0.000000 -0.371880 0.509763 -0.775788 0.000000 0.820350 -0.210645 -0.531653 0.000000 27.667543 11.803398 -20.708048 1.000000
aniFrame
  m_time 0.298000
  m_vertexTransformMat -0.415561 -0.836238 -0.357794 0.000000 -0.461589 0.532838 -0.709238 0.000000 0.783738 -0.129578 -0.607424 0.000000 26.568514 14.044658 -21.478251 1.000000
aniFrame
  m_time 0.337000
  m_vertexTransformMat -0.391361 -0.837232 -0.381941 0.000000 -0.564315 0.546194 -0.619048 0.000000 0.726901 -0.026736 -0.686222 0.000000 24.953482 16.674500 -22.274221 1.000000
aniFrame
  m_time 0.376000
  m_vertexTransformMat -0.364864 -0.835434 -0.411006 0.000000 -0.667593 0.542450 -0.509969 0.000000 0.648995 0.088315 -0.755650 0.000000 22.884363 19.444290 -22.909575 1.000000
aniFrame
  m_time 0.415000
  m_vertexTransformMat -0.340303 -0.829184 -0.443450 0.000000 -0.759754 0.520333 -0.389907 0.000000 0.554046 0.204226 -0.807047 0.000000 20.547758 22.076515 -23.211185 1.000000
aniFrame
  m_time 0.454000
  m_vertexTransformMat -0.323042 -0.817551 -0.476712 0.000000 -0.832215 0.485248 -0.268242 0.000000 0.450624 0.310074 -0.837133 0.000000 18.240005 24.321926 -23.165373 1.000000
aniFrame
  m_time 0.493000
  m_vertexTransformMat -0.318370 -0.800302 -0.508091 0.000000 -0.880198 0.448575 -0.155024 0.000000 0.351983 0.397866 -0.847237 0.000000 16.341106 26.000105 -22.844263 1.000000
aniFrame
  m_time 0.532000
  m_vertexTransformMat -0.330763 -0.777720 -0.534554 0.000000 -0.903298 0.424901 -0.059257 0.000000 0.273218 0.463262 -0.843054 0.000000 15.246635 27.007797 -22.403879 1.000000
aniFrame
  m_time 0.571000
  m_vertexTransformMat -0.387457 -0.731086 -0.561596 0.000000 -0.892739 0.449526 0.030727 0.000000 0.229988 0.513264 -0.826841 0.000000 15.976707 26.924961 -21.941492 1.000000
aniFrame
  m_time 0.610000
  m_vertexTransformMat -0.487441 -0.644757 -0.588804 0.000000 -0.842177 0.525197 0.122091 0.000000 0.230519 0.555389 -0.799002 0.000000 18.610239 25.505344 -21.508556 1.000000
aniFrame
  m_time 0.649000
  m_vertexTransformMat -0.586573 -0.530589 -0.611888 0.000000 -0.763386 0.614559 0.198897 0.000000 0.270509 0.583775 -0.765528 0.000000 21.828979 23.028425 -21.014452 1.000000
aniFrame
  m_time 0.688000
  m_vertexTransformMat -0.651231 -0.418518 -0.633041 0.000000 -0.682007 0.688606 0.246350 0.000000 0.332814 0.592169 -0.733873 0.000000 24.472942 20.168541 -20.297213 1.000000
aniFrame
  m_time 0.727000
  m_vertexTransformMat -0.668256 -0.354410 -0.654085 0.000000 -0.633598 0.731900 0.250751 0.000000 0.389856 0.581992 -0.713651 0.000000 25.955723 18.079630 -19.454268 1.000000
aniFrame
  m_time 0.766000
  m_vertexTransformMat -0.649909 -0.348354 -0.675476 0.000000 -0.625530 0.749968 0.215082 0.000000 0.431661 0.562315 -0.705316 0.000000 26.504505 17.109875 -18.550652 1.000000
aniFrame
  m_time 0.805000
  m_vertexTransformMat -0.615047 -0.368920 -0.696861 0.000000 -0.632799 0.758210 0.157108 0.000000 0.470407 0.537602 -0.699787 0.000000 26.722654 16.506382 -17.554155 1.000000
aniFrame
  m_time 0.844000
  m_vertexTransformMat -0.569175 -0.409256 -0.713126 0.000000 -0.646890 0.758253 0.081155 0.000000 0.507517 0.507505 -0.696322 0.000000 26.696636 16.136883 -16.640839 1.000000
aniFrame
  m_time 0.883000
  m_vertexTransformMat -0.516798 -0.464019 -0.719448 0.000000 -0.661617 0.749796 -0.008336 0.000000 0.543307 0.471691 -0.694496 0.000000 26.491806 15.930398 -15.990784 1.000000
aniFrame
  m_time 0.922000
  m_vertexTransformMat -0.461191 -0.527713 -0.713317 0.000000 -0.672818 0.732089 -0.106594 0.000000 0.578462 0.430773 -0.692688 0.000000 26.160507 15.835313 -15.714799 1.000000
aniFrame
  m_time 0.961000
  m_vertexTransformMat -0.409337 -0.592598 -0.693737 0.000000 -0.673829 0.708994 -0.208040 0.000000 0.615140 0.382302 -0.689527 0.000000 25.818144 15.674377 -15.846961 1.000000
aniFrame
  m_time 1.000000
  m_vertexTransformMat -0.365514 -0.654145 -0.662190 0.000000 -0.664202 0.681699 -0.306793 0.000000 0.652101 0.327691 -0.683655 0.000000 25.513769 15.434245 -16.302607 1.000000
aniFrame
  m_time 1.039000
  m_vertexTransformMat -0.334539 -0.707412 -0.622617 0.000000 -0.643273 0.654241 -0.397705 0.000000 0.688683 0.267465 -0.673927 0.000000 25.359650 15.057961 -16.937994 1.000000
aniFrame
  m_time 1.078000
  m_vertexTransformMat -0.320938 -0.749846 -0.578559 0.000000 -0.607218 0.631711 -0.481900 0.000000 0.726833 0.196651 -0.658060 0.000000 25.473808 14.444327 -17.614649 1.000000
aniFrame
  m_time 1.117000
  m_vertexTransformMat -0.333168 -0.786814 -0.519541 0.000000 -0.535888 0.611389 -0.582261 0.000000 0.775773 0.084425 -0.625339 0.000000 26.080496 13.236024 -18.447062 1.000000
aniFrame
  m_time 1.156000
  m_vertexTransformMat -0.366580 -0.814924 -0.448908 0.000000 -0.437857 0.576834 -0.689598 0.000000 0.820915 -0.056235 -0.568275 0.000000 26.970953 11.587714 -19.206429 1.000000
aniFrame
  m_time 1.195000
  m_vertexTransformMat -0.406382 -0.829218 -0.383734 0.000000 -0.344640 0.528066 -0.776126 0.000000 0.846213 -0.183153 -0.500378 0.000000 27.819374 10.070405 -19.600090 1.000000
aniFrame
  m_time 1.234000
  m_vertexTransformMat -0.437575 -0.832739 -0.339226 0.000000 -0.287176 0.486927 -0.824884 0.000000 0.852091 -0.263530 -0.452209 0.000000 28.382124 9.268335 -19.727104 1.000000
aniFrame
  m_time 1.273000
  m_vertexTransformMat -0.447392 -0.832331 -0.327210 0.000000 -0.289599 0.480983 -0.827519 0.000000 0.846152 -0.275465 -0.456230 0.000000 28.431255 9.678299 -19.933384 1.000000
aniFrame
  m_time 1.312000
  m_vertexTransformMat -0.439086 -0.833649 -0.335013 0.000000 -0.345097 0.500768 -0.793814 0.000000 0.829525 -0.232940 -0.507569 0.000000 27.946520 11.140523 -20.461552 1.000000
aniFrame
  m_time 1.351000
  m_vertexTransformMat -0.422756 -0.835693 -0.350565 0.000000 -0.427758 0.525040 -0.735770 0.000000 0.798938 -0.161094 -0.579438 0.000000 27.016193 13.199176 -21.194069 1.000000
aniFrame
  m_time 1.390000
  m_vertexTransformMat -0.400209 -0.837200 -0.372731 0.000000 -0.527721 0.543056 -0.653146 0.000000 0.749228 -0.064697 -0.659144 0.000000 25.575579 15.726938 -22.007725 1.000000
aniFrame
  m_time 1.429000
  m_vertexTransformMat -0.374074 -0.836617 -0.400176 0.000000 -0.632247 0.545743 -0.549935 0.000000 0.678478 0.047293 -0.733097 0.000000 23.650110 18.480268 -22.726028 1.000000
aniFrame
  m_time 1.468000
  m_vertexTransformMat -0.348461 -0.832022 -0.431642 0.000000 -0.729470 0.529901 -0.432526 0.000000 0.588599 0.164152 -0.791584 0.000000 21.380817 21.187527 -23.155708 1.000000
aniFrame
  m_time 1.507000
  m_vertexTransformMat -0.328175 -0.822318 -0.464861 0.000000 -0.809563 0.498413 -0.310148 0.000000 0.486733 0.274551 -0.829285 0.000000 19.025122 23.590565 -23.230303 1.000000
aniFrame
  m_time 1.546000
  m_vertexTransformMat -0.318511 -0.807029 -0.497248 0.000000 -0.866304 0.460765 -0.192908 0.000000 0.384796 0.369325 -0.845891 0.000000 16.937708 25.482647 -22.989885 1.000000
aniFrame
  m_time 1.585000
  m_vertexTransformMat -0.323141 -0.787140 -0.525348 0.000000 -0.898331 0.429727 -0.091306 0.000000 0.297627 0.442431 -0.845975 0.000000 15.485504 26.750429 -22.571943 1.000000
aniFrame
  m_time 1.624000
  m_vertexTransformMat -0.361807 -0.751389 -0.551825 0.000000 -0.900701 0.434439 -0.001001 0.000000 0.240486 0.496667 -0.833959 0.000000 15.485184 27.094833 -22.104927 1.000000
aniFrame
  m_time 1.663000
  m_vertexTransformMat -0.450884 -0.678642 -0.579783 0.000000 -0.863622 0.495811 0.091266 0.000000 0.225526 0.541864 -0.809643 0.000000 17.569897 26.131020 -21.658951 1.000000
aniFrame
  m_time 1.702000
  m_vertexTransformMat -0.554466 -0.572363 -0.604127 0.000000 -0.792905 0.583785 0.174636 0.000000 0.252725 0.575845 -0.777517 0.000000 20.721157 23.985847 -21.212576 1.000000
aniFrame
  m_time 1.741000
  m_vertexTransformMat -0.633513 -0.455454 -0.625478 0.000000 -0.709044 0.665316 0.233689 0.000000 0.309706 0.591537 -0.744424 0.000000 23.653315 21.162981 -20.583885 1.000000
aniFrame
  m_time 1.780000
  m_vertexTransformMat -0.667315 -0.369522 -0.646640 0.000000 -0.645425 0.720171 0.254520 0.000000 0.371640 0.587203 -0.719080 0.000000 25.568926 18.670462 -19.756866 1.000000
aniFrame
  m_time 1.819000
  m_vertexTransformMat -0.659586 -0.345525 -0.667503 0.000000 -0.624513 0.746105 0.230893 0.000000 0.418248 0.569157 -0.707905 0.000000 26.385229 17.351807 -18.892700 1.000000
aniFrame
  m_time 1.858000
  m_vertexTransformMat -0.632180 -0.358422 -0.686937 0.000000 -0.624817 0.760115 0.178407 0.000000 0.458206 0.541996 -0.704477 0.000000 26.725754 16.630993 -18.008650 1.000000
aniFrame
  m_time 1.897000
  m_vertexTransformMat -0.594715 -0.391189 -0.702343 0.000000 -0.631532 0.767927 0.107038 0.000000 0.497476 0.507209 -0.703745 0.000000 26.860508 16.140476 -17.179977 1.000000
aniFrame
  m_time 1.936000
  m_vertexTransformMat -0.550055 -0.439960 -0.709841 0.000000 -0.640694 0.767515 0.020768 0.000000 0.535677 0.466215 -0.704055 0.000000 26.822454 15.845403 -16.540451 1.000000
aniFrame
  m_time 1.975000
  m_vertexTransformMat -0.500900 -0.499575 -0.706770 0.000000 -0.648680 0.757301 -0.075562 0.000000 0.572987 0.420619 -0.703396 0.000000 26.655598 15.679660 -16.191343 1.000000
aniFrame
  m_time 2.014000
  m_vertexTransformMat -0.450401 -0.564176 -0.691987 0.000000 -0.652312 0.737136 -0.176409 0.000000 0.609614 0.371937 -0.700025 0.000000 26.366110 15.556417 -16.194065 1.000000
aniFrame
  m_time 2.053000
  m_vertexTransformMat -0.402312 -0.627740 -0.666399 0.000000 -0.648709 0.709098 -0.276330 0.000000 0.646006 0.321128 -0.692499 0.000000 26.018852 15.368937 -16.476603 1.000000
aniFrame
  m_time 2.092000
  m_vertexTransformMat -0.359226 -0.686091 -0.632642 0.000000 -0.638602 0.675044 -0.369464 0.000000 0.680547 0.271285 -0.680632 0.000000 25.665525 15.099930 -16.919300 1.000000
aniFrame
  m_time 2.131000
  m_vertexTransformMat -0.323971 -0.734968 -0.595706 0.000000 -0.622357 0.639805 -0.450912 0.000000 0.712541 0.224659 -0.664691 0.000000 25.398514 14.702879 -17.356365 1.000000
aniFrame
  m_time 2.133000
  m_vertexTransformMat -0.322390 -0.737684 -0.593202 0.000000 -0.621469 0.637636 -0.455189 0.000000 0.714032 0.221908 -0.664015 0.000000 25.386644 14.684164 -17.391680 1.000000
