m_aniFrameList.size 84
aniFrame
  m_time -1.066000
  m_vertexTransformMat 0.982623 0.154332 -0.103121 0.000000 -0.141285 0.982210 0.123704 0.000000 0.120378 -0.106985 0.986946 0.000000 3.070774 -3.160367 -1.394785 1.000000
aniFrame
  m_time -1.027000
  m_vertexTransformMat 0.981041 0.137836 -0.136231 0.000000 -0.120665 0.984514 0.127170 0.000000 0.151650 -0.108320 0.982481 0.000000 3.344616 -3.191046 -1.790891 1.000000
aniFrame
  m_time -0.988000
  m_vertexTransformMat 0.977318 0.123165 -0.172276 0.000000 -0.101285 0.986259 0.130520 0.000000 0.185984 -0.110111 0.976363 0.000000 3.671976 -3.232486 -2.249411 1.000000
aniFrame
  m_time -0.949000
  m_vertexTransformMat 0.973150 0.106152 -0.204232 0.000000 -0.079984 0.987966 0.132388 0.000000 0.215827 -0.112498 0.969929 0.000000 4.006387 -3.287812 -2.577178 1.000000
aniFrame
  m_time -0.910000
  m_vertexTransformMat 0.970858 0.082708 -0.224930 0.000000 -0.053871 0.989858 0.131452 0.000000 0.233520 -0.115504 0.965467 0.000000 4.237857 -3.357245 -2.603387 1.000000
aniFrame
  m_time -0.871000
  m_vertexTransformMat 0.971720 0.046444 -0.231523 0.000000 -0.017280 0.991824 0.126436 0.000000 0.235502 -0.118859 0.964578 0.000000 4.202252 -3.433934 -2.350008 1.000000
aniFrame
  m_time -0.832000
  m_vertexTransformMat 0.973781 -0.002511 -0.227473 0.000000 0.030148 0.992544 0.118102 0.000000 0.225481 -0.121863 0.966596 0.000000 3.944782 -3.501060 -1.938889 1.000000
aniFrame
  m_time -0.793000
  m_vertexTransformMat 0.975523 -0.054342 -0.213078 0.000000 0.079114 0.990833 0.109508 0.000000 0.205174 -0.123685 0.970879 0.000000 3.495231 -3.539544 -1.475769 1.000000
aniFrame
  m_time -0.754000
  m_vertexTransformMat 0.977189 -0.097996 -0.188409 0.000000 0.119026 0.987458 0.103728 0.000000 0.175881 -0.123788 0.976597 0.000000 2.871003 -3.537776 -1.074174 1.000000
aniFrame
  m_time -0.715000
  m_vertexTransformMat 0.980292 -0.125359 -0.152682 0.000000 0.141901 0.984536 0.102725 0.000000 0.137443 -0.122366 0.982922 0.000000 2.060214 -3.501454 -0.827800 1.000000
aniFrame
  m_time -0.676000
  m_vertexTransformMat 0.984568 -0.140710 -0.104048 0.000000 0.151615 0.982782 0.105603 0.000000 0.087397 -0.119748 0.988950 0.000000 1.013922 -3.438137 -0.729573 1.000000
aniFrame
  m_time -0.637000
  m_vertexTransformMat 0.987726 -0.149101 -0.046537 0.000000 0.153440 0.981948 0.110605 0.000000 0.029206 -0.116388 0.992774 0.000000 -0.183349 -3.358064 -0.770137 1.000000
aniFrame
  m_time -0.598000
  m_vertexTransformMat 0.988196 -0.152634 0.013074 0.000000 0.150119 0.981842 0.115978 0.000000 -0.030539 -0.112647 0.993166 0.000000 -1.379893 -3.269540 -0.942862 1.000000
aniFrame
  m_time -0.559000
  m_vertexTransformMat 0.985654 -0.153737 0.069645 0.000000 0.144652 0.982092 0.120713 0.000000 -0.086956 -0.108907 0.990241 0.000000 -2.465250 -3.181331 -1.207615 1.000000
aniFrame
  m_time -0.520000
  m_vertexTransformMat 0.980807 -0.154928 0.118382 0.000000 0.140095 0.982245 0.124769 0.000000 -0.135610 -0.105789 0.985098 0.000000 -3.313109 -3.107758 -1.530106 1.000000
aniFrame
  m_time -0.481000
  m_vertexTransformMat 0.973982 -0.156841 0.163583 0.000000 0.136589 0.982256 0.128514 0.000000 -0.180837 -0.102827 0.978123 0.000000 -3.930886 -3.037757 -1.992969 1.000000
aniFrame
  m_time -0.442000
  m_vertexTransformMat 0.966260 -0.155871 0.205051 0.000000 0.130601 0.982669 0.131550 0.000000 -0.222002 -0.100331 0.969871 0.000000 -4.405540 -2.979082 -2.497560 1.000000
aniFrame
  m_time -0.403000
  m_vertexTransformMat 0.960214 -0.147714 0.237002 0.000000 0.118520 0.983990 0.133100 0.000000 -0.252869 -0.099715 0.962348 0.000000 -4.805240 -2.965487 -2.794890 1.000000
aniFrame
  m_time -0.364000
  m_vertexTransformMat 0.958585 -0.128100 0.254372 0.000000 0.096708 0.986475 0.132346 0.000000 -0.267885 -0.102265 0.958008 0.000000 -5.025847 -3.027712 -2.774463 1.000000
aniFrame
  m_time -0.325000
  m_vertexTransformMat 0.962403 -0.090377 0.256149 0.000000 0.058606 0.989902 0.129071 0.000000 -0.265227 -0.109207 0.957981 0.000000 -4.891446 -3.195112 -2.529176 1.000000
aniFrame
  m_time -0.286000
  m_vertexTransformMat 0.968714 -0.038378 0.245194 0.000000 0.007808 0.992195 0.124453 0.000000 -0.248057 -0.118645 0.961453 0.000000 -4.462862 -3.422262 -2.137721 1.000000
aniFrame
  m_time -0.247000
  m_vertexTransformMat 0.974707 0.015967 0.222916 0.000000 -0.043755 0.991775 0.120283 0.000000 -0.219162 -0.126994 0.967389 0.000000 -3.799605 -3.623332 -1.680776 1.000000
aniFrame
  m_time -0.208000
  m_vertexTransformMat 0.979702 0.060019 0.191264 0.000000 -0.083617 0.989511 0.117799 0.000000 -0.182187 -0.131401 0.974444 0.000000 -2.981606 -3.730211 -1.246273 1.000000
aniFrame
  m_time -0.169000
  m_vertexTransformMat 0.984789 0.090535 0.148303 0.000000 -0.108367 0.987209 0.116936 0.000000 -0.135820 -0.131229 0.982004 0.000000 -1.969077 -3.728054 -0.904427 1.000000
aniFrame
  m_time -0.130000
  m_vertexTransformMat 0.988994 0.115381 0.092617 0.000000 -0.125914 0.985076 0.117353 0.000000 -0.077694 -0.127723 0.988762 0.000000 -0.729647 -3.646894 -0.737374 1.000000
aniFrame
  m_time -0.091000
  m_vertexTransformMat 0.990422 0.134681 0.030426 0.000000 -0.137369 0.983394 0.118601 0.000000 -0.013948 -0.121645 0.992476 0.000000 0.568783 -3.504727 -0.777638 1.000000
aniFrame
  m_time -0.052000
  m_vertexTransformMat 0.988544 0.147639 -0.031374 0.000000 -0.142894 0.982377 0.120487 0.000000 0.048610 -0.114624 0.992219 0.000000 1.783669 -3.339980 -0.986670 1.000000
aniFrame
  m_time -0.013000
  m_vertexTransformMat 0.984297 0.153931 -0.086393 0.000000 -0.142821 0.982114 0.122693 0.000000 0.103734 -0.108428 0.988677 0.000000 2.792402 -3.194322 -1.279697 1.000000
aniFrame
  m_time 0.025000
  m_vertexTransformMat 0.979697 0.151989 -0.130738 0.000000 -0.135658 0.982724 0.125901 0.000000 0.147615 -0.105609 0.983390 0.000000 3.458894 -3.127849 -1.642265 1.000000
aniFrame
  m_time 0.064000
  m_vertexTransformMat 0.975675 0.140113 -0.168602 0.000000 -0.118977 0.984407 0.129567 0.000000 0.184127 -0.106356 0.977131 0.000000 3.834899 -3.144889 -2.109705 1.000000
aniFrame
  m_time 0.103000
  m_vertexTransformMat 0.972579 0.119877 -0.199298 0.000000 -0.094559 0.986721 0.132059 0.000000 0.212483 -0.109592 0.971000 0.000000 4.049425 -3.220102 -2.510251 1.000000
aniFrame
  m_time 0.142000
  m_vertexTransformMat 0.970888 0.093461 -0.220546 0.000000 -0.065194 0.989083 0.132151 0.000000 0.230490 -0.113926 0.966383 0.000000 4.210454 -3.320714 -2.641831 1.000000
aniFrame
  m_time 0.181000
  m_vertexTransformMat 0.971159 0.060653 -0.230590 0.000000 -0.031355 0.991193 0.128664 0.000000 0.236363 -0.117723 0.964507 0.000000 4.243949 -3.408121 -2.463775 1.000000
aniFrame
  m_time 0.220000
  m_vertexTransformMat 0.973055 0.015495 -0.230053 0.000000 0.012848 0.992545 0.121199 0.000000 0.230216 -0.120889 0.965602 0.000000 4.057511 -3.479505 -2.093965 1.000000
aniFrame
  m_time 0.259000
  m_vertexTransformMat 0.974961 -0.036729 -0.219322 0.000000 0.062613 0.991704 0.112262 0.000000 0.213379 -0.123184 0.969172 0.000000 3.673731 -3.529311 -1.635312 1.000000
aniFrame
  m_time 0.298000
  m_vertexTransformMat 0.976512 -0.084593 -0.198162 0.000000 0.106994 0.988679 0.105196 0.000000 0.187020 -0.123927 0.974508 0.000000 3.107344 -3.542389 -1.197936 1.000000
aniFrame
  m_time 0.337000
  m_vertexTransformMat 0.978956 -0.117736 -0.166681 0.000000 0.135991 0.985374 0.102686 0.000000 0.152153 -0.123192 0.980649 0.000000 2.370044 -3.521726 -0.894177 1.000000
aniFrame
  m_time 0.376000
  m_vertexTransformMat 0.983078 -0.136209 -0.122498 0.000000 0.149268 0.983247 0.104617 0.000000 0.106196 -0.121131 0.986940 0.000000 1.405282 -3.471203 -0.749626 1.000000
aniFrame
  m_time 0.415000
  m_vertexTransformMat 0.986871 -0.146857 -0.067220 0.000000 0.153578 0.982095 0.109104 0.000000 0.049993 -0.117995 0.991755 0.000000 0.241077 -3.396167 -0.740303 1.000000
aniFrame
  m_time 0.454000
  m_vertexTransformMat 0.988383 -0.151791 -0.007594 0.000000 0.151657 0.981780 0.114492 0.000000 -0.009923 -0.114313 0.993395 0.000000 -0.972171 -3.308889 -0.870383 1.000000
aniFrame
  m_time 0.493000
  m_vertexTransformMat 0.986859 -0.153433 0.050677 0.000000 0.146528 0.981949 0.119609 0.000000 -0.068114 -0.110612 0.991527 0.000000 -2.109506 -3.221513 -1.111020 1.000000
aniFrame
  m_time 0.532000
  m_vertexTransformMat 0.982758 -0.154298 0.101880 0.000000 0.141394 0.982202 0.123637 0.000000 -0.119144 -0.107100 0.987084 0.000000 -3.047276 -3.138706 -1.402248 1.000000
aniFrame
  m_time 0.571000
  m_vertexTransformMat 0.976608 -0.156222 0.147757 0.000000 0.137879 0.982247 0.127199 0.000000 -0.165005 -0.103850 0.980810 0.000000 -3.734235 -3.061940 -1.810351 1.000000
aniFrame
  m_time 0.610000
  m_vertexTransformMat 0.968940 -0.156736 0.191283 0.000000 0.133162 0.982465 0.130497 0.000000 -0.208382 -0.100973 0.972821 0.000000 -4.253230 -2.994090 -2.327824 1.000000
aniFrame
  m_time 0.649000
  m_vertexTransformMat 0.961982 -0.151599 0.227174 0.000000 0.123636 0.983413 0.132712 0.000000 -0.243525 -0.099580 0.964769 0.000000 -4.675356 -2.961869 -2.723304 1.000000
aniFrame
  m_time 0.688000
  m_vertexTransformMat 0.958519 -0.136774 0.250068 0.000000 0.105948 0.985452 0.132889 0.000000 -0.264606 -0.100882 0.959065 0.000000 -4.982837 -2.994195 -2.811967 1.000000
aniFrame
  m_time 0.727000
  m_vertexTransformMat 0.960624 -0.105542 0.257027 0.000000 0.073730 0.988712 0.130432 0.000000 -0.267892 -0.106346 0.957562 0.000000 -4.973722 -3.126199 -2.634286 1.000000
aniFrame
  m_time 0.766000
  m_vertexTransformMat 0.966444 -0.057374 0.250388 0.000000 0.026203 0.991672 0.126097 0.000000 -0.255538 -0.115305 0.959899 0.000000 -4.642553 -3.341900 -2.286113 1.000000
aniFrame
  m_time 0.805000
  m_vertexTransformMat 0.972731 -0.002718 0.231922 0.000000 -0.026231 0.992227 0.121645 0.000000 -0.230450 -0.124411 0.965098 0.000000 -4.055005 -3.561049 -1.843745 1.000000
aniFrame
  m_time 0.844000
  m_vertexTransformMat 0.978016 0.046332 0.203317 0.000000 -0.071554 0.990371 0.118510 0.000000 -0.195868 -0.130453 0.971914 0.000000 -3.281531 -3.706969 -1.391721 1.000000
aniFrame
  m_time 0.883000
  m_vertexTransformMat 0.982995 0.081041 0.164784 0.000000 -0.101077 0.987966 0.117076 0.000000 -0.153313 -0.131741 0.979357 0.000000 -2.349576 -3.739563 -1.009390 1.000000
aniFrame
  m_time 0.922000
  m_vertexTransformMat 0.987772 0.107275 0.113135 0.000000 -0.120446 0.985819 0.116847 0.000000 -0.098995 -0.129044 0.986685 0.000000 -1.178169 -3.677572 -0.772116 1.000000
aniFrame
  m_time 0.961000
  m_vertexTransformMat 0.990323 0.128647 0.052052 0.000000 -0.134012 0.983951 0.117818 0.000000 -0.036059 -0.123653 0.991670 0.000000 0.126055 -3.551736 -0.741237 1.000000
aniFrame
  m_time 1.000000
  m_vertexTransformMat 0.989539 0.143878 -0.010588 0.000000 -0.141603 0.982685 0.119496 0.000000 0.027598 -0.116747 0.992778 0.000000 1.384388 -3.389808 -0.897913 1.000000
aniFrame
  m_time 1.039000
  m_vertexTransformMat 0.985921 0.152464 -0.068661 0.000000 -0.143415 0.982165 0.121589 0.000000 0.085974 -0.110030 0.990203 0.000000 2.476298 -3.231993 -1.175066 1.000000
aniFrame
  m_time 1.078000
  m_vertexTransformMat 0.981239 0.153723 -0.116354 0.000000 -0.139150 0.982419 0.124457 0.000000 0.133440 -0.105932 0.985379 0.000000 3.267666 -3.135517 -1.503553 1.000000
aniFrame
  m_time 1.117000
  m_vertexTransformMat 0.977001 0.145353 -0.156019 0.000000 -0.125872 0.983722 0.128249 0.000000 0.172120 -0.105661 0.979393 0.000000 3.729168 -3.128764 -1.940314 1.000000
aniFrame
  m_time 1.156000
  m_vertexTransformMat 0.973529 0.127765 -0.189520 0.000000 -0.103799 0.985875 0.131435 0.000000 0.203636 -0.108284 0.973040 0.000000 3.983026 -3.189687 -2.393359 1.000000
aniFrame
  m_time 1.195000
  m_vertexTransformMat 0.971289 0.103182 -0.214363 0.000000 -0.075740 0.988282 0.132522 0.000000 0.225525 -0.112481 0.967722 0.000000 4.162798 -3.287246 -2.634773 1.000000
aniFrame
  m_time 1.234000
  m_vertexTransformMat 0.970802 0.073487 -0.228350 0.000000 -0.044295 0.990467 0.130435 0.000000 0.235758 -0.116511 0.964802 0.000000 4.259757 -3.380411 -2.552613 1.000000
aniFrame
  m_time 1.273000
  m_vertexTransformMat 0.972311 0.032942 -0.231356 0.000000 -0.004062 0.992248 0.124211 0.000000 0.233654 -0.119832 0.964907 0.000000 4.146095 -3.455888 -2.240305 1.000000
aniFrame
  m_time 1.312000
  m_vertexTransformMat 0.974358 -0.018195 -0.224265 0.000000 0.045091 0.992295 0.115398 0.000000 0.220437 -0.122552 0.967672 0.000000 3.829892 -3.516001 -1.800984 1.000000
aniFrame
  m_time 1.351000
  m_vertexTransformMat 0.975961 -0.068934 -0.206755 0.000000 0.092644 0.989904 0.107269 0.000000 0.197273 -0.123845 0.972495 0.000000 3.325754 -3.541969 -1.342139 1.000000
aniFrame
  m_time 1.390000
  m_vertexTransformMat 0.977889 -0.107936 -0.179114 0.000000 0.127719 0.986465 0.102837 0.000000 0.165590 -0.123440 0.978439 0.000000 2.653576 -3.528569 -0.982632 1.000000
aniFrame
  m_time 1.429000
  m_vertexTransformMat 0.981557 -0.130697 -0.139515 0.000000 0.145696 0.983920 0.103311 0.000000 0.123769 -0.121732 0.984816 0.000000 1.773063 -3.485950 -0.785762 1.000000
aniFrame
  m_time 1.468000
  m_vertexTransformMat 0.985701 -0.143883 -0.087700 0.000000 0.152937 0.982409 0.107157 0.000000 0.070739 -0.119037 0.990367 0.000000 0.669275 -3.421027 -0.727235 1.000000
aniFrame
  m_time 1.507000
  m_vertexTransformMat 0.988169 -0.150570 -0.029183 0.000000 0.152923 0.981826 0.112396 0.000000 0.011729 -0.115529 0.993235 0.000000 -0.535783 -3.337666 -0.809410 1.000000
aniFrame
  m_time 1.546000
  m_vertexTransformMat 0.987749 -0.153088 0.030250 0.000000 0.148571 0.981870 0.117722 0.000000 -0.047723 -0.111786 0.992586 0.000000 -1.714820 -3.249216 -1.015674 1.000000
aniFrame
  m_time 1.585000
  m_vertexTransformMat 0.984438 -0.153947 0.084746 0.000000 0.143076 0.982148 0.122120 0.000000 -0.102034 -0.108095 0.988891 0.000000 -2.745058 -3.162174 -1.291871 1.000000
aniFrame
  m_time 1.624000
  m_vertexTransformMat 0.978974 -0.155589 0.131915 0.000000 0.139126 0.982225 0.126008 0.000000 -0.149175 -0.105006 0.983220 0.000000 -3.515098 -3.089221 -1.651620 1.000000
aniFrame
  m_time 1.663000
  m_vertexTransformMat 0.971654 -0.157067 0.176685 0.000000 0.135232 0.982309 0.129545 0.000000 -0.193907 -0.101979 0.975705 0.000000 -4.085141 -3.017763 -2.151448 1.000000
aniFrame
  m_time 1.702000
  m_vertexTransformMat 0.964174 -0.154300 0.215779 0.000000 0.127737 0.982967 0.132131 0.000000 -0.232492 -0.099834 0.967461 0.000000 -4.530334 -2.967546 -2.616406 1.000000
aniFrame
  m_time 1.741000
  m_vertexTransformMat 0.959184 -0.143232 0.243823 0.000000 0.113204 0.984620 0.133070 0.000000 -0.259133 -0.100037 0.960647 0.000000 -4.896054 -2.973561 -2.821143 1.000000
aniFrame
  m_time 1.780000
  m_vertexTransformMat 0.959265 -0.118647 0.256387 0.000000 0.086972 0.987484 0.131570 0.000000 -0.268788 -0.103912 0.957578 0.000000 -5.020231 -3.067518 -2.720872 1.000000
aniFrame
  m_time 1.819000
  m_vertexTransformMat 0.964209 -0.075612 0.254132 0.000000 0.044040 0.990833 0.127710 0.000000 -0.261459 -0.111947 0.958701 0.000000 -4.790835 -3.261094 -2.422969 1.000000
aniFrame
  m_time 1.858000
  m_vertexTransformMat 0.970622 -0.021674 0.239631 0.000000 -0.008219 0.992367 0.123048 0.000000 -0.240468 -0.121402 0.963035 0.000000 -4.285316 -3.488639 -2.003114 1.000000
aniFrame
  m_time 1.897000
  m_vertexTransformMat 0.976281 0.030898 0.214292 0.000000 -0.057566 0.991182 0.119348 0.000000 -0.208715 -0.128853 0.969451 0.000000 -3.565876 -3.668210 -1.544242 1.000000
aniFrame
  m_time 1.936000
  m_vertexTransformMat 0.981190 0.070378 0.179756 0.000000 -0.092466 0.988746 0.117606 0.000000 -0.169456 -0.132015 0.976656 0.000000 -2.703077 -3.745347 -1.132677 1.000000
aniFrame
  m_time 1.975000
  m_vertexTransformMat 0.986245 0.095571 0.134861 0.000000 -0.111688 0.986773 0.117495 0.000000 -0.121848 -0.130941 0.983874 0.000000 -1.674916 -3.721578 -0.842721 1.000000
aniFrame
  m_time 2.014000
  m_vertexTransformMat 0.990288 0.113666 0.080057 0.000000 -0.122675 0.985354 0.118439 0.000000 -0.065422 -0.127110 0.989729 0.000000 -0.515646 -3.632356 -0.751424 1.000000
aniFrame
  m_time 2.053000
  m_vertexTransformMat 0.991659 0.127368 0.019736 0.000000 -0.128821 0.984388 0.119940 0.000000 -0.004151 -0.121482 0.992585 0.000000 0.680748 -3.500528 -0.852976 1.000000
aniFrame
  m_time 2.092000
  m_vertexTransformMat 0.989337 0.139609 -0.041487 0.000000 -0.133689 0.983530 0.121641 0.000000 0.057786 -0.114798 0.991707 0.000000 1.864911 -3.343698 -1.088564 1.000000
aniFrame
  m_time 2.131000
  m_vertexTransformMat 0.983059 0.153623 -0.099969 0.000000 -0.140875 0.982221 0.124078 0.000000 0.117253 -0.107893 0.987224 0.000000 3.010074 -3.181716 -1.379209 1.000000
aniFrame
  m_time 2.133000
  m_vertexTransformMat 0.982623 0.154332 -0.103121 0.000000 -0.141285 0.982210 0.123704 0.000000 0.120378 -0.106985 0.986946 0.000000 3.070774 -3.160367 -1.394785 1.000000
