m_aniFrameList.size 202
aniFrame
  m_time -1.066000
  m_vertexTransformMat 0.998053 0.059342 0.019204 0.000000 -0.062353 0.956793 0.284007 0.000000 -0.001520 -0.284652 0.958630 0.000000 -6.767280 -4.740818 -1.199988 1.000000
aniFrame
  m_time -1.050000
  m_vertexTransformMat 0.999187 0.036441 0.017225 0.000000 -0.040133 0.939140 0.341182 0.000000 -0.003743 -0.341596 0.939840 0.000000 -6.929387 -6.540448 -1.933393 1.000000
aniFrame
  m_time -1.034000
  m_vertexTransformMat 0.999826 0.014369 0.011865 0.000000 -0.017926 0.915539 0.401831 0.000000 -0.005089 -0.401974 0.915637 0.000000 -7.043052 -8.577770 -2.912634 1.000000
aniFrame
  m_time -1.018000
  m_vertexTransformMat 0.999986 -0.004735 0.002165 0.000000 0.003122 0.878031 0.478595 0.000000 -0.004167 -0.478582 0.878034 0.000000 -7.054365 -11.509748 -4.567636 1.000000
aniFrame
  m_time -1.002000
  m_vertexTransformMat 0.999755 -0.018906 -0.011487 0.000000 0.022098 0.829312 0.558349 0.000000 -0.001030 -0.558466 0.829527 0.000000 -6.914401 -14.790702 -6.783786 1.000000
aniFrame
  m_time -0.986000
  m_vertexTransformMat 0.999364 -0.021568 -0.028420 0.000000 0.034637 0.777464 0.627973 0.000000 0.008551 -0.628557 0.777717 0.000000 -6.320880 -18.039778 -9.209373 1.000000
aniFrame
  m_time -0.970000
  m_vertexTransformMat 0.998863 -0.013999 -0.045570 0.000000 0.041661 0.720985 0.691697 0.000000 0.023172 -0.692809 0.720749 0.000000 -5.395567 -21.363865 -11.865782 1.000000
aniFrame
  m_time -0.954000
  m_vertexTransformMat 0.997999 -0.003819 -0.063123 0.000000 0.050083 0.657174 0.752073 0.000000 0.038611 -0.753730 0.656050 0.000000 -4.369588 -24.679661 -14.766112 1.000000
aniFrame
  m_time -0.938000
  m_vertexTransformMat 0.996837 0.011302 -0.078665 0.000000 0.056917 0.589287 0.805917 0.000000 0.055465 -0.807845 0.586779 0.000000 -3.224469 -27.878761 -17.772465 1.000000
aniFrame
  m_time -0.922000
  m_vertexTransformMat 0.995926 0.023918 -0.086941 0.000000 0.061207 0.528709 0.846594 0.000000 0.066215 -0.848466 0.525091 0.000000 -2.348085 -30.579132 -20.441465 1.000000
aniFrame
  m_time -0.906000
  m_vertexTransformMat 0.995588 0.032857 -0.087889 0.000000 0.061742 0.475914 0.877322 0.000000 0.070654 -0.878877 0.471786 0.000000 -1.730414 -32.908638 -22.746132 1.000000
aniFrame
  m_time -0.890000
  m_vertexTransformMat 0.996533 0.034540 -0.075687 0.000000 0.053001 0.437672 0.897571 0.000000 0.064128 -0.898471 0.434324 0.000000 -1.582800 -34.862289 -24.511061 1.000000
aniFrame
  m_time -0.874000
  m_vertexTransformMat 0.998395 0.027364 -0.049588 0.000000 0.033810 0.414474 0.909433 0.000000 0.045439 -0.909650 0.412883 0.000000 -1.940250 -36.536018 -25.720312 1.000000
aniFrame
  m_time -0.858000
  m_vertexTransformMat 0.999695 0.016787 -0.018130 0.000000 0.009874 0.401210 0.915933 0.000000 0.022650 -0.915833 0.400922 0.000000 -2.500333 -38.095024 -26.536360 1.000000
aniFrame
  m_time -0.842000
  m_vertexTransformMat 0.999799 0.002417 0.019930 0.000000 -0.019237 0.399277 0.916629 0.000000 -0.005742 -0.916827 0.399243 0.000000 -3.315955 -39.555737 -26.918509 1.000000
aniFrame
  m_time -0.826000
  m_vertexTransformMat 0.998648 -0.008590 0.051264 0.000000 -0.043386 0.405394 0.913112 0.000000 -0.028625 -0.914101 0.404474 0.000000 -3.990131 -40.830994 -26.858971 1.000000
aniFrame
  m_time -0.810000
  m_vertexTransformMat 0.997218 -0.017516 0.072453 0.000000 -0.058490 0.418666 0.906255 0.000000 -0.046207 -0.907972 0.416477 0.000000 -4.556419 -41.916515 -26.365473 1.000000
aniFrame
  m_time -0.794000
  m_vertexTransformMat 0.996719 -0.020270 0.078369 0.000000 -0.061614 0.437936 0.896893 0.000000 -0.052501 -0.898778 0.435250 0.000000 -4.738079 -42.831589 -25.379465 1.000000
aniFrame
  m_time -0.778000
  m_vertexTransformMat 0.997819 -0.018265 0.063432 0.000000 -0.047822 0.462375 0.885394 0.000000 -0.045501 -0.886496 0.460493 0.000000 -4.474567 -43.549694 -23.880981 1.000000
aniFrame
  m_time -0.762000
  m_vertexTransformMat 0.999149 -0.013998 0.038804 0.000000 -0.026864 0.493045 0.869589 0.000000 -0.031305 -0.869891 0.492249 0.000000 -3.935670 -44.032421 -22.009674 1.000000
aniFrame
  m_time -0.746000
  m_vertexTransformMat 0.999954 -0.008477 0.004645 0.000000 0.000560 0.530532 0.847665 0.000000 -0.009650 -0.847622 0.530512 0.000000 -3.095681 -44.257813 -19.760880 1.000000
aniFrame
  m_time -0.730000
  m_vertexTransformMat 0.999559 -0.004901 -0.029279 0.000000 0.026784 0.574247 0.818244 0.000000 0.012803 -0.818667 0.574125 0.000000 -2.207999 -44.070992 -17.349081 1.000000
aniFrame
  m_time -0.714000
  m_vertexTransformMat 0.998318 -0.002090 -0.057938 0.000000 0.046604 0.623379 0.780530 0.000000 0.034486 -0.781917 0.622428 0.000000 -1.317787 -43.415615 -14.885532 1.000000
aniFrame
  m_time -0.698000
  m_vertexTransformMat 0.996715 -0.001522 -0.080971 0.000000 0.060613 0.677100 0.733391 0.000000 0.053709 -0.735889 0.674969 0.000000 -0.520259 -42.253929 -12.380302 1.000000
aniFrame
  m_time -0.682000
  m_vertexTransformMat 0.995303 -0.002400 -0.096781 0.000000 0.067354 0.735250 0.674441 0.000000 0.069540 -0.677792 0.731958 0.000000 0.131961 -40.479420 -9.840805 1.000000
aniFrame
  m_time -0.666000
  m_vertexTransformMat 0.993904 -0.004260 -0.110167 0.000000 0.070427 0.793334 0.604699 0.000000 0.084823 -0.608771 0.788798 0.000000 0.743830 -38.164528 -7.359239 1.000000
aniFrame
  m_time -0.650000
  m_vertexTransformMat 0.992320 -0.007761 -0.123453 0.000000 0.071772 0.848981 0.523528 0.000000 0.100746 -0.528368 0.843017 0.000000 1.373456 -35.317360 -4.959056 1.000000
aniFrame
  m_time -0.634000
  m_vertexTransformMat 0.990589 -0.012455 -0.136306 0.000000 0.070865 0.898661 0.432883 0.000000 0.117101 -0.438468 0.891086 0.000000 1.983003 -31.986219 -2.783974 1.000000
aniFrame
  m_time -0.618000
  m_vertexTransformMat 0.989060 -0.018030 -0.146406 0.000000 0.067073 0.938938 0.337487 0.000000 0.131381 -0.343614 0.929875 0.000000 2.465202 -28.318235 -0.981326 1.000000
aniFrame
  m_time -0.602000
  m_vertexTransformMat 0.987770 -0.023686 -0.154108 0.000000 0.060465 0.969238 0.238584 0.000000 0.143716 -0.244985 0.958816 0.000000 2.834039 -24.377813 0.443504 1.000000
aniFrame
  m_time -0.586000
  m_vertexTransformMat 0.986776 -0.029108 -0.159458 0.000000 0.052205 0.988398 0.142635 0.000000 0.153456 -0.149073 0.976846 0.000000 3.040362 -20.413523 1.417817 1.000000
aniFrame
  m_time -0.570000
  m_vertexTransformMat 0.986407 -0.033128 -0.160946 0.000000 0.041855 0.997814 0.051134 0.000000 0.158900 -0.057175 0.985638 0.000000 3.049304 -16.501221 2.003335 1.000000
aniFrame
  m_time -0.554000
  m_vertexTransformMat 0.986047 -0.037038 -0.162292 0.000000 0.031812 0.998892 -0.034683 0.000000 0.163397 0.029036 0.986133 0.000000 3.025104 -12.774413 2.276657 1.000000
aniFrame
  m_time -0.538000
  m_vertexTransformMat 0.986595 -0.037596 -0.158801 0.000000 0.020895 0.994194 -0.105559 0.000000 0.161848 0.100826 0.981652 0.000000 2.704975 -9.536179 2.253591 1.000000
aniFrame
  m_time -0.522000
  m_vertexTransformMat 0.990569 -0.021471 -0.135326 0.000000 0.004221 0.991959 -0.126487 0.000000 0.136954 0.124723 0.982694 0.000000 1.115270 -7.999734 1.989226 1.000000
aniFrame
  m_time -0.506000
  m_vertexTransformMat 0.995420 0.005528 -0.095439 0.000000 -0.015794 0.994119 -0.107141 0.000000 0.094285 0.108158 0.989653 0.000000 -1.425909 -7.905643 1.590034 1.000000
aniFrame
  m_time -0.490000
  m_vertexTransformMat 0.997924 0.031643 -0.056095 0.000000 -0.035687 0.996721 -0.072622 0.000000 0.053614 0.074473 0.995781 0.000000 -3.747513 -8.441434 1.072825 1.000000
aniFrame
  m_time -0.474000
  m_vertexTransformMat 0.998397 0.054449 -0.015420 0.000000 -0.054789 0.998244 -0.022534 0.000000 0.014166 0.023343 0.999627 0.000000 -5.911086 -9.580029 0.384374 1.000000
aniFrame
  m_time -0.458000
  m_vertexTransformMat 0.997696 0.067365 0.008025 0.000000 -0.067375 0.997727 0.000965 0.000000 -0.007942 -0.001503 0.999967 0.000000 -7.109731 -9.834048 -0.044022 1.000000
aniFrame
  m_time -0.442000
  m_vertexTransformMat 0.997449 0.070400 0.011778 0.000000 -0.070410 0.997519 0.000430 0.000000 -0.011718 -0.001258 0.999931 0.000000 -7.338998 -9.222790 -0.011730 1.000000
aniFrame
  m_time -0.426000
  m_vertexTransformMat 0.997301 0.071887 0.014948 0.000000 -0.071889 0.997413 -0.000418 0.000000 -0.014939 -0.000658 0.999888 0.000000 -7.547659 -8.543856 0.059591 1.000000
aniFrame
  m_time -0.410000
  m_vertexTransformMat 0.996973 0.075260 0.019495 0.000000 -0.075266 0.997164 -0.000438 0.000000 -0.019473 -0.001031 0.999810 0.000000 -7.808885 -7.890427 0.028054 1.000000
aniFrame
  m_time -0.394000
  m_vertexTransformMat 0.996703 0.077822 0.022969 0.000000 -0.077833 0.996967 -0.000444 0.000000 -0.022934 -0.001346 0.999736 0.000000 -8.008544 -7.233908 0.005380 1.000000
aniFrame
  m_time -0.378000
  m_vertexTransformMat 0.996519 0.079457 0.025259 0.000000 -0.079482 0.996837 -0.000030 0.000000 -0.025182 -0.001978 0.999681 0.000000 -8.139478 -6.584796 -0.001878 1.000000
aniFrame
  m_time -0.362000
  m_vertexTransformMat 0.996391 0.080578 0.026711 0.000000 -0.080619 0.996745 0.000433 0.000000 -0.026589 -0.002585 0.999643 0.000000 -8.221541 -5.933776 -0.003281 1.000000
aniFrame
  m_time -0.346000
  m_vertexTransformMat 0.996338 0.081030 0.027293 0.000000 -0.081087 0.996706 0.000973 0.000000 -0.027124 -0.003183 0.999627 0.000000 -8.254175 -5.277447 0.003731 1.000000
aniFrame
  m_time -0.330000
  m_vertexTransformMat 0.996323 0.081217 0.027285 0.000000 -0.081290 0.996689 0.001601 0.000000 -0.027064 -0.003813 0.999626 0.000000 -8.251461 -4.620304 0.013391 1.000000
aniFrame
  m_time -0.314000
  m_vertexTransformMat 0.996366 0.080894 0.026656 0.000000 -0.080980 0.996713 0.002174 0.000000 -0.026393 -0.004325 0.999642 0.000000 -8.214751 -3.953908 0.030372 1.000000
aniFrame
  m_time -0.298000
  m_vertexTransformMat 0.996429 0.080440 0.025677 0.000000 -0.080538 0.996748 0.002825 0.000000 -0.025366 -0.004883 0.999666 0.000000 -8.156332 -3.286613 0.046349 1.000000
aniFrame
  m_time -0.282000
  m_vertexTransformMat 0.996497 0.079953 0.024540 0.000000 -0.080034 0.996790 0.002334 0.000000 -0.024274 -0.004290 0.999697 0.000000 -8.093683 -2.555714 0.058126 1.000000
aniFrame
  m_time -0.266000
  m_vertexTransformMat 0.996627 0.078841 0.022807 0.000000 -0.078957 0.996869 0.004204 0.000000 -0.022405 -0.005991 0.999731 0.000000 -7.988515 -1.943964 0.088560 1.000000
aniFrame
  m_time -0.250000
  m_vertexTransformMat 0.996852 0.076687 0.020172 0.000000 -0.076930 0.996970 0.011563 0.000000 -0.019224 -0.013079 0.999730 0.000000 -7.805432 -1.625048 0.138720 1.000000
aniFrame
  m_time -0.234000
  m_vertexTransformMat 0.997121 0.073895 0.017005 0.000000 -0.074267 0.996987 0.022400 0.000000 -0.015298 -0.023599 0.999605 0.000000 -7.579544 -1.490054 0.198665 1.000000
aniFrame
  m_time -0.218000
  m_vertexTransformMat 0.997390 0.070891 0.013695 0.000000 -0.071345 0.996796 0.036179 0.000000 -0.011087 -0.037062 0.999252 0.000000 -7.336162 -1.516396 0.258650 1.000000
aniFrame
  m_time -0.202000
  m_vertexTransformMat 0.997637 0.067918 0.010411 0.000000 -0.068367 0.996322 0.051668 0.000000 -0.006864 -0.052257 0.998610 0.000000 -7.091735 -1.635322 0.305367 1.000000
aniFrame
  m_time -0.186000
  m_vertexTransformMat 0.997819 0.065552 0.007767 0.000000 -0.065924 0.995624 0.066233 0.000000 -0.003392 -0.066601 0.997774 0.000000 -6.891078 -1.707895 0.334532 1.000000
aniFrame
  m_time -0.170000
  m_vertexTransformMat 0.997955 0.063655 0.005809 0.000000 -0.063915 0.994742 0.080019 0.000000 -0.000685 -0.080227 0.996776 0.000000 -6.732775 -1.741397 0.346319 1.000000
aniFrame
  m_time -0.154000
  m_vertexTransformMat 0.998032 0.062528 0.004696 0.000000 -0.062695 0.993815 0.091654 0.000000 0.001064 -0.091768 0.995780 0.000000 -6.637418 -1.647414 0.346073 1.000000
aniFrame
  m_time -0.138000
  m_vertexTransformMat 0.998060 0.062086 0.004817 0.000000 -0.062255 0.992929 0.101080 0.000000 0.001492 -0.101184 0.994867 0.000000 -6.608882 -1.451562 0.332090 1.000000
aniFrame
  m_time -0.122000
  m_vertexTransformMat 0.998013 0.062768 0.005515 0.000000 -0.062992 0.991801 0.111195 0.000000 0.001509 -0.111321 0.993784 0.000000 -6.615669 -1.273210 0.301238 1.000000
aniFrame
  m_time -0.106000
  m_vertexTransformMat 0.997903 0.064299 0.007346 0.000000 -0.064716 0.990613 0.120407 0.000000 0.000465 -0.120630 0.992697 0.000000 -6.672477 -1.076930 0.251602 1.000000
aniFrame
  m_time -0.090000
  m_vertexTransformMat 0.997759 0.066143 0.010083 0.000000 -0.066896 0.988857 0.132991 0.000000 -0.001174 -0.133367 0.991066 0.000000 -6.745888 -1.038624 0.172134 1.000000
aniFrame
  m_time -0.074000
  m_vertexTransformMat 0.997581 0.068403 0.012355 0.000000 -0.069478 0.986588 0.147705 0.000000 -0.002086 -0.148206 0.988954 0.000000 -6.804430 -1.122004 0.071008 1.000000
aniFrame
  m_time -0.058000
  m_vertexTransformMat 0.997456 0.069523 0.015733 0.000000 -0.071175 0.983445 0.166643 0.000000 -0.003887 -0.167338 0.985892 0.000000 -6.874528 -1.412927 -0.074338 1.000000
aniFrame
  m_time -0.042000
  m_vertexTransformMat 0.997400 0.069821 0.017855 0.000000 -0.071945 0.979091 0.190275 0.000000 -0.004196 -0.191064 0.981569 0.000000 -6.897603 -1.917859 -0.257124 1.000000
aniFrame
  m_time -0.026000
  m_vertexTransformMat 0.997494 0.068103 0.019212 0.000000 -0.070662 0.973078 0.219378 0.000000 -0.003755 -0.220185 0.975451 0.000000 -6.876103 -2.709368 -0.511518 1.000000
aniFrame
  m_time -0.010000
  m_vertexTransformMat 0.997694 0.064995 0.019537 0.000000 -0.067832 0.964430 0.255487 0.000000 -0.002237 -0.256223 0.966615 0.000000 -6.794207 -3.830254 -0.866344 1.000000
aniFrame
  m_time 0.005000
  m_vertexTransformMat 0.998324 0.054664 0.019010 0.000000 -0.057849 0.952373 0.299400 0.000000 -0.001738 -0.299998 0.953938 0.000000 -6.787660 -5.229393 -1.378721 1.000000
aniFrame
  m_time 0.021000
  m_vertexTransformMat 0.999239 0.034908 0.017418 0.000000 -0.038801 0.935672 0.350732 0.000000 -0.004054 -0.351140 0.936314 0.000000 -6.940606 -6.815889 -2.076333 1.000000
aniFrame
  m_time 0.037000
  m_vertexTransformMat 0.999850 0.013502 0.010826 0.000000 -0.016785 0.908900 0.416677 0.000000 -0.004214 -0.416796 0.908991 0.000000 -6.995401 -9.150275 -3.226341 1.000000
aniFrame
  m_time 0.053000
  m_vertexTransformMat 0.999970 -0.007737 -0.000943 0.000000 0.007165 0.864803 0.502060 0.000000 -0.003069 -0.502051 0.864833 0.000000 -7.008444 -12.467145 -5.182660 1.000000
aniFrame
  m_time 0.069000
  m_vertexTransformMat 0.999619 -0.021699 -0.017057 0.000000 0.027574 0.812244 0.582667 0.000000 0.001211 -0.582915 0.812532 0.000000 -6.778100 -15.868687 -7.571126 1.000000
aniFrame
  m_time 0.085000
  m_vertexTransformMat 0.999213 -0.019938 -0.034303 0.000000 0.037463 0.758879 0.650154 0.000000 0.013069 -0.650927 0.759028 0.000000 -6.045972 -19.166698 -10.084764 1.000000
aniFrame
  m_time 0.101000
  m_vertexTransformMat 0.998623 -0.011229 -0.051254 0.000000 0.044420 0.700851 0.711924 0.000000 0.027927 -0.713220 0.700384 0.000000 -5.096013 -22.462612 -12.792134 1.000000
aniFrame
  m_time 0.117000
  m_vertexTransformMat 0.997624 0.000963 -0.068889 0.000000 0.052645 0.634336 0.771263 0.000000 0.044441 -0.773057 0.632778 0.000000 -3.995300 -25.794977 -15.777790 1.000000
aniFrame
  m_time 0.133000
  m_vertexTransformMat 0.996490 0.015985 -0.082175 0.000000 0.058566 0.568289 0.820743 0.000000 0.059818 -0.822674 0.565358 0.000000 -2.911616 -28.836979 -18.698496 1.000000
aniFrame
  m_time 0.149000
  m_vertexTransformMat 0.995720 0.027382 -0.088270 0.000000 0.062037 0.509932 0.857975 0.000000 0.068505 -0.859779 0.506050 0.000000 -2.113553 -31.401094 -21.255741 1.000000
aniFrame
  m_time 0.165000
  m_vertexTransformMat 0.995724 0.034549 -0.085680 0.000000 0.060169 0.461240 0.885233 0.000000 0.070103 -0.886603 0.457188 0.000000 -1.613499 -33.601643 -23.403053 1.000000
aniFrame
  m_time 0.181000
  m_vertexTransformMat 0.997141 0.032831 -0.068065 0.000000 0.047480 0.428535 0.902277 0.000000 0.058791 -0.902928 0.425751 0.000000 -1.661542 -35.439686 -24.969980 1.000000
aniFrame
  m_time 0.197000
  m_vertexTransformMat 0.998923 0.024175 -0.039599 0.000000 0.026260 0.409039 0.912140 0.000000 0.038249 -0.912197 0.407963 0.000000 -2.104222 -37.058750 -26.036509 1.000000
aniFrame
  m_time 0.213000
  m_vertexTransformMat 0.999910 0.012084 -0.005738 0.000000 0.000434 0.399365 0.916792 0.000000 0.013370 -0.916712 0.399324 0.000000 -2.758197 -38.594139 -26.718798 1.000000
aniFrame
  m_time 0.229000
  m_vertexTransformMat 0.999492 -0.001821 0.031826 0.000000 -0.028431 0.400640 0.915795 0.000000 -0.014419 -0.916234 0.400385 0.000000 -3.569312 -40.002934 -26.948704 1.000000
aniFrame
  m_time 0.245000
  m_vertexTransformMat 0.998156 -0.011895 0.059524 0.000000 -0.049463 0.409025 0.911182 0.000000 -0.035185 -0.912446 0.407682 0.000000 -4.196465 -41.211586 -26.746914 1.000000
aniFrame
  m_time 0.261000
  m_vertexTransformMat 0.996876 -0.019343 0.076583 0.000000 -0.061160 0.424524 0.903349 0.000000 -0.049985 -0.905210 0.422015 0.000000 -4.677714 -42.240189 -26.095209 1.000000
aniFrame
  m_time 0.277000
  m_vertexTransformMat 0.996960 -0.019909 0.075336 0.000000 -0.058613 0.445466 0.893378 0.000000 -0.051346 -0.895078 0.442945 0.000000 -4.689607 -43.095325 -24.930969 1.000000
aniFrame
  m_time 0.293000
  m_vertexTransformMat 0.998303 -0.017086 0.055678 0.000000 -0.041044 0.471850 0.880723 0.000000 -0.041319 -0.881513 0.470347 0.000000 -4.320324 -43.737629 -23.292067 1.000000
aniFrame
  m_time 0.309000
  m_vertexTransformMat 0.999523 -0.012107 0.028422 0.000000 -0.018426 0.504789 0.863046 0.000000 -0.024796 -0.863158 0.504324 0.000000 -3.683484 -44.142620 -21.298023 1.000000
aniFrame
  m_time 0.325000
  m_vertexTransformMat 0.999947 -0.007005 -0.007511 0.000000 0.010114 0.544475 0.838716 0.000000 -0.001786 -0.838748 0.544517 0.000000 -2.788185 -44.248665 -18.959360 1.000000
aniFrame
  m_time 0.341000
  m_vertexTransformMat 0.999223 -0.003901 -0.039214 0.000000 0.033960 0.590045 0.806656 0.000000 0.019992 -0.807361 0.589719 0.000000 -1.915600 -43.904610 -16.536470 1.000000
aniFrame
  m_time 0.357000
  m_vertexTransformMat 0.997790 -0.001520 -0.066428 0.000000 0.051968 0.640832 0.765921 0.000000 0.041405 -0.767680 0.639495 0.000000 -1.030306 -43.088017 -14.052363 1.000000
aniFrame
  m_time 0.373000
  m_vertexTransformMat 0.996219 -0.001830 -0.086863 0.000000 0.063634 0.696080 0.715139 0.000000 0.059155 -0.717962 0.693564 0.000000 -0.295208 -41.733147 -11.536489 1.000000
aniFrame
  m_time 0.389000
  m_vertexTransformMat 0.994855 -0.002789 -0.101275 0.000000 0.068511 0.754926 0.652222 0.000000 0.074636 -0.655804 0.751233 0.000000 0.338713 -39.758659 -9.000534 1.000000
aniFrame
  m_time 0.405000
  m_vertexTransformMat 0.993394 -0.005360 -0.114631 0.000000 0.071216 0.812081 0.579184 0.000000 0.089985 -0.583521 0.807098 0.000000 0.947909 -37.285797 -6.553020 1.000000
aniFrame
  m_time 0.421000
  m_vertexTransformMat 0.991753 -0.009153 -0.127841 0.000000 0.071666 0.866550 0.493918 0.000000 0.106260 -0.499007 0.860059 0.000000 1.586169 -34.245567 -4.194333 1.000000
aniFrame
  m_time 0.437000
  m_vertexTransformMat 0.990035 -0.014323 -0.140095 0.000000 0.070082 0.912990 0.401919 0.000000 0.122148 -0.407732 0.904895 0.000000 2.156129 -30.813105 -2.148836 1.000000
aniFrame
  m_time 0.453000
  m_vertexTransformMat 0.988617 -0.019894 -0.149134 0.000000 0.065053 0.950297 0.304474 0.000000 0.135665 -0.310710 0.940773 0.000000 2.601476 -27.016983 -0.457770 1.000000
aniFrame
  m_time 0.469000
  m_vertexTransformMat 0.987365 -0.025602 -0.156384 0.000000 0.058023 0.976738 0.206437 0.000000 0.147461 -0.212903 0.965882 0.000000 2.926569 -23.067873 0.813942 1.000000
aniFrame
  m_time 0.485000
  m_vertexTransformMat 0.986595 -0.030629 -0.160289 0.000000 0.048897 0.992583 0.111300 0.000000 0.155691 -0.117646 0.980775 0.000000 3.062954 -19.086571 1.654522 1.000000
aniFrame
  m_time 0.501000
  m_vertexTransformMat 0.986362 -0.034125 -0.161016 0.000000 0.038292 0.999005 0.022848 0.000000 0.160076 -0.028702 0.986687 0.000000 3.020410 -15.269915 2.119686 1.000000
aniFrame
  m_time 0.517000
  m_vertexTransformMat 0.985970 -0.038307 -0.162469 0.000000 0.028562 0.997674 -0.061898 0.000000 0.164462 0.056389 0.984771 0.000000 3.001404 -11.575445 2.304752 1.000000
aniFrame
  m_time 0.533000
  m_vertexTransformMat 0.987500 -0.034390 -0.153821 0.000000 0.016029 0.992759 -0.119052 0.000000 0.156802 0.115098 0.980901 0.000000 2.355388 -8.799849 2.184314 1.000000
aniFrame
  m_time 0.549000
  m_vertexTransformMat 0.992342 -0.012887 -0.122847 0.000000 -0.002312 0.992431 -0.122787 0.000000 0.123500 0.122131 0.984801 0.000000 0.302788 -7.862828 1.869829 1.000000
aniFrame
  m_time 0.565000
  m_vertexTransformMat 0.996506 0.014392 -0.082269 0.000000 -0.022443 0.994954 -0.097796 0.000000 0.080446 0.099301 0.991800 0.000000 -2.229409 -7.998662 1.435495 1.000000
aniFrame
  m_time 0.581000
  m_vertexTransformMat 0.998316 0.040037 -0.041990 0.000000 -0.042347 0.997552 -0.055650 0.000000 0.039659 0.057334 0.997567 0.000000 -4.519824 -8.825341 0.850655 1.000000
aniFrame
  m_time 0.597000
  m_vertexTransformMat 0.998185 0.060034 -0.004687 0.000000 -0.060079 0.998142 -0.010173 0.000000 0.004068 0.010436 0.999937 0.000000 -6.457753 -9.818442 0.183458 1.000000
aniFrame
  m_time 0.613000
  m_vertexTransformMat 0.997546 0.069203 0.010588 0.000000 -0.069229 0.997599 0.002109 0.000000 -0.010416 -0.002837 0.999942 0.000000 -7.247884 -9.685148 -0.071864 1.000000
aniFrame
  m_time 0.629000
  m_vertexTransformMat 0.997437 0.070529 0.012079 0.000000 -0.070527 0.997510 -0.000604 0.000000 -0.012092 -0.000249 0.999927 0.000000 -7.372727 -8.972342 0.034587 1.000000
aniFrame
  m_time 0.645000
  m_vertexTransformMat 0.997201 0.072922 0.016531 0.000000 -0.072927 0.997337 -0.000329 0.000000 -0.016511 -0.000878 0.999864 0.000000 -7.639490 -8.329405 0.054263 1.000000
aniFrame
  m_time 0.661000
  m_vertexTransformMat 0.996865 0.076334 0.020807 0.000000 -0.076341 0.997082 -0.000473 0.000000 -0.020783 -0.001117 0.999784 0.000000 -7.883377 -7.672457 0.015309 1.000000
aniFrame
  m_time 0.677000
  m_vertexTransformMat 0.996637 0.078403 0.023834 0.000000 -0.078419 0.996921 -0.000295 0.000000 -0.023784 -0.001575 0.999716 0.000000 -8.058192 -7.019415 0.003133 1.000000
aniFrame
  m_time 0.693000
  m_vertexTransformMat 0.996469 0.079895 0.025821 0.000000 -0.079925 0.996801 0.000163 0.000000 -0.025725 -0.002226 0.999667 0.000000 -8.171012 -6.370501 -0.002895 1.000000
aniFrame
  m_time 0.709000
  m_vertexTransformMat 0.996367 0.080781 0.026992 0.000000 -0.080827 0.996728 0.000624 0.000000 -0.026853 -0.002803 0.999636 0.000000 -8.237347 -5.717227 -0.001038 1.000000
aniFrame
  m_time 0.725000
  m_vertexTransformMat 0.996331 0.081099 0.027332 0.000000 -0.081162 0.996700 0.001206 0.000000 -0.027144 -0.003420 0.999626 0.000000 -8.255742 -5.060330 0.007581 1.000000
aniFrame
  m_time 0.741000
  m_vertexTransformMat 0.996331 0.081168 0.027143 0.000000 -0.081247 0.996692 0.001827 0.000000 -0.026905 -0.004025 0.999630 0.000000 -8.242753 -4.401599 0.018950 1.000000
aniFrame
  m_time 0.757000
  m_vertexTransformMat 0.996390 0.080709 0.026335 0.000000 -0.080800 0.996727 0.002416 0.000000 -0.026054 -0.004536 0.999650 0.000000 -8.195850 -3.733795 0.037444 1.000000
aniFrame
  m_time 0.773000
  m_vertexTransformMat 0.996448 0.080316 0.025331 0.000000 -0.080413 0.996758 0.002817 0.000000 -0.025023 -0.004844 0.999675 0.000000 -8.136339 -3.052616 0.050587 1.000000
aniFrame
  m_time 0.789000
  m_vertexTransformMat 0.996532 0.079666 0.024047 0.000000 -0.079746 0.996812 0.002387 0.000000 -0.023780 -0.004297 0.999708 0.000000 -8.065981 -2.322713 0.066454 1.000000
aniFrame
  m_time 0.805000
  m_vertexTransformMat 0.996689 0.078263 0.022037 0.000000 -0.078416 0.996902 0.006154 0.000000 -0.021487 -0.007862 0.999738 0.000000 -7.936086 -1.810871 0.104771 1.000000
aniFrame
  m_time 0.821000
  m_vertexTransformMat 0.996941 0.075781 0.019144 0.000000 -0.076069 0.996992 0.014830 0.000000 -0.017963 -0.016241 0.999707 0.000000 -7.732596 -1.562855 0.159022 1.000000
aniFrame
  m_time 0.837000
  m_vertexTransformMat 0.997207 0.072972 0.015947 0.000000 -0.073378 0.996951 0.026561 0.000000 -0.013961 -0.027656 0.999520 0.000000 -7.503029 -1.474364 0.220203 1.000000
aniFrame
  m_time 0.853000
  m_vertexTransformMat 0.997478 0.069851 0.012573 0.000000 -0.070314 0.996672 0.041251 0.000000 -0.009650 -0.042031 0.999070 0.000000 -7.252498 -1.552999 0.277035 1.000000
aniFrame
  m_time 0.869000
  m_vertexTransformMat 0.997700 0.067119 0.009461 0.000000 -0.067548 0.996113 0.056546 0.000000 -0.005629 -0.057055 0.998355 0.000000 -7.021769 -1.657309 0.318018 1.000000
aniFrame
  m_time 0.885000
  m_vertexTransformMat 0.997870 0.064856 0.007057 0.000000 -0.065193 0.995357 0.070816 0.000000 -0.002431 -0.071125 0.997465 0.000000 -6.834076 -1.721521 0.341090 1.000000
aniFrame
  m_time 0.901000
  m_vertexTransformMat 0.997984 0.063236 0.005312 0.000000 -0.063458 0.994419 0.084281 0.000000 0.000048 -0.084448 0.996428 0.000000 -6.693213 -1.726730 0.348065 1.000000
aniFrame
  m_time 0.917000
  m_vertexTransformMat 0.998048 0.062288 0.004628 0.000000 -0.062446 0.993541 0.094749 0.000000 0.001304 -0.094853 0.995491 0.000000 -6.622806 -1.581278 0.343851 1.000000
aniFrame
  m_time 0.933000
  m_vertexTransformMat 0.998053 0.062169 0.005017 0.000000 -0.062352 0.992561 0.104573 0.000000 0.001521 -0.104682 0.994505 0.000000 -6.607152 -1.397008 0.323038 1.000000
aniFrame
  m_time 0.949000
  m_vertexTransformMat 0.997982 0.063224 0.005932 0.000000 -0.063488 0.991426 0.114209 0.000000 0.001340 -0.114355 0.993439 0.000000 -6.628445 -1.202746 0.287140 1.000000
aniFrame
  m_time 0.965000
  m_vertexTransformMat 0.997862 0.064828 0.008298 0.000000 -0.065356 0.990094 0.124272 0.000000 -0.000160 -0.124548 0.992214 0.000000 -6.697995 -1.049516 0.225793 1.000000
aniFrame
  m_time 0.981000
  m_vertexTransformMat 0.997701 0.066906 0.010754 0.000000 -0.067750 0.988127 0.137897 0.000000 -0.001400 -0.138308 0.990388 0.000000 -6.762024 -1.062661 0.137945 1.000000
aniFrame
  m_time 0.997000
  m_vertexTransformMat 0.997536 0.068874 0.013336 0.000000 -0.070107 0.985617 0.153769 0.000000 -0.002553 -0.154325 0.988017 0.000000 -6.823350 -1.209829 0.020916 1.000000
aniFrame
  m_time 1.013000
  m_vertexTransformMat 0.997428 0.069730 0.016570 0.000000 -0.071554 0.982068 0.174419 0.000000 -0.004111 -0.175156 0.984532 0.000000 -6.884041 -1.573901 -0.139334 1.000000
aniFrame
  m_time 1.029000
  m_vertexTransformMat 0.997419 0.069432 0.018276 0.000000 -0.071685 0.977257 0.199576 0.000000 -0.004004 -0.200371 0.979712 0.000000 -6.891380 -2.157331 -0.342341 1.000000
aniFrame
  m_time 1.045000
  m_vertexTransformMat 0.997536 0.067408 0.019429 0.000000 -0.070075 0.970482 0.230771 0.000000 -0.003300 -0.231564 0.972814 0.000000 -6.849093 -3.052879 -0.627619 1.000000
aniFrame
  m_time 1.061000
  m_vertexTransformMat 0.997843 0.062710 0.019414 0.000000 -0.065623 0.960815 0.269311 0.000000 -0.001765 -0.270004 0.962858 0.000000 -6.773070 -4.268560 -1.028063 1.000000
aniFrame
  m_time 1.077000
  m_vertexTransformMat 0.998631 0.048818 0.018784 0.000000 -0.052252 0.947517 0.315408 0.000000 -0.002400 -0.315958 0.948770 0.000000 -6.831460 -5.711568 -1.592590 1.000000
aniFrame
  m_time 1.093000
  m_vertexTransformMat 0.999494 0.027528 0.015918 0.000000 -0.031469 0.928236 0.370659 0.000000 -0.004572 -0.370972 0.928633 0.000000 -6.980649 -7.474310 -2.396397 1.000000
aniFrame
  m_time 1.109000
  m_vertexTransformMat 0.999953 0.006297 0.007448 0.000000 -0.008949 0.896057 0.443850 0.000000 -0.003879 -0.443896 0.896070 0.000000 -7.002647 -10.182503 -3.797190 1.000000
aniFrame
  m_time 1.125000
  m_vertexTransformMat 0.999887 -0.013787 -0.005949 0.000000 0.014842 0.847355 0.530821 0.000000 -0.002278 -0.530849 0.847463 0.000000 -6.979861 -13.634798 -5.968724 1.000000
aniFrame
  m_time 1.141000
  m_vertexTransformMat 0.999482 -0.022704 -0.022830 0.000000 0.031897 0.794782 0.606057 0.000000 0.004385 -0.606471 0.795093 0.000000 -6.582667 -16.962008 -8.386168 1.000000
aniFrame
  m_time 1.157000
  m_vertexTransformMat 0.999055 -0.017110 -0.039956 0.000000 0.039521 0.740232 0.671189 0.000000 0.018092 -0.672134 0.740209 0.000000 -5.732022 -20.273741 -10.962157 1.000000
aniFrame
  m_time 1.173000
  m_vertexTransformMat 0.998334 -0.007948 -0.057155 0.000000 0.047325 0.679521 0.732128 0.000000 0.033019 -0.733613 0.678765 0.000000 -4.756522 -23.571989 -13.757812 1.000000
aniFrame
  m_time 1.189000
  m_vertexTransformMat 0.997228 0.006138 -0.074160 0.000000 0.054934 0.611517 0.789322 0.000000 0.050195 -0.791207 0.609485 0.000000 -3.605684 -26.869205 -16.784353 1.000000
aniFrame
  m_time 1.205000
  m_vertexTransformMat 0.996192 0.020098 -0.084844 0.000000 0.059984 0.548239 0.834168 0.000000 0.063280 -0.836080 0.544946 0.000000 -2.624341 -29.730453 -19.582350 1.000000
aniFrame
  m_time 1.221000
  m_vertexTransformMat 0.995598 0.030409 -0.088665 0.000000 0.062286 0.492244 0.868226 0.000000 0.070047 -0.869926 0.488183 0.000000 -1.902427 -32.176895 -22.026146 1.000000
aniFrame
  m_time 1.237000
  m_vertexTransformMat 0.996038 0.035192 -0.081673 0.000000 0.057292 0.448492 0.891949 0.000000 0.068019 -0.893094 0.444698 0.000000 -1.560858 -34.250572 -23.993259 1.000000
aniFrame
  m_time 1.253000
  m_vertexTransformMat 0.997784 0.030341 -0.059223 0.000000 0.040988 0.420885 0.906188 0.000000 0.052421 -0.906606 0.418708 0.000000 -1.785702 -35.994789 -25.371367 1.000000
aniFrame
  m_time 1.269000
  m_vertexTransformMat 0.999347 0.020890 -0.029487 0.000000 0.018526 0.404439 0.914377 0.000000 0.031027 -0.914326 0.403788 0.000000 -2.277204 -37.578472 -26.312521 1.000000
aniFrame
  m_time 1.285000
  m_vertexTransformMat 0.999949 0.007167 0.007163 0.000000 -0.009428 0.398779 0.916999 0.000000 0.003716 -0.917019 0.398826 0.000000 -3.037196 -39.082703 -26.845661 1.000000
aniFrame
  m_time 1.301000
  m_vertexTransformMat 0.999100 -0.005273 0.042104 0.000000 -0.036420 0.402630 0.914638 0.000000 -0.021776 -0.915348 0.402075 0.000000 -3.782794 -40.427670 -26.927753 1.000000
aniFrame
  m_time 1.317000
  m_vertexTransformMat 0.997663 -0.014952 0.066671 0.000000 -0.054541 0.413472 0.908882 0.000000 -0.041156 -0.910394 0.411690 0.000000 -4.390424 -41.573498 -26.582706 1.000000
aniFrame
  m_time 1.333000
  m_vertexTransformMat 0.996689 -0.020209 0.078762 0.000000 -0.062399 0.430964 0.900210 0.000000 -0.052136 -0.902143 0.428276 0.000000 -4.738909 -42.545776 -25.767759 1.000000
aniFrame
  m_time 1.349000
  m_vertexTransformMat 0.997350 -0.019218 0.070175 0.000000 -0.053852 0.453597 0.889579 0.000000 -0.048927 -0.891000 0.451360 0.000000 -4.599702 -43.335194 -24.429317 1.000000
aniFrame
  m_time 1.365000
  m_vertexTransformMat 0.998748 -0.015679 0.047502 0.000000 -0.034071 0.482064 0.875474 0.000000 -0.036625 -0.875996 0.480926 0.000000 -4.142435 -43.897907 -22.669405 1.000000
aniFrame
  m_time 1.381000
  m_vertexTransformMat 0.999806 -0.010213 0.016835 0.000000 -0.009126 0.517291 0.855761 0.000000 -0.017448 -0.855749 0.517097 0.000000 -3.398776 -44.220299 -20.544508 1.000000
aniFrame
  m_time 1.397000
  m_vertexTransformMat 0.999803 -0.005839 -0.018971 0.000000 0.018994 0.559065 0.828907 0.000000 0.005766 -0.829103 0.559065 0.000000 -2.489973 -44.187405 -18.152456 1.000000
aniFrame
  m_time 1.413000
  m_vertexTransformMat 0.998804 -0.002921 -0.048817 0.000000 0.040586 0.606435 0.794097 0.000000 0.027285 -0.795127 0.605828 0.000000 -1.615829 -43.686993 -15.714365 1.000000
aniFrame
  m_time 1.429000
  m_vertexTransformMat 0.997247 -0.001308 -0.074149 0.000000 0.056646 0.658750 0.750227 0.000000 0.047864 -0.752361 0.657010 0.000000 -0.761971 -42.701794 -13.216887 1.000000
aniFrame
  m_time 1.445000
  m_vertexTransformMat 0.995752 -0.002106 -0.092050 0.000000 0.065802 0.715552 0.695454 0.000000 0.064402 -0.698556 0.712651 0.000000 -0.078690 -41.139709 -10.687952 1.000000
aniFrame
  m_time 1.461000
  m_vertexTransformMat 0.994393 -0.003369 -0.105700 0.000000 0.069476 0.774355 0.628926 0.000000 0.079730 -0.632742 0.770247 0.000000 0.542702 -38.984459 -8.171955 1.000000
aniFrame
  m_time 1.477000
  m_vertexTransformMat 0.992867 -0.006510 -0.119048 0.000000 0.071639 0.830730 0.552048 0.000000 0.095303 -0.556638 0.825271 0.000000 1.159128 -36.334084 -5.749115 1.000000
aniFrame
  m_time 1.493000
  m_vertexTransformMat 0.991171 -0.010713 -0.132160 0.000000 0.071357 0.883183 0.463570 0.000000 0.111755 -0.468907 0.876149 0.000000 1.791632 -33.130600 -3.465971 1.000000
aniFrame
  m_time 1.509000
  m_vertexTransformMat 0.989529 -0.016178 -0.143425 0.000000 0.068784 0.926458 0.370062 0.000000 0.126890 -0.376052 0.917869 0.000000 2.316672 -29.587631 -1.546713 1.000000
aniFrame
  m_time 1.525000
  m_vertexTransformMat 0.988189 -0.021778 -0.151683 0.000000 0.062820 0.960423 0.271370 0.000000 0.139770 -0.277694 0.950447 0.000000 2.724805 -25.698074 0.018780 1.000000
aniFrame
  m_time 1.541000
  m_vertexTransformMat 0.987030 -0.027424 -0.158176 0.000000 0.055268 0.983118 0.174428 0.000000 0.150722 -0.180908 0.971882 0.000000 2.995390 -21.744755 1.137941 1.000000
aniFrame
  m_time 1.557000
  m_vertexTransformMat 0.986477 -0.031972 -0.160752 0.000000 0.045420 0.995703 0.080696 0.000000 0.157481 -0.086906 0.983691 0.000000 3.065129 -17.777508 1.849208 1.000000
aniFrame
  m_time 1.573000
  m_vertexTransformMat 0.986222 -0.035475 -0.161582 0.000000 0.034979 0.999371 -0.005914 0.000000 0.161690 0.000180 0.986842 0.000000 3.018037 -14.023266 2.212512 1.000000
aniFrame
  m_time 1.589000
  m_vertexTransformMat 0.986114 -0.038701 -0.161495 0.000000 0.025000 0.995980 -0.086022 0.000000 0.164175 0.080791 0.983117 0.000000 2.907525 -10.478644 2.295734 1.000000
aniFrame
  m_time 1.605000
  m_vertexTransformMat 0.988878 -0.028843 -0.145909 0.000000 0.010390 0.992016 -0.125685 0.000000 0.148369 0.122771 0.981282 0.000000 1.818245 -8.298474 2.094495 1.000000
aniFrame
  m_time 1.621000
  m_vertexTransformMat 0.994005 -0.003703 -0.109269 0.000000 -0.009041 0.993220 -0.115904 0.000000 0.108957 0.116197 0.987232 0.000000 -0.562657 -7.845982 1.736511 1.000000
aniFrame
  m_time 1.637000
  m_vertexTransformMat 0.997303 0.022937 -0.069712 0.000000 -0.029002 0.995763 -0.087268 0.000000 0.067415 0.089054 0.993743 0.000000 -2.972940 -8.144938 1.269878 1.000000
aniFrame
  m_time 1.653000
  m_vertexTransformMat 0.998464 0.047725 -0.028152 0.000000 -0.048787 0.998074 -0.038318 0.000000 0.026269 0.039632 0.998869 0.000000 -5.253036 -9.227239 0.615116 1.000000
aniFrame
  m_time 1.669000
  m_vertexTransformMat 0.997922 0.064361 0.003150 0.000000 -0.064353 0.997924 -0.002737 0.000000 -0.003319 0.002528 0.999992 0.000000 -6.858299 -9.890036 0.039164 1.000000
aniFrame
  m_time 1.685000
  m_vertexTransformMat 0.997473 0.070104 0.011566 0.000000 -0.070127 0.997537 0.001648 0.000000 -0.011422 -0.002455 0.999932 0.000000 -7.310822 -9.472426 -0.055212 1.000000
aniFrame
  m_time 1.701000
  m_vertexTransformMat 0.997386 0.071024 0.013315 0.000000 -0.071022 0.997475 -0.000618 0.000000 -0.013325 -0.000329 0.999912 0.000000 -7.451200 -8.755389 0.056419 1.000000
aniFrame
  m_time 1.717000
  m_vertexTransformMat 0.997090 0.074072 0.018051 0.000000 -0.074078 0.997253 -0.000330 0.000000 -0.018026 -0.001008 0.999837 0.000000 -7.726510 -8.112286 0.042525 1.000000
aniFrame
  m_time 1.733000
  m_vertexTransformMat 0.996776 0.077173 0.021965 0.000000 -0.077182 0.997017 -0.000476 0.000000 -0.021936 -0.001221 0.999759 0.000000 -7.950031 -7.453614 0.008026 1.000000
aniFrame
  m_time 1.749000
  m_vertexTransformMat 0.996575 0.078949 0.024594 0.000000 -0.078969 0.996877 -0.000151 0.000000 -0.024529 -0.001791 0.999698 0.000000 -8.101539 -6.803071 0.000324 1.000000
aniFrame
  m_time 1.765000
  m_vertexTransformMat 0.996426 0.080273 0.026305 0.000000 -0.080309 0.996770 0.000325 0.000000 -0.026194 -0.002436 0.999654 0.000000 -8.198304 -6.153746 -0.003852 1.000000
aniFrame
  m_time 1.781000
  m_vertexTransformMat 0.996350 0.080923 0.027179 0.000000 -0.080975 0.996716 0.000809 0.000000 -0.027024 -0.003007 0.999630 0.000000 -8.247843 -5.498272 0.000855 1.000000
aniFrame
  m_time 1.797000
  m_vertexTransformMat 0.996326 0.081162 0.027327 0.000000 -0.081231 0.996695 0.001415 0.000000 -0.027122 -0.003630 0.999626 0.000000 -8.254714 -4.840793 0.010131 1.000000
aniFrame
  m_time 1.813000
  m_vertexTransformMat 0.996346 0.081051 0.026930 0.000000 -0.081134 0.996701 0.002004 0.000000 -0.026678 -0.004182 0.999635 0.000000 -8.230352 -4.178159 0.024046 1.000000
aniFrame
  m_time 1.829000
  m_vertexTransformMat 0.996411 0.080552 0.026006 0.000000 -0.080647 0.996739 0.002615 0.000000 -0.025711 -0.004703 0.999659 0.000000 -8.176323 -3.509676 0.042051 1.000000
aniFrame
  m_time 1.845000
  m_vertexTransformMat 0.996472 0.080138 0.024941 0.000000 -0.080229 0.996773 0.002656 0.000000 -0.024648 -0.004648 0.999685 0.000000 -8.114907 -2.808420 0.054240 1.000000
aniFrame
  m_time 1.861000
  m_vertexTransformMat 0.996578 0.079261 0.023446 0.000000 -0.079355 0.996842 0.003077 0.000000 -0.023128 -0.004927 0.999720 0.000000 -8.029408 -2.121686 0.076725 1.000000
aniFrame
  m_time 1.877000
  m_vertexTransformMat 0.996753 0.077664 0.021253 0.000000 -0.077849 0.996933 0.008024 0.000000 -0.020565 -0.009653 0.999742 0.000000 -7.882639 -1.673402 0.116313 1.000000
aniFrame
  m_time 1.893000
  m_vertexTransformMat 0.997000 0.075196 0.018379 0.000000 -0.075502 0.997008 0.016597 0.000000 -0.017076 -0.017935 0.999694 0.000000 -7.681471 -1.418679 0.169868 1.000000
aniFrame
  m_time 1.909000
  m_vertexTransformMat 0.997263 0.072363 0.015186 0.000000 -0.072779 0.996929 0.028931 0.000000 -0.013046 -0.029957 0.999466 0.000000 -7.450529 -1.362927 0.232928 1.000000
aniFrame
  m_time 1.925000
  m_vertexTransformMat 0.997535 0.069184 0.011766 0.000000 -0.069643 0.996579 0.044506 0.000000 -0.008647 -0.045215 0.998940 0.000000 -7.194723 -1.488563 0.287502 1.000000
aniFrame
  m_time 1.941000
  m_vertexTransformMat 0.997742 0.066581 0.008818 0.000000 -0.066991 0.995957 0.059860 0.000000 -0.004796 -0.060316 0.998168 0.000000 -6.973670 -1.597936 0.324684 1.000000
aniFrame
  m_time 1.957000
  m_vertexTransformMat 0.997905 0.064368 0.006531 0.000000 -0.064676 0.995118 0.074550 0.000000 -0.001701 -0.074816 0.997196 0.000000 -6.791681 -1.684346 0.343595 1.000000
aniFrame
  m_time 1.973000
  m_vertexTransformMat 0.998004 0.062952 0.005013 0.000000 -0.063149 0.994148 0.087652 0.000000 0.000534 -0.087794 0.996139 0.000000 -6.666477 -1.669439 0.347359 1.000000
aniFrame
  m_time 1.989000
  m_vertexTransformMat 0.998047 0.062287 0.004692 0.000000 -0.062447 0.993257 0.097681 0.000000 0.001424 -0.097783 0.995207 0.000000 -6.612938 -1.510116 0.338392 1.000000
aniFrame
  m_time 2.005000
  m_vertexTransformMat 0.998048 0.062222 0.005277 0.000000 -0.062428 0.992179 0.108091 0.000000 0.001490 -0.108209 0.994127 0.000000 -6.612148 -1.338062 0.313296 1.000000
aniFrame
  m_time 2.021000
  m_vertexTransformMat 0.998004 0.062784 0.006837 0.000000 -0.063152 0.991079 0.117367 0.000000 0.000593 -0.117564 0.993065 0.000000 -6.670906 -1.108491 0.276249 1.000000
aniFrame
  m_time 2.037000
  m_vertexTransformMat 0.997950 0.063289 0.009496 0.000000 -0.063986 0.989511 0.129518 0.000000 -0.001200 -0.129861 0.991532 0.000000 -6.761051 -1.008928 0.211519 1.000000
aniFrame
  m_time 2.053000
  m_vertexTransformMat 0.997892 0.063821 0.011736 0.000000 -0.064849 0.987329 0.144831 0.000000 -0.002344 -0.145287 0.989387 0.000000 -6.841323 -1.059643 0.124407 1.000000
aniFrame
  m_time 2.069000
  m_vertexTransformMat 0.997847 0.063871 0.014912 0.000000 -0.065452 0.984331 0.163732 0.000000 -0.004220 -0.164356 0.986392 0.000000 -6.927345 -1.310149 -0.007011 1.000000
aniFrame
  m_time 2.085000
  m_vertexTransformMat 0.997833 0.063500 0.017236 0.000000 -0.065609 0.980055 0.187584 0.000000 -0.004981 -0.188308 0.982098 0.000000 -6.967904 -1.806804 -0.185857 1.000000
aniFrame
  m_time 2.101000
  m_vertexTransformMat 0.997863 0.062614 0.018681 0.000000 -0.065169 0.974416 0.215099 0.000000 -0.004735 -0.215857 0.976414 0.000000 -6.956919 -2.529873 -0.426147 1.000000
aniFrame
  m_time 2.117000
