m_aniFrameList.size 84
aniFrame
  m_time -1.066000
  m_vertexTransformMat 0.998053 0.059342 0.019204 0.000000 -0.062353 0.956793 0.284007 0.000000 -0.001520 -0.284652 0.958630 0.000000 -6.767280 -4.740818 -1.199988 1.000000
aniFrame
  m_time -1.027000
  m_vertexTransformMat 0.999952 0.005670 0.007991 0.000000 -0.008574 0.901031 0.433671 0.000000 -0.004741 -0.433719 0.901036 0.000000 -7.047236 -9.768381 -3.544351 1.000000
aniFrame
  m_time -0.988000
  m_vertexTransformMat 0.999413 -0.022007 -0.026259 0.000000 0.033548 0.784171 0.619637 0.000000 0.006955 -0.620154 0.784449 0.000000 -6.420465 -17.626280 -8.892097 1.000000
aniFrame
  m_time -0.949000
  m_vertexTransformMat 0.997649 0.000656 -0.068531 0.000000 0.052483 0.635752 0.770108 0.000000 0.044074 -0.771893 0.634223 0.000000 -4.005176 -25.717575 -15.718884 1.000000
aniFrame
  m_time -0.910000
  m_vertexTransformMat 0.995583 0.031085 -0.088595 0.000000 0.062236 0.488026 0.870608 0.000000 0.070299 -0.872275 0.483936 0.000000 -1.852239 -32.361324 -22.213186 1.000000
aniFrame
  m_time -0.871000
  m_vertexTransformMat 0.998705 0.025578 -0.043984 0.000000 0.029587 0.411313 0.911014 0.000000 0.041393 -0.911136 0.410023 0.000000 -2.032956 -36.833210 -25.900301 1.000000
aniFrame
  m_time -0.832000
  m_vertexTransformMat 0.999151 -0.004871 0.040907 0.000000 -0.035492 0.402347 0.914799 0.000000 -0.020915 -0.915474 0.401832 0.000000 -3.758729 -40.377430 -26.930317 1.000000
aniFrame
  m_time -0.793000
  m_vertexTransformMat 0.996749 -0.020232 0.077986 0.000000 -0.061206 0.439304 0.896251 0.000000 -0.052392 -0.898111 0.436638 0.000000 -4.732434 -42.882763 -25.299772 1.000000
aniFrame
  m_time -0.754000
  m_vertexTransformMat 0.999679 -0.011149 0.022742 0.000000 -0.013855 0.510946 0.859501 0.000000 -0.021203 -0.859541 0.510627 0.000000 -3.544310 -44.186020 -20.925772 1.000000
aniFrame
  m_time -0.715000
  m_vertexTransformMat 0.998413 -0.002229 -0.056271 0.000000 0.045524 0.620162 0.783152 0.000000 0.033151 -0.784471 0.619279 0.000000 -1.373128 -43.470707 -15.041335 1.000000
aniFrame
  m_time -0.676000
  m_vertexTransformMat 0.994798 -0.002848 -0.101829 0.000000 0.068638 0.757373 0.649365 0.000000 0.075273 -0.652977 0.753628 0.000000 0.364370 -39.664654 -8.896227 1.000000
aniFrame
  m_time -0.637000
  m_vertexTransformMat 0.990915 -0.011453 -0.134003 0.000000 0.071164 0.890108 0.450160 0.000000 0.114122 -0.455607 0.882836 0.000000 1.877539 -32.632675 -3.161352 1.000000
aniFrame
  m_time -0.598000
  m_vertexTransformMat 0.987461 -0.025128 -0.155851 0.000000 0.058657 0.974973 0.214448 0.000000 0.146562 -0.220901 0.964221 0.000000 2.905511 -23.396046 0.725937 1.000000
aniFrame
  m_time -0.559000
  m_vertexTransformMat 0.986210 -0.035571 -0.161630 0.000000 0.034779 0.999365 -0.007728 0.000000 0.161802 0.002000 0.986821 0.000000 3.018639 -13.944736 2.217480 1.000000
aniFrame
  m_time -0.520000
  m_vertexTransformMat 0.991235 -0.018360 -0.130827 0.000000 0.001804 0.992085 -0.125556 0.000000 0.132096 0.124220 0.983423 0.000000 0.820412 -7.931660 1.946116 1.000000
aniFrame
  m_time -0.481000
  m_vertexTransformMat 0.998442 0.045419 -0.032400 0.000000 -0.046813 0.997949 -0.043655 0.000000 0.030350 0.045104 0.998521 0.000000 -5.030383 -9.103823 0.689116 1.000000
aniFrame
  m_time -0.442000
  m_vertexTransformMat 0.997449 0.070400 0.011778 0.000000 -0.070410 0.997519 0.000430 0.000000 -0.011718 -0.001258 0.999931 0.000000 -7.338998 -9.222790 -0.011730 1.000000
aniFrame
  m_time -0.403000
  m_vertexTransformMat 0.996834 0.076638 0.021195 0.000000 -0.076644 0.997059 -0.000516 0.000000 -0.021172 -0.001110 0.999775 0.000000 -7.905699 -7.601913 0.011977 1.000000
aniFrame
  m_time -0.364000
  m_vertexTransformMat 0.996402 0.080478 0.026575 0.000000 -0.080517 0.996754 0.000377 0.000000 -0.026459 -0.002515 0.999647 0.000000 -8.213833 -6.015544 -0.003657 1.000000
aniFrame
  m_time -0.325000
  m_vertexTransformMat 0.996329 0.081180 0.027159 0.000000 -0.081258 0.996691 0.001784 0.000000 -0.026925 -0.003985 0.999629 0.000000 -8.243834 -4.413205 0.017825 1.000000
aniFrame
  m_time -0.286000
  m_vertexTransformMat 0.996475 0.080119 0.024864 0.000000 -0.080205 0.996775 0.002479 0.000000 -0.024585 -0.004465 0.999688 0.000000 -8.111226 -2.740215 0.054202 1.000000
aniFrame
  m_time -0.247000
  m_vertexTransformMat 0.996902 0.076180 0.019596 0.000000 -0.076449 0.996984 0.013376 0.000000 -0.018518 -0.014832 0.999719 0.000000 -7.764620 -1.588440 0.149451 1.000000
aniFrame
  m_time -0.208000
  m_vertexTransformMat 0.997553 0.068956 0.011594 0.000000 -0.069419 0.996532 0.045875 0.000000 -0.008391 -0.046567 0.998880 0.000000 -7.179391 -1.593160 0.289900 1.000000
aniFrame
  m_time -0.169000
  m_vertexTransformMat 0.997961 0.063564 0.005707 0.000000 -0.063818 0.994681 0.080850 0.000000 -0.000538 -0.081050 0.996710 0.000000 -6.724625 -1.740657 0.346585 1.000000
aniFrame
  m_time -0.130000
  m_vertexTransformMat 0.998047 0.062266 0.005121 0.000000 -0.062457 0.992364 0.106365 0.000000 0.001541 -0.106478 0.994314 0.000000 -6.607171 -1.371104 0.317911 1.000000
aniFrame
  m_time -0.091000
  m_vertexTransformMat 0.997770 0.065999 0.009945 0.000000 -0.066735 0.988983 0.132135 0.000000 -0.001114 -0.132504 0.991182 0.000000 -6.742156 -1.037559 0.177530 1.000000
aniFrame
  m_time -0.052000
  m_vertexTransformMat 0.997421 0.069796 0.016722 0.000000 -0.071648 0.981961 0.174984 0.000000 -0.004208 -0.175731 0.984429 0.000000 -6.889911 -1.575651 -0.137586 1.000000
aniFrame
  m_time -0.013000
  m_vertexTransformMat 0.997634 0.065911 0.019562 0.000000 -0.068705 0.966288 0.248128 0.000000 -0.002548 -0.248885 0.968530 0.000000 -6.809455 -3.596132 -0.789650 1.000000
aniFrame
  m_time 0.025000
  m_vertexTransformMat 0.999435 0.029369 0.016360 0.000000 -0.033318 0.930216 0.365498 0.000000 -0.004484 -0.365837 0.930669 0.000000 -6.972861 -7.302785 -2.305278 1.000000
aniFrame
  m_time 0.064000
  m_vertexTransformMat 0.999754 -0.018854 -0.011712 0.000000 0.022180 0.828510 0.559535 0.000000 -0.000846 -0.559657 0.828724 0.000000 -6.903090 -14.844965 -6.822972 1.000000
aniFrame
  m_time 0.103000
  m_vertexTransformMat 0.998520 -0.010106 -0.053440 0.000000 0.045521 0.693000 0.719500 0.000000 0.029763 -0.720867 0.692434 0.000000 -4.973547 -22.875069 -13.150243 1.000000
aniFrame
  m_time 0.142000
  m_vertexTransformMat 0.996005 0.022755 -0.086350 0.000000 0.060854 0.534729 0.842830 0.000000 0.065352 -0.844717 0.531208 0.000000 -2.437953 -30.321629 -20.175579 1.000000
aniFrame
  m_time 0.181000
  m_vertexTransformMat 0.997141 0.032831 -0.068065 0.000000 0.047480 0.428535 0.902277 0.000000 0.058791 -0.902928 0.425751 0.000000 -1.661542 -35.439686 -24.969980 1.000000
aniFrame
  m_time 0.220000
  m_vertexTransformMat 0.999922 0.005647 0.011199 0.000000 -0.012523 0.398828 0.916941 0.000000 0.000712 -0.917009 0.398867 0.000000 -3.125035 -39.231903 -26.874893 1.000000
aniFrame
  m_time 0.259000
  m_vertexTransformMat 0.996989 -0.018758 0.075245 0.000000 -0.060317 0.422254 0.904469 0.000000 -0.048738 -0.906284 0.419851 0.000000 -4.638298 -42.120857 -26.203335 1.000000
aniFrame
  m_time 0.298000
  m_vertexTransformMat 0.998722 -0.015774 0.048014 0.000000 -0.034502 0.481403 0.875820 0.000000 -0.036929 -0.876357 0.480243 0.000000 -4.154150 -43.888710 -22.709200 1.000000
aniFrame
  m_time 0.337000
  m_vertexTransformMat 0.999484 -0.004656 -0.031786 0.000000 0.028626 0.578139 0.815436 0.000000 0.014579 -0.815925 0.577974 0.000000 -2.136082 -44.034058 -17.146982 1.000000
aniFrame
  m_time 0.376000
  m_vertexTransformMat 0.995953 -0.001986 -0.089851 0.000000 0.064943 0.706990 0.704236 0.000000 0.062125 -0.707221 0.704258 0.000000 -0.172549 -41.407921 -11.059361 1.000000
aniFrame
  m_time 0.415000
  m_vertexTransformMat 0.992390 -0.007598 -0.122903 0.000000 0.071769 0.846731 0.527159 0.000000 0.100060 -0.531968 0.840832 0.000000 1.346650 -35.447685 -5.056659 1.000000
aniFrame
  m_time 0.454000
  m_vertexTransformMat 0.988536 -0.020245 -0.149624 0.000000 0.064648 0.952292 0.298263 0.000000 0.136447 -0.304516 0.942684 0.000000 2.625613 -26.770569 -0.364681 1.000000
aniFrame
  m_time 0.493000
  m_vertexTransformMat 0.986437 -0.032573 -0.160875 0.000000 0.043643 0.996880 0.065764 0.000000 0.158231 -0.071893 0.984781 0.000000 3.059303 -17.134298 1.931230 1.000000
aniFrame
  m_time 0.532000
  m_vertexTransformMat 0.987295 -0.035177 -0.154956 0.000000 0.017009 0.992981 -0.117048 0.000000 0.157986 0.112925 0.980963 0.000000 2.433879 -8.919843 2.199089 1.000000
aniFrame
  m_time 0.571000
  m_vertexTransformMat 0.997392 0.024028 -0.068061 0.000000 -0.029835 0.995880 -0.085633 0.000000 0.065723 0.087440 0.994000 0.000000 -3.068942 -8.174588 1.246677 1.000000
aniFrame
  m_time 0.610000
  m_vertexTransformMat 0.997621 0.068301 0.009389 0.000000 -0.068320 0.997662 0.001724 0.000000 -0.009250 -0.002361 0.999955 0.000000 -7.181880 -9.778701 -0.062528 1.000000
aniFrame
  m_time 0.649000
  m_vertexTransformMat 0.997118 0.073782 0.017680 0.000000 -0.073787 0.997274 -0.000335 0.000000 -0.017657 -0.000971 0.999844 0.000000 -7.705441 -8.166141 0.045937 1.000000
aniFrame
  m_time 0.688000
  m_vertexTransformMat 0.996516 0.079479 0.025291 0.000000 -0.079504 0.996835 0.000012 0.000000 -0.025210 -0.002023 0.999680 0.000000 -8.141109 -6.573393 -0.001553 1.000000
aniFrame
  m_time 0.727000
  m_vertexTransformMat 0.996329 0.081123 0.027335 0.000000 -0.081188 0.996698 0.001285 0.000000 -0.027140 -0.003500 0.999626 0.000000 -8.255649 -4.978219 0.008805 1.000000
aniFrame
  m_time 0.766000
  m_vertexTransformMat 0.996425 0.080463 0.025773 0.000000 -0.080562 0.996746 0.002801 0.000000 -0.025464 -0.004867 0.999664 0.000000 -8.162065 -3.359266 0.046093 1.000000
aniFrame
  m_time 0.805000
  m_vertexTransformMat 0.996689 0.078263 0.022037 0.000000 -0.078416 0.996902 0.006154 0.000000 -0.021487 -0.007862 0.999738 0.000000 -7.936086 -1.810871 0.104771 1.000000
aniFrame
  m_time 0.844000
  m_vertexTransformMat 0.997326 0.071629 0.014485 0.000000 -0.072071 0.996864 0.032697 0.000000 -0.012098 -0.033653 0.999360 0.000000 -7.395097 -1.492444 0.246550 1.000000
aniFrame
  m_time 0.883000
  m_vertexTransformMat 0.997851 0.065115 0.007320 0.000000 -0.065466 0.995461 0.069071 0.000000 -0.002789 -0.069401 0.997585 0.000000 -6.855304 -1.715266 0.339176 1.000000
aniFrame
  m_time 0.922000
  m_vertexTransformMat 0.998057 0.062139 0.004669 0.000000 -0.062297 0.993269 0.097652 0.000000 0.001430 -0.097753 0.995210 0.000000 -6.614069 -1.518643 0.339485 1.000000
aniFrame
  m_time 0.961000
  m_vertexTransformMat 0.997894 0.064424 0.007562 0.000000 -0.064866 0.990485 0.121378 0.000000 0.000330 -0.121613 0.992578 0.000000 -6.677937 -1.070297 0.244559 1.000000
aniFrame
  m_time 1.000000
  m_vertexTransformMat 0.997514 0.069058 0.014026 0.000000 -0.070406 0.985042 0.157274 0.000000 -0.002955 -0.157870 0.987456 0.000000 -6.837898 -1.263060 -0.006771 1.000000
aniFrame
  m_time 1.039000
  m_vertexTransformMat 0.997491 0.068156 0.019136 0.000000 -0.070692 0.973321 0.218287 0.000000 -0.003748 -0.219092 0.975697 0.000000 -6.875495 -2.678525 -0.510400 1.000000
aniFrame
  m_time 1.078000
  m_vertexTransformMat 0.998690 0.047618 0.018721 0.000000 -0.051102 0.946540 0.318512 0.000000 -0.002553 -0.319052 0.947734 0.000000 -6.841330 -5.805991 -1.633253 1.000000
aniFrame
  m_time 1.117000
  m_vertexTransformMat 0.999990 -0.004398 0.001358 0.000000 0.003178 0.873176 0.487396 0.000000 -0.003329 -0.487386 0.873180 0.000000 -7.011940 -11.881388 -4.811632 1.000000
aniFrame
  m_time 1.156000
  m_vertexTransformMat 0.999087 -0.017677 -0.038899 0.000000 0.039140 0.743773 0.667286 0.000000 0.017136 -0.668199 0.743786 0.000000 -5.792061 -20.066603 -10.795697 1.000000
aniFrame
  m_time 1.195000
  m_vertexTransformMat 0.996790 0.011926 -0.079171 0.000000 0.057147 0.586597 0.807861 0.000000 0.056076 -0.809792 0.584032 0.000000 -3.193358 -28.011473 -17.885132 1.000000
aniFrame
  m_time 1.234000
  m_vertexTransformMat 0.995836 0.034997 -0.084186 0.000000 0.059092 0.455414 0.888317 0.000000 0.069428 -0.889592 0.451449 0.000000 -1.580822 -33.890862 -23.670227 1.000000
aniFrame
  m_time 1.273000
  m_vertexTransformMat 0.999618 0.017886 -0.021091 0.000000 0.012128 0.401882 0.915612 0.000000 0.024853 -0.915517 0.401511 0.000000 -2.438572 -37.964062 -26.488592 1.000000
aniFrame
  m_time 1.312000
  m_vertexTransformMat 0.998125 -0.012096 0.060006 0.000000 -0.049811 0.409279 0.911049 0.000000 -0.035579 -0.912329 0.407909 0.000000 -4.209125 -41.234783 -26.738142 1.000000
aniFrame
  m_time 1.351000
  m_vertexTransformMat 0.997520 -0.018889 0.067802 0.000000 -0.051712 0.456810 0.888060 0.000000 -0.047747 -0.889364 0.454700 0.000000 -4.556590 -43.418690 -24.228781 1.000000
aniFrame
  m_time 1.390000
  m_vertexTransformMat 0.999966 -0.007433 -0.003756 0.000000 0.007175 0.540045 0.841606 0.000000 -0.004227 -0.841603 0.540080 0.000000 -2.883922 -44.256889 -19.211004 1.000000
aniFrame
  m_time 1.429000
  m_vertexTransformMat 0.997247 -0.001308 -0.074149 0.000000 0.056646 0.658750 0.750227 0.000000 0.047864 -0.752361 0.657010 0.000000 -0.761971 -42.701794 -13.216887 1.000000
aniFrame
  m_time 1.468000
  m_vertexTransformMat 0.993746 -0.004602 -0.111571 0.000000 0.070718 0.799185 0.596912 0.000000 0.086418 -0.601068 0.794512 0.000000 0.806612 -37.898178 -7.107725 1.000000
aniFrame
  m_time 1.507000
  m_vertexTransformMat 0.989714 -0.015484 -0.142223 0.000000 0.069326 0.921515 0.382105 0.000000 0.125144 -0.388034 0.913109 0.000000 2.257876 -30.052914 -1.768467 1.000000
aniFrame
  m_time 1.546000
  m_vertexTransformMat 0.986789 -0.029007 -0.159392 0.000000 0.052404 0.988100 0.144612 0.000000 0.153300 -0.151054 0.976566 0.000000 3.038224 -20.496735 1.401598 1.000000
aniFrame
  m_time 1.585000
  m_vertexTransformMat 0.985981 -0.038512 -0.162356 0.000000 0.027711 0.997282 -0.068278 0.000000 0.164544 0.062821 0.984367 0.000000 2.985986 -11.289626 2.305850 1.000000
aniFrame
  m_time 1.624000
  m_vertexTransformMat 0.994838 0.001515 -0.101464 0.000000 -0.012847 0.993724 -0.111123 0.000000 0.100659 0.111853 0.988614 0.000000 -1.051955 -7.873013 1.655630 1.000000
aniFrame
  m_time 1.663000
  m_vertexTransformMat 0.998217 0.059402 -0.005887 0.000000 -0.059466 0.998165 -0.011470 0.000000 0.005195 0.011799 0.999917 0.000000 -6.396720 -9.797058 0.206002 1.000000
aniFrame
  m_time 1.702000
  m_vertexTransformMat 0.997371 0.071169 0.013622 0.000000 -0.071168 0.997465 -0.000560 0.000000 -0.013628 -0.000411 0.999907 0.000000 -7.469462 -8.716630 0.057764 1.000000
aniFrame
  m_time 1.741000
  m_vertexTransformMat 0.996670 0.078114 0.023413 0.000000 -0.078127 0.996944 -0.000355 0.000000 -0.023369 -0.001475 0.999726 0.000000 -8.033963 -7.127564 0.004133 1.000000
aniFrame
  m_time 1.780000
  m_vertexTransformMat 0.996352 0.080900 0.027150 0.000000 -0.080951 0.996718 0.000774 0.000000 -0.026998 -0.002969 0.999631 0.000000 -8.246234 -5.539356 0.000358 1.000000
aniFrame
  m_time 1.819000
  m_vertexTransformMat 0.996370 0.080866 0.026617 0.000000 -0.080954 0.996716 0.002219 0.000000 -0.026350 -0.004365 0.999643 0.000000 -8.212290 -3.927192 0.031166 1.000000
aniFrame
  m_time 1.858000
  m_vertexTransformMat 0.996554 0.079471 0.023773 0.000000 -0.079558 0.996827 0.002727 0.000000 -0.023481 -0.004609 0.999714 0.000000 -8.049252 -2.236490 0.071039 1.000000
aniFrame
  m_time 1.897000
  m_vertexTransformMat 0.997064 0.074524 0.017607 0.000000 -0.074861 0.997008 0.019287 0.000000 -0.016117 -0.020548 0.999659 0.000000 -7.626715 -1.383189 0.185288 1.000000
aniFrame
  m_time 1.936000
  m_vertexTransformMat 0.997683 0.067349 0.009665 0.000000 -0.067781 0.996175 0.055159 0.000000 -0.005913 -0.055686 0.998431 0.000000 -7.038305 -1.566890 0.314973 1.000000
aniFrame
  m_time 1.975000
  m_vertexTransformMat 0.998012 0.062833 0.004905 0.000000 -0.063020 0.994034 0.089019 0.000000 0.000717 -0.089151 0.996018 0.000000 -6.656061 -1.655025 0.347025 1.000000
aniFrame
  m_time 2.014000
  m_vertexTransformMat 0.998027 0.062499 0.005986 0.000000 -0.062774 0.991574 0.113322 0.000000 0.001147 -0.113474 0.993540 0.000000 -6.638101 -1.208663 0.294773 1.000000
aniFrame
  m_time 2.053000
  m_vertexTransformMat 0.997892 0.063821 0.011736 0.000000 -0.064849 0.987329 0.144831 0.000000 -0.002344 -0.145287 0.989387 0.000000 -6.841323 -1.059643 0.124407 1.000000
aniFrame
  m_time 2.092000
  m_vertexTransformMat 0.997841 0.063209 0.017829 0.000000 -0.065496 0.977781 0.199137 0.000000 -0.004846 -0.199875 0.979810 0.000000 -6.966901 -2.092275 -0.280983 1.000000
aniFrame
  m_time 2.131000
  m_vertexTransformMat 0.998041 0.059502 0.019315 0.000000 -0.062532 0.957896 0.280226 0.000000 -0.001828 -0.280885 0.959740 0.000000 -6.782112 -4.620715 -1.139727 1.000000
aniFrame
  m_time 2.133000
  m_vertexTransformMat 0.998053 0.059342 0.019204 0.000000 -0.062353 0.956793 0.284007 0.000000 -0.001521 -0.284651 0.958630 0.000000 -6.767673 -4.746464 -1.189600 1.000000
