m_aniFrameList.size 84
aniFrame
  m_time -1.066000
  m_vertexTransformMat 0.081898 -0.485481 -0.870403 0.000000 -0.619212 0.659537 -0.426130 0.000000 0.780941 0.573863 -0.246601 0.000000 16.304367 11.966510 -6.761643 1.000000
aniFrame
  m_time -1.027000
  m_vertexTransformMat 0.090455 -0.577836 -0.811125 0.000000 -0.541932 0.654759 -0.526878 0.000000 0.835540 0.487234 -0.253922 0.000000 16.357548 12.550370 -8.089553 1.000000
aniFrame
  m_time -0.988000
  m_vertexTransformMat 0.092667 -0.678313 -0.728907 0.000000 -0.445507 0.626445 -0.639601 0.000000 0.890469 0.384003 -0.244142 0.000000 16.516109 13.007250 -9.625238 1.000000
aniFrame
  m_time -0.949000
  m_vertexTransformMat 0.084461 -0.764039 -0.639618 0.000000 -0.353101 0.577306 -0.736233 0.000000 0.931765 0.288032 -0.221023 0.000000 16.811584 13.338813 -11.026793 1.000000
aniFrame
  m_time -0.910000
  m_vertexTransformMat 0.070485 -0.819700 -0.568441 0.000000 -0.290185 0.528363 -0.797889 0.000000 0.954371 0.221192 -0.200623 0.000000 17.163191 13.650651 -11.978636 1.000000
aniFrame
  m_time -0.871000
  m_vertexTransformMat 0.059499 -0.836309 -0.545021 0.000000 -0.279043 0.510288 -0.813475 0.000000 0.958434 0.200486 -0.203004 0.000000 17.337782 14.108004 -12.295533 1.000000
aniFrame
  m_time -0.832000
  m_vertexTransformMat 0.054618 -0.820321 -0.569289 0.000000 -0.321441 0.525344 -0.787838 0.000000 0.945353 0.226023 -0.234991 0.000000 17.217344 14.845853 -12.155488 1.000000
aniFrame
  m_time -0.793000
  m_vertexTransformMat 0.050304 -0.787742 -0.613947 0.000000 -0.396369 0.548494 -0.736238 0.000000 0.916712 0.280385 -0.284645 0.000000 16.847277 15.813227 -11.917953 1.000000
aniFrame
  m_time -0.754000
  m_vertexTransformMat 0.041581 -0.741016 -0.670199 0.000000 -0.492443 0.568448 -0.659065 0.000000 0.869351 0.357439 -0.341271 0.000000 16.240496 16.934881 -11.647740 1.000000
aniFrame
  m_time -0.715000
  m_vertexTransformMat 0.025514 -0.683682 -0.729334 0.000000 -0.596778 0.574891 -0.559783 0.000000 0.802001 0.449533 -0.393338 0.000000 15.424749 18.109465 -11.380731 1.000000
aniFrame
  m_time -0.676000
  m_vertexTransformMat -0.000492 -0.619739 -0.784808 0.000000 -0.697150 0.562862 -0.444037 0.000000 0.716925 0.546910 -0.432327 0.000000 14.489349 19.219124 -11.074064 1.000000
aniFrame
  m_time -0.637000
  m_vertexTransformMat -0.036801 -0.553893 -0.831775 0.000000 -0.782568 0.533602 -0.320711 0.000000 0.621476 0.639118 -0.453096 0.000000 13.575604 20.148746 -10.694101 1.000000
aniFrame
  m_time -0.598000
  m_vertexTransformMat -0.082426 -0.490765 -0.867385 0.000000 -0.845743 0.494847 -0.199615 0.000000 0.527187 0.717131 -0.455849 0.000000 12.872298 20.808039 -10.284638 1.000000
aniFrame
  m_time -0.559000
  m_vertexTransformMat -0.133519 -0.433622 -0.891148 0.000000 -0.883655 0.459201 -0.091045 0.000000 0.448695 0.775311 -0.444484 0.000000 12.561109 21.135862 -9.899641 1.000000
aniFrame
  m_time -0.520000
  m_vertexTransformMat -0.190875 -0.378750 -0.905602 0.000000 -0.894568 0.446928 0.001630 0.000000 0.404121 0.810434 -0.424125 0.000000 12.997850 20.952055 -9.606154 1.000000
aniFrame
  m_time -0.481000
  m_vertexTransformMat -0.268711 -0.300951 -0.914999 0.000000 -0.866955 0.489521 0.093594 0.000000 0.419743 0.818412 -0.392450 0.000000 14.965727 19.605242 -9.487255 1.000000
aniFrame
  m_time -0.442000
  m_vertexTransformMat -0.346939 -0.194278 -0.917545 0.000000 -0.801057 0.570197 0.182162 0.000000 0.487792 0.798205 -0.353451 0.000000 17.829401 17.011269 -9.534591 1.000000
aniFrame
  m_time -0.403000
  m_vertexTransformMat -0.393322 -0.080023 -0.915912 0.000000 -0.715596 0.652120 0.250324 0.000000 0.577253 0.753881 -0.313757 0.000000 20.273230 13.754846 -9.482253 1.000000
aniFrame
  m_time -0.364000
  m_vertexTransformMat -0.398000 0.008109 -0.917350 0.000000 -0.641079 0.712820 0.284439 0.000000 0.656211 0.701301 -0.278504 0.000000 21.639753 10.812028 -9.106125 1.000000
aniFrame
  m_time -0.325000
  m_vertexTransformMat -0.371746 0.037236 -0.927588 0.000000 -0.608811 0.744539 0.273879 0.000000 0.700824 0.666539 -0.254109 0.000000 21.983143 9.266675 -8.421813 1.000000
aniFrame
  m_time -0.286000
  m_vertexTransformMat -0.328880 0.020611 -0.944147 0.000000 -0.610376 0.758237 0.229168 0.000000 0.720610 0.651653 -0.236788 0.000000 21.768789 8.812182 -7.499539 1.000000
aniFrame
  m_time -0.247000
  m_vertexTransformMat -0.275421 -0.017153 -0.961171 0.000000 -0.622924 0.764716 0.164850 0.000000 0.732195 0.644139 -0.221304 0.000000 21.308197 8.714359 -6.481776 1.000000
aniFrame
  m_time -0.208000
  m_vertexTransformMat -0.215172 -0.073265 -0.973824 0.000000 -0.639878 0.763882 0.083914 0.000000 0.737738 0.641184 -0.211246 0.000000 20.640308 8.927926 -5.586305 1.000000
aniFrame
  m_time -0.169000
  m_vertexTransformMat -0.151054 -0.143118 -0.978110 0.000000 -0.655914 0.754780 -0.009144 0.000000 0.739567 0.640175 -0.207886 0.000000 19.824905 9.386740 -4.987545 1.000000
aniFrame
  m_time -0.130000
  m_vertexTransformMat -0.085901 -0.221497 -0.971370 0.000000 -0.665928 0.737953 -0.109382 0.000000 0.741054 0.637467 -0.210892 0.000000 18.911333 9.992020 -4.807321 1.000000
aniFrame
  m_time -0.091000
  m_vertexTransformMat -0.024467 -0.303697 -0.952455 0.000000 -0.665714 0.715722 -0.211112 0.000000 0.745806 0.628897 -0.219687 0.000000 17.972881 10.643083 -5.065472 1.000000
aniFrame
  m_time -0.052000
  m_vertexTransformMat 0.029188 -0.384886 -0.922503 0.000000 -0.653979 0.690607 -0.308827 0.000000 0.755950 0.612311 -0.231550 0.000000 17.118015 11.269844 -5.666219 1.000000
aniFrame
  m_time -0.013000
  m_vertexTransformMat 0.070503 -0.459601 -0.885323 0.000000 -0.631366 0.666566 -0.396316 0.000000 0.772273 0.586904 -0.243182 0.000000 16.468584 11.803164 -6.450625 1.000000
aniFrame
  m_time 0.025000
  m_vertexTransformMat 0.098687 -0.538430 -0.836872 0.000000 -0.585045 0.648893 -0.486478 0.000000 0.804975 0.537616 -0.250968 0.000000 16.104038 12.257110 -7.450554 1.000000
aniFrame
  m_time 0.064000
  m_vertexTransformMat 0.110323 -0.636255 -0.763550 0.000000 -0.501110 0.627839 -0.595573 0.000000 0.858323 0.448328 -0.249568 0.000000 16.096745 12.707945 -8.889992 1.000000
aniFrame
  m_time 0.103000
  m_vertexTransformMat 0.102648 -0.731293 -0.674296 0.000000 -0.401407 0.589779 -0.700739 0.000000 0.910130 0.342596 -0.233006 0.000000 16.400867 13.095153 -10.436620 1.000000
aniFrame
  m_time 0.142000
  m_vertexTransformMat 0.082320 -0.801624 -0.592134 0.000000 -0.317118 0.542200 -0.778111 0.000000 0.944807 0.251830 -0.209575 0.000000 16.892536 13.438469 -11.653145 1.000000
aniFrame
  m_time 0.181000
  m_vertexTransformMat 0.063167 -0.834372 -0.547571 0.000000 -0.277691 0.512305 -0.812670 0.000000 0.958592 0.203389 -0.199336 0.000000 17.285093 13.862194 -12.235761 1.000000
aniFrame
  m_time 0.220000
  m_vertexTransformMat 0.055683 -0.828036 -0.557902 0.000000 -0.301062 0.518838 -0.800106 0.000000 0.951977 0.212516 -0.220399 0.000000 17.298435 14.546274 -12.210939 1.000000
aniFrame
  m_time 0.259000
  m_vertexTransformMat 0.052011 -0.800535 -0.597025 0.000000 -0.367330 0.540587 -0.756859 0.000000 0.928636 0.258670 -0.265944 0.000000 17.003641 15.455877 -12.001061 1.000000
aniFrame
  m_time 0.298000
  m_vertexTransformMat 0.045452 -0.758638 -0.649925 0.000000 -0.457154 0.562679 -0.688769 0.000000 0.888225 0.328422 -0.321239 0.000000 16.479805 16.531811 -11.736426 1.000000
aniFrame
  m_time 0.337000
  m_vertexTransformMat 0.032254 -0.704631 -0.708840 0.000000 -0.559909 0.574740 -0.596805 0.000000 0.827926 0.416135 -0.375991 0.000000 15.730848 17.695774 -11.468158 1.000000
aniFrame
  m_time 0.376000
  m_vertexTransformMat 0.009844 -0.642412 -0.766297 0.000000 -0.663023 0.569462 -0.485916 0.000000 0.748535 0.512856 -0.420327 0.000000 14.823213 18.838982 -11.182570 1.000000
aniFrame
  m_time 0.415000
  m_vertexTransformMat -0.022821 -0.576619 -0.816694 0.000000 -0.754743 0.545660 -0.364168 0.000000 0.655624 0.608084 -0.447652 0.000000 13.881538 19.843386 -10.823865 1.000000
aniFrame
  m_time 0.454000
  m_vertexTransformMat -0.065452 -0.512046 -0.856461 0.000000 -0.826418 0.508844 -0.241062 0.000000 0.559240 0.692017 -0.456469 0.000000 13.080340 20.607973 -10.419567 1.000000
aniFrame
  m_time 0.493000
  m_vertexTransformMat -0.115358 -0.452312 -0.884368 0.000000 -0.873264 0.470481 -0.126720 0.000000 0.473395 0.757668 -0.449262 0.000000 12.614960 21.054516 -10.017417 1.000000
aniFrame
  m_time 0.532000
  m_vertexTransformMat -0.168336 -0.399432 -0.901176 0.000000 -0.894916 0.445214 -0.030167 0.000000 0.413265 0.801398 -0.432404 0.000000 12.673181 21.128019 -9.688666 1.000000
aniFrame
  m_time 0.571000
  m_vertexTransformMat -0.238894 -0.332567 -0.912320 0.000000 -0.881875 0.467590 0.060472 0.000000 0.406481 0.818998 -0.404987 0.000000 14.082849 20.250961 -9.501951 1.000000
aniFrame
  m_time 0.610000
  m_vertexTransformMat -0.321598 -0.234379 -0.917410 0.000000 -0.827942 0.539726 0.152346 0.000000 0.459442 0.808556 -0.367627 0.000000 16.799265 18.046734 -9.510198 1.000000
aniFrame
  m_time 0.649000
  m_vertexTransformMat -0.381708 -0.119358 -0.916544 0.000000 -0.746333 0.624768 0.229460 0.000000 0.545239 0.771634 -0.327560 0.000000 19.515337 14.928656 -9.529162 1.000000
aniFrame
  m_time 0.688000
  m_vertexTransformMat -0.400692 -0.017231 -0.916051 0.000000 -0.663601 0.694835 0.277197 0.000000 0.631727 0.718963 -0.289849 0.000000 21.291204 11.727493 -9.274676 1.000000
aniFrame
  m_time 0.727000
  m_vertexTransformMat -0.383242 0.033302 -0.923048 0.000000 -0.615375 0.736043 0.282054 0.000000 0.688796 0.676114 -0.261589 0.000000 21.945528 9.654395 -8.693003 1.000000
aniFrame
  m_time 0.766000
  m_vertexTransformMat -0.345291 0.028680 -0.938057 0.000000 -0.608475 0.754144 0.247032 0.000000 0.714516 0.656082 -0.242948 0.000000 21.870247 8.937943 -7.844853 1.000000
aniFrame
  m_time 0.805000
  m_vertexTransformMat -0.295502 -0.001532 -0.955341 0.000000 -0.617426 0.763400 0.189755 0.000000 0.729017 0.645925 -0.226532 0.000000 21.499149 8.704651 -6.843459 1.000000
aniFrame
  m_time 0.844000
  m_vertexTransformMat -0.237483 -0.051650 -0.970018 0.000000 -0.633548 0.765205 0.114363 0.000000 0.736356 0.641711 -0.214446 0.000000 20.898228 8.816250 -5.886404 1.000000
aniFrame
  m_time 0.883000
  m_vertexTransformMat -0.174669 -0.117329 -0.977612 0.000000 -0.650511 0.759081 0.025124 0.000000 0.739139 0.640336 -0.208912 0.000000 20.128839 9.199443 -5.170526 1.000000
aniFrame
  m_time 0.922000
  m_vertexTransformMat -0.109324 -0.193612 -0.974968 0.000000 -0.664053 0.744084 -0.073301 0.000000 0.739650 0.639417 -0.209915 0.000000 19.234253 9.787083 -4.837444 1.000000
aniFrame
  m_time 0.961000
  m_vertexTransformMat -0.045994 -0.275090 -0.960318 0.000000 -0.667303 0.723840 -0.175389 0.000000 0.743364 0.632757 -0.216860 0.000000 18.302774 10.422343 -4.947130 1.000000
aniFrame
  m_time 1.000000
  m_vertexTransformMat 0.011056 -0.357133 -0.933988 0.000000 -0.659652 0.699364 -0.275228 0.000000 0.751490 0.619150 -0.227851 0.000000 17.406429 11.064580 -5.437611 1.000000
aniFrame
  m_time 1.039000
  m_vertexTransformMat 0.057413 -0.435129 -0.898536 0.000000 -0.640262 0.674514 -0.367554 0.000000 0.766008 0.596401 -0.239871 0.000000 16.672871 11.638876 -6.180638 1.000000
aniFrame
  m_time 1.078000
  m_vertexTransformMat 0.090407 -0.509361 -0.855791 0.000000 -0.605184 0.654355 -0.453400 0.000000 0.790935 0.558902 -0.249099 0.000000 16.195230 12.106161 -7.064197 1.000000
aniFrame
  m_time 1.117000
  m_vertexTransformMat 0.108459 -0.600773 -0.792029 0.000000 -0.534112 0.636746 -0.556128 0.000000 0.838427 0.483350 -0.251819 0.000000 16.060236 12.555071 -8.347469 1.000000
aniFrame
  m_time 1.156000
  m_vertexTransformMat 0.107495 -0.700214 -0.705795 0.000000 -0.435585 0.604977 -0.666535 0.000000 0.893706 0.379083 -0.239971 0.000000 16.267071 12.967260 -9.911545 1.000000
aniFrame
  m_time 1.195000
  m_vertexTransformMat 0.090447 -0.781181 -0.617718 0.000000 -0.341397 0.558357 -0.756099 0.000000 0.935557 0.279274 -0.216191 0.000000 16.725822 13.310256 -11.274976 1.000000
aniFrame
  m_time 1.234000
  m_vertexTransformMat 0.069156 -0.828134 -0.556248 0.000000 -0.282982 0.518396 -0.806962 0.000000 0.956629 0.213214 -0.198497 0.000000 17.194965 13.688231 -12.099319 1.000000
aniFrame
  m_time 1.273000
  m_vertexTransformMat 0.057604 -0.834310 -0.548279 0.000000 -0.284992 0.512596 -0.809954 0.000000 0.956798 0.202912 -0.208244 0.000000 17.343834 14.271981 -12.262774 1.000000
aniFrame
  m_time 1.312000
  m_vertexTransformMat 0.053873 -0.812237 -0.580834 0.000000 -0.340523 0.531867 -0.775346 0.000000 0.938691 0.239558 -0.247932 0.000000 17.134371 15.116086 -12.085199 1.000000
aniFrame
  m_time 1.351000
  m_vertexTransformMat 0.048596 -0.775118 -0.629946 0.000000 -0.423295 0.555271 -0.715889 0.000000 0.904688 0.301442 -0.301119 0.000000 16.690975 16.138657 -11.833490 1.000000
aniFrame
  m_time 1.390000
  m_vertexTransformMat 0.037862 -0.724786 -0.687933 0.000000 -0.523323 0.572091 -0.631542 0.000000 0.851293 0.383923 -0.357637 0.000000 16.015308 17.288095 -11.565740 1.000000
aniFrame
  m_time 1.429000
  m_vertexTransformMat 0.018884 -0.664986 -0.746617 0.000000 -0.627764 0.573320 -0.526514 0.000000 0.778175 0.478642 -0.406627 0.000000 15.151743 18.453854 -11.295883 1.000000
aniFrame
  m_time 1.468000
  m_vertexTransformMat -0.010389 -0.599871 -0.800029 0.000000 -0.724644 0.555833 -0.407360 0.000000 0.689045 0.575504 -0.440467 0.000000 14.208921 19.516342 -10.963820 1.000000
aniFrame
  m_time 1.507000
  m_vertexTransformMat -0.049905 -0.534398 -0.843759 0.000000 -0.804069 0.522619 -0.283446 0.000000 0.592438 0.664295 -0.455774 0.000000 13.340690 20.373476 -10.572945 1.000000
aniFrame
  m_time 1.546000
  m_vertexTransformMat -0.097632 -0.472671 -0.875815 0.000000 -0.859795 0.483259 -0.164965 0.000000 0.501219 0.736915 -0.453581 0.000000 12.734674 20.938742 -10.161844 1.000000
aniFrame
  m_time 1.585000
  m_vertexTransformMat -0.148790 -0.418262 -0.896058 0.000000 -0.890525 0.450625 -0.062472 0.000000 0.429916 0.788666 -0.439521 0.000000 12.551672 21.173794 -9.798344 1.000000
aniFrame
  m_time 1.624000
  m_vertexTransformMat -0.211876 -0.359100 -0.908931 0.000000 -0.890841 0.453419 0.028523 0.000000 0.401884 0.815757 -0.415969 0.000000 13.414981 20.697493 -9.548676 1.000000
aniFrame
  m_time 1.663000
  m_vertexTransformMat -0.294002 -0.271317 -0.916488 0.000000 -0.850555 0.511689 0.121371 0.000000 0.436026 0.815206 -0.381208 0.000000 15.799257 18.937519 -9.493855 1.000000
aniFrame
  m_time 1.702000
  m_vertexTransformMat -0.364938 -0.160077 -0.917167 0.000000 -0.776700 0.595541 0.205104 0.000000 0.513379 0.787214 -0.341667 0.000000 18.642384 16.084146 -9.545834 1.000000
aniFrame
  m_time 1.741000
  m_vertexTransformMat -0.398850 -0.049722 -0.915667 0.000000 -0.690929 0.672829 0.264422 0.000000 0.602940 0.738126 -0.302712 0.000000 20.799229 12.803184 -9.410742 1.000000
aniFrame
  m_time 1.780000
  m_vertexTransformMat -0.392498 0.022822 -0.919470 0.000000 -0.626993 0.724770 0.285636 0.000000 0.672923 0.688612 -0.270161 0.000000 21.826101 10.203136 -8.932513 1.000000
aniFrame
  m_time 1.819000
  m_vertexTransformMat -0.360553 0.034559 -0.932098 0.000000 -0.606956 0.750100 0.262593 0.000000 0.708242 0.660421 -0.249475 0.000000 21.953058 9.082774 -8.175894 1.000000
aniFrame
  m_time 1.858000
  m_vertexTransformMat -0.316196 0.009762 -0.948644 0.000000 -0.608707 0.764889 0.210762 0.000000 0.727664 0.644089 -0.235913 0.000000 21.690966 8.750922 -7.264976 1.000000
aniFrame
  m_time 1.897000
  m_vertexTransformMat -0.263902 -0.036139 -0.963873 0.000000 -0.617200 0.774260 0.139956 0.000000 0.741229 0.631836 -0.226633 0.000000 21.224976 8.790260 -6.359334 1.000000
aniFrame
  m_time 1.936000
  m_vertexTransformMat -0.206159 -0.099187 -0.973479 0.000000 -0.628370 0.776038 0.054003 0.000000 0.750100 0.622838 -0.222313 0.000000 20.593689 9.142450 -5.625144 1.000000
aniFrame
  m_time 1.975000
  m_vertexTransformMat -0.145032 -0.174216 -0.973969 0.000000 -0.638506 0.768450 -0.042375 0.000000 0.755828 0.615739 -0.222688 0.000000 19.838940 9.713058 -5.200258 1.000000
aniFrame
  m_time 2.014000
  m_vertexTransformMat -0.082971 -0.255460 -0.963253 0.000000 -0.644328 0.751126 -0.143703 0.000000 0.760235 0.608728 -0.226921 0.000000 18.965340 10.385898 -5.177467 1.000000
aniFrame
  m_time 2.053000
  m_vertexTransformMat -0.022820 -0.337231 -0.941146 0.000000 -0.642835 0.725927 -0.244528 0.000000 0.765665 0.599421 -0.233349 0.000000 18.033897 11.030450 -5.508959 1.000000
aniFrame
  m_time 2.092000
  m_vertexTransformMat 0.032343 -0.414285 -0.909573 0.000000 -0.634648 0.694526 -0.338904 0.000000 0.772125 0.588219 -0.240462 0.000000 17.123402 11.578240 -6.079519 1.000000
aniFrame
  m_time 2.131000
  m_vertexTransformMat 0.079737 -0.481646 -0.872731 0.000000 -0.620026 0.661577 -0.421762 0.000000 0.780519 0.574746 -0.245881 0.000000 16.340315 11.940568 -6.717300 1.000000
aniFrame
  m_time 2.133000
  m_vertexTransformMat 0.081898 -0.485481 -0.870403 0.000000 -0.619212 0.659537 -0.426130 0.000000 0.780941 0.573863 -0.246601 0.000000 16.304363 11.966509 -6.761645 1.000000
