m_aniFrameList.size 84
aniFrame
  m_time -1.066000
  m_vertexTransformMat 0.978781 0.136481 0.152840 0.000000 -0.033527 0.842512 -0.537633 0.000000 -0.202146 0.521101 0.829211 0.000000 -4.568634 11.628751 -4.235775 1.000000
aniFrame
  m_time -1.027000
  m_vertexTransformMat 0.969603 0.121183 0.212564 0.000000 -0.011975 0.891201 -0.453451 0.000000 -0.244388 0.437122 0.865563 0.000000 -6.050128 9.642665 -3.421366 1.000000
aniFrame
  m_time -0.988000
  m_vertexTransformMat 0.962594 0.104156 0.250127 0.000000 0.008292 0.911404 -0.411430 0.000000 -0.270820 0.398114 0.876449 0.000000 -7.165173 8.712873 -3.276683 1.000000
aniFrame
  m_time -0.949000
  m_vertexTransformMat 0.956956 0.097086 0.273511 0.000000 0.038454 0.891669 -0.451051 0.000000 -0.287672 0.442154 0.849556 0.000000 -7.937954 9.785436 -3.919253 1.000000
aniFrame
  m_time -0.910000
  m_vertexTransformMat 0.954778 0.075737 0.287511 0.000000 0.050925 0.911063 -0.409109 0.000000 -0.292926 0.405250 0.866007 0.000000 -8.244268 8.918859 -3.362394 1.000000
aniFrame
  m_time -0.871000
  m_vertexTransformMat 0.954643 0.049280 0.293647 0.000000 0.053897 0.941317 -0.333193 0.000000 -0.292834 0.333907 0.895966 0.000000 -8.319889 7.260954 -2.362997 1.000000
aniFrame
  m_time -0.832000
  m_vertexTransformMat 0.955802 0.019429 0.293369 0.000000 0.049826 0.972677 -0.226753 0.000000 -0.289759 0.231348 0.928718 0.000000 -8.259787 4.894447 -1.264803 1.000000
aniFrame
  m_time -0.793000
  m_vertexTransformMat 0.957720 -0.010501 0.287512 0.000000 0.044087 0.992888 -0.110594 0.000000 -0.284306 0.118593 0.951371 0.000000 -8.089445 2.298218 -0.453955 1.000000
aniFrame
  m_time -0.754000
  m_vertexTransformMat 0.959692 -0.038314 0.278431 0.000000 0.040637 0.999171 -0.002574 0.000000 -0.278102 0.013785 0.960453 0.000000 -7.866343 -0.125634 -0.094675 1.000000
aniFrame
  m_time -0.715000
  m_vertexTransformMat 0.961122 -0.063392 0.268750 0.000000 0.040264 0.995062 0.090721 0.000000 -0.273174 -0.076373 0.958928 0.000000 -7.654282 -2.241864 -0.184103 1.000000
aniFrame
  m_time -0.676000
  m_vertexTransformMat 0.962062 -0.084036 0.259566 0.000000 0.046079 0.987762 0.149005 0.000000 -0.268911 -0.131392 0.954161 0.000000 -7.428690 -3.551473 -0.518173 1.000000
aniFrame
  m_time -0.637000
  m_vertexTransformMat 0.962445 -0.104223 0.250674 0.000000 0.053572 0.978128 0.200990 0.000000 -0.266139 -0.180012 0.946977 0.000000 -7.197680 -4.728886 -1.018767 1.000000
aniFrame
  m_time -0.598000
  m_vertexTransformMat 0.962442 -0.122942 0.242054 0.000000 0.063572 0.968857 0.239321 0.000000 -0.263939 -0.214945 0.940285 0.000000 -6.937924 -5.593730 -1.561139 1.000000
aniFrame
  m_time -0.559000
  m_vertexTransformMat 0.963066 -0.136806 0.231921 0.000000 0.071096 0.959943 0.271023 0.000000 -0.259709 -0.244525 0.934215 0.000000 -6.587118 -6.325690 -2.096936 1.000000
aniFrame
  m_time -0.520000
  m_vertexTransformMat 0.966120 -0.139848 0.216921 0.000000 0.066299 0.946746 0.315083 0.000000 -0.249433 -0.290027 0.923941 0.000000 -6.022797 -7.400875 -2.731730 1.000000
aniFrame
  m_time -0.481000
  m_vertexTransformMat 0.972521 -0.121319 0.198709 0.000000 0.040465 0.928591 0.368892 0.000000 -0.229273 -0.350714 0.907983 0.000000 -5.056020 -8.769117 -3.599027 1.000000
aniFrame
  m_time -0.442000
  m_vertexTransformMat 0.978225 -0.091384 0.186346 0.000000 0.032300 0.953940 0.298255 0.000000 -0.205018 -0.285742 0.936119 0.000000 -3.949234 -7.159845 -3.383589 1.000000
aniFrame
  m_time -0.403000
  m_vertexTransformMat 0.983039 -0.058735 0.173738 0.000000 0.037803 0.991881 0.121423 0.000000 -0.179459 -0.112796 0.977278 0.000000 -2.991242 -3.020839 -2.621476 1.000000
aniFrame
  m_time -0.364000
  m_vertexTransformMat 0.987304 -0.004806 0.158768 0.000000 0.017315 0.996843 -0.077494 0.000000 -0.157894 0.079259 0.984270 0.000000 -2.332692 1.603189 -2.382895 1.000000
aniFrame
  m_time -0.325000
  m_vertexTransformMat 0.986199 0.098720 0.132912 0.000000 -0.057832 0.957623 -0.282159 0.000000 -0.155134 0.270578 0.950116 0.000000 -2.201786 6.308350 -2.977181 1.000000
aniFrame
  m_time -0.286000
  m_vertexTransformMat 0.975094 0.204201 0.086565 0.000000 -0.139889 0.869109 -0.474427 0.000000 -0.172113 0.450502 0.876028 0.000000 -2.621386 10.719269 -4.474591 1.000000
aniFrame
  m_time -0.247000
  m_vertexTransformMat 0.971008 0.235231 0.042546 0.000000 -0.158282 0.766052 -0.622985 0.000000 -0.179138 0.598189 0.781076 0.000000 -2.841235 14.153135 -6.426998 1.000000
aniFrame
  m_time -0.208000
  m_vertexTransformMat 0.980196 0.197012 0.020027 0.000000 -0.118389 0.664069 -0.738239 0.000000 -0.158741 0.721248 0.674242 0.000000 -2.419711 16.838043 -8.626910 1.000000
aniFrame
  m_time -0.169000
  m_vertexTransformMat 0.987006 0.158879 0.024005 0.000000 -0.079099 0.610458 -0.788089 0.000000 -0.139865 0.775950 0.615092 0.000000 -2.064560 17.940639 -9.712846 1.000000
aniFrame
  m_time -0.130000
  m_vertexTransformMat 0.987680 0.150316 0.043508 0.000000 -0.062482 0.633720 -0.771035 0.000000 -0.143471 0.758818 0.635304 0.000000 -2.298270 17.433945 -9.016979 1.000000
aniFrame
  m_time -0.091000
  m_vertexTransformMat 0.986387 0.148133 0.071390 0.000000 -0.051875 0.692295 -0.719747 0.000000 -0.156041 0.706247 0.690556 0.000000 -2.811934 16.118464 -7.595129 1.000000
aniFrame
  m_time -0.052000
  m_vertexTransformMat 0.983687 0.146053 0.105013 0.000000 -0.044290 0.762443 -0.645539 0.000000 -0.174349 0.630357 0.756474 0.000000 -3.509012 14.269584 -5.986474 1.000000
aniFrame
  m_time -0.013000
  m_vertexTransformMat 0.980355 0.139829 0.139108 0.000000 -0.037232 0.823791 -0.565670 0.000000 -0.193693 0.549379 0.812814 0.000000 -4.255052 12.310410 -4.629426 1.000000
aniFrame
  m_time 0.025000
  m_vertexTransformMat 0.973566 0.127446 0.189541 0.000000 -0.021329 0.876952 -0.480105 0.000000 -0.227405 0.463371 0.856489 0.000000 -5.426329 10.241041 -3.584215 1.000000
aniFrame
  m_time 0.064000
  m_vertexTransformMat 0.965570 0.106193 0.237481 0.000000 -0.005689 0.921290 -0.388834 0.000000 -0.260081 0.374096 0.890174 0.000000 -6.692831 8.100354 -2.883359 1.000000
aniFrame
  m_time 0.103000
  m_vertexTransformMat 0.958709 0.101742 0.265566 0.000000 0.030068 0.892317 -0.450407 0.000000 -0.282794 0.439794 0.852413 0.000000 -7.695710 9.702598 -3.847265 1.000000
aniFrame
  m_time 0.142000
  m_vertexTransformMat 0.955207 0.083843 0.283813 0.000000 0.047965 0.902485 -0.428042 0.000000 -0.292025 0.422481 0.858039 0.000000 -8.179604 9.318626 -3.629123 1.000000
aniFrame
  m_time 0.181000
  m_vertexTransformMat 0.954528 0.058834 0.292257 0.000000 0.053923 0.930090 -0.363352 0.000000 -0.293203 0.362589 0.884625 0.000000 -8.308949 7.925260 -2.742025 1.000000
aniFrame
  m_time 0.220000
  m_vertexTransformMat 0.955290 0.029936 0.294150 0.000000 0.051928 0.962410 -0.266590 0.000000 -0.291074 0.269946 0.917827 0.000000 -8.293280 5.783858 -1.634198 1.000000
aniFrame
  m_time 0.259000
  m_vertexTransformMat 0.957040 -0.000614 0.289955 0.000000 0.045583 0.987882 -0.148361 0.000000 -0.286350 0.155205 0.945471 0.000000 -8.156810 3.139014 -0.678583 1.000000
aniFrame
  m_time 0.298000
  m_vertexTransformMat 0.959048 -0.028830 0.281773 0.000000 0.041772 0.998325 -0.040033 0.000000 -0.280147 0.050164 0.958646 0.000000 -7.943563 0.720024 -0.165744 1.000000
aniFrame
  m_time 0.337000
  m_vertexTransformMat 0.960713 -0.055591 0.271918 0.000000 0.039074 0.997068 0.065791 0.000000 -0.274778 -0.052581 0.960069 0.000000 -7.727469 -1.681425 -0.115421 1.000000
aniFrame
  m_time 0.376000
  m_vertexTransformMat 0.961727 -0.077361 0.262862 0.000000 0.043632 0.990314 0.131814 0.000000 -0.270513 -0.115300 0.955787 0.000000 -7.514989 -3.166757 -0.386716 1.000000
aniFrame
  m_time 0.415000
  m_vertexTransformMat 0.962328 -0.097208 0.253918 0.000000 0.050832 0.981760 0.183202 0.000000 -0.267096 -0.163393 0.949717 0.000000 -7.283201 -4.324359 -0.828252 1.000000
aniFrame
  m_time 0.454000
  m_vertexTransformMat 0.962383 -0.116784 0.245318 0.000000 0.060097 0.972043 0.226984 0.000000 -0.264967 -0.203703 0.942495 0.000000 -7.040126 -5.314210 -1.371088 1.000000
aniFrame
  m_time 0.493000
  m_vertexTransformMat 0.962669 -0.132846 0.235841 0.000000 0.069168 0.963085 0.260160 0.000000 -0.261696 -0.234135 0.936320 0.000000 -6.726182 -6.070970 -1.913432 1.000000
aniFrame
  m_time 0.532000
  m_vertexTransformMat 0.964500 -0.141242 0.223139 0.000000 0.071610 0.953177 0.293811 0.000000 -0.254190 -0.267402 0.929454 0.000000 -6.268452 -6.874672 -2.451266 1.000000
aniFrame
  m_time 0.571000
  m_vertexTransformMat 0.970078 -0.130190 0.204938 0.000000 0.050568 0.933910 0.353914 0.000000 -0.237470 -0.332960 0.912549 0.000000 -5.442410 -8.378921 -3.305928 1.000000
aniFrame
  m_time 0.610000
  m_vertexTransformMat 0.976501 -0.101516 0.190104 0.000000 0.030323 0.938053 0.345164 0.000000 -0.213367 -0.331288 0.919088 0.000000 -4.326528 -8.256783 -3.645304 1.000000
aniFrame
  m_time 0.649000
  m_vertexTransformMat 0.981384 -0.070945 0.178469 0.000000 0.036444 0.981177 0.189638 0.000000 -0.188564 -0.179604 0.965498 0.000000 -3.304756 -4.617285 -2.858076 1.000000
aniFrame
  m_time 0.688000
  m_vertexTransformMat 0.986019 -0.028338 0.164205 0.000000 0.029839 0.999532 -0.006679 0.000000 -0.163938 0.011486 0.986404 0.000000 -2.513806 -0.037253 -2.382550 1.000000
aniFrame
  m_time 0.727000
  m_vertexTransformMat 0.987787 0.059568 0.143971 0.000000 -0.028349 0.977319 -0.209866 0.000000 -0.153207 0.203222 0.967072 0.000000 -2.169469 4.648308 -2.659002 1.000000
aniFrame
  m_time 0.766000
  m_vertexTransformMat 0.979281 0.174029 0.103546 0.000000 -0.116768 0.903036 -0.413391 0.000000 -0.165448 0.392735 0.904647 0.000000 -2.450172 9.319183 -3.890833 1.000000
aniFrame
  m_time 0.805000
  m_vertexTransformMat 0.970080 0.236296 0.055754 0.000000 -0.162410 0.802286 -0.574422 0.000000 -0.180464 0.548180 0.816658 0.000000 -2.854054 13.024067 -5.695336 1.000000
aniFrame
  m_time 0.844000
  m_vertexTransformMat 0.976234 0.215280 0.024919 0.000000 -0.136306 0.699331 -0.701681 0.000000 -0.168485 0.681609 0.712055 0.000000 -2.626789 15.988257 -7.849565 1.000000
aniFrame
  m_time 0.883000
  m_vertexTransformMat 0.985287 0.169710 0.020202 0.000000 -0.090952 0.620741 -0.778722 0.000000 -0.144698 0.765427 0.627043 0.000000 -2.142174 17.749205 -9.533725 1.000000
aniFrame
  m_time 0.922000
  m_vertexTransformMat 0.987802 0.151611 0.035525 0.000000 -0.066944 0.619441 -0.782183 0.000000 -0.140594 0.770264 0.622035 0.000000 -2.170665 17.734526 -9.394875 1.000000
aniFrame
  m_time 0.961000
  m_vertexTransformMat 0.987034 0.148651 0.060552 0.000000 -0.055371 0.669429 -0.740809 0.000000 -0.150657 0.727851 0.668981 0.000000 -2.602711 16.652142 -8.136908 1.000000
aniFrame
  m_time 1.000000
  m_vertexTransformMat 0.984794 0.147092 0.092435 0.000000 -0.046983 0.737752 -0.673436 0.000000 -0.167251 0.658852 0.733444 0.000000 -3.244305 14.960933 -6.543501 1.000000
aniFrame
  m_time 1.039000
  m_vertexTransformMat 0.981522 0.142710 0.127468 0.000000 -0.039922 0.804223 -0.592985 0.000000 -0.187138 0.576939 0.795060 0.000000 -3.998731 12.977090 -5.057658 1.000000
aniFrame
  m_time 1.078000
  m_vertexTransformMat 0.976665 0.132941 0.168679 0.000000 -0.028451 0.858558 -0.511927 0.000000 -0.212877 0.495182 0.842305 0.000000 -4.935549 11.005738 -3.921030 1.000000
aniFrame
  m_time 1.117000
  m_vertexTransformMat 0.968197 0.114094 0.222661 0.000000 -0.011904 0.909964 -0.414516 0.000000 -0.249907 0.398682 0.882383 0.000000 -6.272017 8.689742 -3.024115 1.000000
aniFrame
  m_time 1.156000
  m_vertexTransformMat 0.960954 0.102755 0.256920 0.000000 0.018723 0.902219 -0.430871 0.000000 -0.276072 0.418858 0.865068 0.000000 -7.390879 9.186454 -3.537317 1.000000
aniFrame
  m_time 1.195000
  m_vertexTransformMat 0.956069 0.090955 0.278672 0.000000 0.043344 0.896333 -0.441258 0.000000 -0.289918 0.433952 0.853015 0.000000 -8.060498 9.582189 -3.801590 1.000000
aniFrame
  m_time 1.234000
  m_vertexTransformMat 0.954600 0.068010 0.290024 0.000000 0.052819 0.919520 -0.389478 0.000000 -0.293172 0.387114 0.874182 0.000000 -8.279515 8.494395 -3.090751 1.000000
aniFrame
  m_time 1.273000
  m_vertexTransformMat 0.954885 0.040381 0.294218 0.000000 0.053561 0.951049 -0.304363 0.000000 -0.292106 0.306391 0.905979 0.000000 -8.313200 6.624316 -2.030648 1.000000
aniFrame
  m_time 1.312000
  m_vertexTransformMat 0.956347 0.010010 0.292062 0.000000 0.048089 0.980398 -0.191066 0.000000 -0.288250 0.196771 0.937120 0.000000 -8.216545 4.096683 -0.975540 1.000000
aniFrame
  m_time 1.351000
  m_vertexTransformMat 0.958348 -0.019224 0.284956 0.000000 0.042786 0.996137 -0.076692 0.000000 -0.282380 0.085689 0.955468 0.000000 -8.023341 1.539614 -0.295171 1.000000
aniFrame
  m_time 1.390000
  m_vertexTransformMat 0.960229 -0.046712 0.275277 0.000000 0.039338 0.998705 0.032252 0.000000 -0.276427 -0.020141 0.960824 0.000000 -7.799836 -0.920248 -0.081262 1.000000
aniFrame
  m_time 1.429000
  m_vertexTransformMat 0.961428 -0.070054 0.265988 0.000000 0.041640 0.992947 0.111006 0.000000 -0.271888 -0.095649 0.957564 0.000000 -7.590879 -2.699253 -0.268814 1.000000
aniFrame
  m_time 1.468000
  m_vertexTransformMat 0.962281 -0.090023 0.256732 0.000000 0.048265 0.985187 0.164551 0.000000 -0.267743 -0.145953 0.952372 0.000000 -7.355800 -3.902077 -0.649454 1.000000
aniFrame
  m_time 1.507000
  m_vertexTransformMat 0.962565 -0.110008 0.247722 0.000000 0.056445 0.975254 0.213762 0.000000 -0.265107 -0.191777 0.944955 0.000000 -7.115369 -5.017928 -1.177172 1.000000
aniFrame
  m_time 1.546000
  m_vertexTransformMat 0.962585 -0.127755 0.238974 0.000000 0.066427 0.966229 0.248976 0.000000 -0.262712 -0.223786 0.938564 0.000000 -6.838011 -5.814085 -1.720618 1.000000
aniFrame
  m_time 1.585000
  m_vertexTransformMat 0.963550 -0.139684 0.228167 0.000000 0.072423 0.957217 0.280162 0.000000 -0.257540 -0.253425 0.932442 0.000000 -6.455999 -6.542583 -2.246876 1.000000
aniFrame
  m_time 1.624000
  m_vertexTransformMat 0.967866 -0.136536 0.211168 0.000000 0.059271 0.939962 0.336094 0.000000 -0.244379 -0.312778 0.917850 0.000000 -5.774147 -7.924416 -3.012180 1.000000
aniFrame
  m_time 1.663000
  m_vertexTransformMat 0.974523 -0.112237 0.194183 0.000000 0.033158 0.928366 0.370185 0.000000 -0.221822 -0.354314 0.908436 0.000000 -4.712704 -8.827310 -3.740349 1.000000
aniFrame
  m_time 1.702000
  m_vertexTransformMat 0.979664 -0.082009 0.183120 0.000000 0.033902 0.967190 0.251780 0.000000 -0.197760 -0.240452 0.950302 0.000000 -3.646436 -6.072696 -3.140777 1.000000
aniFrame
  m_time 1.741000
  m_vertexTransformMat 0.984414 -0.045798 0.169798 0.000000 0.035527 0.997378 0.063042 0.000000 -0.172240 -0.056027 0.983460 0.000000 -2.757910 -1.659689 -2.479770 1.000000
aniFrame
  m_time 1.780000
  m_vertexTransformMat 0.987958 0.022553 0.153069 0.000000 -0.001170 0.990380 -0.138371 0.000000 -0.154717 0.136526 0.978480 0.000000 -2.229052 3.005360 -2.464535 1.000000
aniFrame
  m_time 1.819000
  m_vertexTransformMat 0.983368 0.135724 0.120686 0.000000 -0.086697 0.934689 -0.344733 0.000000 -0.159593 0.328536 0.930910 0.000000 -2.305334 7.742409 -3.356546 1.000000
aniFrame
  m_time 1.858000
  m_vertexTransformMat 0.971787 0.224535 0.072209 0.000000 -0.154942 0.838563 -0.522308 0.000000 -0.177828 0.496384 0.849694 0.000000 -2.772728 11.816819 -5.013164 1.000000
aniFrame
  m_time 1.897000
  m_vertexTransformMat 0.972965 0.228498 0.033593 0.000000 -0.149907 0.735465 -0.660772 0.000000 -0.175691 0.637872 0.749835 0.000000 -2.776397 15.032279 -7.068571 1.000000
aniFrame
  m_time 1.936000
  m_vertexTransformMat 0.982831 0.183547 0.018787 0.000000 -0.105026 0.640263 -0.760942 0.000000 -0.151697 0.745904 0.648548 0.000000 -2.276911 17.355591 -9.137027 1.000000
aniFrame
  m_time 1.975000
  m_vertexTransformMat 0.987667 0.153910 0.028747 0.000000 -0.072159 0.610384 -0.788812 0.000000 -0.138953 0.777009 0.613962 0.000000 -2.082834 17.936575 -9.669620 1.000000
aniFrame
  m_time 2.014000
  m_vertexTransformMat 0.987372 0.149433 0.052601 0.000000 -0.057951 0.649715 -0.757966 0.000000 -0.147441 0.745345 0.650170 0.000000 -2.472128 17.115278 -8.643936 1.000000
aniFrame
  m_time 2.053000
  m_vertexTransformMat 0.985436 0.147681 0.084298 0.000000 -0.047543 0.715243 -0.697258 0.000000 -0.163265 0.683095 0.711847 0.000000 -3.106662 15.587754 -7.108072 1.000000
aniFrame
  m_time 2.092000
  m_vertexTransformMat 0.982293 0.144445 0.119316 0.000000 -0.040273 0.784762 -0.618488 0.000000 -0.182972 0.602731 0.776683 0.000000 -3.852586 13.632305 -5.535540 1.000000
aniFrame
  m_time 2.131000
  m_vertexTransformMat 0.978938 0.136949 0.151411 0.000000 -0.033832 0.840204 -0.541213 0.000000 -0.201335 0.524692 0.827141 0.000000 -4.537071 11.717415 -4.287964 1.000000
aniFrame
  m_time 2.133000
  m_vertexTransformMat 0.978781 0.136482 0.152840 0.000000 -0.033527 0.842510 -0.537636 0.000000 -0.202147 0.521104 0.829209 0.000000 -4.568646 11.628825 -4.235820 1.000000
