m_aniFrameList.size 202
aniFrame
  m_time -1.066000
  m_vertexTransformMat -0.671686 -0.628056 -0.392916 0.000000 -0.542606 0.778167 -0.316282 0.000000 0.504397 0.000756 -0.863472 0.000000 32.235641 9.950244 -24.833708 1.000000
aniFrame
  m_time -1.050000
  m_vertexTransformMat -0.681917 -0.623154 -0.382973 0.000000 -0.511584 0.780562 -0.359173 0.000000 0.522754 -0.049003 -0.851074 0.000000 32.567982 8.998585 -24.892548 1.000000
aniFrame
  m_time -1.034000
  m_vertexTransformMat -0.691936 -0.617937 -0.373334 0.000000 -0.478504 0.779747 -0.403767 0.000000 0.540609 -0.100739 -0.835221 0.000000 32.887306 8.007328 -24.886845 1.000000
aniFrame
  m_time -1.018000
  m_vertexTransformMat -0.702664 -0.611472 -0.363821 0.000000 -0.439998 0.775258 -0.453184 0.000000 0.559165 -0.158356 -0.813793 0.000000 33.219635 6.864235 -24.787838 1.000000
aniFrame
  m_time -1.002000
  m_vertexTransformMat -0.713352 -0.604401 -0.354723 0.000000 -0.398689 0.766272 -0.503859 0.000000 0.576347 -0.218005 -0.787590 0.000000 33.525589 5.669400 -24.597816 1.000000
aniFrame
  m_time -0.986000
  m_vertexTransformMat -0.723494 -0.597246 -0.346198 0.000000 -0.356898 0.752882 -0.552985 0.000000 0.590915 -0.276524 -0.757862 0.000000 33.790035 4.497487 -24.323774 1.000000
aniFrame
  m_time -0.970000
  m_vertexTransformMat -0.733036 -0.590065 -0.338351 0.000000 -0.315431 0.735610 -0.599484 0.000000 0.602629 -0.332717 -0.725354 0.000000 34.008728 3.374028 -23.975813 1.000000
aniFrame
  m_time -0.954000
  m_vertexTransformMat -0.741561 -0.583557 -0.330980 0.000000 -0.277401 0.715911 -0.640719 0.000000 0.610848 -0.383318 -0.692771 0.000000 34.182816 2.382710 -23.590065 1.000000
aniFrame
  m_time -0.938000
  m_vertexTransformMat -0.749126 -0.577543 -0.324431 0.000000 -0.242795 0.695065 -0.676710 0.000000 0.616329 -0.428170 -0.660915 0.000000 34.324738 1.519678 -23.173996 1.000000
aniFrame
  m_time -0.922000
  m_vertexTransformMat -0.755537 -0.572923 -0.317685 0.000000 -0.215976 0.675663 -0.704865 0.000000 0.618481 -0.463939 -0.634226 0.000000 34.411251 0.880244 -22.831627 1.000000
aniFrame
  m_time -0.906000
  m_vertexTransformMat -0.760653 -0.569256 -0.312019 0.000000 -0.195234 0.659006 -0.726358 0.000000 0.619106 -0.491589 -0.612413 0.000000 34.484737 0.429590 -22.520502 1.000000
aniFrame
  m_time -0.890000
  m_vertexTransformMat -0.764718 -0.566664 -0.306755 0.000000 -0.184977 0.649074 -0.737894 0.000000 0.617244 -0.507538 -0.601178 0.000000 34.502243 0.253755 -22.391165 1.000000
aniFrame
  m_time -0.874000
  m_vertexTransformMat -0.767035 -0.566593 -0.301049 0.000000 -0.185774 0.645239 -0.741051 0.000000 0.614122 -0.512485 -0.600179 0.000000 34.476505 0.369328 -22.445972 1.000000
aniFrame
  m_time -0.858000
  m_vertexTransformMat -0.768102 -0.567444 -0.296692 0.000000 -0.194176 0.647938 -0.736528 0.000000 0.610176 -0.508118 -0.607866 0.000000 34.430092 0.714465 -22.630171 1.000000
aniFrame
  m_time -0.842000
  m_vertexTransformMat -0.767985 -0.571168 -0.289766 0.000000 -0.214213 0.655444 -0.724228 0.000000 0.603582 -0.494125 -0.625723 0.000000 34.299618 1.335752 -23.059742 1.000000
aniFrame
  m_time -0.826000
  m_vertexTransformMat -0.766242 -0.577196 -0.282343 0.000000 -0.238423 0.663440 -0.709226 0.000000 0.596680 -0.476122 -0.645972 0.000000 34.143333 2.088798 -23.541168 1.000000
aniFrame
  m_time -0.810000
  m_vertexTransformMat -0.763778 -0.584504 -0.273857 0.000000 -0.268497 0.673516 -0.688684 0.000000 0.586986 -0.452472 -0.671355 0.000000 33.903946 3.009563 -24.153118 1.000000
aniFrame
  m_time -0.794000
  m_vertexTransformMat -0.759998 -0.593814 -0.264175 0.000000 -0.302755 0.683139 -0.664575 0.000000 0.575102 -0.425095 -0.698964 0.000000 33.589619 4.050743 -24.842022 1.000000
aniFrame
  m_time -0.778000
  m_vertexTransformMat -0.754551 -0.604847 -0.254585 0.000000 -0.340684 0.692613 -0.635784 0.000000 0.560881 -0.392998 -0.728674 0.000000 33.193871 5.240415 -25.580299 1.000000
aniFrame
  m_time -0.762000
  m_vertexTransformMat -0.747856 -0.617271 -0.244312 0.000000 -0.381734 0.700941 -0.602463 0.000000 0.543131 -0.357293 -0.759835 0.000000 32.685223 6.538301 -26.382101 1.000000
aniFrame
  m_time -0.746000
  m_vertexTransformMat -0.739211 -0.631397 -0.234318 0.000000 -0.424686 0.707045 -0.565446 0.000000 0.522695 -0.318473 -0.790801 0.000000 32.078979 7.942310 -27.195869 1.000000
aniFrame
  m_time -0.730000
  m_vertexTransformMat -0.728986 -0.646505 -0.224967 0.000000 -0.468535 0.710847 -0.524569 0.000000 0.499054 -0.276998 -0.821108 0.000000 31.365135 9.419695 -28.002840 1.000000
aniFrame
  m_time -0.714000
  m_vertexTransformMat -0.717065 -0.662744 -0.215843 0.000000 -0.512886 0.711404 -0.480471 0.000000 0.471981 -0.233826 -0.850035 0.000000 30.538914 10.959302 -28.803312 1.000000
aniFrame
  m_time -0.698000
  m_vertexTransformMat -0.703682 -0.679342 -0.208149 0.000000 -0.556316 0.709026 -0.433352 0.000000 0.441978 -0.189145 -0.876858 0.000000 29.616941 12.529183 -29.543615 1.000000
aniFrame
  m_time -0.682000
  m_vertexTransformMat -0.688988 -0.696272 -0.201249 0.000000 -0.598371 0.703137 -0.384123 0.000000 0.408959 -0.144235 -0.901082 0.000000 28.602158 14.107708 -30.226070 1.000000
aniFrame
  m_time -0.666000
  m_vertexTransformMat -0.673368 -0.712926 -0.195733 0.000000 -0.638113 0.694159 -0.333100 0.000000 0.373345 -0.099399 -0.922351 0.000000 27.515518 15.668000 -30.829626 1.000000
aniFrame
  m_time -0.650000
  m_vertexTransformMat -0.657145 -0.728884 -0.192062 0.000000 -0.674678 0.682401 -0.281314 0.000000 0.336109 -0.055284 -0.940199 0.000000 26.379066 17.184013 -31.329157 1.000000
aniFrame
  m_time -0.634000
  m_vertexTransformMat -0.640922 -0.743973 -0.189004 0.000000 -0.707906 0.668081 -0.229211 0.000000 0.296797 -0.013109 -0.954851 0.000000 25.209326 18.631456 -31.764845 1.000000
aniFrame
  m_time -0.618000
  m_vertexTransformMat -0.625250 -0.757444 -0.187995 0.000000 -0.736906 0.652315 -0.177356 0.000000 0.256969 0.027643 -0.966024 0.000000 24.044914 19.989899 -32.088718 1.000000
aniFrame
  m_time -0.602000
  m_vertexTransformMat -0.610590 -0.769325 -0.187932 0.000000 -0.761527 0.635504 -0.127323 0.000000 0.217384 0.065373 -0.973895 0.000000 22.914087 21.237045 -32.332817 1.000000
aniFrame
  m_time -0.586000
  m_vertexTransformMat -0.597950 -0.778962 -0.188878 0.000000 -0.781530 0.618926 -0.078375 0.000000 0.177953 0.100749 -0.978868 0.000000 21.848101 22.357824 -32.504238 1.000000
aniFrame
  m_time -0.570000
  m_vertexTransformMat -0.587523 -0.786293 -0.191204 0.000000 -0.796815 0.603337 -0.032702 0.000000 0.141074 0.133142 -0.981005 0.000000 20.889256 23.341619 -32.588993 1.000000
aniFrame
  m_time -0.554000
  m_vertexTransformMat -0.579850 -0.791451 -0.193338 0.000000 -0.807716 0.589499 0.009282 0.000000 0.106627 0.161544 -0.981088 0.000000 20.056282 24.172346 -32.638950 1.000000
aniFrame
  m_time -0.538000
  m_vertexTransformMat -0.576162 -0.793325 -0.196657 0.000000 -0.813861 0.579020 0.048640 0.000000 0.075281 0.188076 -0.979265 0.000000 19.396570 24.849770 -32.629036 1.000000
aniFrame
  m_time -0.522000
  m_vertexTransformMat -0.581487 -0.788359 -0.200907 0.000000 -0.812186 0.576854 0.087145 0.000000 0.047192 0.213848 -0.975727 0.000000 19.064930 25.286024 -32.605370 1.000000
aniFrame
  m_time -0.506000
  m_vertexTransformMat -0.595363 -0.776547 -0.206198 0.000000 -0.803132 0.582485 0.125260 0.000000 0.022837 0.240180 -0.970460 0.000000 19.055922 25.503620 -32.561539 1.000000
aniFrame
  m_time -0.490000
  m_vertexTransformMat -0.618907 -0.756152 -0.212578 0.000000 -0.785461 0.596691 0.164352 0.000000 0.002568 0.268690 -0.963223 0.000000 19.402092 25.484035 -32.505947 1.000000
aniFrame
  m_time -0.474000
  m_vertexTransformMat -0.651319 -0.726360 -0.219512 0.000000 -0.758699 0.618559 0.204357 0.000000 -0.012655 0.299645 -0.953967 0.000000 20.096676 25.210180 -32.447525 1.000000
aniFrame
  m_time -0.458000
  m_vertexTransformMat -0.686938 -0.690527 -0.226471 0.000000 -0.726396 0.643182 0.242213 0.000000 -0.021593 0.330893 -0.943422 0.000000 20.982920 24.751814 -32.368774 1.000000
aniFrame
  m_time -0.442000
  m_vertexTransformMat -0.725244 -0.647602 -0.233737 0.000000 -0.688085 0.670087 0.278429 0.000000 -0.023687 0.362760 -0.931581 0.000000 22.056648 24.084082 -32.262901 1.000000
aniFrame
  m_time -0.426000
  m_vertexTransformMat -0.761564 -0.601637 -0.240941 0.000000 -0.647807 0.695696 0.310409 0.000000 -0.019132 0.392480 -0.919562 0.000000 23.165983 23.280085 -32.115234 1.000000
aniFrame
  m_time -0.410000
  m_vertexTransformMat -0.795513 -0.552436 -0.248946 0.000000 -0.605886 0.719877 0.338643 0.000000 -0.007868 0.420227 -0.907385 0.000000 24.298794 22.335720 -31.901655 1.000000
aniFrame
  m_time -0.394000
  m_vertexTransformMat -0.823877 -0.505045 -0.257207 0.000000 -0.566710 0.740613 0.361017 0.000000 0.008161 0.443195 -0.896388 0.000000 25.351742 21.344585 -31.644258 1.000000
aniFrame
  m_time -0.378000
  m_vertexTransformMat -0.846835 -0.460157 -0.266696 0.000000 -0.531099 0.758394 0.377854 0.000000 0.028389 0.461622 -0.886622 0.000000 26.316860 20.327574 -31.314266 1.000000
aniFrame
  m_time -0.362000
  m_vertexTransformMat -0.862686 -0.423369 -0.276644 0.000000 -0.503289 0.772467 0.387292 0.000000 0.049730 0.473343 -0.879473 0.000000 27.130938 19.400480 -30.965019 1.000000
aniFrame
  m_time -0.346000
  m_vertexTransformMat -0.871491 -0.397438 -0.287308 0.000000 -0.485296 0.783302 0.388491 0.000000 0.070648 0.477996 -0.875516 0.000000 27.779352 18.632809 -30.599373 1.000000
aniFrame
  m_time -0.330000
  m_vertexTransformMat -0.875195 -0.380489 -0.298768 0.000000 -0.475169 0.792050 0.383237 0.000000 0.090822 0.477372 -0.873995 0.000000 28.306713 17.994232 -30.211651 1.000000
aniFrame
  m_time -0.314000
  m_vertexTransformMat -0.873920 -0.373749 -0.310765 0.000000 -0.473565 0.798774 0.371075 0.000000 0.109542 0.471457 -0.875059 0.000000 28.710503 17.517239 -29.809248 1.000000
aniFrame
  m_time -0.298000
  m_vertexTransformMat -0.869917 -0.372419 -0.323340 0.000000 -0.476273 0.804616 0.354623 0.000000 0.128096 0.462490 -0.877322 0.000000 29.060074 17.102276 -29.383886 1.000000
aniFrame
  m_time -0.282000
  m_vertexTransformMat -0.864136 -0.373839 -0.336918 0.000000 -0.481114 0.810072 0.335131 0.000000 0.147642 0.451695 -0.879871 0.000000 29.403193 16.692686 -28.914860 1.000000
aniFrame
  m_time -0.266000
  m_vertexTransformMat -0.856679 -0.378598 -0.350380 0.000000 -0.487982 0.815005 0.312475 0.000000 0.167259 0.438670 -0.882946 0.000000 29.711901 16.303461 -28.440395 1.000000
aniFrame
  m_time -0.250000
  m_vertexTransformMat -0.847346 -0.386587 -0.364082 0.000000 -0.496820 0.819235 0.286399 0.000000 0.187551 0.423562 -0.886239 0.000000 29.997952 15.938649 -27.948326 1.000000
aniFrame
  m_time -0.234000
  m_vertexTransformMat -0.836751 -0.397325 -0.376803 0.000000 -0.506658 0.822791 0.257512 0.000000 0.207714 0.406383 -0.889779 0.000000 30.247505 15.588111 -27.477531 1.000000
aniFrame
  m_time -0.218000
  m_vertexTransformMat -0.825161 -0.410045 -0.388552 0.000000 -0.516712 0.825846 0.225803 0.000000 0.228295 0.387093 -0.893331 0.000000 30.477894 15.234882 -27.029026 1.000000
aniFrame
  m_time -0.202000
  m_vertexTransformMat -0.811915 -0.425589 -0.399585 0.000000 -0.527906 0.827472 0.191326 0.000000 0.249219 0.366284 -0.896508 0.000000 30.680607 14.919402 -26.591339 1.000000
aniFrame
  m_time -0.186000
  m_vertexTransformMat -0.798756 -0.442145 -0.408039 0.000000 -0.537962 0.828542 0.155289 0.000000 0.269417 0.343548 -0.899661 0.000000 30.850376 14.587247 -26.232553 1.000000
aniFrame
  m_time -0.170000
  m_vertexTransformMat -0.784146 -0.460327 -0.416191 0.000000 -0.547975 0.828383 0.116212 0.000000 0.291270 0.319189 -0.901821 0.000000 31.028032 14.265248 -25.868551 1.000000
aniFrame
  m_time -0.154000
  m_vertexTransformMat -0.769035 -0.480399 -0.421666 0.000000 -0.558165 0.826175 0.076732 0.000000 0.311508 0.294369 -0.903499 0.000000 31.141037 13.992929 -25.593662 1.000000
aniFrame
  m_time -0.138000
  m_vertexTransformMat -0.754849 -0.499242 -0.425396 0.000000 -0.564940 0.824391 0.034965 0.000000 0.333237 0.266717 -0.904332 0.000000 31.282101 13.633207 -25.363432 1.000000
aniFrame
  m_time -0.122000
  m_vertexTransformMat -0.740366 -0.518347 -0.427990 0.000000 -0.570712 0.821119 -0.007216 0.000000 0.355171 0.238917 -0.903755 0.000000 31.411060 13.287772 -25.159327 1.000000
aniFrame
  m_time -0.106000
  m_vertexTransformMat -0.727004 -0.537519 -0.427245 0.000000 -0.574704 0.816848 -0.049760 0.000000 0.375741 0.209364 -0.902765 0.000000 31.498913 12.929521 -25.056126 1.000000
aniFrame
  m_time -0.090000
  m_vertexTransformMat -0.714060 -0.555430 -0.426164 0.000000 -0.576334 0.811956 -0.092564 0.000000 0.397439 0.179516 -0.899898 0.000000 31.603390 12.547312 -24.938980 1.000000
aniFrame
  m_time -0.074000
  m_vertexTransformMat -0.702770 -0.572692 -0.422064 0.000000 -0.576183 0.806179 -0.134501 0.000000 0.417287 0.148663 -0.896533 0.000000 31.688547 12.152398 -24.912605 1.000000
aniFrame
  m_time -0.058000
  m_vertexTransformMat -0.692453 -0.588200 -0.417769 0.000000 -0.573210 0.800172 -0.176509 0.000000 0.438109 0.117245 -0.891243 0.000000 31.789852 11.726819 -24.858063 1.000000
aniFrame
  m_time -0.042000
  m_vertexTransformMat -0.684156 -0.602023 -0.411703 0.000000 -0.568265 0.793852 -0.216504 0.000000 0.457171 0.085834 -0.885227 0.000000 31.891932 11.280981 -24.856733 1.000000
aniFrame
  m_time -0.026000
  m_vertexTransformMat -0.677726 -0.613932 -0.404693 0.000000 -0.560898 0.787516 -0.255370 0.000000 0.475481 0.053921 -0.878072 0.000000 32.006245 10.813021 -24.857391 1.000000
aniFrame
  m_time -0.010000
  m_vertexTransformMat -0.672978 -0.623390 -0.398103 0.000000 -0.551751 0.781551 -0.291118 0.000000 0.492617 0.023738 -0.869922 0.000000 32.125736 10.338551 -24.839075 1.000000
aniFrame
  m_time 0.005000
  m_vertexTransformMat -0.671699 -0.629789 -0.390111 0.000000 -0.536779 0.776673 -0.329616 0.000000 0.510577 -0.011999 -0.859748 0.000000 32.302620 9.725836 -24.829203 1.000000
aniFrame
  m_time 0.021000
  m_vertexTransformMat -0.673841 -0.632474 -0.381990 0.000000 -0.515386 0.772787 -0.370375 0.000000 0.529449 -0.052701 -0.846703 0.000000 32.532089 8.967300 -24.789610 1.000000
aniFrame
  m_time 0.037000
  m_vertexTransformMat -0.679509 -0.632027 -0.372572 0.000000 -0.487135 0.768398 -0.415047 0.000000 0.548605 -0.100535 -0.830015 0.000000 32.809414 8.042079 -24.732714 1.000000
aniFrame
  m_time 0.053000
  m_vertexTransformMat -0.688551 -0.627922 -0.362783 0.000000 -0.450431 0.762374 -0.464649 0.000000 0.568340 -0.156526 -0.807768 0.000000 33.131744 6.921668 -24.610128 1.000000
aniFrame
  m_time 0.069000
  m_vertexTransformMat -0.699337 -0.621661 -0.352798 0.000000 -0.410113 0.753212 -0.514276 0.000000 0.585436 -0.214965 -0.781700 0.000000 33.435947 5.745203 -24.433212 1.000000
aniFrame
  m_time 0.085000
  m_vertexTransformMat -0.711097 -0.613376 -0.343674 0.000000 -0.366355 0.740446 -0.563493 0.000000 0.600105 -0.274791 -0.751242 0.000000 33.722961 4.531673 -24.160629 1.000000
aniFrame
  m_time 0.101000
  m_vertexTransformMat -0.722945 -0.604232 -0.335045 0.000000 -0.323456 0.724506 -0.608661 0.000000 0.610515 -0.331655 -0.719220 0.000000 33.952919 3.388372 -23.844879 1.000000
aniFrame
  m_time 0.117000
  m_vertexTransformMat -0.734095 -0.594690 -0.327794 0.000000 -0.281764 0.705973 -0.649779 0.000000 0.617830 -0.384639 -0.685813 0.000000 34.161610 2.335460 -23.445393 1.000000
aniFrame
  m_time 0.133000
  m_vertexTransformMat -0.744355 -0.585560 -0.321022 0.000000 -0.245450 0.686983 -0.683966 0.000000 0.621039 -0.430319 -0.655085 0.000000 34.304512 1.456724 -23.071152 1.000000
aniFrame
  m_time 0.149000
  m_vertexTransformMat -0.753064 -0.578091 -0.314175 0.000000 -0.216863 0.668911 -0.711006 0.000000 0.621181 -0.467300 -0.629099 0.000000 34.398060 0.801316 -22.754425 1.000000
aniFrame
  m_time 0.165000
  m_vertexTransformMat -0.759953 -0.571383 -0.309829 0.000000 -0.194449 0.654703 -0.730448 0.000000 0.620211 -0.494860 -0.608648 0.000000 34.481342 0.355088 -22.452208 1.000000
aniFrame
  m_time 0.181000
  m_vertexTransformMat -0.765015 -0.567503 -0.304454 0.000000 -0.185888 0.647206 -0.739304 0.000000 0.616602 -0.508985 -0.600614 0.000000 34.482216 0.243924 -22.398056 1.000000
aniFrame
  m_time 0.197000
  m_vertexTransformMat -0.767411 -0.566925 -0.299461 0.000000 -0.187831 0.645361 -0.740425 0.000000 0.613026 -0.511962 -0.601743 0.000000 34.458881 0.433812 -22.484390 1.000000
aniFrame
  m_time 0.213000
  m_vertexTransformMat -0.768309 -0.568016 -0.295058 0.000000 -0.199141 0.650218 -0.733185 0.000000 0.608313 -0.504554 -0.612683 0.000000 34.398163 0.874248 -22.734257 1.000000
aniFrame
  m_time 0.229000
  m_vertexTransformMat -0.767559 -0.573028 -0.287213 0.000000 -0.222045 0.658049 -0.719492 0.000000 0.601289 -0.488478 -0.632329 0.000000 34.248867 1.573884 -23.218401 1.000000
aniFrame
  m_time 0.245000
  m_vertexTransformMat -0.765509 -0.579450 -0.279702 0.000000 -0.247748 0.666640 -0.703002 0.000000 0.593816 -0.468858 -0.653876 0.000000 34.074982 2.378809 -23.729734 1.000000
aniFrame
  m_time 0.261000
  m_vertexTransformMat -0.762763 -0.587356 -0.270568 0.000000 -0.279704 0.676884 -0.680878 0.000000 0.583060 -0.443669 -0.680588 0.000000 33.803013 3.345611 -24.384190 1.000000
aniFrame
  m_time 0.277000
  m_vertexTransformMat -0.758322 -0.597337 -0.261030 0.000000 -0.314930 0.686296 -0.655604 0.000000 0.570760 -0.414953 -0.708553 0.000000 33.470135 4.430550 -25.079090 1.000000
aniFrame
  m_time 0.293000
  m_vertexTransformMat -0.752472 -0.608824 -0.251236 0.000000 -0.354130 0.695622 -0.625062 0.000000 0.555318 -0.381371 -0.739039 0.000000 33.036213 5.664557 -25.842932 1.000000
aniFrame
  m_time 0.309000
  m_vertexTransformMat -0.745201 -0.621812 -0.240885 0.000000 -0.395881 0.703216 -0.590564 0.000000 0.536614 -0.344727 -0.770200 0.000000 32.493912 6.994135 -26.653975 1.000000
aniFrame
  m_time 0.325000
  m_vertexTransformMat -0.735935 -0.636363 -0.231174 0.000000 -0.439246 0.708589 -0.552236 0.000000 0.515230 -0.304868 -0.800995 0.000000 31.854185 8.429829 -27.465033 1.000000
aniFrame
  m_time 0.341000
  m_vertexTransformMat -0.725226 -0.651792 -0.221843 0.000000 -0.483307 0.711411 -0.510205 0.000000 0.490369 -0.262796 -0.830950 0.000000 31.101183 9.925628 -28.272692 1.000000
aniFrame
  m_time 0.357000
  m_vertexTransformMat -0.712722 -0.668300 -0.213079 0.000000 -0.527548 0.710903 -0.465093 0.000000 0.462300 -0.219073 -0.859236 0.000000 30.241665 11.482382 -29.059254 1.000000
aniFrame
  m_time 0.373000
  m_vertexTransformMat -0.698948 -0.684919 -0.205812 0.000000 -0.570478 0.707505 -0.417125 0.000000 0.431310 -0.174138 -0.885239 0.000000 29.288763 13.053966 -29.776047 1.000000
aniFrame
  m_time 0.389000
  m_vertexTransformMat -0.683834 -0.701929 -0.199163 0.000000 -0.611966 0.700411 -0.367318 0.000000 0.397327 -0.129304 -0.908522 0.000000 28.246134 14.632519 -30.439287 1.000000
aniFrame
  m_time 0.405000
  m_vertexTransformMat -0.668050 -0.718269 -0.194421 0.000000 -0.650620 0.690617 -0.315821 0.000000 0.361115 -0.084490 -0.928686 0.000000 27.142382 16.177889 -31.004469 1.000000
aniFrame
  m_time 0.421000
  m_vertexTransformMat -0.651668 -0.734075 -0.190951 0.000000 -0.686178 0.677828 -0.264026 0.000000 0.323247 -0.041031 -0.945425 0.000000 25.990963 17.676369 -31.481876 1.000000
aniFrame
  m_time 0.437000
  m_vertexTransformMat -0.635687 -0.748609 -0.188379 0.000000 -0.718045 0.663012 -0.211722 0.000000 0.283395 0.000676 -0.959003 0.000000 24.819361 19.093245 -31.887972 1.000000
aniFrame
  m_time 0.453000
  m_vertexTransformMat -0.620165 -0.761618 -0.187975 0.000000 -0.745617 0.646753 -0.160517 0.000000 0.243826 0.040611 -0.968969 0.000000 23.662609 20.420330 -32.175030 1.000000
aniFrame
  m_time 0.469000
  m_vertexTransformMat -0.606205 -0.772782 -0.187947 0.000000 -0.768693 0.629947 -0.110807 0.000000 0.204026 0.077302 -0.975909 0.000000 22.550329 21.622343 -32.404064 1.000000
aniFrame
  m_time 0.485000
  m_vertexTransformMat -0.594152 -0.781679 -0.189634 0.000000 -0.787170 0.613540 -0.062711 0.000000 0.165367 0.112014 -0.979850 0.000000 21.513954 22.703817 -32.537739 1.000000
aniFrame
  m_time 0.501000
  m_vertexTransformMat -0.584811 -0.788155 -0.191856 0.000000 -0.800802 0.598650 -0.018304 0.000000 0.129281 0.142934 -0.981252 0.000000 20.601425 23.630796 -32.612656 1.000000
aniFrame
  m_time 0.517000
  m_vertexTransformMat -0.577880 -0.792656 -0.194298 0.000000 -0.810476 0.585336 0.022587 0.000000 0.095826 0.170527 -0.980683 0.000000 19.808128 24.420490 -32.640362 1.000000
aniFrame
  m_time 0.533000
  m_vertexTransformMat -0.576912 -0.792447 -0.197992 0.000000 -0.814173 0.577350 0.061556 0.000000 0.065531 0.196713 -0.978269 0.000000 19.248106 25.021980 -32.621937 1.000000
aniFrame
  m_time 0.549000
  m_vertexTransformMat -0.585140 -0.785232 -0.202540 0.000000 -0.810011 0.577854 0.099836 0.000000 0.038644 0.222478 -0.974172 0.000000 19.025602 25.382607 -32.593151 1.000000
aniFrame
  m_time 0.565000
  m_vertexTransformMat -0.602005 -0.770869 -0.208210 0.000000 -0.798340 0.586164 0.138078 0.000000 0.015605 0.249346 -0.968289 0.000000 19.127436 25.526676 -32.543274 1.000000
aniFrame
  m_time 0.581000
  m_vertexTransformMat -0.629036 -0.747088 -0.214880 0.000000 -0.777370 0.603405 0.177760 0.000000 -0.003143 0.278859 -0.960327 0.000000 19.603354 25.417439 -32.487263 1.000000
aniFrame
  m_time 0.597000
  m_vertexTransformMat -0.662945 -0.715058 -0.221803 0.000000 -0.748490 0.626552 0.217247 0.000000 -0.016373 0.310040 -0.950583 0.000000 20.373472 25.077101 -32.424618 1.000000
aniFrame
  m_time 0.613000
  m_vertexTransformMat -0.699620 -0.676860 -0.228895 0.000000 -0.714143 0.652067 0.254575 0.000000 -0.023057 0.341569 -0.939574 0.000000 21.326517 24.550156 -32.336620 1.000000
aniFrame
  m_time 0.629000
  m_vertexTransformMat -0.737723 -0.632466 -0.236116 0.000000 -0.674715 0.678873 0.289639 0.000000 -0.022894 0.372985 -0.927555 0.000000 22.427906 23.828144 -32.220089 1.000000
aniFrame
  m_time 0.645000
  m_vertexTransformMat -0.773269 -0.585441 -0.243543 0.000000 -0.633874 0.703998 0.320297 0.000000 -0.016061 0.402052 -0.915476 0.000000 23.544525 22.978319 -32.050308 1.000000
aniFrame
  m_time 0.661000
  m_vertexTransformMat -0.805716 -0.536173 -0.251675 0.000000 -0.592295 0.727241 0.346855 0.000000 -0.002946 0.428532 -0.903522 0.000000 24.663504 22.005156 -31.820490 1.000000
aniFrame
  m_time 0.677000
  m_vertexTransformMat -0.832167 -0.489669 -0.260237 0.000000 -0.554336 0.746876 0.367271 0.000000 0.014524 0.449890 -0.892966 0.000000 25.684595 21.005642 -31.541208 1.000000
aniFrame
  m_time 0.693000
  m_vertexTransformMat -0.853009 -0.446617 -0.270017 0.000000 -0.520683 0.763540 0.381963 0.000000 0.035578 0.466411 -0.883852 0.000000 26.608992 20.000513 -31.196497 1.000000
aniFrame
  m_time 0.709000
  m_vertexTransformMat -0.866294 -0.413629 -0.280081 0.000000 -0.496301 0.776362 0.388520 0.000000 0.056741 0.475577 -0.877842 0.000000 27.362906 19.128468 -30.846504 1.000000
aniFrame
  m_time 0.725000
  m_vertexTransformMat -0.873218 -0.390859 -0.291066 0.000000 -0.481130 0.786417 0.387379 0.000000 0.077489 0.478306 -0.874768 0.000000 27.966913 18.406864 -30.471771 1.000000
aniFrame
  m_time 0.741000
  m_vertexTransformMat -0.875286 -0.377151 -0.302707 0.000000 -0.473736 0.794495 0.379938 0.000000 0.097205 0.475957 -0.874080 0.000000 28.453983 17.817860 -30.079388 1.000000
aniFrame
  m_time 0.757000
  m_vertexTransformMat -0.872725 -0.373095 -0.314883 0.000000 -0.474318 0.800737 0.365846 0.000000 0.115643 0.468638 -0.875788 0.000000 28.827816 17.380419 -29.670731 1.000000
aniFrame
  m_time 0.773000
  m_vertexTransformMat -0.868251 -0.372432 -0.327773 0.000000 -0.477536 0.806514 0.348561 0.000000 0.134538 0.459162 -0.878106 0.000000 29.177105 16.961733 -29.231897 1.000000
aniFrame
  m_time 0.789000
  m_vertexTransformMat -0.861781 -0.375126 -0.341489 0.000000 -0.483271 0.811759 0.327866 0.000000 0.154216 0.447581 -0.880846 0.000000 29.510609 16.561979 -28.754686 1.000000
aniFrame
  m_time 0.805000
  m_vertexTransformMat -0.853845 -0.380834 -0.354846 0.000000 -0.490630 0.816526 0.304249 0.000000 0.173873 0.433880 -0.884035 0.000000 29.808538 16.177488 -28.281307 1.000000
aniFrame
  m_time 0.821000
  m_vertexTransformMat -0.843855 -0.389957 -0.368568 0.000000 -0.500120 0.820468 0.276968 0.000000 0.194393 0.418050 -0.887381 0.000000 30.086794 15.822247 -27.784100 1.000000
aniFrame
  m_time 0.837000
  m_vertexTransformMat -0.833149 -0.401250 -0.380608 0.000000 -0.509845 0.823907 0.247458 0.000000 0.214293 0.400220 -0.891012 0.000000 30.322214 15.468564 -27.333614 1.000000
aniFrame
  m_time 0.853000
  m_vertexTransformMat -0.820852 -0.414939 -0.392465 0.000000 -0.520366 0.826579 0.214447 0.000000 0.235421 0.380255 -0.894418 0.000000 30.552307 15.124437 -26.876171 1.000000
aniFrame
  m_time 0.869000
  m_vertexTransformMat -0.807491 -0.431148 -0.402580 0.000000 -0.531562 0.827731 0.179735 0.000000 0.255735 0.359130 -0.897566 0.000000 30.733206 14.819284 -26.467606 1.000000
aniFrame
  m_time 0.885000
  m_vertexTransformMat -0.794134 -0.447883 -0.410795 0.000000 -0.541118 0.828794 0.142449 0.000000 0.276664 0.335412 -0.900531 0.000000 30.913424 14.470320 -26.111118 1.000000
aniFrame
  m_time 0.901000
  m_vertexTransformMat -0.778924 -0.467052 -0.418499 0.000000 -0.551711 0.827623 0.103222 0.000000 0.298149 0.311293 -0.902333 0.000000 31.069231 14.182345 -25.760866 1.000000
aniFrame
  m_time 0.917000
  m_vertexTransformMat -0.764316 -0.486800 -0.422903 0.000000 -0.560715 0.825605 0.063039 0.000000 0.318464 0.285310 -0.903980 0.000000 31.183037 13.879137 -25.519419 1.000000
aniFrame
  m_time 0.933000
  m_vertexTransformMat -0.749941 -0.505490 -0.426696 0.000000 -0.566933 0.823500 0.020848 0.000000 0.340846 0.257543 -0.904155 0.000000 31.332558 13.514709 -25.280836 1.000000
aniFrame
  m_time 0.949000
  m_vertexTransformMat -0.735830 -0.524821 -0.427923 0.000000 -0.572298 0.819769 -0.021309 0.000000 0.361981 0.229220 -0.903564 0.000000 31.441397 13.171392 -25.121428 1.000000
aniFrame
  m_time 0.965000
  m_vertexTransformMat -0.722591 -0.543616 -0.427017 0.000000 -0.575467 0.815306 -0.064134 0.000000 0.383014 0.199392 -0.901966 0.000000 31.532753 12.803593 -25.014084 1.000000
aniFrame
  m_time 0.981000
  m_vertexTransformMat -0.710137 -0.561281 -0.425051 0.000000 -0.576527 0.810103 -0.106533 0.000000 0.404130 0.169400 -0.898878 0.000000 31.632721 12.418097 -24.924486 1.000000
aniFrame
  m_time 0.997000
  m_vertexTransformMat -0.699227 -0.578117 -0.420551 0.000000 -0.575516 0.804177 -0.148597 0.000000 0.424104 0.138131 -0.895018 0.000000 31.719582 12.013990 -24.900280 1.000000
aniFrame
  m_time 1.013000
  m_vertexTransformMat -0.689429 -0.592975 -0.416016 0.000000 -0.571783 0.798098 -0.190012 0.000000 0.444693 0.106871 -0.889284 0.000000 31.823671 11.580728 -24.850023 1.000000
aniFrame
  m_time 1.029000
  m_vertexTransformMat -0.681860 -0.606251 -0.409299 0.000000 -0.566075 0.791719 -0.229653 0.000000 0.463277 0.075103 -0.883025 0.000000 31.928497 11.126097 -24.862907 1.000000
aniFrame
  m_time 1.045000
  m_vertexTransformMat -0.675872 -0.617380 -0.402542 0.000000 -0.558190 0.785437 -0.267421 0.000000 0.481271 0.043953 -0.875469 0.000000 32.043381 10.661032 -24.850672 1.000000
aniFrame
  m_time 1.061000
  m_vertexTransformMat -0.672095 -0.625904 -0.395642 0.000000 -0.547620 0.779796 -0.303365 0.000000 0.498398 0.012772 -0.866855 0.000000 32.176086 10.155637 -24.835619 1.000000
aniFrame
  m_time 1.077000
  m_vertexTransformMat -0.672049 -0.631081 -0.387412 0.000000 -0.530327 0.775313 -0.342991 0.000000 0.516820 -0.025052 -0.855727 0.000000 32.374146 9.488442 -24.819414 1.000000
aniFrame
  m_time 1.093000
  m_vertexTransformMat -0.675317 -0.632644 -0.379088 0.000000 -0.506813 0.771483 -0.384648 0.000000 0.535806 -0.067632 -0.841628 0.000000 32.618881 8.680048 -24.772034 1.000000
aniFrame
  m_time 1.109000
  m_vertexTransformMat -0.682218 -0.631045 -0.369270 0.000000 -0.475707 0.766636 -0.431245 0.000000 0.555231 -0.118539 -0.823205 0.000000 32.914581 7.685503 -24.700907 1.000000
aniFrame
  m_time 1.125000
  m_vertexTransformMat -0.692033 -0.625963 -0.359527 0.000000 -0.437084 0.759728 -0.481425 0.000000 0.574497 -0.176018 -0.799356 0.000000 33.237900 6.527851 -24.554756 1.000000
aniFrame
  m_time 1.141000
  m_vertexTransformMat -0.703169 -0.619146 -0.349588 0.000000 -0.395944 0.749354 -0.530751 0.000000 0.590577 -0.234791 -0.772070 0.000000 33.533859 5.344728 -24.354876 1.000000
aniFrame
  m_time 1.157000
  m_vertexTransformMat -0.715095 -0.610302 -0.340837 0.000000 -0.351558 0.735428 -0.579269 0.000000 0.604191 -0.294408 -0.740458 0.000000 33.808338 4.133820 -24.054062 1.000000
aniFrame
  m_time 1.173000
  m_vertexTransformMat -0.726741 -0.601146 -0.332371 0.000000 -0.309606 0.718588 -0.622717 0.000000 0.613181 -0.349650 -0.708346 0.000000 34.022842 3.030643 -23.725180 1.000000
aniFrame
  m_time 1.189000
  m_vertexTransformMat -0.737639 -0.591482 -0.325635 0.000000 -0.268568 0.699517 -0.662230 0.000000 0.619483 -0.401032 -0.674844 0.000000 34.220882 2.013632 -23.305862 1.000000
aniFrame
  m_time 1.205000
  m_vertexTransformMat -0.747462 -0.582953 -0.318540 0.000000 -0.235505 0.680899 -0.693480 0.000000 0.621159 -0.443332 -0.646234 0.000000 34.333981 1.221028 -22.972414 1.000000
aniFrame
  m_time 1.221000
  m_vertexTransformMat -0.755550 -0.575769 -0.312465 0.000000 -0.208406 0.663459 -0.718603 0.000000 0.621057 -0.477821 -0.621270 0.000000 34.430233 0.623850 -22.642216 1.000000
aniFrame
  m_time 1.237000
  m_vertexTransformMat -0.761887 -0.569568 -0.308418 0.000000 -0.189832 0.651612 -0.734415 0.000000 0.619268 -0.500993 -0.604576 0.000000 34.491348 0.277228 -22.401638 1.000000
aniFrame
  m_time 1.253000
  m_vertexTransformMat -0.766089 -0.567108 -0.302486 0.000000 -0.185793 0.645924 -0.740449 0.000000 0.615297 -0.511049 -0.600199 0.000000 34.473202 0.281009 -22.421047 1.000000
aniFrame
  m_time 1.269000
  m_vertexTransformMat -0.767881 -0.566842 -0.298411 0.000000 -0.189769 0.646214 -0.739186 0.000000 0.611839 -0.510978 -0.603785 0.000000 34.451717 0.539382 -22.528444 1.000000
aniFrame
  m_time 1.285000
  m_vertexTransformMat -0.768243 -0.569341 -0.292666 0.000000 -0.206080 0.652794 -0.728965 0.000000 0.606080 -0.499710 -0.618835 0.000000 34.353794 1.090787 -22.884075 1.000000
aniFrame
  m_time 1.301000
  m_vertexTransformMat -0.766963 -0.575074 -0.284705 0.000000 -0.230016 0.660575 -0.714655 0.000000 0.599050 -0.482627 -0.638913 0.000000 34.198627 1.823158 -23.376810 1.000000
aniFrame
  m_time 1.317000
  m_vertexTransformMat -0.764694 -0.581877 -0.276880 0.000000 -0.257812 0.670049 -0.696109 0.000000 0.590573 -0.460927 -0.662397 0.000000 33.994892 2.686650 -23.934656 1.000000
aniFrame
  m_time 1.333000
  m_vertexTransformMat -0.761504 -0.590467 -0.267323 0.000000 -0.291096 0.680057 -0.672895 0.000000 0.579117 -0.434595 -0.689748 0.000000 33.698578 3.690880 -24.613287 1.000000
aniFrame
  m_time 1.349000
  m_vertexTransformMat -0.756502 -0.601018 -0.257844 0.000000 -0.327592 0.689478 -0.645991 0.000000 0.566030 -0.404226 -0.718479 0.000000 33.338493 4.828044 -25.325283 1.000000
aniFrame
  m_time 1.365000
  m_vertexTransformMat -0.750255 -0.612955 -0.247797 0.000000 -0.367832 0.698418 -0.613932 0.000000 0.549379 -0.369458 -0.749456 0.000000 32.866203 6.097151 -26.111084 1.000000
aniFrame
  m_time 1.381000
  m_vertexTransformMat -0.742310 -0.626535 -0.237550 0.000000 -0.410216 0.705251 -0.578225 0.000000 0.529810 -0.331775 -0.780530 0.000000 32.291988 7.462910 -26.925484 1.000000
aniFrame
  m_time 1.397000
  m_vertexTransformMat -0.732521 -0.641400 -0.228079 0.000000 -0.453865 0.709868 -0.538603 0.000000 0.507366 -0.291021 -0.811102 0.000000 31.616585 8.922809 -27.733578 1.000000
aniFrame
  m_time 1.413000
  m_vertexTransformMat -0.721243 -0.657224 -0.218780 0.000000 -0.498116 0.711584 -0.495508 0.000000 0.481341 -0.248404 -0.840599 0.000000 30.825584 10.439614 -28.540384 1.000000
aniFrame
  m_time 1.429000
  m_vertexTransformMat -0.708250 -0.673845 -0.210513 0.000000 -0.542041 0.710106 -0.449381 0.000000 0.452299 -0.204167 -0.868183 0.000000 29.934263 12.006396 -29.306387 1.000000
aniFrame
  m_time 1.445000
  m_vertexTransformMat -0.694038 -0.690583 -0.203488 0.000000 -0.584519 0.705521 -0.400722 0.000000 0.420297 -0.159174 -0.893317 0.000000 28.950136 13.580832 -30.004244 1.000000
aniFrame
  m_time 1.461000
  m_vertexTransformMat -0.678615 -0.707499 -0.197300 0.000000 -0.625236 0.697400 -0.350307 0.000000 0.385438 -0.114365 -0.915619 0.000000 27.883406 15.153271 -30.641388 1.000000
aniFrame
  m_time 1.477000
  m_vertexTransformMat -0.662624 -0.723601 -0.193215 0.000000 -0.662815 0.686683 -0.298568 0.000000 0.348721 -0.069772 -0.934626 0.000000 26.763268 16.683910 -31.170288 1.000000
aniFrame
  m_time 1.493000
  m_vertexTransformMat -0.646245 -0.739123 -0.189909 0.000000 -0.697271 0.673030 -0.246667 0.000000 0.310132 -0.026989 -0.950311 0.000000 25.600430 18.159313 -31.627811 1.000000
aniFrame
  m_time 1.509000
  m_vertexTransformMat -0.630445 -0.753101 -0.188092 0.000000 -0.727712 0.657750 -0.194423 0.000000 0.270138 0.014304 -0.962716 0.000000 24.430885 19.546827 -31.994347 1.000000
aniFrame
  m_time 1.525000
  m_vertexTransformMat -0.615256 -0.765592 -0.187963 0.000000 -0.753831 0.641126 -0.143865 0.000000 0.230649 0.053179 -0.971583 0.000000 23.285217 20.836452 -32.255955 1.000000
aniFrame
  m_time 1.541000
  m_vertexTransformMat -0.601986 -0.775993 -0.188279 0.000000 -0.775365 0.624413 -0.094439 0.000000 0.190848 0.089134 -0.977565 0.000000 22.194277 21.996527 -32.460808 1.000000
aniFrame
  m_time 1.557000
  m_vertexTransformMat -0.590655 -0.784130 -0.190441 0.000000 -0.792270 0.608320 -0.047488 0.000000 0.153086 0.122831 -0.980550 0.000000 21.193781 23.032333 -32.564877 1.000000
aniFrame
  m_time 1.573000
  m_vertexTransformMat -0.582237 -0.789894 -0.192532 0.000000 -0.804443 0.594015 -0.004322 0.000000 0.117780 0.152365 -0.981281 0.000000 20.323040 23.907692 -32.630123 1.000000
aniFrame
  m_time 1.589000
  m_vertexTransformMat -0.576568 -0.793337 -0.195411 0.000000 -0.812576 0.581762 0.035678 0.000000 0.085378 0.179358 -0.980072 0.000000 19.585760 24.647758 -32.636219 1.000000
aniFrame
  m_time 1.605000
  m_vertexTransformMat -0.578757 -0.790747 -0.199397 0.000000 -0.813564 0.576695 0.074404 0.000000 0.056156 0.205284 -0.977090 0.000000 19.139391 25.165821 -32.614914 1.000000
aniFrame
  m_time 1.621000
  m_vertexTransformMat -0.589753 -0.781313 -0.204304 0.000000 -0.807007 0.579723 0.112526 0.000000 0.030522 0.231238 -0.972418 0.000000 19.022291 25.455309 -32.578407 1.000000
aniFrame
  m_time 1.637000
  m_vertexTransformMat -0.609811 -0.764126 -0.210336 0.000000 -0.792498 0.590867 0.151076 0.000000 0.008840 0.258819 -0.965885 0.000000 19.241158 25.521414 -32.524555 1.000000
aniFrame
  m_time 1.653000
  m_vertexTransformMat -0.639929 -0.737099 -0.217200 0.000000 -0.768390 0.610771 0.191145 0.000000 -0.008233 0.289213 -0.957229 0.000000 19.837418 25.324942 -32.468052 1.000000
aniFrame
  m_time 1.669000
  m_vertexTransformMat -0.674667 -0.703282 -0.224095 0.000000 -0.737868 0.634638 0.229749 0.000000 -0.019359 0.320357 -0.947099 0.000000 20.663919 24.927702 -32.398186 1.000000
aniFrame
  m_time 1.685000
  m_vertexTransformMat -0.712468 -0.662479 -0.231326 0.000000 -0.701303 0.661097 0.266694 0.000000 -0.023750 0.352240 -0.935608 0.000000 21.686995 24.326254 -32.301491 1.000000
aniFrame
  m_time 1.701000
  m_vertexTransformMat -0.749720 -0.617294 -0.238469 0.000000 -0.661408 0.687325 0.300205 0.000000 -0.021409 0.382796 -0.923585 0.000000 22.794155 23.562887 -32.171921 1.000000
aniFrame
  m_time 1.717000
  m_vertexTransformMat -0.784644 -0.568953 -0.246225 0.000000 -0.619825 0.712097 0.329749 0.000000 -0.012276 0.411352 -0.911394 0.000000 23.924002 22.661915 -31.978662 1.000000
aniFrame
  m_time 1.733000
  m_vertexTransformMat -0.815115 -0.520458 -0.254386 0.000000 -0.579295 0.734108 0.354264 0.000000 0.002367 0.436130 -0.899881 0.000000 25.013014 21.676126 -31.736258 1.000000
aniFrame
  m_time 1.749000
  m_vertexTransformMat -0.839856 -0.474608 -0.263419 0.000000 -0.542391 0.752823 0.372920 0.000000 0.021317 0.456075 -0.889686 0.000000 26.007553 20.664698 -31.430193 1.000000
aniFrame
  m_time 1.765000
  m_vertexTransformMat -0.858300 -0.434295 -0.273330 0.000000 -0.511368 0.768228 0.385134 0.000000 0.042718 0.470333 -0.881455 0.000000 26.880795 19.690062 -31.079954 1.000000
aniFrame
  m_time 1.781000
  m_vertexTransformMat -0.869161 -0.405063 -0.283696 0.000000 -0.490409 0.779887 0.388940 0.000000 0.063706 0.477179 -0.876494 0.000000 27.577917 18.875067 -30.722633 1.000000
aniFrame
  m_time 1.797000
  m_vertexTransformMat -0.874419 -0.385238 -0.294930 0.000000 -0.477807 0.789287 0.385651 0.000000 0.084217 0.478140 -0.874236 0.000000 28.142340 18.195137 -30.341110 1.000000
aniFrame
  m_time 1.813000
  m_vertexTransformMat -0.875069 -0.374704 -0.306351 0.000000 -0.472821 0.797064 0.375673 0.000000 0.103415 0.473589 -0.874653 0.000000 28.588202 17.649082 -29.956568 1.000000
aniFrame
  m_time 1.829000
  m_vertexTransformMat -0.872142 -0.371802 -0.318013 0.000000 -0.473846 0.803738 0.359827 0.000000 0.121814 0.464509 -0.877150 0.000000 28.947424 17.208874 -29.563173 1.000000
aniFrame
  m_time 1.845000
  m_vertexTransformMat -0.868054 -0.370847 -0.330084 0.000000 -0.475990 0.810649 0.341000 0.000000 0.141123 0.453123 -0.880207 0.000000 29.303202 16.753239 -29.148653 1.000000
aniFrame
  m_time 1.861000
  m_vertexTransformMat -0.862396 -0.373081 -0.342177 0.000000 -0.480003 0.817387 0.318553 0.000000 0.160845 0.438964 -0.883991 0.000000 29.636007 16.311302 -28.724056 1.000000
aniFrame
  m_time 1.877000
  m_vertexTransformMat -0.855389 -0.378105 -0.354042 0.000000 -0.485389 0.823737 0.293010 0.000000 0.180849 0.422486 -0.888144 0.000000 29.943394 15.886253 -28.300920 1.000000
aniFrame
  m_time 1.893000
  m_vertexTransformMat -0.846954 -0.386062 -0.365548 0.000000 -0.492092 0.829526 0.264073 0.000000 0.201283 0.403540 -0.892548 0.000000 30.228657 15.480393 -27.878971 1.000000
aniFrame
  m_time 1.909000
  m_vertexTransformMat -0.837590 -0.396192 -0.376132 0.000000 -0.499270 0.834626 0.232660 0.000000 0.221752 0.382665 -0.896880 0.000000 30.488905 15.084212 -27.479340 1.000000
aniFrame
  m_time 1.925000
  m_vertexTransformMat -0.826895 -0.408831 -0.386137 0.000000 -0.507217 0.838726 0.198165 0.000000 0.242847 0.359717 -0.900905 0.000000 30.734316 14.707203 -27.085543 1.000000
aniFrame
  m_time 1.941000
  m_vertexTransformMat -0.815936 -0.422801 -0.394320 0.000000 -0.514650 0.841919 0.162197 0.000000 0.263408 0.335279 -0.904546 0.000000 30.951355 14.327815 -26.744448 1.000000
aniFrame
  m_time 1.957000
  m_vertexTransformMat -0.803807 -0.438629 -0.401870 0.000000 -0.522162 0.843880 0.123341 0.000000 0.285029 0.308983 -0.907352 0.000000 31.168238 13.957965 -26.409330 1.000000
aniFrame
  m_time 1.973000
  m_vertexTransformMat -0.791030 -0.456212 -0.407605 0.000000 -0.529964 0.843848 0.084013 0.000000 0.305630 0.282473 -0.909285 0.000000 31.334246 13.627772 -26.131739 1.000000
aniFrame
  m_time 1.989000
  m_vertexTransformMat -0.778299 -0.473972 -0.411828 0.000000 -0.535966 0.843169 0.042502 0.000000 0.327096 0.253806 -0.910270 0.000000 31.502111 13.256719 -25.894905 1.000000
aniFrame
  m_time 2.005000
  m_vertexTransformMat -0.764563 -0.493090 -0.415098 0.000000 -0.542301 0.840184 0.000811 0.000000 0.348359 0.225729 -0.909776 0.000000 31.632750 12.933215 -25.678961 1.000000
aniFrame
  m_time 2.021000
  m_vertexTransformMat -0.751575 -0.512103 -0.415795 0.000000 -0.546855 0.836203 -0.041412 0.000000 0.368897 0.196255 -0.908515 0.000000 31.735056 12.580453 -25.539082 1.000000
aniFrame
  m_time 2.037000
  m_vertexTransformMat -0.738227 -0.530595 -0.416521 0.000000 -0.549774 0.831053 -0.084255 0.000000 0.390856 0.166793 -0.905213 0.000000 31.847427 12.212364 -25.369919 1.000000
aniFrame
  m_time 2.053000
