m_aniFrameList.size 84
aniFrame
  m_time -1.066000
  m_vertexTransformMat -0.671686 -0.628056 -0.392916 0.000000 -0.542606 0.778167 -0.316282 0.000000 0.504397 0.000756 -0.863472 0.000000 32.235641 9.950244 -24.833708 1.000000
aniFrame
  m_time -1.027000
  m_vertexTransformMat -0.696579 -0.615259 -0.369099 0.000000 -0.462316 0.778302 -0.424865 0.000000 0.548673 -0.125312 -0.826593 0.000000 33.032429 7.523523 -24.857065 1.000000
aniFrame
  m_time -0.988000
  m_vertexTransformMat -0.722250 -0.598166 -0.347206 0.000000 -0.362221 0.754797 -0.546879 0.000000 0.589195 -0.269218 -0.761821 0.000000 33.758610 4.644447 -24.363953 1.000000
aniFrame
  m_time -0.949000
  m_vertexTransformMat -0.744024 -0.581585 -0.328919 0.000000 -0.265924 0.709366 -0.652753 0.000000 0.612954 -0.398196 -0.682442 0.000000 34.233459 2.092761 -23.455597 1.000000
aniFrame
  m_time -0.910000
  m_vertexTransformMat -0.759471 -0.570133 -0.313294 0.000000 -0.199683 0.662645 -0.721823 0.000000 0.619137 -0.485644 -0.617106 0.000000 34.469353 0.520820 -22.588772 1.000000
aniFrame
  m_time -0.871000
  m_vertexTransformMat -0.767290 -0.566702 -0.300191 0.000000 -0.186696 0.645213 -0.740842 0.000000 0.613523 -0.512396 -0.600866 0.000000 34.471073 0.416183 -22.466829 1.000000
aniFrame
  m_time -0.832000
  m_vertexTransformMat -0.767041 -0.574818 -0.285011 0.000000 -0.229017 0.660253 -0.715274 0.000000 0.599332 -0.483372 -0.638085 0.000000 34.204918 1.791421 -23.357002 1.000000
aniFrame
  m_time -0.793000
  m_vertexTransformMat -0.759696 -0.594461 -0.263586 0.000000 -0.304999 0.683727 -0.662943 0.000000 0.574315 -0.423242 -0.700734 0.000000 33.568081 4.120481 -24.885788 1.000000
aniFrame
  m_time -0.754000
  m_vertexTransformMat -0.743783 -0.624154 -0.239205 0.000000 -0.403028 0.704264 -0.584450 0.000000 0.533249 -0.338298 -0.775371 0.000000 32.394299 7.227048 -26.789825 1.000000
aniFrame
  m_time -0.715000
  m_vertexTransformMat -0.717862 -0.661705 -0.216382 0.000000 -0.510123 0.711463 -0.483317 0.000000 0.473761 -0.236573 -0.848283 0.000000 30.593485 10.861531 -28.754484 1.000000
aniFrame
  m_time -0.676000
  m_vertexTransformMat -0.683184 -0.702632 -0.198916 0.000000 -0.613644 0.700049 -0.365203 0.000000 0.395854 -0.127438 -0.909428 0.000000 28.201117 14.697879 -30.465204 1.000000
aniFrame
  m_time -0.637000
  m_vertexTransformMat -0.643901 -0.741273 -0.189491 0.000000 -0.701983 0.670879 -0.239043 0.000000 0.304321 -0.020901 -0.952340 0.000000 25.429268 18.367277 -31.689037 1.000000
aniFrame
  m_time -0.598000
  m_vertexTransformMat -0.607283 -0.771942 -0.187918 0.000000 -0.766949 0.631333 -0.114930 0.000000 0.207358 0.074328 -0.975438 0.000000 22.640596 21.527111 -32.387444 1.000000
aniFrame
  m_time -0.559000
  m_vertexTransformMat -0.582080 -0.789998 -0.192578 0.000000 -0.804659 0.593727 -0.003461 0.000000 0.117073 0.152945 -0.981275 0.000000 20.305956 23.924620 -32.630909 1.000000
aniFrame
  m_time -0.520000
  m_vertexTransformMat -0.582747 -0.787275 -0.201504 0.000000 -0.811465 0.577129 0.091907 0.000000 0.043938 0.217072 -0.975166 0.000000 19.046019 25.325014 -32.601105 1.000000
aniFrame
  m_time -0.481000
  m_vertexTransformMat -0.636459 -0.740310 -0.216475 0.000000 -0.771282 0.608413 0.186973 0.000000 -0.006712 0.285964 -0.958217 0.000000 19.761211 25.356413 -32.474159 1.000000
aniFrame
  m_time -0.442000
  m_vertexTransformMat -0.725244 -0.647602 -0.233737 0.000000 -0.688085 0.670087 0.278429 0.000000 -0.023687 0.362760 -0.931581 0.000000 22.056648 24.084082 -32.262901 1.000000
aniFrame
  m_time -0.403000
  m_vertexTransformMat -0.808746 -0.531189 -0.252525 0.000000 -0.588157 0.729443 0.349263 0.000000 -0.001322 0.430989 -0.902357 0.000000 24.774593 21.901880 -31.794449 1.000000
aniFrame
  m_time -0.364000
  m_vertexTransformMat -0.861138 -0.427321 -0.275388 0.000000 -0.506185 0.770921 0.386597 0.000000 0.047102 0.472311 -0.880173 0.000000 27.039396 19.506920 -31.008476 1.000000
aniFrame
  m_time -0.325000
  m_vertexTransformMat -0.875298 -0.377322 -0.302459 0.000000 -0.473794 0.794349 0.380169 0.000000 0.096812 0.476064 -0.874065 0.000000 28.445230 17.828247 -30.087715 1.000000
aniFrame
  m_time -0.286000
  m_vertexTransformMat -0.865784 -0.373115 -0.333472 0.000000 -0.479637 0.808770 0.340353 0.000000 0.142711 0.454618 -0.879179 0.000000 29.319973 16.792103 -29.034878 1.000000
aniFrame
  m_time -0.247000
  m_vertexTransformMat -0.845394 -0.388449 -0.366629 0.000000 -0.498671 0.819937 0.281126 0.000000 0.191409 0.420490 -0.886877 0.000000 30.048552 15.873094 -27.855331 1.000000
aniFrame
  m_time -0.208000
  m_vertexTransformMat -0.816968 -0.419475 -0.395732 0.000000 -0.523647 0.827062 0.204360 0.000000 0.241571 0.374180 -0.895340 0.000000 30.612446 15.032306 -26.746721 1.000000
aniFrame
  m_time -0.169000
  m_vertexTransformMat -0.783171 -0.461565 -0.416656 0.000000 -0.548663 0.828268 0.113759 0.000000 0.292596 0.317697 -0.901918 0.000000 31.036846 14.248730 -25.847164 1.000000
aniFrame
  m_time -0.130000
  m_vertexTransformMat -0.747473 -0.508668 -0.427250 0.000000 -0.567940 0.822954 0.013832 0.000000 0.344571 0.252992 -0.904028 0.000000 31.355307 13.458282 -25.242662 1.000000
aniFrame
  m_time -0.091000
  m_vertexTransformMat -0.714819 -0.554327 -0.426328 0.000000 -0.576277 0.812292 -0.089936 0.000000 0.396156 0.181395 -0.900087 0.000000 31.597546 12.571382 -24.943106 1.000000
aniFrame
  m_time -0.052000
  m_vertexTransformMat -0.689070 -0.593560 -0.415776 0.000000 -0.571591 0.797836 -0.191684 0.000000 0.445497 0.105570 -0.889038 0.000000 31.827879 11.562314 -24.849676 1.000000
aniFrame
  m_time -0.013000
  m_vertexTransformMat -0.673656 -0.621827 -0.399399 0.000000 -0.553765 0.782596 -0.284409 0.000000 0.489421 0.029580 -0.871546 0.000000 32.100620 10.433804 -24.841785 1.000000
aniFrame
  m_time 0.025000
  m_vertexTransformMat -0.674910 -0.632631 -0.379834 0.000000 -0.509029 0.771819 -0.381031 0.000000 0.534215 -0.063816 -0.842936 0.000000 32.596691 8.753669 -24.776514 1.000000
aniFrame
  m_time 0.064000
  m_vertexTransformMat -0.695870 -0.623728 -0.355989 0.000000 -0.422768 0.756475 -0.499012 0.000000 0.580545 -0.196747 -0.790101 0.000000 33.345520 6.110399 -24.491989 1.000000
aniFrame
  m_time 0.103000
  m_vertexTransformMat -0.724378 -0.603094 -0.333998 0.000000 -0.318310 0.722328 -0.613939 0.000000 0.611519 -0.338409 -0.715210 0.000000 33.978565 3.254285 -23.802727 1.000000
aniFrame
  m_time 0.142000
  m_vertexTransformMat -0.749483 -0.581239 -0.316917 0.000000 -0.228888 0.676694 -0.699783 0.000000 0.621197 -0.451937 -0.640209 0.000000 34.355419 1.068168 -22.900087 1.000000
aniFrame
  m_time 0.181000
  m_vertexTransformMat -0.765015 -0.567503 -0.304454 0.000000 -0.185888 0.647206 -0.739304 0.000000 0.616602 -0.508985 -0.600614 0.000000 34.482216 0.243924 -22.398056 1.000000
aniFrame
  m_time 0.220000
  m_vertexTransformMat -0.768185 -0.569840 -0.291845 0.000000 -0.208452 0.653623 -0.727547 0.000000 0.605343 -0.498055 -0.620888 0.000000 34.338276 1.162968 -22.934788 1.000000
aniFrame
  m_time 0.259000
  m_vertexTransformMat -0.763171 -0.586257 -0.271795 0.000000 -0.275473 0.675636 -0.683836 0.000000 0.584538 -0.447011 -0.677124 0.000000 33.841423 3.218482 -24.297657 1.000000
aniFrame
  m_time 0.298000
  m_vertexTransformMat -0.750398 -0.612692 -0.248014 0.000000 -0.366970 0.698251 -0.614637 0.000000 0.549760 -0.370209 -0.748805 0.000000 32.877163 6.069924 -26.094210 1.000000
aniFrame
  m_time 0.337000
  m_vertexTransformMat -0.728068 -0.647810 -0.224184 0.000000 -0.472220 0.711027 -0.521008 0.000000 0.496915 -0.273465 -0.823585 0.000000 31.300270 9.545298 -28.070349 1.000000
aniFrame
  m_time 0.376000
  m_vertexTransformMat -0.696206 -0.688098 -0.204499 0.000000 -0.578395 0.706442 -0.407921 0.000000 0.425156 -0.165716 -0.889821 0.000000 29.099501 13.350202 -29.905064 1.000000
aniFrame
  m_time 0.415000
  m_vertexTransformMat -0.657831 -0.728228 -0.192205 0.000000 -0.673215 0.682954 -0.283472 0.000000 0.337699 -0.057082 -0.939522 0.000000 26.427334 17.121897 -31.309635 1.000000
aniFrame
  m_time 0.454000
  m_vertexTransformMat -0.619229 -0.762379 -0.187974 0.000000 -0.747196 0.645701 -0.157382 0.000000 0.241360 0.042998 -0.969483 0.000000 23.591431 20.499491 -32.190552 1.000000
aniFrame
  m_time 0.493000
  m_vertexTransformMat -0.589039 -0.785249 -0.190833 0.000000 -0.794613 0.605794 -0.040043 0.000000 0.147049 0.128052 -0.980805 0.000000 21.039467 23.189476 -32.577122 1.000000
aniFrame
  m_time 0.532000
  m_vertexTransformMat -0.576672 -0.792685 -0.197737 0.000000 -0.814197 0.577570 0.059134 0.000000 0.067333 0.195098 -0.978470 0.000000 19.272491 24.992170 -32.623104 1.000000
aniFrame
  m_time 0.571000
  m_vertexTransformMat -0.610882 -0.763194 -0.210612 0.000000 -0.791681 0.591538 0.152723 0.000000 0.008027 0.260033 -0.965566 0.000000 19.258812 25.518457 -32.522221 1.000000
aniFrame
  m_time 0.610000
  m_vertexTransformMat -0.692450 -0.684648 -0.227528 0.000000 -0.721120 0.647039 0.247642 0.000000 -0.022328 0.335555 -0.941756 0.000000 21.130671 24.666561 -32.355053 1.000000
aniFrame
  m_time 0.649000
  m_vertexTransformMat -0.781841 -0.573088 -0.245549 0.000000 -0.623336 0.710098 0.327434 0.000000 -0.013284 0.409061 -0.912410 0.000000 23.829359 22.742126 -31.997124 1.000000
aniFrame
  m_time 0.688000
  m_vertexTransformMat -0.847245 -0.459281 -0.266903 0.000000 -0.530420 0.758728 0.378136 0.000000 0.028836 0.461945 -0.886440 0.000000 26.335646 20.306767 -31.306923 1.000000
aniFrame
  m_time 0.727000
  m_vertexTransformMat -0.873734 -0.388634 -0.292494 0.000000 -0.479776 0.787532 0.386792 0.000000 0.080028 0.478285 -0.874551 0.000000 28.034124 18.325516 -30.423416 1.000000
aniFrame
  m_time 0.766000
  m_vertexTransformMat -0.870373 -0.372521 -0.321992 0.000000 -0.475970 0.804003 0.356416 0.000000 0.126110 0.463473 -0.877091 0.000000 29.023214 17.147243 -29.429861 1.000000
aniFrame
  m_time 0.805000
  m_vertexTransformMat -0.853845 -0.380834 -0.354846 0.000000 -0.490630 0.816526 0.304249 0.000000 0.173873 0.433880 -0.884035 0.000000 29.808538 16.177488 -28.281307 1.000000
aniFrame
  m_time 0.844000
  m_vertexTransformMat -0.828014 -0.406872 -0.385809 0.000000 -0.514280 0.825241 0.233439 0.000000 0.223405 0.391704 -0.892557 0.000000 30.424593 15.313663 -27.134985 1.000000
aniFrame
  m_time 0.883000
  m_vertexTransformMat -0.795897 -0.445699 -0.409757 0.000000 -0.539920 0.828727 0.147302 0.000000 0.273924 0.338473 -0.900223 0.000000 30.889780 14.513477 -26.157036 1.000000
aniFrame
  m_time 0.922000
  m_vertexTransformMat -0.759913 -0.492663 -0.424047 0.000000 -0.562795 0.825085 0.049963 0.000000 0.325260 0.276619 -0.904261 0.000000 31.227633 13.764929 -25.448263 1.000000
aniFrame
  m_time 0.961000
  m_vertexTransformMat -0.725905 -0.539064 -0.427168 0.000000 -0.574924 0.816466 -0.053344 0.000000 0.377524 0.206866 -0.902597 0.000000 31.506781 12.898362 -25.046713 1.000000
aniFrame
  m_time 1.000000
  m_vertexTransformMat -0.697247 -0.581041 -0.419807 0.000000 -0.574958 0.803064 -0.156562 0.000000 0.428101 0.132209 -0.894008 0.000000 31.739294 11.934030 -24.887131 1.000000
aniFrame
  m_time 1.039000
  m_vertexTransformMat -0.677970 -0.613482 -0.404965 0.000000 -0.561226 0.787779 -0.253831 0.000000 0.474744 0.055187 -0.878392 0.000000 32.001579 10.832061 -24.858170 1.000000
aniFrame
  m_time 1.078000
  m_vertexTransformMat -0.672154 -0.631276 -0.386911 0.000000 -0.529045 0.775069 -0.345514 0.000000 0.517997 -0.027545 -0.854939 0.000000 32.388096 9.442335 -24.817102 1.000000
aniFrame
  m_time 1.117000
  m_vertexTransformMat -0.686876 -0.628820 -0.364400 0.000000 -0.456975 0.763556 -0.456241 0.000000 0.565133 -0.146859 -0.811823 0.000000 33.077564 7.116848 -24.635704 1.000000
aniFrame
  m_time 1.156000
  m_vertexTransformMat -0.714347 -0.610882 -0.341368 0.000000 -0.354310 0.736395 -0.576357 0.000000 0.603467 -0.290768 -0.742483 0.000000 33.792946 4.207472 -24.074186 1.000000
aniFrame
  m_time 1.195000
  m_vertexTransformMat -0.741490 -0.588034 -0.323124 0.000000 -0.254905 0.692356 -0.675032 0.000000 0.620658 -0.418163 -0.663267 0.000000 34.274326 1.683752 -23.163828 1.000000
aniFrame
  m_time 1.234000
  m_vertexTransformMat -0.760819 -0.570523 -0.309287 0.000000 -0.192172 0.653273 -0.732328 0.000000 0.619859 -0.497732 -0.606661 0.000000 34.487549 0.315710 -22.424656 1.000000
aniFrame
  m_time 1.273000
  m_vertexTransformMat -0.768129 -0.567041 -0.297394 0.000000 -0.192436 0.647435 -0.737426 0.000000 0.610694 -0.509209 -0.606432 0.000000 34.438004 0.646294 -22.587532 1.000000
aniFrame
  m_time 1.312000
  m_vertexTransformMat -0.765460 -0.579597 -0.279533 0.000000 -0.248356 0.666849 -0.702590 0.000000 0.593625 -0.468380 -0.654392 0.000000 34.070332 2.397532 -23.742023 1.000000
aniFrame
  m_time 1.351000
  m_vertexTransformMat -0.755785 -0.602437 -0.256632 0.000000 -0.332455 0.690663 -0.642230 0.000000 0.564148 -0.400069 -0.722275 0.000000 33.285805 4.981101 -25.419926 1.000000
aniFrame
  m_time 1.390000
  m_vertexTransformMat -0.736976 -0.634802 -0.232149 0.000000 -0.434689 0.708134 -0.556411 0.000000 0.517603 -0.309148 -0.797819 0.000000 31.925753 8.276759 -27.381035 1.000000
aniFrame
  m_time 1.429000
  m_vertexTransformMat -0.708250 -0.673845 -0.210513 0.000000 -0.542041 0.710106 -0.449381 0.000000 0.452299 -0.204167 -0.868183 0.000000 29.934263 12.006396 -29.306387 1.000000
aniFrame
  m_time 1.468000
  m_vertexTransformMat -0.671721 -0.714595 -0.195307 0.000000 -0.642054 0.693096 -0.327697 0.000000 0.369537 -0.094723 -0.924376 0.000000 27.399603 15.827628 -30.885414 1.000000
aniFrame
  m_time 1.507000
  m_vertexTransformMat -0.632409 -0.751433 -0.188170 0.000000 -0.724142 0.659745 -0.200884 0.000000 0.275095 0.009221 -0.961373 0.000000 24.576326 19.377848 -31.956104 1.000000
aniFrame
  m_time 1.546000
  m_vertexTransformMat -0.598196 -0.778784 -0.188835 0.000000 -0.781160 0.619266 -0.079368 0.000000 0.178750 0.100032 -0.978797 0.000000 21.869408 22.335670 -32.501854 1.000000
aniFrame
  m_time 1.585000
  m_vertexTransformMat -0.577481 -0.792881 -0.194563 0.000000 -0.811069 0.584378 0.025877 0.000000 0.093181 0.172747 -0.980549 0.000000 19.749834 24.479433 -32.639759 1.000000
aniFrame
  m_time 1.624000
  m_vertexTransformMat -0.592784 -0.778741 -0.205354 0.000000 -0.804937 0.581165 0.119681 0.000000 0.026144 0.236242 -0.971342 0.000000 19.036602 25.485531 -32.569145 1.000000
aniFrame
  m_time 1.663000
  m_vertexTransformMat -0.661487 -0.716495 -0.221518 0.000000 -0.749787 0.625549 0.215658 0.000000 -0.015947 0.308746 -0.951011 0.000000 20.338171 25.094593 -32.427658 1.000000
aniFrame
  m_time 1.702000
  m_vertexTransformMat -0.751942 -0.614410 -0.238921 0.000000 -0.658893 0.688893 0.302137 0.000000 -0.021045 0.384613 -0.922838 0.000000 22.863087 23.511490 -32.161991 1.000000
aniFrame
  m_time 1.741000
  m_vertexTransformMat -0.828090 -0.497335 -0.258700 0.000000 -0.560483 0.743780 0.364213 0.000000 0.011280 0.446598 -0.894664 0.000000 25.519161 21.175705 -31.593927 1.000000
aniFrame
  m_time 1.780000
  m_vertexTransformMat -0.868668 -0.406593 -0.283015 0.000000 -0.491448 0.779239 0.388927 0.000000 0.062402 0.476936 -0.876720 0.000000 27.538706 18.921587 -30.745930 1.000000
aniFrame
  m_time 1.819000
  m_vertexTransformMat -0.874206 -0.373145 -0.310690 0.000000 -0.472864 0.799597 0.370194 0.000000 0.110291 0.470540 -0.875459 0.000000 28.727053 17.480400 -29.810667 1.000000
aniFrame
  m_time 1.858000
  m_vertexTransformMat -0.863554 -0.372450 -0.339936 0.000000 -0.479147 0.816147 0.322990 0.000000 0.157140 0.441799 -0.883245 0.000000 29.575827 16.393097 -28.803238 1.000000
aniFrame
  m_time 1.897000
  m_vertexTransformMat -0.844727 -0.388378 -0.368238 0.000000 -0.493820 0.830876 0.256491 0.000000 0.206345 0.398508 -0.893652 0.000000 30.295031 15.380012 -27.778481 1.000000
aniFrame
  m_time 1.936000
  m_vertexTransformMat -0.819429 -0.418303 -0.391865 0.000000 -0.512402 0.840983 0.173761 0.000000 0.256867 0.343177 -0.903465 0.000000 30.882565 14.448616 -26.849041 1.000000
aniFrame
  m_time 1.975000
  m_vertexTransformMat -0.789478 -0.458402 -0.408159 0.000000 -0.530779 0.843824 0.078959 0.000000 0.308220 0.278979 -0.909490 0.000000 31.354513 13.582447 -26.102175 1.000000
aniFrame
  m_time 2.014000
  m_vertexTransformMat -0.757201 -0.503894 -0.415617 0.000000 -0.545183 0.838009 -0.022749 0.000000 0.359754 0.209362 -0.909255 0.000000 31.688572 12.741952 -25.599001 1.000000
aniFrame
  m_time 2.053000
  m_vertexTransformMat -0.725625 -0.549221 -0.414518 0.000000 -0.552004 0.824289 -0.125856 0.000000 0.410806 0.137492 -0.901297 0.000000 31.920918 11.855055 -25.281199 1.000000
aniFrame
  m_time 2.092000
  m_vertexTransformMat -0.696680 -0.591312 -0.406186 0.000000 -0.551402 0.803583 -0.224078 0.000000 0.458904 0.067861 -0.885891 0.000000 32.077164 10.948209 -25.065269 1.000000
aniFrame
  m_time 2.131000
  m_vertexTransformMat -0.672770 -0.626137 -0.394122 0.000000 -0.543132 0.779700 -0.311570 0.000000 0.502383 0.004446 -0.864634 0.000000 32.228859 10.000158 -24.835228 1.000000
aniFrame
  m_time 2.133000
  m_vertexTransformMat -0.671686 -0.628056 -0.392916 0.000000 -0.542606 0.778167 -0.316282 0.000000 0.504397 0.000756 -0.863471 0.000000 32.235638 9.950243 -24.833712 1.000000
