m_aniFrameList.size 202
aniFrame
  m_time -1.066000
  m_vertexTransformMat 0.204974 -0.537850 0.817743 0.000000 0.716412 0.651705 0.249068 0.000000 -0.666888 0.534788 0.518905 0.000000 -6.839193 -2.270535 -2.094560 1.000000
aniFrame
  m_time -1.050000
  m_vertexTransformMat 0.210371 -0.552597 0.806462 0.000000 0.686879 0.670548 0.280290 0.000000 -0.695659 0.494976 0.520631 0.000000 -7.196075 -3.036172 -2.512233 1.000000
aniFrame
  m_time -1.034000
  m_vertexTransformMat 0.217144 -0.566905 0.794650 0.000000 0.655152 0.688118 0.311880 0.000000 -0.723619 0.452894 0.520830 0.000000 -7.513247 -3.813196 -2.961908 1.000000
aniFrame
  m_time -1.018000
  m_vertexTransformMat 0.224633 -0.583264 0.780605 0.000000 0.619403 0.703882 0.347693 0.000000 -0.752250 0.405406 0.519390 0.000000 -7.810449 -4.667717 -3.495054 1.000000
aniFrame
  m_time -1.002000
  m_vertexTransformMat 0.233750 -0.599844 0.765211 0.000000 0.580985 0.717230 0.384757 0.000000 -0.779626 0.354639 0.516153 0.000000 -8.051924 -5.550619 -4.076995 1.000000
aniFrame
  m_time -0.986000
  m_vertexTransformMat 0.244849 -0.615702 0.748972 0.000000 0.541699 0.727545 0.420999 0.000000 -0.804121 0.302636 0.511664 0.000000 -8.209406 -6.428756 -4.671017 1.000000
aniFrame
  m_time -0.970000
  m_vertexTransformMat 0.257937 -0.630491 0.732086 0.000000 0.502086 0.734848 0.455969 0.000000 -0.825456 0.249959 0.506106 0.000000 -8.280636 -7.291397 -5.266707 1.000000
aniFrame
  m_time -0.954000
  m_vertexTransformMat 0.272957 -0.643006 0.715569 0.000000 0.464431 0.739472 0.487326 0.000000 -0.842496 0.199313 0.500475 0.000000 -8.247055 -8.096541 -5.807246 1.000000
aniFrame
  m_time -0.938000
  m_vertexTransformMat 0.289548 -0.653415 0.699437 0.000000 0.429282 0.741774 0.515256 0.000000 -0.855499 0.151064 0.495279 0.000000 -8.124039 -8.844731 -6.289691 1.000000
aniFrame
  m_time -0.922000
  m_vertexTransformMat 0.307292 -0.660501 0.685063 0.000000 0.399032 0.742983 0.537355 0.000000 -0.863913 0.108237 0.491874 0.000000 -7.927138 -9.493211 -6.659098 1.000000
aniFrame
  m_time -0.906000
  m_vertexTransformMat 0.325662 -0.664801 0.672298 0.000000 0.374068 0.743637 0.554146 0.000000 -0.868342 0.071021 0.490855 0.000000 -7.673861 -10.050704 -6.915882 1.000000
aniFrame
  m_time -0.890000
  m_vertexTransformMat 0.344051 -0.665017 0.662859 0.000000 0.356955 0.745590 0.562743 0.000000 -0.868454 0.042999 0.493902 0.000000 -7.404639 -10.470093 -7.021727 1.000000
aniFrame
  m_time -0.874000
  m_vertexTransformMat 0.362012 -0.661868 0.656413 0.000000 0.347554 0.749235 0.563785 0.000000 -0.864959 0.024042 0.501267 0.000000 -7.131116 -10.765320 -6.978666 1.000000
aniFrame
  m_time -0.858000
  m_vertexTransformMat 0.379243 -0.656272 0.652290 0.000000 0.344655 0.754414 0.558636 0.000000 -0.858713 0.012956 0.512294 0.000000 -6.870325 -10.970282 -6.819165 1.000000
aniFrame
  m_time -0.842000
  m_vertexTransformMat 0.395615 -0.648381 0.650454 0.000000 0.348343 0.761247 0.546955 0.000000 -0.849792 0.010198 0.527020 0.000000 -6.626959 -11.082199 -6.540234 1.000000
aniFrame
  m_time -0.826000
  m_vertexTransformMat 0.411267 -0.639784 0.649258 0.000000 0.355014 0.768468 0.532374 0.000000 -0.839538 0.011548 0.543178 0.000000 -6.395947 -11.170176 -6.216606 1.000000
aniFrame
  m_time -0.810000
  m_vertexTransformMat 0.426340 -0.630676 0.648447 0.000000 0.364802 0.775859 0.514746 0.000000 -0.827741 0.017097 0.560851 0.000000 -6.178725 -11.234794 -5.849032 1.000000
aniFrame
  m_time -0.794000
  m_vertexTransformMat 0.440695 -0.620691 0.648484 0.000000 0.376361 0.783616 0.494265 0.000000 -0.814948 0.026243 0.578940 0.000000 -5.965116 -11.273829 -5.458434 1.000000
aniFrame
  m_time -0.778000
  m_vertexTransformMat 0.454828 -0.609994 0.648874 0.000000 0.390453 0.791423 0.470314 0.000000 -0.800423 0.039443 0.598136 0.000000 -5.754921 -11.281380 -5.041637 1.000000
aniFrame
  m_time -0.762000
  m_vertexTransformMat 0.468148 -0.598264 0.650321 0.000000 0.404831 0.799380 0.443964 0.000000 -0.785461 0.055429 0.616424 0.000000 -5.541770 -11.262936 -4.628854 1.000000
aniFrame
  m_time -0.746000
  m_vertexTransformMat 0.481842 -0.585392 0.652031 0.000000 0.420372 0.807317 0.414158 0.000000 -0.768840 0.074536 0.635082 0.000000 -5.319247 -11.208758 -4.216599 1.000000
aniFrame
  m_time -0.730000
  m_vertexTransformMat 0.494409 -0.572294 0.654247 0.000000 0.436655 0.814334 0.382351 0.000000 -0.751593 0.096642 0.652509 0.000000 -5.101985 -11.125574 -3.826609 1.000000
aniFrame
  m_time -0.714000
  m_vertexTransformMat 0.507635 -0.557068 0.657253 0.000000 0.451532 0.821714 0.347715 0.000000 -0.733775 0.120258 0.668665 0.000000 -4.854195 -11.003920 -3.454789 1.000000
aniFrame
  m_time -0.698000
  m_vertexTransformMat 0.520582 -0.542026 0.659699 0.000000 0.467504 0.827489 0.310969 0.000000 -0.714447 0.146526 0.684175 0.000000 -4.606096 -10.853025 -3.108658 1.000000
aniFrame
  m_time -0.682000
  m_vertexTransformMat 0.532920 -0.525457 0.663243 0.000000 0.481721 0.832805 0.272727 0.000000 -0.695658 0.174157 0.696943 0.000000 -4.340129 -10.660815 -2.785819 1.000000
aniFrame
  m_time -0.666000
  m_vertexTransformMat 0.547309 -0.506953 0.665922 0.000000 0.493717 0.838046 0.232211 0.000000 -0.675793 0.201686 0.708962 0.000000 -4.025770 -10.439297 -2.487187 1.000000
aniFrame
  m_time -0.650000
  m_vertexTransformMat 0.560780 -0.487993 0.668872 0.000000 0.504534 0.841941 0.191261 0.000000 -0.656484 0.230213 0.718352 0.000000 -3.713506 -10.185854 -2.225878 1.000000
aniFrame
  m_time -0.634000
  m_vertexTransformMat 0.574807 -0.467325 0.671718 0.000000 0.513052 0.845315 0.149067 0.000000 -0.637476 0.258942 0.725654 0.000000 -3.363883 -9.886852 -1.992545 1.000000
aniFrame
  m_time -0.618000
  m_vertexTransformMat 0.589422 -0.446004 0.673545 0.000000 0.519429 0.847809 0.106842 0.000000 -0.618689 0.286883 0.731384 0.000000 -2.995556 -9.570116 -1.801224 1.000000
aniFrame
  m_time -0.602000
  m_vertexTransformMat 0.603660 -0.423169 0.675664 0.000000 0.523336 0.849675 0.064587 0.000000 -0.601426 0.314611 0.734375 0.000000 -2.620038 -9.205782 -1.642656 1.000000
aniFrame
  m_time -0.586000
  m_vertexTransformMat 0.619133 -0.399520 0.676060 0.000000 0.524540 0.851086 0.022581 0.000000 -0.584407 0.340640 0.736500 0.000000 -2.205797 -8.823091 -1.523562 1.000000
aniFrame
  m_time -0.570000
  m_vertexTransformMat 0.633896 -0.374818 0.676526 0.000000 0.523141 0.852054 -0.018110 0.000000 -0.569649 0.365398 0.736196 0.000000 -1.804642 -8.408031 -1.442306 1.000000
aniFrame
  m_time -0.554000
  m_vertexTransformMat 0.648835 -0.349859 0.675731 0.000000 0.519297 0.852680 -0.057153 0.000000 -0.556186 0.387988 0.734930 0.000000 -1.393566 -7.976392 -1.390218 1.000000
aniFrame
  m_time -0.538000
  m_vertexTransformMat 0.664152 -0.323913 0.673783 0.000000 0.512344 0.853544 -0.094690 0.000000 -0.544432 0.408097 0.732838 0.000000 -0.967752 -7.526391 -1.378080 1.000000
aniFrame
  m_time -0.522000
  m_vertexTransformMat 0.682699 -0.290765 0.670356 0.000000 0.498479 0.856117 -0.136318 0.000000 -0.534267 0.427223 0.729411 0.000000 -0.447003 -6.928496 -1.415347 1.000000
aniFrame
  m_time -0.506000
  m_vertexTransformMat 0.703618 -0.251818 0.664462 0.000000 0.478130 0.859529 -0.180561 0.000000 -0.525655 0.444745 0.725182 0.000000 0.149898 -6.216071 -1.520643 1.000000
aniFrame
  m_time -0.490000
  m_vertexTransformMat 0.726985 -0.204013 0.655646 0.000000 0.449922 0.862838 -0.230393 0.000000 -0.518713 0.462481 0.719061 0.000000 0.826105 -5.314872 -1.707930 1.000000
aniFrame
  m_time -0.474000
  m_vertexTransformMat 0.752144 -0.148549 0.642038 0.000000 0.413850 0.864660 -0.284765 0.000000 -0.512843 0.479892 0.711826 0.000000 1.568692 -4.249203 -2.005797 1.000000
aniFrame
  m_time -0.458000
  m_vertexTransformMat 0.774922 -0.090972 0.625476 0.000000 0.374725 0.863042 -0.338733 0.000000 -0.508997 0.496873 0.702880 0.000000 2.261684 -3.108781 -2.373760 1.000000
aniFrame
  m_time -0.442000
  m_vertexTransformMat 0.796359 -0.031450 0.604006 0.000000 0.331681 0.857799 -0.392645 0.000000 -0.505767 0.513023 0.693547 0.000000 2.922160 -1.905660 -2.830216 1.000000
aniFrame
  m_time -0.426000
  m_vertexTransformMat 0.812528 0.024227 0.582419 0.000000 0.290945 0.848932 -0.441209 0.000000 -0.505124 0.527946 0.682732 0.000000 3.450492 -0.734232 -3.298907 1.000000
aniFrame
  m_time -0.410000
  m_vertexTransformMat 0.826325 0.076627 0.557957 0.000000 0.250649 0.837143 -0.486176 0.000000 -0.504344 0.541590 0.672546 0.000000 3.880099 0.402296 -3.784207 1.000000
aniFrame
  m_time -0.394000
  m_vertexTransformMat 0.834848 0.121190 0.536975 0.000000 0.216364 0.824720 -0.522517 0.000000 -0.506178 0.552404 0.662294 0.000000 4.174300 1.414307 -4.210212 1.000000
aniFrame
  m_time -0.378000
  m_vertexTransformMat 0.839999 0.156937 0.519397 0.000000 0.189444 0.812186 -0.551784 0.000000 -0.508442 0.561894 0.652504 0.000000 4.353459 2.297015 -4.554422 1.000000
aniFrame
  m_time -0.362000
  m_vertexTransformMat 0.843145 0.182118 0.505905 0.000000 0.168971 0.803481 -0.570848 0.000000 -0.510447 0.566791 0.646678 0.000000 4.446163 2.981164 -4.789824 1.000000
aniFrame
  m_time -0.346000
  m_vertexTransformMat 0.841377 0.193438 0.504646 0.000000 0.163092 0.799344 -0.578316 0.000000 -0.515254 0.568885 0.641002 0.000000 4.431745 3.432679 -4.837584 1.000000
aniFrame
  m_time -0.330000
  m_vertexTransformMat 0.838549 0.192302 0.509761 0.000000 0.167519 0.799310 -0.577097 0.000000 -0.518434 0.569318 0.638046 0.000000 4.360723 3.687634 -4.755765 1.000000
aniFrame
  m_time -0.314000
  m_vertexTransformMat 0.832076 0.180149 0.524591 0.000000 0.182536 0.804165 -0.565686 0.000000 -0.523765 0.566450 0.636243 0.000000 4.205672 3.748960 -4.510737 1.000000
aniFrame
  m_time -0.298000
  m_vertexTransformMat 0.822583 0.161989 0.545085 0.000000 0.204622 0.810035 -0.549521 0.000000 -0.530554 0.563563 0.633174 0.000000 3.991424 3.705763 -4.180439 1.000000
aniFrame
  m_time -0.282000
  m_vertexTransformMat 0.811309 0.138508 0.567974 0.000000 0.230753 0.816779 -0.528796 0.000000 -0.537151 0.560078 0.630699 0.000000 3.741953 3.593173 -3.809289 1.000000
aniFrame
  m_time -0.266000
  m_vertexTransformMat 0.796488 0.110140 0.594539 0.000000 0.261744 0.823566 -0.503219 0.000000 -0.545066 0.556425 0.627132 0.000000 3.436667 3.411625 -3.392020 1.000000
aniFrame
  m_time -0.250000
  m_vertexTransformMat 0.779099 0.077309 0.622116 0.000000 0.295971 0.829447 -0.473729 0.000000 -0.552636 0.553210 0.623340 0.000000 3.082993 3.173914 -2.963811 1.000000
aniFrame
  m_time -0.234000
  m_vertexTransformMat 0.757696 0.039945 0.651385 0.000000 0.333437 0.834316 -0.439020 0.000000 -0.560997 0.549838 0.618838 0.000000 2.670984 2.880201 -2.524365 1.000000
aniFrame
  m_time -0.218000
  m_vertexTransformMat 0.732694 -0.000516 0.680558 0.000000 0.372788 0.836935 -0.400712 0.000000 -0.569376 0.547302 0.613410 0.000000 2.206881 2.548167 -2.101688 1.000000
aniFrame
  m_time -0.202000
  m_vertexTransformMat 0.704267 -0.044108 0.708564 0.000000 0.413189 0.837078 -0.358574 0.000000 -0.577307 0.545303 0.607751 0.000000 1.694054 2.178789 -1.710702 1.000000
aniFrame
  m_time -0.186000
  m_vertexTransformMat 0.671871 -0.089468 0.735245 0.000000 0.453827 0.834235 -0.313197 0.000000 -0.585346 0.544102 0.601102 0.000000 1.133070 1.789200 -1.363807 1.000000
aniFrame
  m_time -0.170000
  m_vertexTransformMat 0.636127 -0.136372 0.759438 0.000000 0.493911 0.828146 -0.265004 0.000000 -0.592785 0.543671 0.594161 0.000000 0.527272 1.384294 -1.075368 1.000000
aniFrame
  m_time -0.154000
  m_vertexTransformMat 0.597292 -0.183688 0.780706 0.000000 0.532290 0.818922 -0.214558 0.000000 -0.599925 0.543715 0.586911 0.000000 -0.117184 0.970037 -0.858512 1.000000
aniFrame
  m_time -0.138000
  m_vertexTransformMat 0.555546 -0.230596 0.798871 0.000000 0.568680 0.806303 -0.162727 0.000000 -0.606607 0.544704 0.579074 0.000000 -0.805306 0.569783 -0.718606 1.000000
aniFrame
  m_time -0.122000
  m_vertexTransformMat 0.512218 -0.276754 0.813045 0.000000 0.601773 0.791079 -0.109840 0.000000 -0.612784 0.545530 0.571747 0.000000 -1.513918 0.163799 -0.653412 1.000000
aniFrame
  m_time -0.106000
  m_vertexTransformMat 0.467229 -0.320731 0.823910 0.000000 0.631602 0.773180 -0.057191 0.000000 -0.618688 0.547105 0.563827 0.000000 -2.253032 -0.206453 -0.665869 1.000000
aniFrame
  m_time -0.090000
  m_vertexTransformMat 0.421665 -0.362653 0.831072 0.000000 0.657185 0.753716 -0.004542 0.000000 -0.624745 0.548083 0.556146 0.000000 -3.008051 -0.571164 -0.746816 1.000000
aniFrame
  m_time -0.074000
  m_vertexTransformMat 0.377129 -0.401595 0.834563 0.000000 0.678555 0.733100 0.046139 0.000000 -0.630347 0.548896 0.548978 0.000000 -3.744407 -0.905422 -0.889201 1.000000
aniFrame
  m_time -0.058000
  m_vertexTransformMat 0.333333 -0.437086 0.835372 0.000000 0.695106 0.712543 0.095455 0.000000 -0.636960 0.548853 0.541334 0.000000 -4.490909 -1.216887 -1.088436 1.000000
aniFrame
  m_time -0.042000
  m_vertexTransformMat 0.292765 -0.469688 0.832876 0.000000 0.707185 0.692621 0.142010 0.000000 -0.643567 0.547421 0.534931 0.000000 -5.189536 -1.521982 -1.329357 1.000000
aniFrame
  m_time -0.026000
  m_vertexTransformMat 0.255910 -0.497662 0.828760 0.000000 0.714594 0.674762 0.184530 0.000000 -0.651050 0.545003 0.528305 0.000000 -5.847394 -1.788406 -1.596256 1.000000
aniFrame
  m_time -0.010000
  m_vertexTransformMat 0.223212 -0.522699 0.822778 0.000000 0.718126 0.658946 0.223799 0.000000 -0.659145 0.540903 0.522448 0.000000 -6.454412 -2.056095 -1.878605 1.000000
aniFrame
  m_time 0.005000
  m_vertexTransformMat 0.197118 -0.544985 0.814946 0.000000 0.714014 0.649427 0.261591 0.000000 -0.671811 0.530317 0.517141 0.000000 -7.028010 -2.394501 -2.214284 1.000000
aniFrame
  m_time 0.021000
  m_vertexTransformMat 0.178379 -0.565542 0.805198 0.000000 0.701780 0.646719 0.298764 0.000000 -0.689700 0.511778 0.512247 0.000000 -7.568891 -2.841221 -2.611207 1.000000
aniFrame
  m_time 0.037000
  m_vertexTransformMat 0.167470 -0.585348 0.793298 0.000000 0.681059 0.650485 0.336195 0.000000 -0.712820 0.483980 0.507593 0.000000 -8.063426 -3.424432 -3.082629 1.000000
aniFrame
  m_time 0.053000
  m_vertexTransformMat 0.165558 -0.604785 0.778990 0.000000 0.650194 0.660845 0.374876 0.000000 -0.741511 0.444431 0.502636 0.000000 -8.499593 -4.182088 -3.650299 1.000000
aniFrame
  m_time 0.069000
  m_vertexTransformMat 0.171456 -0.622743 0.763409 0.000000 0.613335 0.673877 0.411958 0.000000 -0.770988 0.397593 0.497490 0.000000 -8.821218 -5.030262 -4.251689 1.000000
aniFrame
  m_time 0.085000
  m_vertexTransformMat 0.185294 -0.638887 0.746652 0.000000 0.571214 0.688286 0.447188 0.000000 -0.799613 0.343637 0.492477 0.000000 -9.002913 -5.959064 -4.874516 1.000000
aniFrame
  m_time 0.101000
  m_vertexTransformMat 0.205421 -0.652159 0.729720 0.000000 0.527022 0.701991 0.479017 0.000000 -0.824652 0.286178 0.487906 0.000000 -9.027247 -6.902693 -5.467969 1.000000
aniFrame
  m_time 0.117000
  m_vertexTransformMat 0.231050 -0.662215 0.712802 0.000000 0.482642 0.714139 0.507013 0.000000 -0.844792 0.226882 0.484615 0.000000 -8.879801 -7.833482 -6.002818 1.000000
aniFrame
  m_time 0.133000
  m_vertexTransformMat 0.259957 -0.668498 0.696802 0.000000 0.440863 0.724178 0.530289 0.000000 -0.859105 0.169342 0.482972 0.000000 -8.599195 -8.698938 -6.450841 1.000000
aniFrame
  m_time 0.149000
  m_vertexTransformMat 0.290277 -0.671048 0.682227 0.000000 0.404190 0.732185 0.548211 0.000000 -0.867392 0.116616 0.483767 0.000000 -8.213963 -9.462941 -6.779085 1.000000
aniFrame
  m_time 0.165000
  m_vertexTransformMat 0.319905 -0.670156 0.669740 0.000000 0.374612 0.738753 0.560277 0.000000 -0.870246 0.071658 0.487379 0.000000 -7.783326 -10.097116 -6.981277 1.000000
aniFrame
  m_time 0.181000
  m_vertexTransformMat 0.345355 -0.666289 0.660900 0.000000 0.355851 0.744612 0.564733 0.000000 -0.868390 0.040149 0.494255 0.000000 -7.396490 -10.540442 -7.027486 1.000000
aniFrame
  m_time 0.197000
  m_vertexTransformMat 0.367372 -0.660483 0.654828 0.000000 0.346121 0.750578 0.562880 0.000000 -0.863272 0.019863 0.504348 0.000000 -7.052516 -10.842390 -6.940446 1.000000
aniFrame
  m_time 0.213000
  m_vertexTransformMat 0.385584 -0.653455 0.651400 0.000000 0.344838 0.756892 0.555160 0.000000 -0.855811 0.010567 0.517181 0.000000 -6.774892 -11.023215 -6.736195 1.000000
aniFrame
  m_time 0.229000
  m_vertexTransformMat 0.400960 -0.645490 0.650056 0.000000 0.350305 0.763699 0.542264 0.000000 -0.846474 0.010292 0.532331 0.000000 -6.547653 -11.112175 -6.434639 1.000000
aniFrame
  m_time 0.245000
  m_vertexTransformMat 0.416380 -0.636835 0.648898 0.000000 0.357982 0.770892 0.526854 0.000000 -0.835749 0.012923 0.548960 0.000000 -6.322119 -11.194757 -6.098485 1.000000
aniFrame
  m_time 0.261000
  m_vertexTransformMat 0.431191 -0.627449 0.648370 0.000000 0.368502 0.778407 0.508222 0.000000 -0.823578 0.019784 0.566858 0.000000 -6.107555 -11.250500 -5.720294 1.000000
aniFrame
  m_time 0.277000
  m_vertexTransformMat 0.445461 -0.617213 0.648547 0.000000 0.380849 0.786216 0.486640 0.000000 -0.810259 0.030219 0.585293 0.000000 -5.894758 -11.279774 -5.321580 1.000000
aniFrame
  m_time 0.293000
  m_vertexTransformMat 0.459357 -0.606222 0.649219 0.000000 0.395322 0.794047 0.461746 0.000000 -0.795431 0.044544 0.604404 0.000000 -5.684772 -11.277848 -4.901945 1.000000
aniFrame
  m_time 0.309000
  m_vertexTransformMat 0.472695 -0.594048 0.650897 0.000000 0.409804 0.802084 0.434421 0.000000 -0.780141 0.061392 0.622584 0.000000 -5.467868 -11.249076 -4.491321 1.000000
aniFrame
  m_time 0.325000
  m_vertexTransformMat 0.486241 -0.581046 0.652653 0.000000 0.425851 0.809764 0.403651 0.000000 -0.763034 0.081661 0.641179 0.000000 -5.246123 -11.183528 -4.082446 1.000000
aniFrame
  m_time 0.341000
  m_vertexTransformMat 0.498618 -0.567448 0.655273 0.000000 0.441652 0.816777 0.371239 0.000000 -0.745871 0.104296 0.657875 0.000000 -5.023392 -11.089915 -3.701622 1.000000
aniFrame
  m_time 0.357000
  m_vertexTransformMat 0.512196 -0.551872 0.658098 0.000000 0.456687 0.823938 0.335504 0.000000 -0.727387 0.128701 0.674051 0.000000 -4.768608 -10.955544 -3.335027 1.000000
aniFrame
  m_time 0.373000
  m_vertexTransformMat 0.524485 -0.536933 0.660772 0.000000 0.472663 0.829127 0.298561 0.000000 -0.708171 0.155732 0.688652 0.000000 -4.524312 -10.794998 -2.999955 1.000000
aniFrame
  m_time 0.389000
  m_vertexTransformMat 0.537567 -0.519296 0.664345 0.000000 0.485807 0.834701 0.259358 0.000000 -0.689213 0.183321 0.700985 0.000000 -4.238279 -10.588087 -2.682065 1.000000
aniFrame
  m_time 0.405000
  m_vertexTransformMat 0.551971 -0.500867 0.666678 0.000000 0.497591 0.839401 0.218655 0.000000 -0.669127 0.211042 0.712552 0.000000 -3.921804 -10.361821 -2.397143 1.000000
aniFrame
  m_time 0.421000
  m_vertexTransformMat 0.565221 -0.481230 0.670032 0.000000 0.507614 0.843135 0.177346 0.000000 -0.650272 0.239878 0.720837 0.000000 -3.603678 -10.089063 -2.144516 1.000000
aniFrame
  m_time 0.437000
  m_vertexTransformMat 0.579931 -0.460321 0.672149 0.000000 0.515426 0.846258 0.134849 0.000000 -0.630885 0.268240 0.728033 0.000000 -3.236790 -9.785197 -1.923791 1.000000
aniFrame
  m_time 0.453000
  m_vertexTransformMat 0.594025 -0.438576 0.674378 0.000000 0.521030 0.848474 0.092848 0.000000 -0.612913 0.296217 0.732526 0.000000 -2.875454 -9.453841 -1.745297 1.000000
aniFrame
  m_time 0.469000
  m_vertexTransformMat 0.608919 -0.415300 0.675829 0.000000 0.523998 0.850230 0.050350 0.000000 -0.595520 0.323474 0.735337 0.000000 -2.480080 -9.078449 -1.597085 1.000000
aniFrame
  m_time 0.485000
  m_vertexTransformMat 0.624061 -0.391472 0.676238 0.000000 0.524393 0.851429 0.008958 0.000000 -0.579275 0.349024 0.736629 0.000000 -2.072423 -8.690456 -1.493474 1.000000
aniFrame
  m_time 0.501000
  m_vertexTransformMat 0.638991 -0.366214 0.676445 0.000000 0.521984 0.852369 -0.031627 0.000000 -0.564999 0.373302 0.735814 0.000000 -1.665171 -8.258458 -1.420494 1.000000
aniFrame
  m_time 0.517000
  m_vertexTransformMat 0.653721 -0.341726 0.675184 0.000000 0.517555 0.852825 -0.069469 0.000000 -0.552074 0.394858 0.734371 0.000000 -1.258029 -7.836792 -1.381803 1.000000
aniFrame
  m_time 0.533000
  m_vertexTransformMat 0.669978 -0.313572 0.672905 0.000000 0.508492 0.854241 -0.108206 0.000000 -0.540892 0.414663 0.731772 0.000000 -0.805018 -7.341111 -1.383443 1.000000
aniFrame
  m_time 0.549000
  m_vertexTransformMat 0.689438 -0.278546 0.668646 0.000000 0.492448 0.857202 -0.150667 0.000000 -0.531196 0.433149 0.728157 0.000000 -0.255747 -6.706808 -1.442815 1.000000
aniFrame
  m_time 0.565000
  m_vertexTransformMat 0.711031 -0.237034 0.662004 0.000000 0.469757 0.860677 -0.196376 0.000000 -0.523224 0.450611 0.723317 0.000000 0.363675 -5.939720 -1.571384 1.000000
aniFrame
  m_time 0.581000
  m_vertexTransformMat 0.735443 -0.186053 0.651542 0.000000 0.438505 0.863741 -0.248325 0.000000 -0.516562 0.468334 0.716818 0.000000 1.073153 -4.972774 -1.796679 1.000000
aniFrame
  m_time 0.597000
  m_vertexTransformMat 0.759979 -0.129524 0.636911 0.000000 0.401114 0.864532 -0.302807 0.000000 -0.511408 0.485601 0.708980 0.000000 1.805953 -3.875872 -2.120966 1.000000
aniFrame
  m_time 0.613000
  m_vertexTransformMat 0.782444 -0.071076 0.618652 0.000000 0.360546 0.861718 -0.357001 0.000000 -0.507728 0.502385 0.699872 0.000000 2.490274 -2.710298 -2.518679 1.000000
aniFrame
  m_time 0.629000
  m_vertexTransformMat 0.802345 -0.012296 0.596734 0.000000 0.317662 0.855223 -0.409494 0.000000 -0.505306 0.518114 0.690090 0.000000 3.115287 -1.508824 -2.988308 1.000000
aniFrame
  m_time 0.645000
  m_vertexTransformMat 0.817465 0.042192 0.574431 0.000000 0.277361 0.845229 -0.456792 0.000000 -0.504798 0.532736 0.679243 0.000000 3.605193 -0.348194 -3.460515 1.000000
aniFrame
  m_time 0.661000
  m_vertexTransformMat 0.829907 0.092619 0.550160 0.000000 0.238129 0.832977 -0.499444 0.000000 -0.504528 0.545501 0.669239 0.000000 3.995480 0.757571 -3.938025 1.000000
aniFrame
  m_time 0.677000
  m_vertexTransformMat 0.836664 0.134091 0.531049 0.000000 0.206834 0.820429 -0.533026 0.000000 -0.507162 0.555802 0.658689 0.000000 4.243227 1.724486 -4.332636 1.000000
aniFrame
  m_time 0.693000
  m_vertexTransformMat 0.841475 0.166678 0.513943 0.000000 0.181600 0.808634 -0.559582 0.000000 -0.508863 0.564206 0.650177 0.000000 4.395351 2.551776 -4.649921 1.000000
aniFrame
  m_time 0.709000
  m_vertexTransformMat 0.842939 0.187513 0.504274 0.000000 0.165309 0.801684 -0.574434 0.000000 -0.511983 0.567574 0.644774 0.000000 4.451047 3.156207 -4.825231 1.000000
aniFrame
  m_time 0.725000
  m_vertexTransformMat 0.840416 0.194191 0.505956 0.000000 0.163881 0.798825 -0.578811 0.000000 -0.516570 0.569358 0.639521 0.000000 4.412595 3.537100 -4.821385 1.000000
aniFrame
  m_time 0.741000
  m_vertexTransformMat 0.837009 0.189376 0.513375 0.000000 0.171150 0.800523 -0.574344 0.000000 -0.519735 0.568594 0.637633 0.000000 4.320208 3.727951 -4.693605 1.000000
aniFrame
  m_time 0.757000
  m_vertexTransformMat 0.828959 0.174452 0.531407 0.000000 0.189617 0.806191 -0.560449 0.000000 -0.526187 0.565353 0.635220 0.000000 4.136534 3.740023 -4.401864 1.000000
aniFrame
  m_time 0.773000
  m_vertexTransformMat 0.819270 0.154918 0.552086 0.000000 0.212625 0.812098 -0.543405 0.000000 -0.532530 0.562582 0.632387 0.000000 3.915103 3.678366 -4.065453 1.000000
aniFrame
  m_time 0.789000
  m_vertexTransformMat 0.806668 0.129435 0.576658 0.000000 0.240712 0.819171 -0.520593 0.000000 -0.539764 0.558754 0.629642 0.000000 3.645408 3.538432 -3.671888 1.000000
aniFrame
  m_time 0.805000
  m_vertexTransformMat 0.791093 0.099851 0.603492 0.000000 0.272697 0.825555 -0.494060 0.000000 -0.547548 0.555417 0.625862 0.000000 3.325449 3.339788 -3.252115 1.000000
aniFrame
  m_time 0.821000
  m_vertexTransformMat 0.772422 0.065222 0.631751 0.000000 0.308191 0.831257 -0.462635 0.000000 -0.555321 0.552049 0.621980 0.000000 2.951762 3.081149 -2.817048 1.000000
aniFrame
  m_time 0.837000
  m_vertexTransformMat 0.749717 0.026891 0.661212 0.000000 0.346341 0.835461 -0.426677 0.000000 -0.563890 0.548891 0.617046 0.000000 2.522250 2.773698 -2.380922 1.000000
aniFrame
  m_time 0.853000
  m_vertexTransformMat 0.723630 -0.014781 0.690031 0.000000 0.386211 0.837264 -0.387081 0.000000 -0.572016 0.546600 0.611577 0.000000 2.040984 2.428996 -1.967141 1.000000
aniFrame
  m_time 0.869000
  m_vertexTransformMat 0.693889 -0.059027 0.717659 0.000000 0.426681 0.836531 -0.343745 0.000000 -0.580053 0.544731 0.605646 0.000000 1.512965 2.049171 -1.589506 1.000000
aniFrame
  m_time 0.885000
  m_vertexTransformMat 0.660295 -0.104969 0.743634 0.000000 0.467345 0.832533 -0.297453 0.000000 -0.587876 0.543941 0.598774 0.000000 0.935336 1.657035 -1.260475 1.000000
aniFrame
  m_time 0.901000
  m_vertexTransformMat 0.623562 -0.152181 0.766819 0.000000 0.506842 0.825497 -0.248328 0.000000 -0.595215 0.543504 0.591880 0.000000 0.317901 1.243210 -0.994456 1.000000
aniFrame
  m_time 0.917000
  m_vertexTransformMat 0.583636 -0.199369 0.787160 0.000000 0.544728 0.815035 -0.197457 0.000000 -0.602196 0.544032 0.584286 0.000000 -0.342683 0.837058 -0.803496 1.000000
aniFrame
  m_time 0.933000
  m_vertexTransformMat 0.541247 -0.246139 0.804032 0.000000 0.580061 0.801547 -0.145099 0.000000 -0.608755 0.544922 0.576610 0.000000 -1.039951 0.432345 -0.688258 1.000000
aniFrame
  m_time 0.949000
  m_vertexTransformMat 0.497411 -0.291683 0.817009 0.000000 0.612128 0.785355 -0.092293 0.000000 -0.614722 0.546021 0.569191 0.000000 -1.755953 0.037091 -0.649228 1.000000
aniFrame
  m_time 0.965000
  m_vertexTransformMat 0.451952 -0.334897 0.826792 0.000000 0.640615 0.766843 -0.039567 0.000000 -0.620768 0.547538 0.561115 0.000000 -2.506818 -0.327408 -0.685808 1.000000
aniFrame
  m_time 0.981000
  m_vertexTransformMat 0.406744 -0.376070 0.832545 0.000000 0.664801 0.746915 0.012598 0.000000 -0.626577 0.548353 0.553815 0.000000 -3.253466 -0.687877 -0.787650 1.000000
aniFrame
  m_time 0.997000
  m_vertexTransformMat 0.362385 -0.413702 0.835182 0.000000 0.684616 0.726205 0.062666 0.000000 -0.632439 0.549070 0.546392 0.000000 -3.993211 -1.008383 -0.949633 1.000000
aniFrame
  m_time 1.013000
  m_vertexTransformMat 0.319368 -0.448405 0.834828 0.000000 0.699637 0.705757 0.111429 0.000000 -0.639151 0.548489 0.539117 0.000000 -4.730291 -1.322095 -1.165094 1.000000
aniFrame
  m_time 1.029000
  m_vertexTransformMat 0.280109 -0.479505 0.831633 0.000000 0.710143 0.686423 0.156590 0.000000 -0.645938 0.546716 0.532790 0.000000 -5.412091 -1.614583 -1.416168 1.000000
aniFrame
  m_time 1.045000
  m_vertexTransformMat 0.244429 -0.506295 0.826994 0.000000 0.716335 0.669101 0.197909 0.000000 -0.653543 0.544031 0.526225 0.000000 -6.055424 -1.873977 -1.687415 1.000000
aniFrame
  m_time 1.061000
  m_vertexTransformMat 0.213672 -0.530440 0.820352 0.000000 0.717805 0.654858 0.236470 0.000000 -0.662647 0.538326 0.520677 0.000000 -6.647870 -2.157979 -1.982421 1.000000
aniFrame
  m_time 1.077000
  m_vertexTransformMat 0.190052 -0.551952 0.811930 0.000000 0.710796 0.647830 0.274017 0.000000 -0.677236 0.525039 0.515447 0.000000 -7.212774 -2.530030 -2.339781 1.000000
aniFrame
  m_time 1.093000
  m_vertexTransformMat 0.173822 -0.572210 0.801474 0.000000 0.695900 0.647227 0.311160 0.000000 -0.696784 0.503660 0.510704 0.000000 -7.739424 -3.018930 -2.758713 1.000000
aniFrame
  m_time 1.109000
  m_vertexTransformMat 0.165843 -0.591897 0.788767 0.000000 0.671795 0.653352 0.349032 0.000000 -0.721933 0.472005 0.505987 0.000000 -8.217583 -3.659528 -3.262853 1.000000
aniFrame
  m_time 1.125000
  m_vertexTransformMat 0.166756 -0.611005 0.773864 0.000000 0.638290 0.665101 0.387589 0.000000 -0.751517 0.429317 0.500908 0.000000 -8.622309 -4.460418 -3.851120 1.000000
aniFrame
  m_time 1.141000
  m_vertexTransformMat 0.175164 -0.628341 0.757961 0.000000 0.599918 0.678551 0.423871 0.000000 -0.780651 0.380467 0.495811 0.000000 -8.897878 -5.330189 -4.456627 1.000000
aniFrame
  m_time 1.157000
  m_vertexTransformMat 0.191478 -0.643701 0.740935 0.000000 0.556391 0.693077 0.458338 0.000000 -0.808558 0.324488 0.490859 0.000000 -9.029201 -6.278275 -5.080396 1.000000
aniFrame
  m_time 1.173000
  m_vertexTransformMat 0.213310 -0.655859 0.724119 0.000000 0.512325 0.706186 0.488697 0.000000 -0.831878 0.266740 0.486650 0.000000 -8.997025 -7.212508 -5.651409 1.000000
aniFrame
  m_time 1.189000
  m_vertexTransformMat 0.240563 -0.664772 0.707254 0.000000 0.468112 0.717772 0.515436 0.000000 -0.850294 0.207079 0.483857 0.000000 -8.797330 -8.135241 -6.165463 1.000000
aniFrame
  m_time 1.205000
  m_vertexTransformMat 0.269809 -0.669718 0.691868 0.000000 0.428198 0.727011 0.536751 0.000000 -0.862467 0.151436 0.482927 0.000000 -8.483791 -8.961468 -6.572084 1.000000
aniFrame
  m_time 1.221000
  m_vertexTransformMat 0.300499 -0.671130 0.677706 0.000000 0.393265 0.734519 0.553015 0.000000 -0.868932 0.100337 0.484654 0.000000 -8.068810 -9.693812 -6.862274 1.000000
aniFrame
  m_time 1.237000
  m_vertexTransformMat 0.328790 -0.669148 0.666437 0.000000 0.367208 0.740723 0.562573 0.000000 -0.870090 0.059753 0.489259 0.000000 -7.650698 -10.264249 -7.014258 1.000000
aniFrame
  m_time 1.253000
  m_vertexTransformMat 0.353060 -0.664521 0.658605 0.000000 0.351721 0.746573 0.564732 0.000000 -0.866973 0.032261 0.497311 0.000000 -7.276228 -10.653992 -7.011049 1.000000
aniFrame
  m_time 1.269000
  m_vertexTransformMat 0.373968 -0.658266 0.653326 0.000000 0.344561 0.752631 0.561093 0.000000 -0.861061 0.015280 0.508272 0.000000 -6.950591 -10.919585 -6.888288 1.000000
aniFrame
  m_time 1.285000
  m_vertexTransformMat 0.390839 -0.650890 0.650836 0.000000 0.346242 0.759107 0.551246 0.000000 -0.852855 0.009898 0.522054 0.000000 -6.696900 -11.057205 -6.641963 1.000000
aniFrame
  m_time 1.301000
  m_vertexTransformMat 0.406106 -0.642670 0.649656 0.000000 0.352492 0.766068 0.537483 0.000000 -0.843105 0.010724 0.537641 0.000000 -6.471321 -11.141732 -6.328143 1.000000
aniFrame
  m_time 1.317000
  m_vertexTransformMat 0.421407 -0.633802 0.648622 0.000000 0.361275 0.773354 0.520965 0.000000 -0.831803 0.014792 0.554874 0.000000 -6.249926 -11.216220 -5.975493 1.000000
aniFrame
  m_time 1.333000
  m_vertexTransformMat 0.435947 -0.624110 0.648411 0.000000 0.372287 0.781004 0.501433 0.000000 -0.819361 0.022797 0.572825 0.000000 -6.036244 -11.263827 -5.590791 1.000000
aniFrame
  m_time 1.349000
  m_vertexTransformMat 0.450187 -0.613653 0.648662 0.000000 0.385590 0.788816 0.478633 0.000000 -0.805389 0.034643 0.591733 0.000000 -5.824800 -11.282146 -5.182062 1.000000
aniFrame
  m_time 1.365000
  m_vertexTransformMat 0.463763 -0.602322 0.649717 0.000000 0.400097 0.796694 0.452991 0.000000 -0.790472 0.049870 0.610465 0.000000 -5.613973 -11.271909 -4.764555 1.000000
aniFrame
  m_time 1.381000
  m_vertexTransformMat 0.477296 -0.589739 0.651457 0.000000 0.415000 0.804746 0.424451 0.000000 -0.774573 0.067766 0.628844 0.000000 -5.393376 -11.230816 -4.353383 1.000000
aniFrame
  m_time 1.397000
  m_vertexTransformMat 0.490419 -0.576710 0.653372 0.000000 0.431335 0.812079 0.393037 0.000000 -0.757257 0.089069 0.647015 0.000000 -5.174209 -11.155780 -3.952306 1.000000
aniFrame
  m_time 1.413000
  m_vertexTransformMat 0.503061 -0.562311 0.656305 0.000000 0.446551 0.819287 0.359668 0.000000 -0.739947 0.112139 0.663252 0.000000 -4.939926 -11.049046 -3.577360 1.000000
aniFrame
  m_time 1.429000
  m_vertexTransformMat 0.516571 -0.546838 0.658880 0.000000 0.462033 0.825876 0.323196 0.000000 -0.720889 0.137471 0.679281 0.000000 -4.685349 -10.904977 -3.219292 1.000000
aniFrame
  m_time 1.445000
  m_vertexTransformMat 0.528563 -0.531380 0.662010 0.000000 0.477377 0.830918 0.285810 0.000000 -0.701949 0.164959 0.692861 0.000000 -4.435781 -10.730332 -2.892097 1.000000
aniFrame
  m_time 1.461000
  m_vertexTransformMat 0.542420 -0.513064 0.665242 0.000000 0.489761 0.836491 0.245801 0.000000 -0.682580 0.192482 0.705007 0.000000 -4.132390 -10.513714 -2.582037 1.000000
aniFrame
  m_time 1.477000
  m_vertexTransformMat 0.556409 -0.494549 0.667706 0.000000 0.501196 0.840695 0.205022 0.000000 -0.662730 0.220576 0.715637 0.000000 -3.818741 -10.277173 -2.310127 1.000000
aniFrame
  m_time 1.493000
  m_vertexTransformMat 0.569859 -0.474316 0.671033 0.000000 0.510450 0.844265 0.163277 0.000000 -0.643974 0.249484 0.723226 0.000000 -3.487486 -9.988606 -2.066509 1.000000
aniFrame
  m_time 1.509000
  m_vertexTransformMat 0.584769 -0.453239 0.672770 0.000000 0.517556 0.847078 0.120811 0.000000 -0.624645 0.277549 0.729921 0.000000 -3.114925 -9.680298 -1.860447 1.000000
aniFrame
  m_time 1.525000
  m_vertexTransformMat 0.598721 -0.430953 0.675139 0.000000 0.522341 0.849091 0.078772 0.000000 -0.607201 0.305491 0.733473 0.000000 -2.751377 -9.331864 -1.692370 1.000000
aniFrame
  m_time 1.541000
  m_vertexTransformMat 0.614099 -0.407439 0.675926 0.000000 0.524401 0.850695 0.036353 0.000000 -0.589819 0.332132 0.736072 0.000000 -2.341390 -8.951679 -1.557700 1.000000
aniFrame
  m_time 1.557000
  m_vertexTransformMat 0.628951 -0.383247 0.676419 0.000000 0.523937 0.851745 -0.004586 0.000000 -0.574379 0.357285 0.736503 0.000000 -1.939528 -8.552312 -1.466584 1.000000
aniFrame
  m_time 1.573000
  m_vertexTransformMat 0.643975 -0.357914 0.676161 0.000000 0.520713 0.852564 -0.044636 0.000000 -0.560495 0.380830 0.735401 0.000000 -1.527982 -8.114776 -1.403011 1.000000
aniFrame
  m_time 1.589000
  m_vertexTransformMat 0.658779 -0.333187 0.674535 0.000000 0.515300 0.853089 -0.081880 0.000000 -0.548157 0.401529 0.733688 0.000000 -1.117422 -7.689157 -1.377698 1.000000
aniFrame
  m_time 1.605000
  m_vertexTransformMat 0.676209 -0.302398 0.671786 0.000000 0.503813 0.855125 -0.122203 0.000000 -0.537507 0.421089 0.730596 0.000000 -0.630179 -7.138906 -1.395508 1.000000
aniFrame
  m_time 1.621000
  m_vertexTransformMat 0.696416 -0.265609 0.666676 0.000000 0.485679 0.858352 -0.165371 0.000000 -0.528319 0.438957 0.726771 0.000000 -0.056679 -6.470517 -1.477888 1.000000
aniFrame
  m_time 1.637000
  m_vertexTransformMat 0.718767 -0.221094 0.659160 0.000000 0.460410 0.861776 -0.212989 0.000000 -0.520958 0.456573 0.721210 0.000000 0.587603 -5.638503 -1.632424 1.000000
aniFrame
  m_time 1.653000
  m_vertexTransformMat 0.743902 -0.167478 0.646963 0.000000 0.426399 0.864376 -0.266530 0.000000 -0.514582 0.474136 0.714423 0.000000 1.322615 -4.616197 -1.896756 1.000000
aniFrame
  m_time 1.669000
  m_vertexTransformMat 0.767374 -0.110515 0.631604 0.000000 0.388299 0.863969 -0.320595 0.000000 -0.510256 0.491267 0.705900 0.000000 2.032462 -3.498267 -2.240857 1.000000
aniFrame
  m_time 1.685000
  m_vertexTransformMat 0.789666 -0.051137 0.611403 0.000000 0.346087 0.859970 -0.375067 0.000000 -0.506608 0.507776 0.696787 0.000000 2.712228 -2.307681 -2.672170 1.000000
aniFrame
  m_time 1.701000
  m_vertexTransformMat 0.807520 0.006088 0.589809 0.000000 0.304323 0.852278 -0.425453 0.000000 -0.505271 0.523054 0.686379 0.000000 3.288005 -1.121048 -3.142093 1.000000
aniFrame
  m_time 1.717000
  m_vertexTransformMat 0.822124 0.059738 0.566166 0.000000 0.263834 0.841264 -0.471876 0.000000 -0.504484 0.537314 0.675863 0.000000 3.749239 0.032197 -3.623573 1.000000
aniFrame
  m_time 1.733000
  m_vertexTransformMat 0.832723 0.107440 0.543166 0.000000 0.226667 0.828876 -0.511456 0.000000 -0.505168 0.549019 0.665871 0.000000 4.093287 1.093501 -4.080107 1.000000
aniFrame
  m_time 1.749000
  m_vertexTransformMat 0.838367 0.146038 0.525180 0.000000 0.197884 0.816184 -0.542849 0.000000 -0.507920 0.559031 0.655363 0.000000 4.302637 2.020005 -4.447769 1.000000
aniFrame
  m_time 1.765000
  m_vertexTransformMat 0.842620 0.175127 0.509236 0.000000 0.174594 0.805717 -0.565983 0.000000 -0.509419 0.565818 0.648338 0.000000 4.427138 2.780524 -4.730328 1.000000
aniFrame
  m_time 1.781000
  m_vertexTransformMat 0.842252 0.191117 0.504069 0.000000 0.163614 0.800316 -0.576822 0.000000 -0.513655 0.568302 0.642799 0.000000 4.444076 3.306616 -4.839520 1.000000
aniFrame
  m_time 1.797000
  m_vertexTransformMat 0.839475 0.193671 0.507713 0.000000 0.165531 0.798784 -0.578397 0.000000 -0.517572 0.569593 0.638501 0.000000 4.388396 3.622064 -4.793869 1.000000
aniFrame
  m_time 1.813000
  m_vertexTransformMat 0.835074 0.185899 0.517776 0.000000 0.175269 0.802233 -0.570704 0.000000 -0.521470 0.567331 0.637342 0.000000 4.274127 3.744508 -4.615053 1.000000
aniFrame
  m_time 1.829000
  m_vertexTransformMat 0.826644 0.170221 0.536362 0.000000 0.193936 0.808579 -0.555508 0.000000 -0.528250 0.563227 0.635395 0.000000 4.084769 3.715195 -4.304392 1.000000
aniFrame
  m_time 1.845000
  m_vertexTransformMat 0.817515 0.151086 0.555735 0.000000 0.214572 0.815589 -0.537377 0.000000 -0.534441 0.558559 0.634338 0.000000 3.877250 3.619480 -3.967485 1.000000
aniFrame
  m_time 1.861000
  m_vertexTransformMat 0.805702 0.127072 0.578530 0.000000 0.239107 0.823825 -0.513947 0.000000 -0.541915 0.552418 0.633373 0.000000 3.625515 3.440728 -3.578303 1.000000
aniFrame
  m_time 1.877000
  m_vertexTransformMat 0.791952 0.099435 0.602432 0.000000 0.266243 0.831674 -0.487273 0.000000 -0.549479 0.546289 0.632172 0.000000 3.333879 3.202724 -3.175055 1.000000
aniFrame
  m_time 1.893000
  m_vertexTransformMat 0.775197 0.067255 0.628130 0.000000 0.296322 0.839428 -0.455581 0.000000 -0.557909 0.539294 0.630793 0.000000 2.990936 2.900052 -2.753869 1.000000
aniFrame
  m_time 1.909000
  m_vertexTransformMat 0.755395 0.031843 0.654496 0.000000 0.328427 0.845906 -0.420214 0.000000 -0.567023 0.532381 0.628535 0.000000 2.599385 2.548572 -2.340219 1.000000
aniFrame
  m_time 1.925000
  m_vertexTransformMat 0.732756 -0.006964 0.680456 0.000000 0.362081 0.850635 -0.381205 0.000000 -0.576165 0.525710 0.625830 0.000000 2.158588 2.153023 -1.948518 1.000000
aniFrame
  m_time 1.941000
  m_vertexTransformMat 0.706709 -0.048332 0.705852 0.000000 0.396682 0.853168 -0.338744 0.000000 -0.585838 0.519392 0.622114 0.000000 1.669733 1.723133 -1.592749 1.000000
aniFrame
  m_time 1.957000
  m_vertexTransformMat 0.677408 -0.091921 0.729842 0.000000 0.431875 0.852866 -0.293433 0.000000 -0.595485 0.513974 0.617437 0.000000 1.130835 1.274086 -1.285699 1.000000
aniFrame
  m_time 1.973000
  m_vertexTransformMat 0.644907 -0.137188 0.751847 0.000000 0.466775 0.849662 -0.245347 0.000000 -0.605158 0.509169 0.611989 0.000000 0.542673 0.804996 -1.043133 1.000000
aniFrame
  m_time 1.989000
  m_vertexTransformMat 0.609058 -0.183215 0.771674 0.000000 0.501240 0.842940 -0.195478 0.000000 -0.614660 0.505851 0.605234 0.000000 -0.101399 0.346037 -0.874509 1.000000
aniFrame
  m_time 2.005000
  m_vertexTransformMat 0.570415 -0.229810 0.788552 0.000000 0.534360 0.832937 -0.143795 0.000000 -0.623769 0.503393 0.597920 0.000000 -0.789553 -0.114732 -0.778932 1.000000
aniFrame
  m_time 2.021000
  m_vertexTransformMat 0.529089 -0.275773 0.802505 0.000000 0.565966 0.819326 -0.091585 0.000000 -0.632256 0.502647 0.589575 0.000000 -1.521497 -0.543074 -0.760672 1.000000
aniFrame
  m_time 2.037000
  m_vertexTransformMat 0.485093 -0.320798 0.813495 0.000000 0.595491 0.802431 -0.038661 0.000000 -0.640371 0.503183 0.580286 0.000000 -2.294425 -0.944608 -0.811644 1.000000
aniFrame
  m_time 2.053000
  m_vertexTransformMat 0.439863 -0.364224 0.820891 0.000000 0.622631 0.782400 0.013518 0.000000 -0.647188 0.505166 0.570925 0.000000 -3.069816 -1.305946 -0.925475 1.000000
aniFrame
  m_time 2.069000
  m_vertexTransformMat 0.392551 -0.405052 0.825734 0.000000 0.647081 0.759645 0.065013 0.000000 -0.653598 0.508796 0.560301 0.000000 -3.873733 -1.609514 -1.096223 1.000000
aniFrame
  m_time 2.085000
  m_vertexTransformMat 0.344946 -0.443643 0.827159 0.000000 0.668728 0.734545 0.115093 0.000000 -0.658646 0.513444 0.550055 0.000000 -4.660030 -1.872357 -1.311927 1.000000
aniFrame
  m_time 2.101000
  m_vertexTransformMat 0.297572 -0.478358 0.826211 0.000000 0.687454 0.707872 0.162246 0.000000 -0.662464 0.519702 0.539492 0.000000 -5.419722 -2.058755 -1.556446 1.000000
aniFrame
  m_time 2.117000
  m_vertexTransformMat 0.250973 -0.510215 0.822613 0.000000 0.703022 0.680245 0.207426 0.000000 -0.665411 0.526257 0.529416 0.000000 -6.148475 -2.210863 -1.819595 1.000000
aniFrame
  m_time 2.133000
