m_aniFrameList.size 202
aniFrame
  m_time -1.066000
  m_vertexTransformMat 1.000000 -0.000000 -0.000000 0.000000 0.000000 1.000000 0.000000 0.000000 0.000000 -0.000000 1.000000 0.000000 -0.232181 -1.643668 -1.082510 1.000000
aniFrame
  m_time -1.050000
  m_vertexTransformMat 0.999984 -0.000758 0.005659 0.000000 0.000730 0.999988 0.004938 0.000000 -0.005662 -0.004933 0.999972 0.000000 -0.355964 -1.588533 -1.213833 1.000000
aniFrame
  m_time -1.034000
  m_vertexTransformMat 0.999936 -0.001450 0.011225 0.000000 0.001343 0.999954 0.009516 0.000000 -0.011238 -0.009501 0.999892 0.000000 -0.477522 -1.522157 -1.348968 1.000000
aniFrame
  m_time -1.018000
  m_vertexTransformMat 0.999844 -0.002328 0.017532 0.000000 0.002067 0.999887 0.014902 0.000000 -0.017564 -0.014863 0.999735 0.000000 -0.608698 -1.455749 -1.503310 1.000000
aniFrame
  m_time -1.002000
  m_vertexTransformMat 0.999705 -0.003249 0.024072 0.000000 0.002757 0.999787 0.020451 0.000000 -0.024133 -0.020379 0.999501 0.000000 -0.737115 -1.385208 -1.660496 1.000000
aniFrame
  m_time -0.986000
  m_vertexTransformMat 0.999523 -0.004220 0.030589 0.000000 0.003425 0.999656 0.025983 0.000000 -0.030689 -0.025866 0.999194 0.000000 -0.851422 -1.313878 -1.803195 1.000000
aniFrame
  m_time -0.970000
  m_vertexTransformMat 0.999301 -0.005209 0.037019 0.000000 0.004043 0.999495 0.031502 0.000000 -0.037164 -0.031330 0.998818 0.000000 -0.949106 -1.243063 -1.927549 1.000000
aniFrame
  m_time -0.954000
  m_vertexTransformMat 0.999056 -0.006152 0.042999 0.000000 0.004580 0.999321 0.036560 0.000000 -0.043194 -0.036329 0.998406 0.000000 -1.012419 -1.172465 -2.009778 1.000000
aniFrame
  m_time -0.938000
  m_vertexTransformMat 0.998796 -0.007076 0.048550 0.000000 0.005068 0.999132 0.041361 0.000000 -0.048800 -0.041065 0.997964 0.000000 -1.047170 -1.105932 -2.053251 1.000000
aniFrame
  m_time -0.922000
  m_vertexTransformMat 0.998550 -0.007845 0.053250 0.000000 0.005431 0.998958 0.045330 0.000000 -0.053550 -0.044975 0.997552 0.000000 -1.054736 -1.041490 -2.046202 1.000000
aniFrame
  m_time -0.906000
  m_vertexTransformMat 0.998328 -0.008540 0.057167 0.000000 0.005754 0.998796 0.048727 0.000000 -0.057514 -0.048317 0.997175 0.000000 -1.038593 -0.983549 -1.993028 1.000000
aniFrame
  m_time -0.890000
  m_vertexTransformMat 0.998172 -0.008977 0.059777 0.000000 0.005930 0.998683 0.050966 0.000000 -0.060156 -0.050519 0.996910 0.000000 -1.017903 -0.930404 -1.909554 1.000000
aniFrame
  m_time -0.874000
  m_vertexTransformMat 0.998083 -0.009241 0.061199 0.000000 0.006045 0.998618 0.052211 0.000000 -0.061597 -0.051740 0.996759 0.000000 -0.991501 -0.884488 -1.794745 1.000000
aniFrame
  m_time -0.858000
  m_vertexTransformMat 0.998056 -0.009307 0.061623 0.000000 0.006072 0.998604 0.052478 0.000000 -0.062025 -0.052001 0.996719 0.000000 -0.962335 -0.850223 -1.660782 1.000000
aniFrame
  m_time -0.842000
  m_vertexTransformMat 0.998089 -0.009198 0.061102 0.000000 0.006037 0.998644 0.051710 0.000000 -0.061495 -0.051243 0.996791 0.000000 -0.930657 -0.826932 -1.506559 1.000000
aniFrame
  m_time -0.826000
  m_vertexTransformMat 0.998148 -0.009038 0.060157 0.000000 0.006004 0.998710 0.050423 0.000000 -0.060535 -0.049969 0.996914 0.000000 -0.895962 -0.821280 -1.347284 1.000000
aniFrame
  m_time -0.810000
  m_vertexTransformMat 0.998226 -0.008770 0.058894 0.000000 0.005913 0.998805 0.048509 0.000000 -0.059249 -0.048075 0.997085 0.000000 -0.858311 -0.832088 -1.182132 1.000000
aniFrame
  m_time -0.794000
  m_vertexTransformMat 0.998324 -0.008488 0.057253 0.000000 0.005842 0.998914 0.046226 0.000000 -0.057583 -0.045815 0.997289 0.000000 -0.817316 -0.857331 -1.026011 1.000000
aniFrame
  m_time -0.778000
  m_vertexTransformMat 0.998440 -0.008089 0.055251 0.000000 0.005693 0.999042 0.043386 0.000000 -0.055549 -0.043004 0.997529 0.000000 -0.771533 -0.893846 -0.878814 1.000000
aniFrame
  m_time -0.762000
  m_vertexTransformMat 0.998567 -0.007700 0.052967 0.000000 0.005562 0.999169 0.040387 0.000000 -0.053234 -0.040035 0.997779 0.000000 -0.725035 -0.942208 -0.754853 1.000000
aniFrame
  m_time -0.746000
  m_vertexTransformMat 0.998707 -0.007203 0.050315 0.000000 0.005351 0.999306 0.036852 0.000000 -0.050546 -0.036535 0.998053 0.000000 -0.676396 -0.995477 -0.657240 1.000000
aniFrame
  m_time -0.730000
  m_vertexTransformMat 0.998848 -0.006741 0.047503 0.000000 0.005153 0.999426 0.033472 0.000000 -0.047701 -0.033189 0.998310 0.000000 -0.627785 -1.059938 -0.587950 1.000000
aniFrame
  m_time -0.714000
  m_vertexTransformMat 0.998999 -0.006186 0.044317 0.000000 0.004880 0.999553 0.029515 0.000000 -0.044480 -0.029270 0.998581 0.000000 -0.575478 -1.122071 -0.549594 1.000000
aniFrame
  m_time -0.698000
  m_vertexTransformMat 0.999141 -0.005669 0.041049 0.000000 0.004604 0.999651 0.026002 0.000000 -0.041182 -0.025790 0.998819 0.000000 -0.522133 -1.194469 -0.534439 1.000000
aniFrame
  m_time -0.682000
  m_vertexTransformMat 0.999280 -0.005116 0.037591 0.000000 0.004286 0.999746 0.022114 0.000000 -0.037695 -0.021937 0.999048 0.000000 -0.464769 -1.261564 -0.537032 1.000000
aniFrame
  m_time -0.666000
  m_vertexTransformMat 0.999418 -0.004538 0.033794 0.000000 0.003915 0.999822 0.018478 0.000000 -0.033872 -0.018334 0.999258 0.000000 -0.400638 -1.330237 -0.557000 1.000000
aniFrame
  m_time -0.650000
  m_vertexTransformMat 0.999531 -0.004020 0.030356 0.000000 0.003559 0.999878 0.015208 0.000000 -0.030414 -0.015093 0.999423 0.000000 -0.341978 -1.399872 -0.592195 1.000000
aniFrame
  m_time -0.634000
  m_vertexTransformMat 0.999654 -0.003411 0.026082 0.000000 0.003110 0.999928 0.011573 0.000000 -0.026120 -0.011488 0.999593 0.000000 -0.267610 -1.455483 -0.639566 1.000000
aniFrame
  m_time -0.618000
  m_vertexTransformMat 0.999755 -0.002855 0.021938 0.000000 0.002659 0.999957 0.008950 0.000000 -0.021963 -0.008890 0.999719 0.000000 -0.194056 -1.517018 -0.698409 1.000000
aniFrame
  m_time -0.602000
  m_vertexTransformMat 0.999835 -0.002305 0.018004 0.000000 0.002198 0.999980 0.005923 0.000000 -0.018017 -0.005882 0.999820 0.000000 -0.122466 -1.558928 -0.764048 1.000000
aniFrame
  m_time -0.586000
  m_vertexTransformMat 0.999911 -0.001713 0.013263 0.000000 0.001662 0.999991 0.003836 0.000000 -0.013269 -0.003814 0.999905 0.000000 -0.034668 -1.599904 -0.836085 1.000000
aniFrame
  m_time -0.570000
  m_vertexTransformMat 0.999954 -0.001211 0.009528 0.000000 0.001192 0.999997 0.002017 0.000000 -0.009531 -0.002006 0.999952 0.000000 0.037735 -1.627945 -0.910993 1.000000
aniFrame
  m_time -0.554000
  m_vertexTransformMat 0.999985 -0.000698 0.005479 0.000000 0.000696 1.000000 0.000316 0.000000 -0.005479 -0.000312 0.999985 0.000000 0.118447 -1.637535 -0.980764 1.000000
aniFrame
  m_time -0.538000
  m_vertexTransformMat 0.999999 -0.000196 0.001478 0.000000 0.000196 1.000000 -0.000004 0.000000 -0.001478 0.000004 0.999999 0.000000 0.200954 -1.647299 -1.053882 1.000000
aniFrame
  m_time -0.522000
  m_vertexTransformMat 0.999995 0.000410 -0.003225 0.000000 -0.000409 1.000000 0.000473 0.000000 0.003226 -0.000471 0.999995 0.000000 0.302357 -1.630725 -1.147046 1.000000
aniFrame
  m_time -0.506000
  m_vertexTransformMat 0.999962 0.001100 -0.008660 0.000000 -0.001077 0.999996 0.002680 0.000000 0.008663 -0.002671 0.999959 0.000000 0.420839 -1.606516 -1.259989 1.000000
aniFrame
  m_time -0.490000
  m_vertexTransformMat 0.999884 0.001959 -0.015084 0.000000 -0.001868 0.999980 0.006034 0.000000 0.015096 -0.006005 0.999868 0.000000 0.553191 -1.563342 -1.396388 1.000000
aniFrame
  m_time -0.474000
  m_vertexTransformMat 0.999744 0.002971 -0.022439 0.000000 -0.002725 0.999936 0.011010 0.000000 0.022470 -0.010946 0.999688 0.000000 0.699133 -1.509782 -1.555942 1.000000
aniFrame
  m_time -0.458000
  m_vertexTransformMat 0.999540 0.004045 -0.030054 0.000000 -0.003555 0.999860 0.016348 0.000000 0.030116 -0.016234 0.999415 0.000000 0.830597 -1.443704 -1.706369 1.000000
aniFrame
  m_time -0.442000
  m_vertexTransformMat 0.999266 0.005250 -0.037954 0.000000 -0.004392 0.999734 0.022667 0.000000 0.038063 -0.022484 0.999022 0.000000 0.950395 -1.373559 -1.851211 1.000000
aniFrame
  m_time -0.426000
  m_vertexTransformMat 0.998942 0.006416 -0.045535 0.000000 -0.005109 0.999574 0.028757 0.000000 0.045700 -0.028494 0.998549 0.000000 1.029985 -1.296632 -1.957838 1.000000
aniFrame
  m_time -0.410000
  m_vertexTransformMat 0.998575 0.007637 -0.052823 0.000000 -0.005787 0.999368 0.035089 0.000000 0.053057 -0.034733 0.997987 0.000000 1.067879 -1.219542 -2.025957 1.000000
aniFrame
  m_time -0.394000
  m_vertexTransformMat 0.998208 0.008707 -0.059208 0.000000 -0.006304 0.999154 0.040653 0.000000 0.059512 -0.040207 0.997418 0.000000 1.073338 -1.141352 -2.050849 1.000000
aniFrame
  m_time -0.378000
  m_vertexTransformMat 0.997855 0.009701 -0.064735 0.000000 -0.006748 0.998933 0.045682 0.000000 0.065109 -0.045147 0.996856 0.000000 1.043154 -1.066213 -2.028524 1.000000
aniFrame
  m_time -0.362000
  m_vertexTransformMat 0.997578 0.010428 -0.068770 0.000000 -0.007034 0.998753 0.049416 0.000000 0.069199 -0.048812 0.996408 0.000000 1.006633 -0.995290 -1.978015 1.000000
aniFrame
  m_time -0.346000
  m_vertexTransformMat 0.997407 0.010872 -0.071148 0.000000 -0.007203 0.998640 0.051625 0.000000 0.071612 -0.050979 0.996129 0.000000 0.970640 -0.928308 -1.902031 1.000000
aniFrame
  m_time -0.330000
  m_vertexTransformMat 0.997331 0.011069 -0.072169 0.000000 -0.007274 0.998587 0.052636 0.000000 0.072650 -0.051971 0.996003 0.000000 0.936142 -0.875455 -1.804954 1.000000
aniFrame
  m_time -0.314000
  m_vertexTransformMat 0.997356 0.010984 -0.071838 0.000000 -0.007239 0.998612 0.052174 0.000000 0.072312 -0.051516 0.996051 0.000000 0.905969 -0.837365 -1.686533 1.000000
aniFrame
  m_time -0.298000
  m_vertexTransformMat 0.997437 0.010794 -0.070730 0.000000 -0.007192 0.998674 0.050983 0.000000 0.071187 -0.050344 0.996192 0.000000 0.877385 -0.819520 -1.555343 1.000000
aniFrame
  m_time -0.282000
  m_vertexTransformMat 0.997544 0.010494 -0.069252 0.000000 -0.007086 0.998760 0.049273 0.000000 0.069684 -0.048661 0.996382 0.000000 0.850537 -0.824900 -1.414423 1.000000
aniFrame
  m_time -0.266000
  m_vertexTransformMat 0.997681 0.010132 -0.067302 0.000000 -0.006967 0.998866 0.047091 0.000000 0.067703 -0.046513 0.996621 0.000000 0.822706 -0.847224 -1.269597 1.000000
aniFrame
  m_time -0.250000
  m_vertexTransformMat 0.997846 0.009679 -0.064892 0.000000 -0.006800 0.998989 0.044449 0.000000 0.065256 -0.043912 0.996902 0.000000 0.790539 -0.880878 -1.125356 1.000000
aniFrame
  m_time -0.234000
  m_vertexTransformMat 0.998028 0.009161 -0.062098 0.000000 -0.006592 0.999119 0.041446 0.000000 0.062423 -0.040955 0.997209 0.000000 0.756167 -0.925697 -0.985894 1.000000
aniFrame
  m_time -0.218000
  m_vertexTransformMat 0.998227 0.008597 -0.058905 0.000000 -0.006357 0.999253 0.038114 0.000000 0.059188 -0.037672 0.997536 0.000000 0.719694 -0.978137 -0.856851 1.000000
aniFrame
  m_time -0.202000
  m_vertexTransformMat 0.998431 0.007973 -0.055421 0.000000 -0.006061 0.999383 0.034585 0.000000 0.055663 -0.034195 0.997864 0.000000 0.682183 -1.038594 -0.741215 1.000000
aniFrame
  m_time -0.186000
  m_vertexTransformMat 0.998639 0.007347 -0.051643 0.000000 -0.005756 0.999506 0.030892 0.000000 0.051845 -0.030553 0.998188 0.000000 0.645432 -1.102837 -0.645865 1.000000
aniFrame
  m_time -0.170000
  m_vertexTransformMat 0.998845 0.006655 -0.047581 0.000000 -0.005372 0.999620 0.027034 0.000000 0.047743 -0.026748 0.998501 0.000000 0.606213 -1.169743 -0.572123 1.000000
aniFrame
  m_time -0.154000
  m_vertexTransformMat 0.999034 0.006032 -0.043513 0.000000 -0.005012 0.999711 0.023517 0.000000 0.043642 -0.023276 0.998776 0.000000 0.564240 -1.242563 -0.530104 1.000000
aniFrame
  m_time -0.138000
  m_vertexTransformMat 0.999226 0.005305 -0.038996 0.000000 -0.004547 0.999800 0.019485 0.000000 0.039091 -0.019292 0.999049 0.000000 0.511285 -1.306487 -0.515477 1.000000
aniFrame
  m_time -0.122000
  m_vertexTransformMat 0.999384 0.004688 -0.034791 0.000000 -0.004118 0.999857 0.016439 0.000000 0.034863 -0.016285 0.999260 0.000000 0.454634 -1.381220 -0.528490 1.000000
aniFrame
  m_time -0.106000
  m_vertexTransformMat 0.999536 0.003995 -0.030206 0.000000 -0.003614 0.999914 0.012655 0.000000 0.030254 -0.012540 0.999463 0.000000 0.383584 -1.437742 -0.565018 1.000000
aniFrame
  m_time -0.090000
  m_vertexTransformMat 0.999678 0.003312 -0.025157 0.000000 -0.003064 0.999947 0.009880 0.000000 0.025189 -0.009800 0.999635 0.000000 0.297805 -1.499853 -0.619912 1.000000
aniFrame
  m_time -0.074000
  m_vertexTransformMat 0.999778 0.002705 -0.020923 0.000000 -0.002560 0.999973 0.006951 0.000000 0.020941 -0.006896 0.999757 0.000000 0.219858 -1.548312 -0.690310 1.000000
aniFrame
  m_time -0.058000
  m_vertexTransformMat 0.999878 0.002011 -0.015514 0.000000 -0.001943 0.999988 0.004420 0.000000 0.015522 -0.004389 0.999870 0.000000 0.115732 -1.586758 -0.769306 1.000000
aniFrame
  m_time -0.042000
  m_vertexTransformMat 0.999936 0.001449 -0.011245 0.000000 -0.001418 0.999995 0.002741 0.000000 0.011248 -0.002725 0.999933 0.000000 0.026230 -1.623523 -0.857154 1.000000
aniFrame
  m_time -0.026000
  m_vertexTransformMat 0.999976 0.000881 -0.006951 0.000000 -0.000876 1.000000 0.000699 0.000000 0.006952 -0.000693 0.999976 0.000000 -0.068493 -1.633170 -0.940825 1.000000
aniFrame
  m_time -0.010000
  m_vertexTransformMat 0.999996 0.000370 -0.002823 0.000000 -0.000370 1.000000 0.000067 0.000000 0.002823 -0.000066 0.999996 0.000000 -0.164105 -1.647309 -1.022014 1.000000
aniFrame
  m_time 0.005000
  m_vertexTransformMat 0.999999 -0.000195 0.001529 0.000000 0.000195 1.000000 0.000074 0.000000 -0.001529 -0.000074 0.999999 0.000000 -0.269684 -1.636504 -1.115926 1.000000
aniFrame
  m_time 0.021000
  m_vertexTransformMat 0.999979 -0.000801 0.006388 0.000000 0.000789 0.999998 0.001789 0.000000 -0.006389 -0.001784 0.999978 0.000000 -0.391459 -1.616109 -1.227275 1.000000
aniFrame
  m_time 0.037000
  m_vertexTransformMat 0.999929 -0.001513 0.011841 0.000000 0.001458 0.999988 0.004679 0.000000 -0.011848 -0.004661 0.999919 0.000000 -0.522427 -1.579213 -1.356453 1.000000
aniFrame
  m_time 0.053000
  m_vertexTransformMat 0.999834 -0.002352 0.018064 0.000000 0.002185 0.999955 0.009212 0.000000 -0.018084 -0.009171 0.999794 0.000000 -0.667696 -1.529106 -1.512026 1.000000
aniFrame
  m_time 0.069000
  m_vertexTransformMat 0.999694 -0.003242 0.024541 0.000000 0.002887 0.999891 0.014461 0.000000 -0.024586 -0.014386 0.999594 0.000000 -0.804341 -1.467977 -1.664599 1.000000
aniFrame
  m_time 0.085000
  m_vertexTransformMat 0.999505 -0.004223 0.031185 0.000000 0.003585 0.999784 0.020485 0.000000 -0.031265 -0.020363 0.999304 0.000000 -0.929427 -1.399128 -1.810542 1.000000
aniFrame
  m_time 0.101000
  m_vertexTransformMat 0.999278 -0.005202 0.037646 0.000000 0.004197 0.999634 0.026722 0.000000 -0.037771 -0.026545 0.998934 0.000000 -1.026375 -1.325313 -1.928868 1.000000
aniFrame
  m_time 0.117000
  m_vertexTransformMat 0.999021 -0.006196 0.043814 0.000000 0.004753 0.999445 0.032960 0.000000 -0.043994 -0.032720 0.998496 0.000000 -1.082064 -1.247975 -2.006307 1.000000
aniFrame
  m_time 0.133000
  m_vertexTransformMat 0.998755 -0.007124 0.049364 0.000000 0.005206 0.999231 0.038872 0.000000 -0.049602 -0.038566 0.998024 0.000000 -1.105372 -1.170592 -2.041357 1.000000
aniFrame
  m_time 0.149000
  m_vertexTransformMat 0.998501 -0.007951 0.054149 0.000000 0.005566 0.999014 0.044053 0.000000 -0.054446 -0.043686 0.997561 0.000000 -1.093607 -1.094136 -2.022204 1.000000
aniFrame
  m_time 0.165000
  m_vertexTransformMat 0.998284 -0.008637 0.057921 0.000000 0.005838 0.998815 0.048319 0.000000 -0.058269 -0.047898 0.997151 0.000000 -1.062211 -1.021589 -1.962391 1.000000
aniFrame
  m_time 0.181000
  m_vertexTransformMat 0.998141 -0.009056 0.060264 0.000000 0.005982 0.998682 0.050982 0.000000 -0.060646 -0.050527 0.996880 0.000000 -1.029212 -0.952742 -1.871232 1.000000
aniFrame
  m_time 0.197000
  m_vertexTransformMat 0.998067 -0.009285 0.061445 0.000000 0.006066 0.998609 0.052368 0.000000 -0.061846 -0.051894 0.996736 0.000000 -0.991973 -0.893328 -1.751331 1.000000
aniFrame
  m_time 0.213000
  m_vertexTransformMat 0.998061 -0.009288 0.061540 0.000000 0.006062 0.998608 0.052402 0.000000 -0.061941 -0.051927 0.996728 0.000000 -0.956068 -0.850361 -1.611063 1.000000
aniFrame
  m_time 0.229000
  m_vertexTransformMat 0.998107 -0.009148 0.060814 0.000000 0.006026 0.998663 0.051331 0.000000 -0.061202 -0.050868 0.996828 0.000000 -0.920016 -0.824155 -1.453542 1.000000
aniFrame
  m_time 0.245000
  m_vertexTransformMat 0.998172 -0.008959 0.059771 0.000000 0.005979 0.998739 0.049851 0.000000 -0.060142 -0.049403 0.996967 0.000000 -0.883067 -0.821776 -1.292441 1.000000
aniFrame
  m_time 0.261000
  m_vertexTransformMat 0.998256 -0.008675 0.058390 0.000000 0.005885 0.998841 0.047780 0.000000 -0.058737 -0.047353 0.997150 0.000000 -0.844992 -0.838806 -1.128400 1.000000
aniFrame
  m_time 0.277000
  m_vertexTransformMat 0.998361 -0.008367 0.056621 0.000000 0.005801 0.998955 0.045332 0.000000 -0.056941 -0.044929 0.997366 0.000000 -0.802442 -0.868233 -0.975627 1.000000
aniFrame
  m_time 0.293000
  m_vertexTransformMat 0.998481 -0.007951 0.054521 0.000000 0.005641 0.999085 0.042387 0.000000 -0.054808 -0.042015 0.997613 0.000000 -0.755914 -0.908721 -0.833995 1.000000
aniFrame
  m_time 0.309000
  m_vertexTransformMat 0.998612 -0.007548 0.052119 0.000000 0.005503 0.999214 0.039259 0.000000 -0.052374 -0.038918 0.997869 0.000000 -0.709100 -0.959329 -0.719561 1.000000
aniFrame
  m_time 0.325000
  m_vertexTransformMat 0.998755 -0.007034 0.049385 0.000000 0.005275 0.999350 0.035666 0.000000 -0.049603 -0.035361 0.998143 0.000000 -0.660007 -1.015421 -0.630692 1.000000
aniFrame
  m_time 0.341000
  m_vertexTransformMat 0.998897 -0.006573 0.046490 0.000000 0.005077 0.999467 0.032236 0.000000 -0.046677 -0.031964 0.998399 0.000000 -0.610957 -1.081189 -0.571982 1.000000
aniFrame
  m_time 0.357000
  m_vertexTransformMat 0.999048 -0.005994 0.043205 0.000000 0.004778 0.999591 0.028202 0.000000 -0.043357 -0.027969 0.998668 0.000000 -0.557416 -1.143922 -0.542459 1.000000
aniFrame
  m_time 0.373000
  m_vertexTransformMat 0.999186 -0.005505 0.039958 0.000000 0.004513 0.999681 0.024852 0.000000 -0.040082 -0.024651 0.998892 0.000000 -0.504127 -1.219053 -0.533285 1.000000
aniFrame
  m_time 0.389000
  m_vertexTransformMat 0.999328 -0.004913 0.036334 0.000000 0.004161 0.999776 0.020738 0.000000 -0.036428 -0.020573 0.999125 0.000000 -0.443668 -1.282413 -0.541829 1.000000
aniFrame
  m_time 0.405000
  m_vertexTransformMat 0.999458 -0.004372 0.032625 0.000000 0.003801 0.999839 0.017530 0.000000 -0.032697 -0.017397 0.999314 0.000000 -0.380722 -1.356204 -0.567217 1.000000
aniFrame
  m_time 0.421000
  m_vertexTransformMat 0.999570 -0.003827 0.029087 0.000000 0.003423 0.999897 0.013924 0.000000 -0.029138 -0.013819 0.999480 0.000000 -0.320100 -1.418486 -0.606710 1.000000
aniFrame
  m_time 0.437000
  m_vertexTransformMat 0.999695 -0.003206 0.024493 0.000000 0.002945 0.999939 0.010687 0.000000 -0.024525 -0.010612 0.999643 0.000000 -0.239537 -1.476715 -0.657982 1.000000
aniFrame
  m_time 0.453000
  m_vertexTransformMat 0.999781 -0.002684 0.020752 0.000000 0.002519 0.999965 0.007975 0.000000 -0.020773 -0.007921 0.999753 0.000000 -0.172650 -1.533395 -0.719788 1.000000
aniFrame
  m_time 0.469000
  m_vertexTransformMat 0.999865 -0.002089 0.016297 0.000000 0.002007 0.999986 0.005052 0.000000 -0.016308 -0.005018 0.999855 0.000000 -0.091101 -1.571134 -0.787033 1.000000
aniFrame
  m_time 0.485000
  m_vertexTransformMat 0.999927 -0.001545 0.011972 0.000000 0.001506 0.999994 0.003290 0.000000 -0.011977 -0.003271 0.999923 0.000000 -0.010090 -1.612598 -0.861256 1.000000
aniFrame
  m_time 0.501000
  m_vertexTransformMat 0.999966 -0.001030 0.008175 0.000000 0.001019 0.999999 0.001290 0.000000 -0.008176 -0.001281 0.999966 0.000000 0.064575 -1.630054 -0.935039 1.000000
aniFrame
  m_time 0.517000
  m_vertexTransformMat 0.999991 -0.000539 0.004173 0.000000 0.000539 1.000000 0.000097 0.000000 -0.004173 -0.000095 0.999991 0.000000 0.144997 -1.642466 -1.003754 1.000000
aniFrame
  m_time 0.533000
  m_vertexTransformMat 1.000000 -0.000000 -0.000000 0.000000 0.000000 1.000000 0.000000 0.000000 0.000000 0.000000 1.000000 0.000000 0.232185 -1.643668 -1.082505 1.000000
aniFrame
  m_time 0.549000
  m_vertexTransformMat 0.999988 0.000625 -0.004948 0.000000 -0.000620 0.999999 0.001046 0.000000 0.004949 -0.001043 0.999987 0.000000 0.340377 -1.623909 -1.182526 1.000000
aniFrame
  m_time 0.565000
  m_vertexTransformMat 0.999942 0.001364 -0.010669 0.000000 -0.001326 0.999992 0.003637 0.000000 0.010674 -0.003623 0.999936 0.000000 0.462735 -1.594179 -1.301952 1.000000
aniFrame
  m_time 0.581000
  m_vertexTransformMat 0.999845 0.002285 -0.017472 0.000000 -0.002153 0.999969 0.007579 0.000000 0.017489 -0.007540 0.999819 0.000000 0.601883 -1.546719 -1.448774 1.000000
aniFrame
  m_time 0.597000
  m_vertexTransformMat 0.999683 0.003320 -0.024956 0.000000 -0.003003 0.999914 0.012751 0.000000 0.024996 -0.012672 0.999608 0.000000 0.744904 -1.488930 -1.607501 1.000000
aniFrame
  m_time 0.613000
  m_vertexTransformMat 0.999456 0.004439 -0.032684 0.000000 -0.003840 0.999824 0.018391 0.000000 0.032760 -0.018256 0.999297 0.000000 0.872952 -1.420816 -1.756567 1.000000
aniFrame
  m_time 0.629000
  m_vertexTransformMat 0.999162 0.005647 -0.040533 0.000000 -0.004646 0.999683 0.024759 0.000000 0.040660 -0.024550 0.998871 0.000000 0.982699 -1.348690 -1.892358 1.000000
aniFrame
  m_time 0.645000
  m_vertexTransformMat 0.998823 0.006822 -0.048020 0.000000 -0.005343 0.999509 0.030865 0.000000 0.048207 -0.030572 0.998369 0.000000 1.046591 -1.270853 -1.984687 1.000000
aniFrame
  m_time 0.661000
  m_vertexTransformMat 0.998450 0.008020 -0.055077 0.000000 -0.005982 0.999294 0.037082 0.000000 0.055335 -0.036695 0.997793 0.000000 1.073220 -1.193695 -2.039632 1.000000
aniFrame
  m_time 0.677000
  m_vertexTransformMat 0.998087 0.009048 -0.061162 0.000000 -0.006459 0.999080 0.042394 0.000000 0.061489 -0.041918 0.997227 0.000000 1.066273 -1.115764 -2.047888 1.000000
aniFrame
  m_time 0.693000
  m_vertexTransformMat 0.997751 0.009988 -0.066286 0.000000 -0.006868 0.998865 0.047132 0.000000 0.066682 -0.046570 0.996687 0.000000 1.029999 -1.042193 -2.013848 1.000000
aniFrame
  m_time 0.709000
  m_vertexTransformMat 0.997510 0.010601 -0.069727 0.000000 -0.007098 0.998709 0.050293 0.000000 0.070171 -0.049673 0.996297 0.000000 0.994952 -0.972133 -1.955638 1.000000
aniFrame
  m_time 0.725000
  m_vertexTransformMat 0.997371 0.010968 -0.071628 0.000000 -0.007240 0.998616 0.052093 0.000000 0.072100 -0.051437 0.996070 0.000000 0.958594 -0.908588 -1.871561 1.000000
aniFrame
  m_time 0.741000
  m_vertexTransformMat 0.997329 0.011066 -0.072198 0.000000 -0.007270 0.998587 0.052637 0.000000 0.072679 -0.051972 0.996000 0.000000 0.925762 -0.861200 -1.767852 1.000000
aniFrame
  m_time 0.757000
  m_vertexTransformMat 0.997380 0.010921 -0.071513 0.000000 -0.007221 0.998631 0.051799 0.000000 0.071980 -0.051147 0.996094 0.000000 0.896371 -0.828632 -1.643463 1.000000
aniFrame
  m_time 0.773000
  m_vertexTransformMat 0.997469 0.010713 -0.070289 0.000000 -0.007167 0.998698 0.050503 0.000000 0.070739 -0.049871 0.996247 0.000000 0.868220 -0.819116 -1.509714 1.000000
aniFrame
  m_time 0.789000
  m_vertexTransformMat 0.997587 0.010371 -0.068655 0.000000 -0.007041 0.998795 0.048567 0.000000 0.069076 -0.047967 0.996458 0.000000 0.841625 -0.830710 -1.365853 1.000000
aniFrame
  m_time 0.805000
  m_vertexTransformMat 0.997733 0.010005 -0.066546 0.000000 -0.006929 0.998904 0.046296 0.000000 0.066936 -0.045730 0.996709 0.000000 0.812423 -0.857386 -1.221874 1.000000
aniFrame
  m_time 0.821000
  m_vertexTransformMat 0.997905 0.009501 -0.063999 0.000000 -0.006725 0.999033 0.043452 0.000000 0.064350 -0.042931 0.997003 0.000000 0.779163 -0.894445 -1.077634 1.000000
aniFrame
  m_time 0.837000
  m_vertexTransformMat 0.998092 0.009000 -0.061086 0.000000 -0.006535 0.999161 0.040432 0.000000 0.061399 -0.039956 0.997313 0.000000 0.744531 -0.943005 -0.942284 1.000000
aniFrame
  m_time 0.853000
  m_vertexTransformMat 0.998296 0.008379 -0.057760 0.000000 -0.006253 0.999299 0.036903 0.000000 0.058029 -0.036479 0.997648 0.000000 0.706981 -0.996896 -0.816084 1.000000
aniFrame
  m_time 0.869000
  m_vertexTransformMat 0.998498 0.007794 -0.054232 0.000000 -0.005982 0.999421 0.033498 0.000000 0.054461 -0.033123 0.997966 0.000000 0.670379 -1.061363 -0.707859 1.000000
aniFrame
  m_time 0.885000
  m_vertexTransformMat 0.998709 0.007104 -0.050286 0.000000 -0.005624 0.999548 0.029521 0.000000 0.050473 -0.029200 0.998298 0.000000 0.632444 -1.123512 -0.618130 1.000000
aniFrame
  m_time 0.901000
  m_vertexTransformMat 0.998907 0.006469 -0.046281 0.000000 -0.005268 0.999647 0.026022 0.000000 0.046433 -0.025750 0.998589 0.000000 0.593234 -1.196416 -0.554914 1.000000
aniFrame
  m_time 0.917000
  m_vertexTransformMat 0.999100 0.005786 -0.042031 0.000000 -0.004860 0.999744 0.022100 0.000000 0.042148 -0.021876 0.998872 0.000000 0.547713 -1.263054 -0.522183 1.000000
aniFrame
  m_time 0.933000
  m_vertexTransformMat 0.999283 0.005093 -0.037523 0.000000 -0.004402 0.999820 0.018487 0.000000 0.037611 -0.018309 0.999125 0.000000 0.492214 -1.332184 -0.516750 1.000000
aniFrame
  m_time 0.949000
  m_vertexTransformMat 0.999433 0.004468 -0.033386 0.000000 -0.003962 0.999877 0.015200 0.000000 0.033449 -0.015059 0.999327 0.000000 0.433879 -1.401428 -0.538429 1.000000
aniFrame
  m_time 0.965000
  m_vertexTransformMat 0.999589 0.003751 -0.028417 0.000000 -0.003423 0.999927 0.011569 0.000000 0.028458 -0.011467 0.999529 0.000000 0.353858 -1.456968 -0.581218 1.000000
aniFrame
  m_time 0.981000
  m_vertexTransformMat 0.999712 0.003115 -0.023783 0.000000 -0.002902 0.999955 0.008988 0.000000 0.023810 -0.008917 0.999677 0.000000 0.273161 -1.518957 -0.642195 1.000000
aniFrame
  m_time 0.997000
  m_vertexTransformMat 0.999812 0.002476 -0.019223 0.000000 -0.002363 0.999980 0.005922 0.000000 0.019237 -0.005876 0.999798 0.000000 0.187530 -1.559925 -0.715538 1.000000
aniFrame
  m_time 1.013000
  m_vertexTransformMat 0.999901 0.001813 -0.013947 0.000000 -0.001759 0.999991 0.003888 0.000000 0.013954 -0.003863 0.999895 0.000000 0.083994 -1.601502 -0.798276 1.000000
aniFrame
  m_time 1.029000
  m_vertexTransformMat 0.999950 0.001265 -0.009915 0.000000 -0.001245 0.999997 0.002040 0.000000 0.009918 -0.002027 0.999949 0.000000 -0.003115 -1.628733 -0.885976 1.000000
aniFrame
  m_time 1.045000
  m_vertexTransformMat 0.999984 0.000708 -0.005533 0.000000 -0.000706 1.000000 0.000337 0.000000 0.005534 -0.000333 0.999985 0.000000 -0.100583 -1.638077 -0.967422 1.000000
aniFrame
  m_time 1.061000
  m_vertexTransformMat 0.999999 0.000191 -0.001451 0.000000 -0.000191 1.000000 0.000041 0.000000 0.001451 -0.000041 0.999999 0.000000 -0.197087 -1.648056 -1.051222 1.000000
aniFrame
  m_time 1.077000
  m_vertexTransformMat 0.999995 -0.000390 0.003099 0.000000 0.000389 1.000000 0.000425 0.000000 -0.003099 -0.000424 0.999995 0.000000 -0.308925 -1.629971 -1.151163 1.000000
aniFrame
  m_time 1.093000
  m_vertexTransformMat 0.999967 -0.001024 0.008125 0.000000 0.001002 0.999996 0.002691 0.000000 -0.008128 -0.002682 0.999963 0.000000 -0.434230 -1.606908 -1.268163 1.000000
aniFrame
  m_time 1.109000
  m_vertexTransformMat 0.999903 -0.001781 0.013847 0.000000 0.001698 0.999981 0.005991 0.000000 -0.013858 -0.005967 0.999886 0.000000 -0.569808 -1.563233 -1.406112 1.000000
aniFrame
  m_time 1.125000
  m_vertexTransformMat 0.999792 -0.002647 0.020223 0.000000 0.002426 0.999937 0.010976 0.000000 -0.020251 -0.010924 0.999735 0.000000 -0.715701 -1.510377 -1.565139 1.000000
aniFrame
  m_time 1.141000
  m_vertexTransformMat 0.999636 -0.003557 0.026737 0.000000 0.003121 0.999862 0.016343 0.000000 -0.026792 -0.016254 0.999509 0.000000 -0.847134 -1.445379 -1.713712 1.000000
aniFrame
  m_time 1.157000
  m_vertexTransformMat 0.999432 -0.004559 0.033389 0.000000 0.003805 0.999737 0.022623 0.000000 -0.033483 -0.022484 0.999186 0.000000 -0.966476 -1.375267 -1.855129 1.000000
aniFrame
  m_time 1.173000
  m_vertexTransformMat 0.999195 -0.005524 0.039727 0.000000 0.004383 0.999577 0.028754 0.000000 -0.039869 -0.028557 0.998797 0.000000 -1.048867 -1.299569 -1.958434 1.000000
aniFrame
  m_time 1.189000
  m_vertexTransformMat 0.998931 -0.006525 0.045766 0.000000 0.004923 0.999374 0.035036 0.000000 -0.045966 -0.034773 0.998338 0.000000 -1.093160 -1.222185 -2.023477 1.000000
aniFrame
  m_time 1.205000
  m_vertexTransformMat 0.998670 -0.007399 0.051022 0.000000 0.005327 0.999160 0.040632 0.000000 -0.051280 -0.040306 0.997871 0.000000 -1.105655 -1.144840 -2.040849 1.000000
aniFrame
  m_time 1.221000
  m_vertexTransformMat 0.998422 -0.008208 0.055558 0.000000 0.005673 0.998942 0.045633 0.000000 -0.055874 -0.045246 0.997412 0.000000 -1.083708 -1.069393 -2.005706 1.000000
aniFrame
  m_time 1.237000
  m_vertexTransformMat 0.998229 -0.008796 0.058840 0.000000 0.005891 0.998764 0.049363 0.000000 -0.059202 -0.048929 0.997046 0.000000 -1.052121 -0.998416 -1.936273 1.000000
aniFrame
  m_time 1.253000
  m_vertexTransformMat 0.998109 -0.009154 0.060779 0.000000 0.006019 0.998651 0.051576 0.000000 -0.061169 -0.051113 0.996818 0.000000 -1.016888 -0.931234 -1.833573 1.000000
aniFrame
  m_time 1.269000
  m_vertexTransformMat 0.998057 -0.009314 0.061605 0.000000 0.006074 0.998599 0.052563 0.000000 -0.062009 -0.052087 0.996716 0.000000 -0.979906 -0.877638 -1.707685 1.000000
aniFrame
  m_time 1.285000
  m_vertexTransformMat 0.998073 -0.009248 0.061358 0.000000 0.006049 0.998623 0.052115 0.000000 -0.061755 -0.051643 0.996754 0.000000 -0.944145 -0.839303 -1.559383 1.000000
aniFrame
  m_time 1.301000
  m_vertexTransformMat 0.998127 -0.009101 0.060498 0.000000 0.006020 0.998685 0.050913 0.000000 -0.060882 -0.050453 0.996869 0.000000 -0.907701 -0.820736 -1.400977 1.000000
aniFrame
  m_time 1.317000
  m_vertexTransformMat 0.998198 -0.008868 0.059351 0.000000 0.005947 0.998771 0.049207 0.000000 -0.059714 -0.048766 0.997024 0.000000 -0.870641 -0.825652 -1.237112 1.000000
aniFrame
  m_time 1.333000
  m_vertexTransformMat 0.998289 -0.008586 0.057845 0.000000 0.005866 0.998876 0.047032 0.000000 -0.058183 -0.046612 0.997217 0.000000 -0.831504 -0.847532 -1.076642 1.000000
aniFrame
  m_time 1.349000
  m_vertexTransformMat 0.998399 -0.008231 0.055952 0.000000 0.005749 0.998998 0.044376 0.000000 -0.056261 -0.043984 0.997447 0.000000 -0.787107 -0.880372 -0.926291 1.000000
aniFrame
  m_time 1.365000
  m_vertexTransformMat 0.998523 -0.007823 0.053763 0.000000 0.005599 0.999127 0.041398 0.000000 -0.054040 -0.041036 0.997695 0.000000 -0.740456 -0.925019 -0.792629 1.000000
aniFrame
  m_time 1.381000
  m_vertexTransformMat 0.998660 -0.007378 0.051231 0.000000 0.005430 0.999261 0.038064 0.000000 -0.051474 -0.037735 0.997961 0.000000 -0.692821 -0.976915 -0.686941 1.000000
aniFrame
  m_time 1.397000
  m_vertexTransformMat 0.998802 -0.006880 0.048448 0.000000 0.005208 0.999390 0.034545 0.000000 -0.048656 -0.034251 0.998228 0.000000 -0.643816 -1.037046 -0.607524 1.000000
aniFrame
  m_time 1.413000
  m_vertexTransformMat 0.998948 -0.006383 0.045420 0.000000 0.004982 0.999510 0.030887 0.000000 -0.045594 -0.030628 0.998491 0.000000 -0.593425 -1.101501 -0.559314 1.000000
aniFrame
  m_time 1.429000
  m_vertexTransformMat 0.999096 -0.005819 0.042109 0.000000 0.004684 0.999624 0.027017 0.000000 -0.042250 -0.026796 0.998748 0.000000 -0.539542 -1.167912 -0.537533 1.000000
aniFrame
  m_time 1.445000
  m_vertexTransformMat 0.999233 -0.005317 0.038804 0.000000 0.004406 0.999714 0.023520 0.000000 -0.038918 -0.023331 0.998970 0.000000 -0.484988 -1.240921 -0.534167 1.000000
aniFrame
  m_time 1.461000
  m_vertexTransformMat 0.999374 -0.004717 0.035055 0.000000 0.004035 0.999802 0.019493 0.000000 -0.035140 -0.019340 0.999195 0.000000 -0.422074 -1.304855 -0.548505 1.000000
aniFrame
  m_time 1.477000
  m_vertexTransformMat 0.999495 -0.004201 0.031511 0.000000 0.003684 0.999858 0.016431 0.000000 -0.031576 -0.016306 0.999368 0.000000 -0.361750 -1.379359 -0.578999 1.000000
aniFrame
  m_time 1.493000
  m_vertexTransformMat 0.999611 -0.003623 0.027664 0.000000 0.003273 0.999915 0.012673 0.000000 -0.027708 -0.012577 0.999537 0.000000 -0.295355 -1.436457 -0.622507 1.000000
aniFrame
  m_time 1.509000
  m_vertexTransformMat 0.999728 -0.003026 0.023146 0.000000 0.002798 0.999948 0.009843 0.000000 -0.023175 -0.009776 0.999684 0.000000 -0.215655 -1.497835 -0.677716 1.000000
aniFrame
  m_time 1.525000
  m_vertexTransformMat 0.999807 -0.002503 0.019476 0.000000 0.002368 0.999973 0.006940 0.000000 -0.019493 -0.006893 0.999786 0.000000 -0.149428 -1.547036 -0.741683 1.000000
aniFrame
  m_time 1.541000
  m_vertexTransformMat 0.999890 -0.001892 0.014694 0.000000 0.001828 0.999989 0.004392 0.000000 -0.014702 -0.004364 0.999883 0.000000 -0.061465 -1.585444 -0.811182 1.000000
aniFrame
  m_time 1.557000
  m_vertexTransformMat 0.999941 -0.001381 0.010759 0.000000 0.001352 0.999996 0.002691 0.000000 -0.010762 -0.002677 0.999939 0.000000 0.013479 -1.622180 -0.886321 1.000000
aniFrame
  m_time 1.573000
  m_vertexTransformMat 0.999977 -0.000858 0.006805 0.000000 0.000853 1.000000 0.000704 0.000000 -0.006806 -0.000698 0.999977 0.000000 0.091830 -1.632967 -0.958122 1.000000
aniFrame
  m_time 1.589000
  m_vertexTransformMat 0.999996 -0.000374 0.002853 0.000000 0.000374 1.000000 0.000008 0.000000 -0.002853 -0.000007 0.999996 0.000000 0.172212 -1.646277 -1.027878 1.000000
aniFrame
  m_time 1.605000
  m_vertexTransformMat 0.999999 0.000204 -0.001579 0.000000 -0.000204 1.000000 0.000115 0.000000 0.001579 -0.000115 0.999999 0.000000 0.266191 -1.637167 -1.113718 1.000000
aniFrame
  m_time 1.621000
  m_vertexTransformMat 0.999977 0.000854 -0.006757 0.000000 -0.000842 0.999998 0.001797 0.000000 0.006758 -0.001792 0.999976 0.000000 0.379965 -1.616102 -1.220177 1.000000
aniFrame
  m_time 1.637000
  m_vertexTransformMat 0.999917 0.001650 -0.012805 0.000000 -0.001590 0.999988 0.004699 0.000000 0.012813 -0.004678 0.999907 0.000000 0.506358 -1.579103 -1.346952 1.000000
aniFrame
  m_time 1.653000
  m_vertexTransformMat 0.999798 0.002624 -0.019934 0.000000 -0.002440 0.999954 0.009261 0.000000 0.019958 -0.009211 0.999759 0.000000 0.651001 -1.528955 -1.502496 1.000000
aniFrame
  m_time 1.669000
  m_vertexTransformMat 0.999616 0.003671 -0.027472 0.000000 -0.003274 0.999890 0.014461 0.000000 0.027522 -0.014365 0.999518 0.000000 0.787689 -1.466423 -1.656429 1.000000
aniFrame
  m_time 1.685000
  m_vertexTransformMat 0.999364 0.004844 -0.035328 0.000000 -0.004121 0.999781 0.020521 0.000000 0.035419 -0.020362 0.999165 0.000000 0.913350 -1.397517 -1.805395 1.000000
aniFrame
  m_time 1.701000
  m_vertexTransformMat 0.999055 0.006026 -0.043040 0.000000 -0.004878 0.999631 0.026734 0.000000 0.043185 -0.026498 0.998716 0.000000 1.008971 -1.322698 -1.927321 1.000000
aniFrame
  m_time 1.717000
  m_vertexTransformMat 0.998700 0.007233 -0.050460 0.000000 -0.005571 0.999440 0.032995 0.000000 0.050671 -0.032671 0.998181 0.000000 1.059113 -1.245208 -2.007517 1.000000
aniFrame
  m_time 1.733000
  m_vertexTransformMat 0.998328 0.008371 -0.057192 0.000000 -0.006149 0.999224 0.038912 0.000000 0.057473 -0.038495 0.997605 0.000000 1.075471 -1.167500 -2.048156 1.000000
aniFrame
  m_time 1.749000
  m_vertexTransformMat 0.997969 0.009384 -0.063016 0.000000 -0.006610 0.999006 0.044086 0.000000 0.063367 -0.043580 0.997038 0.000000 1.055728 -1.090725 -2.040154 1.000000
aniFrame
  m_time 1.765000
  m_vertexTransformMat 0.997658 0.010231 -0.067635 0.000000 -0.006963 0.998804 0.048383 0.000000 0.068049 -0.047798 0.996536 0.000000 1.017710 -1.018616 -1.996985 1.000000
aniFrame
  m_time 1.781000
  m_vertexTransformMat 0.997452 0.010750 -0.070522 0.000000 -0.007157 0.998673 0.051001 0.000000 0.070977 -0.050367 0.996205 0.000000 0.982841 -0.949443 -1.930073 1.000000
aniFrame
  m_time 1.797000
  m_vertexTransformMat 0.997346 0.011034 -0.071971 0.000000 -0.007265 0.998599 0.052418 0.000000 0.072449 -0.051755 0.996028 0.000000 0.947008 -0.890789 -1.839092 1.000000
aniFrame
  m_time 1.813000
  m_vertexTransformMat 0.997340 0.011037 -0.072047 0.000000 -0.007252 0.998590 0.052585 0.000000 0.072526 -0.051923 0.996014 0.000000 0.915553 -0.849979 -1.728616 1.000000
aniFrame
  m_time 1.829000
  m_vertexTransformMat 0.997414 0.010859 -0.071045 0.000000 -0.007185 0.998634 0.051764 0.000000 0.071510 -0.051120 0.996129 0.000000 0.886816 -0.826187 -1.601013 1.000000
aniFrame
  m_time 1.845000
  m_vertexTransformMat 0.997518 0.010615 -0.069609 0.000000 -0.007086 0.998686 0.050755 0.000000 0.070057 -0.050136 0.996282 0.000000 0.860844 -0.824243 -1.465971 1.000000
aniFrame
  m_time 1.861000
  m_vertexTransformMat 0.997654 0.010255 -0.067675 0.000000 -0.006923 0.998761 0.049276 0.000000 0.068096 -0.048692 0.996490 0.000000 0.836731 -0.838800 -1.323519 1.000000
aniFrame
  m_time 1.877000
  m_vertexTransformMat 0.997819 0.009850 -0.065265 0.000000 -0.006749 0.998846 0.047561 0.000000 0.065658 -0.047017 0.996734 0.000000 0.810842 -0.861559 -1.182992 1.000000
aniFrame
  m_time 1.893000
  m_vertexTransformMat 0.998008 0.009328 -0.062404 0.000000 -0.006498 0.998948 0.045393 0.000000 0.062762 -0.044897 0.997018 0.000000 0.783401 -0.890552 -1.043989 1.000000
aniFrame
  m_time 1.909000
  m_vertexTransformMat 0.998209 0.008802 -0.059182 0.000000 -0.006255 0.999052 0.043088 0.000000 0.059505 -0.042640 0.997317 0.000000 0.755448 -0.927991 -0.915703 1.000000
aniFrame
  m_time 1.925000
  m_vertexTransformMat 0.998421 0.008161 -0.055574 0.000000 -0.005921 0.999168 0.040348 0.000000 0.055857 -0.039955 0.997639 0.000000 0.725839 -0.969050 -0.797410 1.000000
aniFrame
  m_time 1.941000
  m_vertexTransformMat 0.998631 0.007560 -0.051763 0.000000 -0.005613 0.999275 0.037656 0.000000 0.052010 -0.037314 0.997949 0.000000 0.697769 -1.018573 -0.698756 1.000000
aniFrame
  m_time 1.957000
  m_vertexTransformMat 0.998844 0.006841 -0.047576 0.000000 -0.005205 0.999394 0.034420 0.000000 0.047783 -0.034133 0.998274 0.000000 0.667965 -1.066629 -0.618355 1.000000
aniFrame
  m_time 1.973000
  m_vertexTransformMat 0.999039 0.006209 -0.043399 0.000000 -0.004839 0.999489 0.031595 0.000000 0.043573 -0.031354 0.998558 0.000000 0.632377 -1.126178 -0.568342 1.000000
aniFrame
  m_time 1.989000
  m_vertexTransformMat 0.999229 0.005466 -0.038876 0.000000 -0.004377 0.999598 0.028026 0.000000 0.039014 -0.027834 0.998851 0.000000 0.584426 -1.177768 -0.547840 1.000000
aniFrame
  m_time 2.005000
  m_vertexTransformMat 0.999396 0.004809 -0.034425 0.000000 -0.003946 0.999677 0.025098 0.000000 0.034534 -0.024947 0.999092 0.000000 0.525166 -1.241826 -0.554950 1.000000
aniFrame
  m_time 2.021000
  m_vertexTransformMat 0.999541 0.004114 -0.030019 0.000000 -0.003468 0.999762 0.021540 0.000000 0.030100 -0.021426 0.999317 0.000000 0.451998 -1.296747 -0.588662 1.000000
aniFrame
  m_time 2.037000
  m_vertexTransformMat 0.999680 0.003416 -0.025041 0.000000 -0.002957 0.999827 0.018340 0.000000 0.025100 -0.018260 0.999518 0.000000 0.359558 -1.356552 -0.640498 1.000000
aniFrame
  m_time 2.053000
  m_vertexTransformMat 0.999777 0.002793 -0.020928 0.000000 -0.002477 0.999883 0.015108 0.000000 0.020968 -0.015053 0.999667 0.000000 0.272689 -1.414369 -0.708364 1.000000
aniFrame
  m_time 2.069000
  m_vertexTransformMat 0.999872 0.002115 -0.015850 0.000000 -0.001930 0.999931 0.011657 0.000000 0.015874 -0.011625 0.999807 0.000000 0.163060 -1.464640 -0.783794 1.000000
aniFrame
  m_time 2.085000
  m_vertexTransformMat 0.999933 0.001523 -0.011473 0.000000 -0.001421 0.999960 0.008838 0.000000 0.011486 -0.008821 0.999895 0.000000 0.060049 -1.521361 -0.866031 1.000000
aniFrame
  m_time 2.101000
  m_vertexTransformMat 0.999971 0.000974 -0.007505 0.000000 -0.000934 0.999985 0.005431 0.000000 0.007511 -0.005424 0.999957 0.000000 -0.038847 -1.561780 -0.944671 1.000000
aniFrame
  m_time 2.117000
  m_vertexTransformMat 0.999995 0.000453 -0.003182 0.000000 -0.000441 0.999993 0.003733 0.000000 0.003184 -0.003731 0.999988 0.000000 -0.144309 -1.621758 -1.017460 1.000000
aniFrame
