m_aniFrameList.size 84
aniFrame
  m_time -1.066000
  m_vertexTransformMat 0.990268 -0.036152 -0.134396 0.000000 0.036152 0.999343 -0.002442 0.000000 0.134396 -0.002441 0.990925 0.000000 -0.904548 -1.777861 -1.581368 1.000000
aniFrame
  m_time -1.027000
  m_vertexTransformMat 0.994111 -0.032788 -0.103292 0.000000 0.033482 0.999427 0.004994 0.000000 0.103069 -0.008423 0.994639 0.000000 -1.108692 -1.632320 -1.855028 1.000000
aniFrame
  m_time -0.988000
  m_vertexTransformMat 0.997138 -0.029911 -0.069433 0.000000 0.030952 0.999423 0.013961 0.000000 0.068976 -0.016070 0.997489 0.000000 -1.314180 -1.466166 -2.163605 1.000000
aniFrame
  m_time -0.949000
  m_vertexTransformMat 0.998803 -0.028125 -0.040025 0.000000 0.029026 0.999334 0.022103 0.000000 0.039377 -0.023239 0.998954 0.000000 -1.426399 -1.302882 -2.352809 1.000000
aniFrame
  m_time -0.910000
  m_vertexTransformMat 0.999360 -0.028031 -0.022252 0.000000 0.028641 0.999209 0.027602 0.000000 0.021460 -0.028222 0.999371 0.000000 -1.410011 -1.161750 -2.309729 1.000000
aniFrame
  m_time -0.871000
  m_vertexTransformMat 0.999400 -0.029194 -0.018630 0.000000 0.029715 0.999156 0.028362 0.000000 0.017787 -0.028899 0.999424 0.000000 -1.358356 -1.058596 -2.074885 1.000000
aniFrame
  m_time -0.832000
  m_vertexTransformMat 0.999295 -0.029379 -0.023384 0.000000 0.029904 0.999301 0.022418 0.000000 0.022709 -0.023102 0.999475 0.000000 -1.300354 -1.023510 -1.721342 1.000000
aniFrame
  m_time -0.793000
  m_vertexTransformMat 0.999256 -0.026492 -0.028040 0.000000 0.026779 0.999592 0.009924 0.000000 0.027765 -0.010668 0.999558 0.000000 -1.209887 -1.085776 -1.324281 1.000000
aniFrame
  m_time -0.754000
  m_vertexTransformMat 0.999292 -0.019658 -0.032069 0.000000 0.019342 0.999761 -0.010154 0.000000 0.032261 0.009526 0.999434 0.000000 -1.083957 -1.227132 -0.985763 1.000000
aniFrame
  m_time -0.715000
  m_vertexTransformMat 0.999264 -0.010454 -0.036923 0.000000 0.009202 0.999382 -0.033941 0.000000 0.037255 0.033576 0.998742 0.000000 -0.941534 -1.410946 -0.800239 1.000000
aniFrame
  m_time -0.676000
  m_vertexTransformMat 0.999156 -0.000482 -0.041083 0.000000 -0.001777 0.998487 -0.054953 0.000000 0.041047 0.054980 0.997643 0.000000 -0.772394 -1.595437 -0.752589 1.000000
aniFrame
  m_time -0.637000
  m_vertexTransformMat 0.999025 0.009766 -0.043054 0.000000 -0.012714 0.997554 -0.068730 0.000000 0.042277 0.069211 0.996706 0.000000 -0.569136 -1.743471 -0.798052 1.000000
aniFrame
  m_time -0.598000
  m_vertexTransformMat 0.998840 0.020939 -0.043370 0.000000 -0.024213 0.996783 -0.076403 0.000000 0.041630 0.077365 0.996133 0.000000 -0.325354 -1.831959 -0.904625 1.000000
aniFrame
  m_time -0.559000
  m_vertexTransformMat 0.998583 0.032401 -0.042206 0.000000 -0.035698 0.996166 -0.079864 0.000000 0.039456 0.081258 0.995912 0.000000 -0.068195 -1.852708 -1.037840 1.000000
aniFrame
  m_time -0.520000
  m_vertexTransformMat 0.998172 0.043830 -0.041608 0.000000 -0.047016 0.995767 -0.078982 0.000000 0.037970 0.080794 0.996007 0.000000 0.218318 -1.804507 -1.194812 1.000000
aniFrame
  m_time -0.481000
  m_vertexTransformMat 0.997407 0.056257 -0.044872 0.000000 -0.059288 0.995830 -0.069337 0.000000 0.040784 0.071817 0.996584 0.000000 0.602985 -1.664930 -1.477326 1.000000
aniFrame
  m_time -0.442000
  m_vertexTransformMat 0.996332 0.068848 -0.050827 0.000000 -0.071539 0.996020 -0.053172 0.000000 0.046964 0.056613 0.997291 0.000000 0.983933 -1.458523 -1.800316 1.000000
aniFrame
  m_time -0.403000
  m_vertexTransformMat 0.995226 0.079552 -0.056537 0.000000 -0.081721 0.995963 -0.037146 0.000000 0.053354 0.041589 0.997709 0.000000 1.168067 -1.238503 -1.951998 1.000000
aniFrame
  m_time -0.364000
  m_vertexTransformMat 0.994412 0.088192 -0.058021 0.000000 -0.089973 0.995527 -0.028826 0.000000 0.055219 0.033886 0.997899 0.000000 1.161466 -1.046389 -1.852409 1.000000
aniFrame
  m_time -0.325000
  m_vertexTransformMat 0.994190 0.094268 -0.051964 0.000000 -0.095976 0.994887 -0.031423 0.000000 0.048737 0.036227 0.998155 0.000000 1.129827 -0.907867 -1.592598 1.000000
aniFrame
  m_time -0.286000
  m_vertexTransformMat 0.994483 0.095861 -0.042594 0.000000 -0.097507 0.994494 -0.038407 0.000000 0.038677 0.042348 0.998354 0.000000 1.095826 -0.872926 -1.239675 1.000000
aniFrame
  m_time -0.247000
  m_vertexTransformMat 0.995254 0.091584 -0.032884 0.000000 -0.092912 0.994812 -0.041435 0.000000 0.028918 0.044294 0.998600 0.000000 1.038450 -0.935955 -0.871491 1.000000
aniFrame
  m_time -0.208000
  m_vertexTransformMat 0.996424 0.081923 -0.020682 0.000000 -0.082698 0.995776 -0.039893 0.000000 0.017326 0.041460 0.998990 0.000000 0.957749 -1.049143 -0.547100 1.000000
aniFrame
  m_time -0.169000
  m_vertexTransformMat 0.997614 0.067905 -0.012462 0.000000 -0.068312 0.997024 -0.035740 0.000000 0.009998 0.036506 0.999283 0.000000 0.841777 -1.200078 -0.352845 1.000000
aniFrame
  m_time -0.130000
  m_vertexTransformMat 0.998596 0.049903 -0.017773 0.000000 -0.050432 0.998256 -0.030686 0.000000 0.016211 0.031539 0.999371 0.000000 0.628351 -1.378755 -0.381554 1.000000
aniFrame
  m_time -0.091000
  m_vertexTransformMat 0.998522 0.023739 -0.048894 0.000000 -0.024872 0.999433 -0.022696 0.000000 0.048328 0.023878 0.998546 0.000000 0.225210 -1.561141 -0.664679 1.000000
aniFrame
  m_time -0.052000
  m_vertexTransformMat 0.995464 -0.007021 -0.094878 0.000000 0.005885 0.999908 -0.012243 0.000000 0.094955 0.011629 0.995414 0.000000 -0.302293 -1.706113 -1.089055 1.000000
aniFrame
  m_time -0.013000
  m_vertexTransformMat 0.991087 -0.030981 -0.129562 0.000000 0.030659 0.999520 -0.004480 0.000000 0.129638 0.000467 0.991561 0.000000 -0.772362 -1.773971 -1.471352 1.000000
aniFrame
  m_time 0.025000
  m_vertexTransformMat 0.990903 -0.039916 -0.128523 0.000000 0.040357 0.999185 0.000826 0.000000 0.128385 -0.006005 0.991707 0.000000 -1.104570 -1.749846 -1.768509 1.000000
aniFrame
  m_time 0.064000
  m_vertexTransformMat 0.994682 -0.037024 -0.096109 0.000000 0.037881 0.999257 0.007107 0.000000 0.095775 -0.010710 0.995345 0.000000 -1.346294 -1.634230 -2.071329 1.000000
aniFrame
  m_time 0.103000
  m_vertexTransformMat 0.998019 -0.030650 -0.054940 0.000000 0.031487 0.999400 0.014440 0.000000 0.054464 -0.016141 0.998386 0.000000 -1.481229 -1.466230 -2.298067 1.000000
aniFrame
  m_time 0.142000
  m_vertexTransformMat 0.999249 -0.027726 -0.027050 0.000000 0.028344 0.999339 0.022742 0.000000 0.026402 -0.023492 0.999376 0.000000 -1.473972 -1.287422 -2.339082 1.000000
aniFrame
  m_time 0.181000
  m_vertexTransformMat 0.999415 -0.028737 -0.018549 0.000000 0.029254 0.999173 0.028235 0.000000 0.017722 -0.028761 0.999429 0.000000 -1.396028 -1.127864 -2.171443 1.000000
aniFrame
  m_time 0.220000
  m_vertexTransformMat 0.999335 -0.029550 -0.021338 0.000000 0.030087 0.999227 0.025301 0.000000 0.020574 -0.025926 0.999452 0.000000 -1.325252 -1.030911 -1.854170 1.000000
aniFrame
  m_time 0.259000
  m_vertexTransformMat 0.999257 -0.027949 -0.026536 0.000000 0.028358 0.999483 0.015163 0.000000 0.026098 -0.015904 0.999533 0.000000 -1.245906 -1.052957 -1.460641 1.000000
aniFrame
  m_time 0.298000
  m_vertexTransformMat 0.999285 -0.022365 -0.030482 0.000000 0.022301 0.999748 -0.002446 0.000000 0.030529 0.001764 0.999532 0.000000 -1.129361 -1.170762 -1.087742 1.000000
aniFrame
  m_time 0.337000
  m_vertexTransformMat 0.999286 -0.013874 -0.035160 0.000000 0.012986 0.999594 -0.025359 0.000000 0.035497 0.024884 0.999060 0.000000 -0.994573 -1.347219 -0.845466 1.000000
aniFrame
  m_time 0.376000
  m_vertexTransformMat 0.999205 -0.003999 -0.039675 0.000000 0.002097 0.998851 -0.047869 0.000000 0.039821 0.047748 0.998065 0.000000 -0.837184 -1.538328 -0.757695 1.000000
aniFrame
  m_time 0.415000
  m_vertexTransformMat 0.999081 0.006110 -0.042432 0.000000 -0.008837 0.997886 -0.064383 0.000000 0.041949 0.064699 0.997023 0.000000 -0.647885 -1.703663 -0.773834 1.000000
aniFrame
  m_time 0.454000
  m_vertexTransformMat 0.998920 0.016944 -0.043265 0.000000 -0.020115 0.997060 -0.073941 0.000000 0.041884 0.074731 0.996324 0.000000 -0.416625 -1.814166 -0.863303 1.000000
aniFrame
  m_time 0.493000
  m_vertexTransformMat 0.998685 0.028431 -0.042671 0.000000 -0.031722 0.996406 -0.078549 0.000000 0.040285 0.079800 0.995997 0.000000 -0.158867 -1.860524 -0.992754 1.000000
aniFrame
  m_time 0.532000
  m_vertexTransformMat 0.998352 0.039734 -0.041411 0.000000 -0.042953 0.995872 -0.079965 0.000000 0.038062 0.081612 0.995937 0.000000 0.105697 -1.836257 -1.126800 1.000000
aniFrame
  m_time 0.571000
  m_vertexTransformMat 0.997726 0.051736 -0.043204 0.000000 -0.054836 0.995752 -0.073965 0.000000 0.039194 0.076166 0.996324 0.000000 0.455885 -1.724390 -1.359721 1.000000
aniFrame
  m_time 0.610000
  m_vertexTransformMat 0.996733 0.064499 -0.048603 0.000000 -0.067344 0.995962 -0.059373 0.000000 0.044578 0.062452 0.997052 0.000000 0.859827 -1.533837 -1.692257 1.000000
aniFrame
  m_time 0.649000
  m_vertexTransformMat 0.995600 0.076049 -0.054753 0.000000 -0.078416 0.996017 -0.042448 0.000000 0.051307 0.046555 0.997597 0.000000 1.129788 -1.313753 -1.925144 1.000000
aniFrame
  m_time 0.688000
  m_vertexTransformMat 0.994639 0.085423 -0.058280 0.000000 -0.087307 0.995712 -0.030581 0.000000 0.055418 0.035505 0.997832 0.000000 1.173351 -1.108714 -1.909721 1.000000
aniFrame
  m_time 0.727000
  m_vertexTransformMat 0.994198 0.092609 -0.054719 0.000000 -0.094328 0.995098 -0.029707 0.000000 0.051700 0.034696 0.998060 0.000000 1.140600 -0.945700 -1.696816 1.000000
aniFrame
  m_time 0.766000
  m_vertexTransformMat 0.994339 0.095947 -0.045653 0.000000 -0.097636 0.994560 -0.036312 0.000000 0.041920 0.040564 0.998297 0.000000 1.109977 -0.870015 -1.367170 1.000000
aniFrame
  m_time 0.805000
  m_vertexTransformMat 0.994914 0.093831 -0.036634 0.000000 -0.095312 0.994601 -0.041031 0.000000 0.032586 0.044313 0.998486 0.000000 1.062235 -0.907965 -0.999484 1.000000
aniFrame
  m_time 0.844000
  m_vertexTransformMat 0.995988 0.085869 -0.025177 0.000000 -0.086848 0.995387 -0.040776 0.000000 0.021560 0.042799 0.998851 0.000000 0.988484 -1.005669 -0.652778 1.000000
aniFrame
  m_time 0.883000
  m_vertexTransformMat 0.997206 0.073298 -0.014373 0.000000 -0.073791 0.996572 -0.037412 0.000000 0.011582 0.038368 0.999196 0.000000 0.889240 -1.143242 -0.400873 1.000000
aniFrame
  m_time 0.922000
  m_vertexTransformMat 0.998285 0.056990 -0.013368 0.000000 -0.057405 0.997807 -0.032967 0.000000 0.011460 0.033678 0.999367 0.000000 0.721670 -1.310156 -0.342024 1.000000
aniFrame
  m_time 0.961000
  m_vertexTransformMat 0.998786 0.033819 -0.035808 0.000000 -0.034769 0.999050 -0.026275 0.000000 0.034885 0.027489 0.999013 0.000000 0.390328 -1.494628 -0.542693 1.000000
aniFrame
  m_time 1.000000
  m_vertexTransformMat 0.996851 0.003510 -0.079223 0.000000 -0.004804 0.999858 -0.016150 0.000000 0.079155 0.016480 0.996727 0.000000 -0.108694 -1.657112 -0.935552 1.000000
aniFrame
  m_time 1.039000
  m_vertexTransformMat 0.992434 -0.023976 -0.120414 0.000000 0.023299 0.999704 -0.007028 0.000000 0.120546 0.004169 0.992699 0.000000 -0.621184 -1.754084 -1.352414 1.000000
aniFrame
  m_time 1.078000
  m_vertexTransformMat 0.990263 -0.038708 -0.133722 0.000000 0.038909 0.999242 -0.001116 0.000000 0.133663 -0.004098 0.991019 0.000000 -1.003404 -1.766428 -1.669264 1.000000
aniFrame
  m_time 1.117000
  m_vertexTransformMat 0.993186 -0.038928 -0.109847 0.000000 0.039679 0.999202 0.004664 0.000000 0.109578 -0.008991 0.993937 0.000000 -1.270930 -1.682087 -1.966014 1.000000
aniFrame
  m_time 1.156000
  m_vertexTransformMat 0.997106 -0.032726 -0.068625 0.000000 0.033611 0.999365 0.011783 0.000000 0.068196 -0.014056 0.997573 0.000000 -1.449596 -1.528197 -2.236280 1.000000
aniFrame
  m_time 1.195000
  m_vertexTransformMat 0.999014 -0.028141 -0.034343 0.000000 0.028837 0.999385 0.019935 0.000000 0.033761 -0.020906 0.999211 0.000000 -1.488543 -1.349274 -2.350527 1.000000
aniFrame
  m_time 1.234000
  m_vertexTransformMat 0.999401 -0.028307 -0.019917 0.000000 0.028845 0.999212 0.027276 0.000000 0.019129 -0.027835 0.999430 0.000000 -1.422507 -1.180777 -2.250055 1.000000
aniFrame
  m_time 1.273000
  m_vertexTransformMat 0.999379 -0.029405 -0.019428 0.000000 0.029932 0.999176 0.027396 0.000000 0.018606 -0.027961 0.999436 0.000000 -1.348262 -1.054014 -1.979788 1.000000
aniFrame
  m_time 1.312000
  m_vertexTransformMat 0.999273 -0.028896 -0.024883 0.000000 0.029383 0.999379 0.019437 0.000000 0.024306 -0.020154 0.999501 0.000000 -1.276455 -1.030880 -1.602981 1.000000
aniFrame
  m_time 1.351000
  m_vertexTransformMat 0.999268 -0.024754 -0.029159 0.000000 0.024896 0.999680 0.004509 0.000000 0.029038 -0.005232 0.999565 0.000000 -1.173799 -1.120783 -1.209724 1.000000
aniFrame
  m_time 1.390000
  m_vertexTransformMat 0.999292 -0.017043 -0.033539 0.000000 0.016469 0.999714 -0.017322 0.000000 0.033824 0.016758 0.999288 0.000000 -1.043069 -1.279141 -0.912144 1.000000
aniFrame
  m_time 1.429000
  m_vertexTransformMat 0.999237 -0.007452 -0.038335 0.000000 0.005886 0.999149 -0.040823 0.000000 0.038606 0.040566 0.998431 0.000000 -0.894100 -1.468497 -0.775174 1.000000
aniFrame
  m_time 1.468000
  m_vertexTransformMat 0.999113 0.002562 -0.042046 0.000000 -0.005072 0.998204 -0.059689 0.000000 0.041818 0.059850 0.997331 0.000000 -0.713601 -1.648924 -0.757855 1.000000
aniFrame
  m_time 1.507000
  m_vertexTransformMat 0.998960 0.013055 -0.043687 0.000000 -0.016153 0.997321 -0.071345 0.000000 0.042638 0.071976 0.996495 0.000000 -0.493361 -1.780621 -0.825265 1.000000
aniFrame
  m_time 1.546000
  m_vertexTransformMat 0.998757 0.024410 -0.043449 0.000000 -0.027729 0.996606 -0.077507 0.000000 0.041409 0.078616 0.996045 0.000000 -0.243505 -1.850109 -0.944367 1.000000
aniFrame
  m_time 1.585000
  m_vertexTransformMat 0.998488 0.035746 -0.041766 0.000000 -0.039012 0.996014 -0.080211 0.000000 0.038732 0.081719 0.995903 0.000000 0.009032 -1.850181 -1.074803 1.000000
aniFrame
  m_time 1.624000
  m_vertexTransformMat 0.997987 0.047408 -0.042118 0.000000 -0.050553 0.995744 -0.077061 0.000000 0.038285 0.079035 0.996136 0.000000 0.323823 -1.774179 -1.264198 1.000000
aniFrame
  m_time 1.663000
  m_vertexTransformMat 0.997107 0.060101 -0.046526 0.000000 -0.063054 0.995902 -0.064835 0.000000 0.042439 0.067581 0.996811 0.000000 0.726710 -1.607646 -1.580012 1.000000
aniFrame
  m_time 1.702000
  m_vertexTransformMat 0.995994 0.072289 -0.052634 0.000000 -0.074842 0.996027 -0.048254 0.000000 0.048937 0.051999 0.997447 0.000000 1.065682 -1.391419 -1.870076 1.000000
aniFrame
  m_time 1.741000
  m_vertexTransformMat 0.994942 0.082330 -0.057553 0.000000 -0.084359 0.995864 -0.033754 0.000000 0.054536 0.038438 0.997772 0.000000 1.181428 -1.176089 -1.946841 1.000000
aniFrame
  m_time 1.780000
  m_vertexTransformMat 0.994283 0.090370 -0.056873 0.000000 -0.092110 0.995333 -0.028754 0.000000 0.054009 0.033828 0.997967 0.000000 1.152577 -0.996111 -1.788292 1.000000
aniFrame
  m_time 1.819000
  m_vertexTransformMat 0.994241 0.095299 -0.049026 0.000000 -0.096999 0.994719 -0.033539 0.000000 0.045571 0.038102 0.998234 0.000000 1.121184 -0.886610 -1.492121 1.000000
aniFrame
  m_time 1.858000
  m_vertexTransformMat 0.994669 0.095200 -0.039615 0.000000 -0.096730 0.994558 -0.038690 0.000000 0.035716 0.042316 0.998466 0.000000 1.085454 -0.887147 -1.133523 1.000000
aniFrame
  m_time 1.897000
  m_vertexTransformMat 0.995616 0.089074 -0.028548 0.000000 -0.090132 0.995196 -0.038231 0.000000 0.025005 0.040637 0.998861 0.000000 1.033477 -0.944516 -0.781020 1.000000
aniFrame
  m_time 1.936000
  m_vertexTransformMat 0.996824 0.077998 -0.016048 0.000000 -0.078502 0.996347 -0.033619 0.000000 0.013367 0.034772 0.999306 0.000000 0.965290 -1.036101 -0.494653 1.000000
aniFrame
  m_time 1.975000
  m_vertexTransformMat 0.997975 0.062745 -0.010501 0.000000 -0.063012 0.997637 -0.027386 0.000000 0.008758 0.027993 0.999570 0.000000 0.845700 -1.160083 -0.364629 1.000000
aniFrame
  m_time 2.014000
  m_vertexTransformMat 0.998827 0.043487 -0.021316 0.000000 -0.043947 0.998800 -0.021610 0.000000 0.020350 0.022521 0.999539 0.000000 0.586038 -1.314824 -0.473193 1.000000
aniFrame
  m_time 2.053000
  m_vertexTransformMat 0.998492 0.019130 -0.051454 0.000000 -0.019957 0.999680 -0.015594 0.000000 0.051139 0.016597 0.998554 0.000000 0.157503 -1.486693 -0.787974 1.000000
aniFrame
  m_time 2.092000
  m_vertexTransformMat 0.995742 -0.008255 -0.091818 0.000000 0.007453 0.999931 -0.009077 0.000000 0.091886 0.008354 0.995735 0.000000 -0.367469 -1.648099 -1.192924 1.000000
aniFrame
  m_time 2.131000
  m_vertexTransformMat 0.990609 -0.034767 -0.132231 0.000000 0.034778 0.999393 -0.002232 0.000000 0.132228 -0.002387 0.991217 0.000000 -0.880166 -1.780257 -1.564337 1.000000
aniFrame
  m_time 2.133000
  m_vertexTransformMat 0.990268 -0.036152 -0.134396 0.000000 0.036152 0.999343 -0.002442 0.000000 0.134396 -0.002441 0.990925 0.000000 -0.904548 -1.777862 -1.581368 1.000000
