m_aniFrameList.size 202
aniFrame
  m_time -1.066000
  m_vertexTransformMat 0.552547 0.543555 -0.631855 0.000000 -0.639707 0.762530 0.096556 0.000000 0.534292 0.350851 0.769049 0.000000 3.167612 -13.046324 -1.569513 1.000000
aniFrame
  m_time -1.050000
  m_vertexTransformMat 0.582455 0.501016 -0.640101 0.000000 -0.618030 0.784457 0.051634 0.000000 0.528001 0.365527 0.766554 0.000000 2.313645 -12.168998 -1.405878 1.000000
aniFrame
  m_time -1.034000
  m_vertexTransformMat 0.612516 0.455664 -0.645906 0.000000 -0.594296 0.804238 0.003787 0.000000 0.521187 0.381539 0.763408 0.000000 1.449840 -11.224292 -1.289276 1.000000
aniFrame
  m_time -1.018000
  m_vertexTransformMat 0.645237 0.403696 -0.648613 0.000000 -0.565846 0.822951 -0.050697 0.000000 0.513310 0.399727 0.759429 0.000000 0.505638 -10.161150 -1.230561 1.000000
aniFrame
  m_time -1.002000
  m_vertexTransformMat 0.677713 0.348318 -0.647595 0.000000 -0.534292 0.838343 -0.108226 0.000000 0.505210 0.419351 0.754260 0.000000 -0.442806 -9.021400 -1.245227 1.000000
aniFrame
  m_time -0.986000
  m_vertexTransformMat 0.707934 0.292411 -0.642904 0.000000 -0.501287 0.849263 -0.165725 0.000000 0.497534 0.439601 0.747804 0.000000 -1.332828 -7.854206 -1.327363 1.000000
aniFrame
  m_time -0.970000
  m_vertexTransformMat 0.735419 0.237155 -0.634757 0.000000 -0.467472 0.855705 -0.221901 0.000000 0.490540 0.459921 0.740165 0.000000 -2.151438 -6.681956 -1.473937 1.000000
aniFrame
  m_time -0.954000
  m_vertexTransformMat 0.758439 0.186040 -0.624627 0.000000 -0.435456 0.857729 -0.273276 0.000000 0.484920 0.479261 0.731547 0.000000 -2.835331 -5.565670 -1.647073 1.000000
aniFrame
  m_time -0.938000
  m_vertexTransformMat 0.777649 0.139525 -0.613021 0.000000 -0.405530 0.856422 -0.319513 0.000000 0.480424 0.497067 0.722577 0.000000 -3.399845 -4.522374 -1.834702 1.000000
aniFrame
  m_time -0.922000
  m_vertexTransformMat 0.791063 0.101614 -0.603237 0.000000 -0.381439 0.852868 -0.356542 0.000000 0.478251 0.512145 0.713431 0.000000 -3.801589 -3.619569 -1.985844 1.000000
aniFrame
  m_time -0.906000
  m_vertexTransformMat 0.800653 0.071728 -0.594820 0.000000 -0.362373 0.848601 -0.385438 0.000000 0.477118 0.524148 0.705428 0.000000 -4.073474 -2.859950 -2.088677 1.000000
aniFrame
  m_time -0.890000
  m_vertexTransformMat 0.804319 0.054164 -0.591725 0.000000 -0.351930 0.845805 -0.400949 0.000000 0.478766 0.530736 0.699359 0.000000 -4.189438 -2.322798 -2.109861 1.000000
aniFrame
  m_time -0.874000
  m_vertexTransformMat 0.802562 0.048812 -0.594569 0.000000 -0.351187 0.844314 -0.404724 0.000000 0.482248 0.533621 0.694756 0.000000 -4.156588 -1.997078 -2.027827 1.000000
aniFrame
  m_time -0.858000
  m_vertexTransformMat 0.797090 0.053681 -0.601471 0.000000 -0.357140 0.845074 -0.397872 0.000000 0.486929 0.531948 0.692771 0.000000 -4.012674 -1.850495 -1.879481 1.000000
aniFrame
  m_time -0.842000
  m_vertexTransformMat 0.785124 0.069375 -0.615440 0.000000 -0.372709 0.846555 -0.380043 0.000000 0.494639 0.527761 0.690508 0.000000 -3.720991 -1.879346 -1.632879 1.000000
aniFrame
  m_time -0.826000
  m_vertexTransformMat 0.770803 0.089602 -0.630740 0.000000 -0.392092 0.847057 -0.358829 0.000000 0.502121 0.523895 0.688047 0.000000 -3.364518 -1.977640 -1.368238 1.000000
aniFrame
  m_time -0.810000
  m_vertexTransformMat 0.751950 0.115755 -0.648977 0.000000 -0.415742 0.847274 -0.330584 0.000000 0.511595 0.518390 0.685232 0.000000 -2.920559 -2.156114 -1.081793 1.000000
aniFrame
  m_time -0.794000
  m_vertexTransformMat 0.729329 0.145762 -0.668455 0.000000 -0.442427 0.845741 -0.298296 0.000000 0.521860 0.513298 0.681313 0.000000 -2.403078 -2.389093 -0.798963 1.000000
aniFrame
  m_time -0.778000
  m_vertexTransformMat 0.702821 0.180415 -0.688108 0.000000 -0.471649 0.842310 -0.260888 0.000000 0.532532 0.507903 0.677085 0.000000 -1.809567 -2.679094 -0.539221 1.000000
aniFrame
  m_time -0.762000
  m_vertexTransformMat 0.671815 0.218319 -0.707814 0.000000 -0.502388 0.836493 -0.218828 0.000000 0.544308 0.502609 0.671650 0.000000 -1.145714 -3.009970 -0.318461 1.000000
aniFrame
  m_time -0.746000
  m_vertexTransformMat 0.637074 0.258864 -0.726035 0.000000 -0.533939 0.827539 -0.173460 0.000000 0.555919 0.498166 0.665421 0.000000 -0.419582 -3.364231 -0.158484 1.000000
aniFrame
  m_time -0.730000
  m_vertexTransformMat 0.598666 0.301310 -0.742166 0.000000 -0.565145 0.815499 -0.124791 0.000000 0.567635 0.494140 0.658496 0.000000 0.358080 -3.739922 -0.067182 1.000000
aniFrame
  m_time -0.714000
  m_vertexTransformMat 0.556480 0.344634 -0.756014 0.000000 -0.595565 0.799917 -0.073731 0.000000 0.579338 0.491285 0.650389 0.000000 1.189523 -4.109739 -0.053494 1.000000
aniFrame
  m_time -0.698000
  m_vertexTransformMat 0.511494 0.388420 -0.766488 0.000000 -0.624085 0.781083 -0.020650 0.000000 0.590670 0.488916 0.641927 0.000000 2.054698 -4.482810 -0.116930 1.000000
aniFrame
  m_time -0.682000
  m_vertexTransformMat 0.463858 0.431415 -0.773767 0.000000 -0.650246 0.758991 0.033366 0.000000 0.601677 0.487662 0.632590 0.000000 2.951386 -4.830180 -0.252607 1.000000
aniFrame
  m_time -0.666000
  m_vertexTransformMat 0.414399 0.473223 -0.777389 0.000000 -0.673330 0.734093 0.087938 0.000000 0.612290 0.486998 0.622843 0.000000 3.867512 -5.157037 -0.463462 1.000000
aniFrame
  m_time -0.650000
  m_vertexTransformMat 0.364348 0.513215 -0.777084 0.000000 -0.692919 0.706899 0.141977 0.000000 0.622185 0.486727 0.613174 0.000000 4.775105 -5.459509 -0.742331 1.000000
aniFrame
  m_time -0.634000
  m_vertexTransformMat 0.313662 0.550377 -0.773758 0.000000 -0.708628 0.678083 0.195062 0.000000 0.632030 0.487123 0.602702 0.000000 5.689929 -5.717206 -1.086659 1.000000
aniFrame
  m_time -0.618000
  m_vertexTransformMat 0.264173 0.585146 -0.766692 0.000000 -0.720235 0.648388 0.246690 0.000000 0.641463 0.487029 0.592729 0.000000 6.574252 -5.960567 -1.488643 1.000000
aniFrame
  m_time -0.602000
  m_vertexTransformMat 0.216769 0.616349 -0.757051 0.000000 -0.727866 0.618828 0.295403 0.000000 0.650555 0.486998 0.582762 0.000000 7.417052 -6.160794 -1.931891 1.000000
aniFrame
  m_time -0.586000
  m_vertexTransformMat 0.171920 0.644642 -0.744903 0.000000 -0.731182 0.590239 0.342041 0.000000 0.660165 0.485855 0.572824 0.000000 8.225456 -6.351999 -2.417940 1.000000
aniFrame
  m_time -0.570000
  m_vertexTransformMat 0.131728 0.669725 -0.730832 0.000000 -0.731046 0.563559 0.384671 0.000000 0.669491 0.483600 0.563837 0.000000 8.952578 -6.528638 -2.919185 1.000000
aniFrame
  m_time -0.554000
  m_vertexTransformMat 0.096236 0.691073 -0.716349 0.000000 -0.727667 0.539901 0.423094 0.000000 0.679146 0.480547 0.554829 0.000000 9.611075 -6.682236 -3.417263 1.000000
aniFrame
  m_time -0.538000
  m_vertexTransformMat 0.066688 0.710439 -0.700592 0.000000 -0.720871 0.519771 0.458457 0.000000 0.689853 0.474463 0.546797 0.000000 10.191001 -6.874405 -3.926253 1.000000
aniFrame
  m_time -0.522000
  m_vertexTransformMat 0.046537 0.728688 -0.683263 0.000000 -0.707493 0.506917 0.492431 0.000000 0.705186 0.460488 0.539132 0.000000 10.687828 -7.190336 -4.496196 1.000000
aniFrame
  m_time -0.506000
  m_vertexTransformMat 0.035817 0.746739 -0.664152 0.000000 -0.688170 0.500335 0.525439 0.000000 0.724665 0.438230 0.531804 0.000000 11.095256 -7.648383 -5.128221 1.000000
aniFrame
  m_time -0.490000
  m_vertexTransformMat 0.035740 0.765372 -0.642595 0.000000 -0.661819 0.499925 0.558633 0.000000 0.748811 0.405317 0.524405 0.000000 11.394066 -8.287519 -5.853214 1.000000
aniFrame
  m_time -0.474000
  m_vertexTransformMat 0.046877 0.784132 -0.618821 0.000000 -0.628470 0.504676 0.591886 0.000000 0.776421 0.361164 0.516461 0.000000 11.559494 -9.105260 -6.668025 1.000000
aniFrame
  m_time -0.458000
  m_vertexTransformMat 0.066477 0.801221 -0.594665 0.000000 -0.592347 0.511288 0.622664 0.000000 0.802936 0.310856 0.508589 0.000000 11.565901 -9.993864 -7.487590 1.000000
aniFrame
  m_time -0.442000
  m_vertexTransformMat 0.094908 0.816264 -0.569829 0.000000 -0.553298 0.519107 0.651452 0.000000 0.827559 0.253457 0.500905 0.000000 11.398198 -10.958926 -8.317124 1.000000
aniFrame
  m_time -0.426000
  m_vertexTransformMat 0.128537 0.827706 -0.546242 0.000000 -0.515329 0.526353 0.676306 0.000000 0.847299 0.194564 0.494196 0.000000 11.065575 -11.897820 -9.069398 1.000000
aniFrame
  m_time -0.410000
  m_vertexTransformMat 0.167127 0.835559 -0.523364 0.000000 -0.478791 0.532817 0.697758 0.000000 0.861875 0.133968 0.489106 0.000000 10.566507 -12.814642 -9.745564 1.000000
aniFrame
  m_time -0.394000
  m_vertexTransformMat 0.206169 0.839197 -0.503233 0.000000 -0.447169 0.538242 0.714378 0.000000 0.870365 0.077748 0.486232 0.000000 9.986547 -13.624334 -10.287724 1.000000
aniFrame
  m_time -0.378000
  m_vertexTransformMat 0.245011 0.839297 -0.485335 0.000000 -0.420965 0.543037 0.726566 0.000000 0.873360 0.026292 0.486365 0.000000 9.340829 -14.336121 -10.692482 1.000000
aniFrame
  m_time -0.362000
  m_vertexTransformMat 0.278954 0.836430 -0.471773 0.000000 -0.402932 0.547884 0.733123 0.000000 0.871683 -0.014415 0.489858 0.000000 8.755711 -14.890821 -10.928234 1.000000
aniFrame
  m_time -0.346000
  m_vertexTransformMat 0.306104 0.831729 -0.463171 0.000000 -0.394272 0.553597 0.733539 0.000000 0.866516 -0.041924 0.497386 0.000000 8.287704 -15.279202 -10.976291 1.000000
aniFrame
  m_time -0.330000
  m_vertexTransformMat 0.327732 0.826171 -0.458293 0.000000 -0.392915 0.560332 0.729140 0.000000 0.859191 -0.058892 0.508254 0.000000 7.925722 -15.558232 -10.876149 1.000000
aniFrame
  m_time -0.314000
  m_vertexTransformMat 0.343097 0.820336 -0.457530 0.000000 -0.399157 0.568261 0.719551 0.000000 0.850270 -0.064250 0.522411 0.000000 7.695086 -15.726003 -10.619300 1.000000
aniFrame
  m_time -0.298000
  m_vertexTransformMat 0.355665 0.814211 -0.458872 0.000000 -0.409493 0.577097 0.706594 0.000000 0.840130 -0.063406 0.538667 0.000000 7.524661 -15.851580 -10.271458 1.000000
aniFrame
  m_time -0.282000
  m_vertexTransformMat 0.367538 0.807729 -0.460967 0.000000 -0.422327 0.586563 0.691075 0.000000 0.828587 -0.059317 0.556710 0.000000 7.377619 -15.972819 -9.866106 1.000000
aniFrame
  m_time -0.266000
  m_vertexTransformMat 0.378035 0.800790 -0.464571 0.000000 -0.437180 0.596747 0.672879 0.000000 0.816066 -0.051271 0.575681 0.000000 7.254576 -16.074106 -9.404170 1.000000
aniFrame
  m_time -0.250000
  m_vertexTransformMat 0.387582 0.793406 -0.469348 0.000000 -0.454263 0.607418 0.651681 0.000000 0.802138 -0.039372 0.595840 0.000000 7.150619 -16.152126 -8.890577 1.000000
aniFrame
  m_time -0.234000
  m_vertexTransformMat 0.396114 0.785372 -0.475693 0.000000 -0.472315 0.618556 0.627939 0.000000 0.787409 -0.024059 0.615962 0.000000 7.055471 -16.205711 -8.338632 1.000000
aniFrame
  m_time -0.218000
  m_vertexTransformMat 0.404459 0.776356 -0.483409 0.000000 -0.490818 0.630266 0.601550 0.000000 0.771694 -0.006036 0.635966 0.000000 6.953398 -16.233040 -7.757730 1.000000
aniFrame
  m_time -0.202000
  m_vertexTransformMat 0.411950 0.766936 -0.492043 0.000000 -0.510642 0.641538 0.572428 0.000000 0.754680 0.015446 0.655912 0.000000 6.863598 -16.226357 -7.156651 1.000000
aniFrame
  m_time -0.186000
  m_vertexTransformMat 0.419251 0.756217 -0.502359 0.000000 -0.529129 0.653174 0.541651 0.000000 0.737734 0.038725 0.673980 0.000000 6.753161 -16.189232 -6.556486 1.000000
aniFrame
  m_time -0.170000
  m_vertexTransformMat 0.427255 0.744518 -0.512978 0.000000 -0.548375 0.664490 0.507679 0.000000 0.718845 0.064396 0.692182 0.000000 6.628732 -16.114225 -5.949281 1.000000
aniFrame
  m_time -0.154000
  m_vertexTransformMat 0.433639 0.732654 -0.524572 0.000000 -0.567170 0.674294 0.472912 0.000000 0.700197 0.092448 0.707939 0.000000 6.509865 -16.000988 -5.377680 1.000000
aniFrame
  m_time -0.138000
  m_vertexTransformMat 0.442785 0.718021 -0.537018 0.000000 -0.583382 0.685525 0.435570 0.000000 0.680887 0.120423 0.722420 0.000000 6.311907 -15.850237 -4.815128 1.000000
aniFrame
  m_time -0.122000
  m_vertexTransformMat 0.452286 0.702907 -0.548962 0.000000 -0.598790 0.695485 0.397180 0.000000 0.660975 0.149075 0.735451 0.000000 6.092571 -15.672460 -4.295581 1.000000
aniFrame
  m_time -0.106000
  m_vertexTransformMat 0.461757 0.686056 -0.562235 0.000000 -0.611928 0.705253 0.358001 0.000000 0.642126 0.178737 0.745472 0.000000 5.834848 -15.438727 -3.804923 1.000000
aniFrame
  m_time -0.090000
  m_vertexTransformMat 0.473116 0.668176 -0.574198 0.000000 -0.623337 0.714464 0.317794 0.000000 0.622586 0.207565 0.754522 0.000000 5.521755 -15.181511 -3.354815 1.000000
aniFrame
  m_time -0.074000
  m_vertexTransformMat 0.484291 0.648879 -0.586872 0.000000 -0.632231 0.723222 0.277913 0.000000 0.604770 0.236448 0.760491 0.000000 5.195729 -14.877520 -2.946038 1.000000
aniFrame
  m_time -0.058000
  m_vertexTransformMat 0.497634 0.628228 -0.598073 0.000000 -0.638868 0.731847 0.237168 0.000000 0.586693 0.264067 0.765546 0.000000 4.801061 -14.538857 -2.570499 1.000000
aniFrame
  m_time -0.042000
  m_vertexTransformMat 0.511100 0.606699 -0.608846 0.000000 -0.642821 0.740037 0.197807 0.000000 0.570578 0.290280 0.768231 0.000000 4.399508 -14.175898 -2.248547 1.000000
aniFrame
  m_time -0.026000
  m_vertexTransformMat 0.525595 0.583862 -0.618753 0.000000 -0.644101 0.748249 0.158929 0.000000 0.555774 0.315007 0.769341 0.000000 3.967028 -13.769900 -1.955453 1.000000
aniFrame
  m_time -0.010000
  m_vertexTransformMat 0.540477 0.561435 -0.626638 0.000000 -0.643140 0.755883 0.122522 0.000000 0.542453 0.336796 0.769619 0.000000 3.521903 -13.373263 -1.717967 1.000000
aniFrame
  m_time 0.005000
  m_vertexTransformMat 0.559531 0.533358 -0.634393 0.000000 -0.636910 0.766493 0.082669 0.000000 0.530350 0.357796 0.768578 0.000000 2.964182 -12.856137 -1.498410 1.000000
aniFrame
  m_time 0.021000
  m_vertexTransformMat 0.582999 0.499782 -0.640571 0.000000 -0.624909 0.779694 0.039583 0.000000 0.519232 0.377221 0.766879 0.000000 2.281530 -12.229373 -1.324307 1.000000
aniFrame
  m_time 0.037000
  m_vertexTransformMat 0.610553 0.458707 -0.645610 0.000000 -0.606475 0.795056 -0.008654 0.000000 0.509326 0.396830 0.763618 0.000000 1.484307 -11.438832 -1.190251 1.000000
aniFrame
  m_time 0.053000
  m_vertexTransformMat 0.642882 0.408681 -0.647829 0.000000 -0.580289 0.811919 -0.063663 0.000000 0.499967 0.416856 0.759121 0.000000 0.548037 -10.453599 -1.127847 1.000000
aniFrame
  m_time 0.069000
  m_vertexTransformMat 0.675012 0.354620 -0.646996 0.000000 -0.549594 0.826731 -0.120261 0.000000 0.492245 0.436762 0.752950 0.000000 -0.392178 -9.355990 -1.138856 1.000000
aniFrame
  m_time 0.085000
  m_vertexTransformMat 0.706704 0.297310 -0.642010 0.000000 -0.514699 0.838650 -0.178191 0.000000 0.485443 0.456369 0.745703 0.000000 -1.321998 -8.162786 -1.232081 1.000000
aniFrame
  m_time 0.101000
  m_vertexTransformMat 0.734645 0.241021 -0.634197 0.000000 -0.478851 0.846405 -0.233026 0.000000 0.480623 0.474878 0.737220 0.000000 -2.154797 -6.950947 -1.387177 1.000000
aniFrame
  m_time 0.117000
  m_vertexTransformMat 0.759322 0.186909 -0.623294 0.000000 -0.442908 0.850192 -0.284619 0.000000 0.476722 0.492179 0.728352 0.000000 -2.872537 -5.749177 -1.579296 1.000000
aniFrame
  m_time 0.133000
  m_vertexTransformMat 0.778462 0.138864 -0.612139 0.000000 -0.410271 0.850637 -0.328777 0.000000 0.475053 0.507083 0.719161 0.000000 -3.440235 -4.633045 -1.781145 1.000000
aniFrame
  m_time 0.149000
  m_vertexTransformMat 0.791855 0.099061 -0.602621 0.000000 -0.383556 0.848537 -0.364515 0.000000 0.475237 0.519782 0.709914 0.000000 -3.838843 -3.645962 -1.941544 1.000000
aniFrame
  m_time 0.165000
  m_vertexTransformMat 0.801493 0.068628 -0.594053 0.000000 -0.362168 0.846197 -0.390878 0.000000 0.475861 0.528433 0.703076 0.000000 -4.105376 -2.832753 -2.058124 1.000000
aniFrame
  m_time 0.181000
  m_vertexTransformMat 0.803632 0.052757 -0.592783 0.000000 -0.352473 0.844764 -0.402662 0.000000 0.479519 0.532532 0.697475 0.000000 -4.185869 -2.285438 -2.065881 1.000000
aniFrame
  m_time 0.197000
  m_vertexTransformMat 0.801168 0.049437 -0.596395 0.000000 -0.352582 0.844243 -0.403659 0.000000 0.483546 0.533676 0.693811 0.000000 -4.125932 -1.960184 -1.978358 1.000000
aniFrame
  m_time 0.213000
  m_vertexTransformMat 0.794045 0.057621 -0.605123 0.000000 -0.360884 0.845753 -0.393019 0.000000 0.489138 0.530454 0.692361 0.000000 -3.937860 -1.850425 -1.807200 1.000000
aniFrame
  m_time 0.229000
  m_vertexTransformMat 0.780506 0.075736 -0.620544 0.000000 -0.378943 0.846798 -0.373277 0.000000 0.497205 0.526496 0.689630 0.000000 -3.607192 -1.908382 -1.543373 1.000000
aniFrame
  m_time 0.245000
  m_vertexTransformMat 0.765088 0.097673 -0.636474 0.000000 -0.399480 0.847220 -0.350191 0.000000 0.505030 0.522186 0.687217 0.000000 -3.226662 -2.026478 -1.275442 1.000000
aniFrame
  m_time 0.261000
  m_vertexTransformMat 0.744621 0.125426 -0.655597 0.000000 -0.424437 0.847017 -0.320024 0.000000 0.515162 0.516557 0.683942 0.000000 -2.753549 -2.228856 -0.984204 1.000000
aniFrame
  m_time 0.277000
  m_vertexTransformMat 0.721038 0.156782 -0.674925 0.000000 -0.451890 0.844809 -0.286519 0.000000 0.525261 0.511584 0.679988 0.000000 -2.214587 -2.479326 -0.709631 1.000000
aniFrame
  m_time 0.293000
  m_vertexTransformMat 0.692925 0.192822 -0.694748 0.000000 -0.481809 0.840680 -0.247220 0.000000 0.536391 0.506041 0.675431 0.000000 -1.594731 -2.786458 -0.460002 1.000000
aniFrame
  m_time 0.309000
  m_vertexTransformMat 0.660638 0.231525 -0.714110 0.000000 -0.512850 0.833865 -0.204097 0.000000 0.548217 0.501065 0.669620 0.000000 -0.910397 -3.125329 -0.257702 1.000000
aniFrame
  m_time 0.325000
  m_vertexTransformMat 0.624694 0.272888 -0.731635 0.000000 -0.544448 0.823860 -0.157581 0.000000 0.559763 0.496776 0.663234 0.000000 -0.165490 -3.487623 -0.120402 1.000000
aniFrame
  m_time 0.341000
  m_vertexTransformMat 0.584987 0.315659 -0.747094 0.000000 -0.575393 0.810715 -0.108002 0.000000 0.571588 0.493053 0.655886 0.000000 0.629474 -3.864359 -0.053458 1.000000
aniFrame
  m_time 0.357000
  m_vertexTransformMat 0.541743 0.359218 -0.759919 0.000000 -0.605360 0.793963 -0.056247 0.000000 0.583142 0.490496 0.647580 0.000000 1.475704 -4.232783 -0.066681 1.000000
aniFrame
  m_time 0.373000
  m_vertexTransformMat 0.495924 0.402894 -0.769244 0.000000 -0.633059 0.774100 -0.002689 0.000000 0.594388 0.488310 0.638950 0.000000 2.349218 -4.603836 -0.153772 1.000000
aniFrame
  m_time 0.389000
  m_vertexTransformMat 0.447481 0.445474 -0.775444 0.000000 -0.658349 0.750950 0.051493 0.000000 0.605258 0.487471 0.629314 0.000000 3.256623 -4.939077 -0.314678 1.000000
aniFrame
  m_time 0.405000
  m_vertexTransformMat 0.397803 0.486854 -0.777641 0.000000 -0.680216 0.725291 0.106115 0.000000 0.615678 0.486751 0.619689 0.000000 4.170237 -5.264567 -0.549314 1.000000
aniFrame
  m_time 0.421000
  m_vertexTransformMat 0.347483 0.525903 -0.776326 0.000000 -0.698645 0.697411 0.159730 0.000000 0.625421 0.486873 0.609758 0.000000 5.079181 -5.548213 -0.849679 1.000000
aniFrame
  m_time 0.437000
  m_vertexTransformMat 0.296905 0.562260 -0.771824 0.000000 -0.712877 0.668286 0.212605 0.000000 0.635338 0.487092 0.599239 0.000000 5.991996 -5.801701 -1.215715 1.000000
aniFrame
  m_time 0.453000
  m_vertexTransformMat 0.248160 0.595982 -0.763690 0.000000 -0.723276 0.638433 0.263204 0.000000 0.644430 0.487042 0.589492 0.000000 6.857729 -6.031871 -1.631742 1.000000
aniFrame
  m_time 0.469000
  m_vertexTransformMat 0.201402 0.625996 -0.753371 0.000000 -0.729353 0.609236 0.311249 0.000000 0.653821 0.486787 0.579273 0.000000 7.694530 -6.223339 -2.090056 1.000000
aniFrame
  m_time 0.485000
  m_vertexTransformMat 0.157956 0.653454 -0.740302 0.000000 -0.731542 0.581007 0.356760 0.000000 0.663247 0.485210 0.569803 0.000000 8.476631 -6.414071 -2.584571 1.000000
aniFrame
  m_time 0.501000
  m_vertexTransformMat 0.119456 0.677151 -0.726083 0.000000 -0.730128 0.555486 0.397930 0.000000 0.672788 0.482599 0.560763 0.000000 9.179884 -6.581695 -3.086912 1.000000
aniFrame
  m_time 0.517000
  m_vertexTransformMat 0.085523 0.697695 -0.711271 0.000000 -0.725971 0.532575 0.435120 0.000000 0.682387 0.479150 0.552054 0.000000 9.813505 -6.736826 -3.582749 1.000000
aniFrame
  m_time 0.533000
  m_vertexTransformMat 0.058895 0.716614 -0.694979 0.000000 -0.717136 0.514673 0.469923 0.000000 0.694440 0.470718 0.544221 0.000000 10.365843 -6.964835 -4.109400 1.000000
aniFrame
  m_time 0.549000
  m_vertexTransformMat 0.041886 0.734676 -0.677124 0.000000 -0.701730 0.504056 0.503491 0.000000 0.711211 0.454069 0.536657 0.000000 10.834366 -7.325644 -4.698900 1.000000
aniFrame
  m_time 0.565000
  m_vertexTransformMat 0.034484 0.752850 -0.657288 0.000000 -0.680299 0.499471 0.536398 0.000000 0.732123 0.428655 0.529387 0.000000 11.207873 -7.837899 -5.356877 1.000000
aniFrame
  m_time 0.581000
  m_vertexTransformMat 0.038346 0.771718 -0.634807 0.000000 -0.651259 0.501121 0.569859 0.000000 0.757886 0.391572 0.521805 0.000000 11.465691 -8.546275 -6.119490 1.000000
aniFrame
  m_time 0.597000
  m_vertexTransformMat 0.052506 0.790040 -0.610802 0.000000 -0.616660 0.506749 0.602443 0.000000 0.785477 0.345025 0.513793 0.000000 11.580113 -9.394950 -6.941880 1.000000
aniFrame
  m_time 0.613000
  m_vertexTransformMat 0.075115 0.806550 -0.586374 0.000000 -0.579499 0.513853 0.632564 0.000000 0.811504 0.292288 0.505993 0.000000 11.529373 -10.311632 -7.766580 1.000000
aniFrame
  m_time 0.629000
  m_vertexTransformMat 0.105674 0.820508 -0.561783 0.000000 -0.540366 0.521637 0.660227 0.000000 0.834768 0.233800 0.498498 0.000000 11.305325 -11.277880 -8.579649 1.000000
aniFrame
  m_time 0.645000
  m_vertexTransformMat 0.141003 0.830763 -0.538471 0.000000 -0.502875 0.528614 0.683874 0.000000 0.852781 0.174355 0.492306 0.000000 10.914682 -12.208988 -9.304855 1.000000
aniFrame
  m_time 0.661000
  m_vertexTransformMat 0.180313 0.837236 -0.516259 0.000000 -0.467529 0.534733 0.703902 0.000000 0.865392 0.114443 0.487852 0.000000 10.377924 -13.099991 -9.944321 1.000000
aniFrame
  m_time 0.677000
  m_vertexTransformMat 0.219262 0.839602 -0.496984 0.000000 -0.437767 0.539887 0.718946 0.000000 0.871943 0.059926 0.485926 0.000000 9.775057 -13.873643 -10.438179 1.000000
aniFrame
  m_time 0.693000
  m_vertexTransformMat 0.257171 0.838623 -0.480181 0.000000 -0.413864 0.544598 0.729472 0.000000 0.873258 0.011131 0.487131 0.000000 9.130980 -14.542325 -10.792439 1.000000
aniFrame
  m_time 0.709000
  m_vertexTransformMat 0.288667 0.835008 -0.468435 0.000000 -0.399101 0.549674 0.733878 0.000000 0.870281 -0.024894 0.491925 0.000000 8.588123 -15.035599 -10.963388 1.000000
aniFrame
  m_time 0.725000
  m_vertexTransformMat 0.313893 0.829936 -0.461168 0.000000 -0.393105 0.555732 0.732551 0.000000 0.864257 -0.048655 0.500693 0.000000 8.155061 -15.382134 -10.957463 1.000000
aniFrame
  m_time 0.741000
  m_vertexTransformMat 0.333502 0.824244 -0.457601 0.000000 -0.394190 0.562840 0.726516 0.000000 0.856382 -0.061912 0.512617 0.000000 7.835198 -15.625700 -10.807437 1.000000
aniFrame
  m_time 0.757000
  m_vertexTransformMat 0.347330 0.818341 -0.457908 0.000000 -0.402420 0.571133 0.715448 0.000000 0.847007 -0.064225 0.527688 0.000000 7.637104 -15.767161 -10.508085 1.000000
aniFrame
  m_time 0.773000
  m_vertexTransformMat 0.359797 0.812085 -0.459418 0.000000 -0.413399 0.580175 0.701782 0.000000 0.836450 -0.062576 0.544460 0.000000 7.471038 -15.894711 -10.144832 1.000000
aniFrame
  m_time 0.789000
  m_vertexTransformMat 0.371169 0.805478 -0.461995 0.000000 -0.427160 0.589878 0.685258 0.000000 0.824481 -0.057000 0.563013 0.000000 7.335419 -16.008417 -9.716665 1.000000
aniFrame
  m_time 0.805000
  m_vertexTransformMat 0.381318 0.798369 -0.466052 0.000000 -0.442519 0.600268 0.666225 0.000000 0.811649 -0.047807 0.582187 0.000000 7.216733 -16.103476 -9.240146 1.000000
aniFrame
  m_time 0.821000
  m_vertexTransformMat 0.390538 0.790822 -0.471253 0.000000 -0.460345 0.611070 0.643954 0.000000 0.797222 -0.034550 0.602697 0.000000 7.119538 -16.172215 -8.708606 1.000000
aniFrame
  m_time 0.837000
  m_vertexTransformMat 0.398838 0.782472 -0.478190 0.000000 -0.478196 0.622412 0.619622 0.000000 0.782468 -0.018460 0.622417 0.000000 7.021093 -16.218990 -8.151029 1.000000
aniFrame
  m_time 0.853000
  m_vertexTransformMat 0.407155 0.773225 -0.486157 0.000000 -0.497408 0.634132 0.591999 0.000000 0.766036 0.000782 0.642798 0.000000 6.921680 -16.234182 -7.556576 1.000000
aniFrame
  m_time 0.869000
  m_vertexTransformMat 0.414090 0.763700 -0.495270 0.000000 -0.516997 0.645158 0.562571 0.000000 0.749162 0.023098 0.661984 0.000000 6.834145 -16.218220 -6.960569 1.000000
aniFrame
  m_time 0.885000
  m_vertexTransformMat 0.422062 0.752253 -0.505944 0.000000 -0.535343 0.657202 0.530560 0.000000 0.731623 0.046924 0.680093 0.000000 6.708941 -16.168146 -6.351481 1.000000
aniFrame
  m_time 0.901000
  m_vertexTransformMat 0.429298 0.740882 -0.516524 0.000000 -0.555019 0.667586 0.496268 0.000000 0.712501 0.073634 0.697797 0.000000 6.595827 -16.082340 -5.757943 1.000000
aniFrame
  m_time 0.917000
  m_vertexTransformMat 0.436361 0.727971 -0.528817 0.000000 -0.572722 0.678007 0.460756 0.000000 0.693959 0.101810 0.712781 0.000000 6.451379 -15.953368 -5.187619 1.000000
aniFrame
  m_time 0.933000
  m_vertexTransformMat 0.446137 0.713068 -0.540829 0.000000 -0.588709 0.688979 0.422765 0.000000 0.674080 0.129779 0.727168 0.000000 6.238579 -15.796452 -4.637105 1.000000
aniFrame
  m_time 0.949000
  m_vertexTransformMat 0.455283 0.697480 -0.553389 0.000000 -0.603390 0.698753 0.384273 0.000000 0.654705 0.158956 0.738982 0.000000 6.013821 -15.599626 -4.129001 1.000000
aniFrame
  m_time 0.965000
  m_vertexTransformMat 0.465459 0.680165 -0.566324 0.000000 -0.615956 0.708424 0.344578 0.000000 0.635567 0.188444 0.748694 0.000000 5.732643 -15.354705 -3.648731 1.000000
aniFrame
  m_time 0.981000
  m_vertexTransformMat 0.476750 0.661951 -0.578386 0.000000 -0.626568 0.717390 0.304573 0.000000 0.616540 0.217193 0.756773 0.000000 5.417700 -15.086716 -3.215688 1.000000
aniFrame
  m_time 0.997000
  m_vertexTransformMat 0.488484 0.642065 -0.590878 0.000000 -0.634697 0.726144 0.264340 0.000000 0.598785 0.245903 0.762226 0.000000 5.071411 -14.765478 -2.815205 1.000000
aniFrame
  m_time 1.013000
  m_vertexTransformMat 0.502121 0.621219 -0.601632 0.000000 -0.640503 0.734582 0.223935 0.000000 0.581060 0.272905 0.766741 0.000000 4.667508 -14.423152 -2.459027 1.000000
aniFrame
  m_time 1.029000
  m_vertexTransformMat 0.515777 0.599123 -0.612393 0.000000 -0.643503 0.742816 0.184740 0.000000 0.565577 0.298792 0.768665 0.000000 4.260007 -14.042441 -2.146944 1.000000
aniFrame
  m_time 1.045000
  m_vertexTransformMat 0.530384 0.576571 -0.621498 0.000000 -0.644146 0.750699 0.146721 0.000000 0.551153 0.322517 0.769554 0.000000 3.823216 -13.641228 -1.871590 1.000000
aniFrame
  m_time 1.061000
  m_vertexTransformMat 0.546169 0.552991 -0.629207 0.000000 -0.641802 0.758952 0.109919 0.000000 0.538322 0.343792 0.769426 0.000000 3.354039 -13.220672 -1.643960 1.000000
aniFrame
  m_time 1.077000
  m_vertexTransformMat 0.566926 0.522753 -0.636651 0.000000 -0.633540 0.770660 0.068632 0.000000 0.526519 0.364435 0.768092 0.000000 2.748794 -12.658877 -1.434587 1.000000
aniFrame
  m_time 1.093000
  m_vertexTransformMat 0.591696 0.487126 -0.642343 0.000000 -0.619556 0.784577 0.024284 0.000000 0.515797 0.383598 0.766033 0.000000 2.029387 -11.989394 -1.275815 1.000000
aniFrame
  m_time 1.109000
  m_vertexTransformMat 0.620967 0.442835 -0.646759 0.000000 -0.598526 0.800667 -0.026442 0.000000 0.506129 0.403522 0.762236 0.000000 1.183492 -11.128386 -1.159648 1.000000
aniFrame
  m_time 1.125000
  m_vertexTransformMat 0.653888 0.390841 -0.647822 0.000000 -0.570338 0.817244 -0.082622 0.000000 0.497137 0.423503 0.757298 0.000000 0.227116 -10.095998 -1.125067 1.000000
aniFrame
  m_time 1.141000
  m_vertexTransformMat 0.685608 0.335856 -0.645866 0.000000 -0.538451 0.831040 -0.139436 0.000000 0.489910 0.443366 0.750610 0.000000 -0.702485 -8.968156 -1.159436 1.000000
aniFrame
  m_time 1.157000
  m_vertexTransformMat 0.716709 0.278085 -0.639529 0.000000 -0.502543 0.841770 -0.197166 0.000000 0.483508 0.462701 0.743054 0.000000 -1.618204 -7.754745 -1.280444 1.000000
aniFrame
  m_time 1.173000
  m_vertexTransformMat 0.743081 0.222836 -0.631011 0.000000 -0.466999 0.848046 -0.250459 0.000000 0.479315 0.480793 0.734231 0.000000 -2.403161 -6.550332 -1.445889 1.000000
aniFrame
  m_time 1.189000
  m_vertexTransformMat 0.766593 0.169815 -0.619272 0.000000 -0.431262 0.850684 -0.300585 0.000000 0.475761 0.497494 0.725363 0.000000 -3.083860 -5.360208 -1.649489 1.000000
aniFrame
  m_time 1.205000
  m_vertexTransformMat 0.783215 0.124957 -0.609066 0.000000 -0.401000 0.850151 -0.341239 0.000000 0.475157 0.511498 0.715958 0.000000 -3.586334 -4.293895 -1.838290 1.000000
aniFrame
  m_time 1.221000
  m_vertexTransformMat 0.795639 0.087546 -0.599412 0.000000 -0.375594 0.847638 -0.374751 0.000000 0.475277 0.523302 0.707296 0.000000 -3.944264 -3.348317 -1.987058 1.000000
aniFrame
  m_time 1.237000
  m_vertexTransformMat 0.803105 0.061729 -0.592632 0.000000 -0.357415 0.845714 -0.396261 0.000000 0.476736 0.530055 0.701260 0.000000 -4.154374 -2.622995 -2.076475 1.000000
aniFrame
  m_time 1.253000
  m_vertexTransformMat 0.803085 0.050457 -0.593725 0.000000 -0.351763 0.844401 -0.404043 0.000000 0.480955 0.533331 0.695874 0.000000 -4.177055 -2.154602 -2.043569 1.000000
aniFrame
  m_time 1.269000
  m_vertexTransformMat 0.799781 0.050486 -0.598166 0.000000 -0.353824 0.844612 -0.401796 0.000000 0.484933 0.532993 0.693368 0.000000 -4.085122 -1.894870 -1.937114 1.000000
aniFrame
  m_time 1.285000
  m_vertexTransformMat 0.789932 0.063064 -0.609943 0.000000 -0.366299 0.846249 -0.386894 0.000000 0.491765 0.529041 0.691579 0.000000 -3.837184 -1.859613 -1.723769 1.000000
aniFrame
  m_time 1.301000
  m_vertexTransformMat 0.775807 0.082328 -0.625576 0.000000 -0.385341 0.846903 -0.366425 0.000000 0.499635 0.525335 0.688758 0.000000 -3.489189 -1.937304 -1.456469 1.000000
aniFrame
  m_time 1.317000
  m_vertexTransformMat 0.758785 0.106441 -0.642585 0.000000 -0.407394 0.847318 -0.340710 0.000000 0.508208 0.520311 0.686296 0.000000 -3.078374 -2.086948 -1.179411 1.000000
aniFrame
  m_time 1.333000
  m_vertexTransformMat 0.737105 0.135379 -0.662080 0.000000 -0.433313 0.846496 -0.309329 0.000000 0.518571 0.514896 0.682618 0.000000 -2.581620 -2.306369 -0.889957 1.000000
aniFrame
  m_time 1.349000
  m_vertexTransformMat 0.712201 0.168366 -0.681485 0.000000 -0.461653 0.843675 -0.274025 0.000000 0.528816 0.509771 0.678593 0.000000 -2.016511 -2.576330 -0.622752 1.000000
aniFrame
  m_time 1.365000
  m_vertexTransformMat 0.682572 0.205468 -0.701341 0.000000 -0.492062 0.838754 -0.233169 0.000000 0.540343 0.504258 0.673612 0.000000 -1.373310 -2.897110 -0.386099 1.000000
aniFrame
  m_time 1.381000
  m_vertexTransformMat 0.649055 0.245057 -0.720191 0.000000 -0.523388 0.830877 -0.188971 0.000000 0.552081 0.499592 0.667544 0.000000 -0.668097 -3.243415 -0.204279 1.000000
aniFrame
  m_time 1.397000
  m_vertexTransformMat 0.611901 0.287059 -0.737004 0.000000 -0.554859 0.819849 -0.141347 0.000000 0.563657 0.495423 0.660944 0.000000 0.093702 -3.613235 -0.089963 1.000000
aniFrame
  m_time 1.413000
  m_vertexTransformMat 0.570909 0.330106 -0.751727 0.000000 -0.585556 0.805510 -0.090983 0.000000 0.575489 0.492121 0.653169 0.000000 0.907041 -3.987247 -0.048968 1.000000
aniFrame
  m_time 1.429000
  m_vertexTransformMat 0.526738 0.373828 -0.763414 0.000000 -0.614882 0.787677 -0.038546 0.000000 0.586914 0.489713 0.644759 0.000000 1.764422 -4.357081 -0.088019 1.000000
aniFrame
  m_time 1.445000
  m_vertexTransformMat 0.480027 0.417224 -0.771686 0.000000 -0.641798 0.766722 0.015309 0.000000 0.598055 0.487917 0.635820 0.000000 2.648484 -4.719024 -0.198962 1.000000
aniFrame
  m_time 1.461000
  m_vertexTransformMat 0.430967 0.459408 -0.776667 0.000000 -0.666058 0.742637 0.069688 0.000000 0.608797 0.487272 0.626045 0.000000 3.562630 -5.047449 -0.385049 1.000000
aniFrame
  m_time 1.477000
  m_vertexTransformMat 0.381124 0.500197 -0.777527 0.000000 -0.686760 0.716209 0.124118 0.000000 0.618955 0.486670 0.616480 0.000000 4.472342 -5.365323 -0.642250 1.000000
aniFrame
  m_time 1.493000
  m_vertexTransformMat 0.330566 0.538276 -0.775232 0.000000 -0.703894 0.687791 0.177416 0.000000 0.628697 0.487034 0.606250 0.000000 5.384449 -5.633275 -0.964443 1.000000
aniFrame
  m_time 1.509000
  m_vertexTransformMat 0.280415 0.573885 -0.769431 0.000000 -0.716755 0.658363 0.229826 0.000000 0.638459 0.487047 0.595950 0.000000 6.286237 -5.883567 -1.349897 1.000000
aniFrame
  m_time 1.525000
  m_vertexTransformMat 0.232360 0.606374 -0.760473 0.000000 -0.725835 0.628563 0.279416 0.000000 0.647435 0.487053 0.586180 0.000000 7.138206 -6.098011 -1.779328 1.000000
aniFrame
  m_time 1.541000
  m_vertexTransformMat 0.186420 0.635457 -0.749295 0.000000 -0.730449 0.599682 0.326844 0.000000 0.657034 0.486391 0.575961 0.000000 7.964671 -6.287798 -2.252671 1.000000
aniFrame
  m_time 1.557000
  m_vertexTransformMat 0.144556 0.661827 -0.735588 0.000000 -0.731508 0.572085 0.370965 0.000000 0.666333 0.484463 0.566830 0.000000 8.718644 -6.472989 -2.751749 1.000000
aniFrame
  m_time 1.573000
  m_vertexTransformMat 0.107600 0.684238 -0.721277 0.000000 -0.729003 0.547596 0.410723 0.000000 0.676001 0.481619 0.557733 0.000000 9.399758 -6.631891 -3.252725 1.000000
aniFrame
  m_time 1.589000
  m_vertexTransformMat 0.075619 0.704140 -0.706023 0.000000 -0.723760 0.525803 0.446882 0.000000 0.685896 0.477198 0.549390 0.000000 10.006849 -6.799615 -3.751574 1.000000
aniFrame
  m_time 1.605000
  m_vertexTransformMat 0.052217 0.722683 -0.689204 0.000000 -0.712620 0.510454 0.481259 0.000000 0.699604 0.466011 0.541653 0.000000 10.531473 -7.070615 -4.300052 1.000000
aniFrame
  m_time 1.621000
  m_vertexTransformMat 0.038299 0.740685 -0.670760 0.000000 -0.695301 0.501863 0.514481 0.000000 0.717698 0.446676 0.534220 0.000000 10.970436 -7.477938 -4.909230 1.000000
aniFrame
  m_time 1.637000
  m_vertexTransformMat 0.034416 0.759052 -0.650120 0.000000 -0.671558 0.499323 0.547436 0.000000 0.740152 0.417752 0.526932 0.000000 11.307605 -8.049714 -5.597757 1.000000
aniFrame
  m_time 1.653000
  m_vertexTransformMat 0.042105 0.778000 -0.626852 0.000000 -0.640074 0.502754 0.580985 0.000000 0.767159 0.376769 0.519146 0.000000 11.521162 -8.820622 -6.392484 1.000000
aniFrame
  m_time 1.669000
  m_vertexTransformMat 0.058916 0.795694 -0.602827 0.000000 -0.604762 0.508897 0.612607 0.000000 0.794224 0.328474 0.511187 0.000000 11.582668 -9.687348 -7.211990 1.000000
aniFrame
  m_time 1.685000
  m_vertexTransformMat 0.084655 0.811591 -0.578060 0.000000 -0.566414 0.516489 0.642196 0.000000 0.819762 0.273056 0.503420 0.000000 11.473253 -10.635115 -8.044587 1.000000
aniFrame
  m_time 1.701000
  m_vertexTransformMat 0.116766 0.824285 -0.554004 0.000000 -0.527814 0.524027 0.668437 0.000000 0.841295 0.214360 0.496258 0.000000 11.195930 -11.587679 -8.828102 1.000000
aniFrame
  m_time 1.717000
  m_vertexTransformMat 0.153944 0.833394 -0.530807 0.000000 -0.490635 0.530776 0.691054 0.000000 0.857659 0.154048 0.490602 0.000000 10.746944 -12.516174 -9.531322 1.000000
aniFrame
  m_time 1.733000
  m_vertexTransformMat 0.193258 0.838425 -0.509604 0.000000 -0.457036 0.536531 0.709404 0.000000 0.868199 0.095810 0.486879 0.000000 10.186125 -13.368134 -10.124242 1.000000
aniFrame
  m_time 1.749000
  m_vertexTransformMat 0.232292 0.839632 -0.490977 0.000000 -0.428982 0.541477 0.723033 0.000000 0.872935 0.042666 0.485968 0.000000 9.557709 -14.112115 -10.573732 1.000000
aniFrame
  m_time 1.765000
  m_vertexTransformMat 0.268525 0.837651 -0.475642 0.000000 -0.407822 0.546200 0.731674 0.000000 0.872683 -0.002495 0.488281 0.000000 8.934875 -14.727652 -10.871562 1.000000
aniFrame
  m_time 1.781000
  m_vertexTransformMat 0.297646 0.833491 -0.465509 0.000000 -0.396314 0.551485 0.734029 0.000000 0.868529 -0.033993 0.494472 0.000000 8.433951 -15.165445 -10.980137 1.000000
aniFrame
  m_time 1.797000
  m_vertexTransformMat 0.321072 0.828117 -0.459494 0.000000 -0.392705 0.557920 0.731100 0.000000 0.861798 -0.054290 0.504338 0.000000 8.035261 -15.475736 -10.924821 1.000000
aniFrame
  m_time 1.813000
  m_vertexTransformMat 0.338818 0.821985 -0.457759 0.000000 -0.395895 0.565924 0.723185 0.000000 0.853504 -0.063804 0.517165 0.000000 7.750228 -15.675759 -10.714728 1.000000
aniFrame
  m_time 1.829000
  m_vertexTransformMat 0.352302 0.815306 -0.459522 0.000000 -0.404543 0.575426 0.710795 0.000000 0.843936 -0.064517 0.532550 0.000000 7.552155 -15.791536 -10.373820 1.000000
aniFrame
  m_time 1.845000
  m_vertexTransformMat 0.365635 0.807704 -0.462520 0.000000 -0.414680 0.586248 0.695956 0.000000 0.833278 -0.062668 0.549291 0.000000 7.358442 -15.893116 -9.974225 1.000000
aniFrame
  m_time 1.861000
  m_vertexTransformMat 0.377977 0.799241 -0.467277 0.000000 -0.426821 0.598315 0.678118 0.000000 0.821558 -0.056869 0.567282 0.000000 7.184094 -15.962119 -9.505488 1.000000
aniFrame
  m_time 1.877000
  m_vertexTransformMat 0.389482 0.790034 -0.473444 0.000000 -0.440443 0.611213 0.657594 0.000000 0.808896 -0.047596 0.586022 0.000000 7.020977 -15.999187 -8.990376 1.000000
aniFrame
  m_time 1.893000
  m_vertexTransformMat 0.400253 0.779974 -0.481081 0.000000 -0.455563 0.624855 0.634050 0.000000 0.795148 -0.034618 0.605427 0.000000 6.868796 -15.998798 -8.426627 1.000000
aniFrame
  m_time 1.909000
  m_vertexTransformMat 0.410468 0.769108 -0.489887 0.000000 -0.471210 0.638843 0.608146 0.000000 0.780691 -0.018785 0.624635 0.000000 6.717937 -15.969058 -7.841319 1.000000
aniFrame
  m_time 1.925000
  m_vertexTransformMat 0.420332 0.757375 -0.499704 0.000000 -0.487927 0.652980 0.579262 0.000000 0.765015 0.000336 0.644013 0.000000 6.570802 -15.900888 -7.228942 1.000000
aniFrame
  m_time 1.941000
  m_vertexTransformMat 0.429801 0.744738 -0.510526 0.000000 -0.503983 0.667012 0.548723 0.000000 0.749181 0.021455 0.662018 0.000000 6.415532 -15.807734 -6.623384 1.000000
aniFrame
  m_time 1.957000
  m_vertexTransformMat 0.439574 0.731034 -0.521886 0.000000 -0.520642 0.680838 0.515161 0.000000 0.731920 0.045264 0.679886 0.000000 6.253060 -15.674922 -6.009780 1.000000
aniFrame
  m_time 1.973000
  m_vertexTransformMat 0.448112 0.717323 -0.533520 0.000000 -0.537208 0.693091 0.480658 0.000000 0.714565 0.071223 0.695934 0.000000 6.094013 -15.519636 -5.434525 1.000000
aniFrame
  m_time 1.989000
  m_vertexTransformMat 0.457965 0.701707 -0.545780 0.000000 -0.552484 0.705644 0.443653 0.000000 0.696441 0.098356 0.710842 0.000000 5.888551 -15.328502 -4.874751 1.000000
aniFrame
  m_time 2.005000
  m_vertexTransformMat 0.467078 0.686463 -0.557321 0.000000 -0.568067 0.715979 0.405802 0.000000 0.677598 0.127054 0.724375 0.000000 5.681009 -15.122199 -4.361889 1.000000
aniFrame
  m_time 2.021000
  m_vertexTransformMat 0.476515 0.669697 -0.569596 0.000000 -0.581669 0.725964 0.366930 0.000000 0.659238 0.156469 0.735475 0.000000 5.434908 -14.884516 -3.882857 1.000000
aniFrame
  m_time 2.037000
  m_vertexTransformMat 0.487485 0.652322 -0.580375 0.000000 -0.594393 0.734835 0.326670 0.000000 0.639574 0.185724 0.745957 0.000000 5.142886 -14.638584 -3.440303 1.000000
aniFrame
  m_time 2.053000
  m_vertexTransformMat 0.497367 0.634619 -0.591511 0.000000 -0.605609 0.742185 0.287053 0.000000 0.621180 0.215454 0.753469 0.000000 4.856792 -14.375475 -3.043643 1.000000
aniFrame
  m_time 2.069000
  m_vertexTransformMat 0.508400 0.616341 -0.601376 0.000000 -0.615550 0.748483 0.246725 0.000000 0.602186 0.244742 0.759917 0.000000 4.526613 -14.100361 -2.676932 1.000000
aniFrame
  m_time 2.085000
  m_vertexTransformMat 0.519250 0.598149 -0.610407 0.000000 -0.623955 0.753408 0.207503 0.000000 0.584003 0.273121 0.764425 0.000000 4.195261 -13.832246 -2.356233 1.000000
aniFrame
  m_time 2.101000
  m_vertexTransformMat 0.530081 0.579593 -0.618940 0.000000 -0.630716 0.757375 0.169061 0.000000 0.566756 0.300759 0.767028 0.000000 3.860096 -13.553091 -2.062038 1.000000
aniFrame
  m_time 2.117000
  m_vertexTransformMat 0.541699 0.562380 -0.624732 0.000000 -0.635886 0.760238 0.132992 0.000000 0.549737 0.325217 0.769430 0.000000 3.504013 -13.325830 -1.818982 1.000000
aniFrame
