m_aniFrameList.size 202
aniFrame
  m_time -1.066000
  m_vertexTransformMat -0.169914 0.397977 0.901523 0.000000 0.895033 0.445131 -0.027813 0.000000 -0.412365 0.802167 -0.431837 0.000000 -12.506250 21.056353 -9.824297 1.000000
aniFrame
  m_time -1.050000
  m_vertexTransformMat -0.200817 0.365992 0.908693 0.000000 0.878048 0.478571 0.001292 0.000000 -0.434402 0.798135 -0.417464 0.000000 -13.595702 20.272335 -9.707119 1.000000
aniFrame
  m_time -1.034000
  m_vertexTransformMat -0.231199 0.331957 0.914523 0.000000 0.858624 0.511647 0.031348 0.000000 -0.457506 0.792479 -0.403318 0.000000 -14.683261 19.428612 -9.626609 1.000000
aniFrame
  m_time -1.018000
  m_vertexTransformMat -0.263221 0.291974 0.919492 0.000000 0.835676 0.545231 0.066096 0.000000 -0.482038 0.785796 -0.387512 0.000000 -15.810491 18.465639 -9.565974 1.000000
aniFrame
  m_time -1.002000
  m_vertexTransformMat -0.294419 0.248405 0.922829 0.000000 0.809664 0.577824 0.102777 0.000000 -0.507702 0.777441 -0.371247 0.000000 -16.923853 17.416286 -9.537621 1.000000
aniFrame
  m_time -0.986000
  m_vertexTransformMat -0.322675 0.203109 0.924461 0.000000 0.781619 0.608019 0.139232 0.000000 -0.533810 0.767502 -0.354946 0.000000 -17.965635 16.314171 -9.527304 1.000000
aniFrame
  m_time -0.970000
  m_vertexTransformMat -0.347569 0.156709 0.924466 0.000000 0.751935 0.635596 0.174961 0.000000 -0.560169 0.755950 -0.338749 0.000000 -18.925331 15.170103 -9.530513 1.000000
aniFrame
  m_time -0.954000
  m_vertexTransformMat -0.367401 0.112062 0.923287 0.000000 0.722306 0.659759 0.207348 0.000000 -0.585911 0.743075 -0.323339 0.000000 -19.748264 14.038161 -9.520150 1.000000
aniFrame
  m_time -0.938000
  m_vertexTransformMat -0.382353 0.069506 0.921399 0.000000 0.693362 0.680717 0.236375 0.000000 -0.610782 0.729242 -0.308467 0.000000 -20.440737 12.928948 -9.485679 1.000000
aniFrame
  m_time -0.922000
  m_vertexTransformMat -0.391324 0.032481 0.919680 0.000000 0.667145 0.698377 0.259205 0.000000 -0.633864 0.714993 -0.294961 0.000000 -20.981037 11.909203 -9.405188 1.000000
aniFrame
  m_time -0.906000
  m_vertexTransformMat -0.394912 0.001070 0.918719 0.000000 0.644276 0.713212 0.276111 0.000000 -0.654946 0.700947 -0.282345 0.000000 -21.380028 10.988215 -9.264029 1.000000
aniFrame
  m_time -0.890000
  m_vertexTransformMat -0.392218 -0.020576 0.919643 0.000000 0.627052 0.725494 0.283664 0.000000 -0.673032 0.687921 -0.271649 0.000000 -21.638214 10.248068 -9.064267 1.000000
aniFrame
  m_time -0.874000
  m_vertexTransformMat -0.384077 -0.032770 0.922720 0.000000 0.615643 0.735692 0.282386 0.000000 -0.688091 0.676524 -0.262388 0.000000 -21.768299 9.691277 -8.792326 1.000000
aniFrame
  m_time -0.858000
  m_vertexTransformMat -0.371753 -0.036963 0.927596 0.000000 0.609276 0.744176 0.273834 0.000000 -0.700416 0.666960 -0.254129 0.000000 -21.802881 9.286232 -8.462708 1.000000
aniFrame
  m_time -0.842000
  m_vertexTransformMat -0.355340 -0.032824 0.934161 0.000000 0.608067 0.750902 0.257684 0.000000 -0.709921 0.659598 -0.246866 0.000000 -21.744188 9.045500 -8.074370 1.000000
aniFrame
  m_time -0.826000
  m_vertexTransformMat -0.337140 -0.024939 0.941124 0.000000 0.609174 0.756396 0.238269 0.000000 -0.717805 0.653638 -0.239818 0.000000 -21.639654 8.868404 -7.663339 1.000000
aniFrame
  m_time -0.810000
  m_vertexTransformMat -0.316867 -0.013408 0.948376 0.000000 0.612632 0.760440 0.215441 0.000000 -0.724071 0.649271 -0.232744 0.000000 -21.489676 8.757417 -7.225625 1.000000
aniFrame
  m_time -0.794000
  m_vertexTransformMat -0.295513 0.001539 0.955338 0.000000 0.617412 0.763411 0.189754 0.000000 -0.729023 0.645912 -0.226548 0.000000 -21.300421 8.701885 -6.803066 1.000000
aniFrame
  m_time -0.778000
  m_vertexTransformMat -0.271976 0.020070 0.962094 0.000000 0.623905 0.764859 0.160417 0.000000 -0.732647 0.643885 -0.220545 0.000000 -21.065575 8.713659 -6.379846 1.000000
aniFrame
  m_time -0.762000
  m_vertexTransformMat -0.248385 0.041372 0.967777 0.000000 0.630562 0.765323 0.129120 0.000000 -0.735320 0.642315 -0.216182 0.000000 -20.803499 8.766211 -6.015000 1.000000
aniFrame
  m_time -0.746000
  m_vertexTransformMat -0.222873 0.065702 0.972631 0.000000 0.637646 0.764515 0.094470 0.000000 -0.737384 0.641249 -0.212285 0.000000 -20.508520 8.869668 -5.683272 1.000000
aniFrame
  m_time -0.730000
  m_vertexTransformMat -0.197146 0.092191 0.976030 0.000000 0.645271 0.761720 0.058388 0.000000 -0.738078 0.641314 -0.209658 0.000000 -20.181726 9.025826 -5.417480 1.000000
aniFrame
  m_time -0.714000
  m_vertexTransformMat -0.171152 0.121049 0.977780 0.000000 0.651331 0.758528 0.020105 0.000000 -0.739240 0.640299 -0.208666 0.000000 -19.843567 9.199682 -5.227304 1.000000
aniFrame
  m_time -0.698000
  m_vertexTransformMat -0.143700 0.151342 0.977981 0.000000 0.657862 0.752877 -0.019845 0.000000 -0.739303 0.640524 -0.207750 0.000000 -19.470928 9.424137 -5.078949 1.000000
aniFrame
  m_time -0.682000
  m_vertexTransformMat -0.117608 0.183295 0.975998 0.000000 0.663020 0.746174 -0.060240 0.000000 -0.739305 0.640021 -0.209284 0.000000 -19.090988 9.671772 -5.023259 1.000000
aniFrame
  m_time -0.666000
  m_vertexTransformMat -0.090465 0.216087 0.972174 0.000000 0.665561 0.739286 -0.102389 0.000000 -0.740840 0.637779 -0.210698 0.000000 -18.711033 9.908034 -5.004574 1.000000
aniFrame
  m_time -0.650000
  m_vertexTransformMat -0.064639 0.249405 0.966240 0.000000 0.667292 0.730747 -0.143980 0.000000 -0.741986 0.635457 -0.213661 0.000000 -18.332485 10.166884 -5.064816 1.000000
aniFrame
  m_time -0.634000
  m_vertexTransformMat -0.039612 0.283529 0.958145 0.000000 0.666967 0.721515 -0.185933 0.000000 -0.744034 0.631686 -0.217685 0.000000 -17.952566 10.434769 -5.187994 1.000000
aniFrame
  m_time -0.618000
  m_vertexTransformMat -0.015249 0.317029 0.948294 0.000000 0.664699 0.711713 -0.227247 0.000000 -0.746956 0.626864 -0.221582 0.000000 -17.588188 10.689538 -5.352307 1.000000
aniFrame
  m_time -0.602000
  m_vertexTransformMat 0.006824 0.350870 0.936399 0.000000 0.660747 0.701291 -0.267590 0.000000 -0.750578 0.620549 -0.227051 0.000000 -17.250469 10.953204 -5.589046 1.000000
aniFrame
  m_time -0.586000
  m_vertexTransformMat 0.028328 0.383595 0.923067 0.000000 0.654289 0.691019 -0.307244 0.000000 -0.755713 0.612656 -0.231407 0.000000 -16.926674 11.193918 -5.839022 1.000000
aniFrame
  m_time -0.570000
  m_vertexTransformMat 0.046748 0.415665 0.908316 0.000000 0.646325 0.680728 -0.344780 0.000000 -0.761629 0.603185 -0.236832 0.000000 -16.653402 11.426248 -6.145865 1.000000
aniFrame
  m_time -0.554000
  m_vertexTransformMat 0.063340 0.446016 0.892781 0.000000 0.636572 0.670910 -0.380336 0.000000 -0.768612 0.592410 -0.241425 0.000000 -16.412138 11.640345 -6.453219 1.000000
aniFrame
  m_time -0.538000
  m_vertexTransformMat 0.077634 0.474964 0.876574 0.000000 0.624551 0.662161 -0.414100 0.000000 -0.777116 0.579614 -0.245233 0.000000 -16.213284 11.824832 -6.773653 1.000000
aniFrame
  m_time -0.522000
  m_vertexTransformMat 0.089740 0.507269 0.857103 0.000000 0.606480 0.654791 -0.451032 0.000000 -0.790018 0.560292 -0.248887 0.000000 -16.067360 12.016694 -7.167955 1.000000
aniFrame
  m_time -0.506000
  m_vertexTransformMat 0.099423 0.541435 0.834843 0.000000 0.582810 0.648339 -0.489887 0.000000 -0.806504 0.535261 -0.251094 0.000000 -15.971571 12.195024 -7.614756 1.000000
aniFrame
  m_time -0.490000
  m_vertexTransformMat 0.106130 0.580060 0.807630 0.000000 0.552304 0.641016 -0.532971 0.000000 -0.826859 0.502622 -0.252339 0.000000 -15.938381 12.386399 -8.159712 1.000000
aniFrame
  m_time -0.474000
  m_vertexTransformMat 0.110012 0.621628 0.775549 0.000000 0.514789 0.631837 -0.579461 0.000000 -0.850229 0.462991 -0.250498 0.000000 -15.960305 12.571133 -8.774748 1.000000
aniFrame
  m_time -0.458000
  m_vertexTransformMat 0.110018 0.662641 0.740813 0.000000 0.475394 0.619471 -0.624705 0.000000 -0.872867 0.420907 -0.246863 0.000000 -16.037054 12.751338 -9.417966 1.000000
aniFrame
  m_time -0.442000
  m_vertexTransformMat 0.107462 0.702632 0.703393 0.000000 0.432713 0.603911 -0.669366 0.000000 -0.895104 0.376298 -0.239140 0.000000 -16.163137 12.911698 -10.055560 1.000000
aniFrame
  m_time -0.426000
  m_vertexTransformMat 0.101115 0.738458 0.666676 0.000000 0.393545 0.585764 -0.708522 0.000000 -0.913728 0.334009 -0.231387 0.000000 -16.326233 13.068963 -10.671919 1.000000
aniFrame
  m_time -0.410000
  m_vertexTransformMat 0.093877 0.770609 0.630356 0.000000 0.354919 0.565649 -0.744362 0.000000 -0.930172 0.293603 -0.220402 0.000000 -16.534842 13.214359 -11.206447 1.000000
aniFrame
  m_time -0.394000
  m_vertexTransformMat 0.084165 0.796457 0.598810 0.000000 0.323241 0.546622 -0.772477 0.000000 -0.942567 0.258575 -0.211441 0.000000 -16.749807 13.351713 -11.672685 1.000000
aniFrame
  m_time -0.378000
  m_vertexTransformMat 0.075134 0.816908 0.571853 0.000000 0.298797 0.528680 -0.794492 0.000000 -0.951355 0.230561 -0.204368 0.000000 -16.949652 13.519126 -12.054440 1.000000
aniFrame
  m_time -0.362000
  m_vertexTransformMat 0.067663 0.829940 0.553734 0.000000 0.280372 0.516824 -0.808879 0.000000 -0.957503 0.209983 -0.197722 0.000000 -17.133207 13.678644 -12.266673 1.000000
aniFrame
  m_time -0.346000
  m_vertexTransformMat 0.060853 0.835633 0.545908 0.000000 0.276871 0.511328 -0.813564 0.000000 -0.958978 0.200654 -0.200246 0.000000 -17.225264 13.890943 -12.427533 1.000000
aniFrame
  m_time -0.330000
  m_vertexTransformMat 0.058552 0.835409 0.546501 0.000000 0.282373 0.511224 -0.811736 0.000000 -0.957516 0.201845 -0.205964 0.000000 -17.237768 14.173643 -12.473110 1.000000
aniFrame
  m_time -0.314000
  m_vertexTransformMat 0.056597 0.828956 0.556443 0.000000 0.298754 0.517738 -0.801682 0.000000 -0.952651 0.211613 -0.218351 0.000000 -17.190042 14.488008 -12.442014 1.000000
aniFrame
  m_time -0.298000
  m_vertexTransformMat 0.054570 0.819922 0.569869 0.000000 0.322451 0.525671 -0.787207 0.000000 -0.945012 0.226713 -0.235699 0.000000 -17.093699 14.827285 -12.410765 1.000000
aniFrame
  m_time -0.282000
  m_vertexTransformMat 0.053291 0.808131 0.586588 0.000000 0.349956 0.535054 -0.768927 0.000000 -0.935249 0.246256 -0.254296 0.000000 -16.957275 15.204502 -12.337332 1.000000
aniFrame
  m_time -0.266000
  m_vertexTransformMat 0.050993 0.793835 0.605992 0.000000 0.382723 0.544924 -0.746044 0.000000 -0.922455 0.269970 -0.276031 0.000000 -16.776989 15.608950 -12.260046 1.000000
aniFrame
  m_time -0.250000
  m_vertexTransformMat 0.048888 0.777380 0.627129 0.000000 0.418556 0.554144 -0.719539 0.000000 -0.906874 0.297665 -0.298286 0.000000 -16.559584 16.043646 -12.158792 1.000000
aniFrame
  m_time -0.234000
  m_vertexTransformMat 0.045367 0.758221 0.650418 0.000000 0.457994 0.562843 -0.688076 0.000000 -0.887797 0.329104 -0.321726 0.000000 -16.299942 16.501894 -12.040771 1.000000
aniFrame
  m_time -0.218000
  m_vertexTransformMat 0.040758 0.737397 0.674229 0.000000 0.499465 0.569396 -0.652935 0.000000 -0.865375 0.363366 -0.345096 0.000000 -16.003178 16.973354 -11.915771 1.000000
aniFrame
  m_time -0.202000
  m_vertexTransformMat 0.035210 0.714574 0.698673 0.000000 0.542008 0.573705 -0.614076 0.000000 -0.839635 0.400309 -0.367104 0.000000 -15.671361 17.453913 -11.766621 1.000000
aniFrame
  m_time -0.186000
  m_vertexTransformMat 0.027726 0.690440 0.722858 0.000000 0.585124 0.575095 -0.571748 0.000000 -0.810470 0.438814 -0.388048 0.000000 -15.307357 17.931915 -11.617274 1.000000
aniFrame
  m_time -0.170000
  m_vertexTransformMat 0.018882 0.664987 0.746616 0.000000 0.627766 0.573318 -0.526513 0.000000 -0.778173 0.478642 -0.406631 0.000000 -14.918857 18.405052 -11.454170 1.000000
aniFrame
  m_time -0.154000
  m_vertexTransformMat 0.008149 0.638577 0.769516 0.000000 0.668964 0.568499 -0.478849 0.000000 -0.743250 0.518680 -0.422552 0.000000 -14.519172 18.853998 -11.287096 1.000000
aniFrame
  m_time -0.138000
  m_vertexTransformMat -0.004362 0.611884 0.790936 0.000000 0.708382 0.560157 -0.429442 0.000000 -0.705817 0.558412 -0.435891 0.000000 -14.117569 19.289063 -11.129229 1.000000
aniFrame
  m_time -0.122000
  m_vertexTransformMat -0.018440 0.584486 0.811195 0.000000 0.744688 0.549409 -0.378934 0.000000 -0.667159 0.597100 -0.445390 0.000000 -13.728952 19.677351 -10.950158 1.000000
aniFrame
  m_time -0.106000
  m_vertexTransformMat -0.034293 0.557779 0.829281 0.000000 0.778006 0.535736 -0.328166 0.000000 -0.627320 0.633932 -0.452327 0.000000 -13.364351 20.042223 -10.791958 1.000000
aniFrame
  m_time -0.090000
  m_vertexTransformMat -0.052087 0.531033 0.845749 0.000000 0.807501 0.520678 -0.277194 0.000000 -0.587562 0.668504 -0.455930 0.000000 -13.045135 20.349745 -10.625108 1.000000
aniFrame
  m_time -0.074000
  m_vertexTransformMat -0.070543 0.505196 0.860117 0.000000 0.832851 0.504382 -0.227945 0.000000 -0.548984 0.700269 -0.456333 0.000000 -12.761102 20.615385 -10.458051 1.000000
aniFrame
  m_time -0.058000
  m_vertexTransformMat -0.091187 0.480385 0.872305 0.000000 0.854065 0.488189 -0.179569 0.000000 -0.512111 0.728631 -0.454796 0.000000 -12.558815 20.824757 -10.312515 1.000000
aniFrame
  m_time -0.042000
  m_vertexTransformMat -0.111869 0.456112 0.882863 0.000000 0.870890 0.472873 -0.133948 0.000000 -0.478578 0.753892 -0.450123 0.000000 -12.414479 20.971493 -10.152736 1.000000
aniFrame
  m_time -0.026000
  m_vertexTransformMat -0.133123 0.434064 0.890992 0.000000 0.883432 0.459470 -0.091846 0.000000 -0.449251 0.774904 -0.444632 0.000000 -12.357495 21.071148 -10.026415 1.000000
aniFrame
  m_time -0.010000
  m_vertexTransformMat -0.154239 0.412854 0.897643 0.000000 0.892292 0.448350 -0.052890 0.000000 -0.424294 0.792801 -0.437539 0.000000 -12.376155 21.108948 -9.898715 1.000000
aniFrame
  m_time 0.005000
  m_vertexTransformMat -0.178527 0.390118 0.903292 0.000000 0.895272 0.445256 -0.015358 0.000000 -0.408187 0.805950 -0.428752 0.000000 -12.620100 20.999565 -9.794168 1.000000
aniFrame
  m_time 0.021000
  m_vertexTransformMat -0.206312 0.364380 0.908109 0.000000 0.892115 0.451291 0.021598 0.000000 -0.401952 0.814594 -0.418176 0.000000 -13.117435 20.712637 -9.713148 1.000000
aniFrame
  m_time 0.037000
  m_vertexTransformMat -0.237500 0.334001 0.912161 0.000000 0.882450 0.466707 0.058872 0.000000 -0.406049 0.818918 -0.405582 0.000000 -13.867528 20.220497 -9.658186 1.000000
aniFrame
  m_time 0.053000
  m_vertexTransformMat -0.272391 0.296861 0.915246 0.000000 0.864779 0.492576 0.097604 0.000000 -0.421854 0.818072 -0.390893 0.000000 -14.901155 19.463425 -9.643456 1.000000
aniFrame
  m_time 0.069000
  m_vertexTransformMat -0.306265 0.255625 0.916983 0.000000 0.841246 0.523519 0.135029 0.000000 -0.445541 0.812763 -0.375379 0.000000 -16.041533 18.521601 -9.654008 1.000000
aniFrame
  m_time 0.085000
  m_vertexTransformMat -0.337488 0.210121 0.917579 0.000000 0.811906 0.558249 0.170785 0.000000 -0.476351 0.802626 -0.359001 0.000000 -17.239088 17.388351 -9.677869 1.000000
aniFrame
  m_time 0.101000
  m_vertexTransformMat -0.363545 0.162985 0.917209 0.000000 0.778818 0.593409 0.203245 0.000000 -0.511154 0.788227 -0.342666 0.000000 -18.380419 16.133383 -9.694798 1.000000
aniFrame
  m_time 0.117000
  m_vertexTransformMat -0.383093 0.115396 0.916474 0.000000 0.743294 0.627564 0.231684 0.000000 -0.548410 0.769966 -0.326188 0.000000 -19.401928 14.790016 -9.673039 1.000000
aniFrame
  m_time 0.133000
  m_vertexTransformMat -0.395472 0.070279 0.915786 0.000000 0.707743 0.658816 0.255072 0.000000 -0.585407 0.749014 -0.310282 0.000000 -20.260622 13.438436 -9.606176 1.000000
aniFrame
  m_time 0.149000
  m_vertexTransformMat -0.400528 0.030072 0.915791 0.000000 0.674550 0.686099 0.272490 0.000000 -0.620129 0.726887 -0.295086 0.000000 -20.922138 12.153779 -9.467571 1.000000
aniFrame
  m_time 0.165000
  m_vertexTransformMat -0.399037 -0.002809 0.916931 0.000000 0.645942 0.708881 0.283277 0.000000 -0.650791 0.705322 -0.281055 0.000000 -21.392469 11.011843 -9.264229 1.000000
aniFrame
  m_time 0.181000
  m_vertexTransformMat -0.391930 -0.023815 0.919687 0.000000 0.625905 0.725754 0.285526 0.000000 -0.674266 0.687542 -0.269539 0.000000 -21.665567 10.159299 -9.008123 1.000000
aniFrame
  m_time 0.197000
  m_vertexTransformMat -0.380639 -0.034924 0.924064 0.000000 0.613267 0.738384 0.280523 0.000000 -0.692111 0.673476 -0.259640 0.000000 -21.789610 9.547691 -8.692978 1.000000
aniFrame
  m_time 0.213000
  m_vertexTransformMat -0.366287 -0.036587 0.929783 0.000000 0.607863 0.747137 0.268867 0.000000 -0.704512 0.663662 -0.251427 0.000000 -21.797226 9.170467 -8.334107 1.000000
aniFrame
  m_time 0.229000
  m_vertexTransformMat -0.349385 -0.030450 0.936485 0.000000 0.608221 0.752906 0.251397 0.000000 -0.712740 0.657423 -0.244533 0.000000 -21.713249 8.981358 -7.939011 1.000000
aniFrame
  m_time 0.245000
  m_vertexTransformMat -0.330559 -0.021530 0.943540 0.000000 0.610101 0.757891 0.231036 0.000000 -0.720075 0.652026 -0.237392 0.000000 -21.594488 8.823931 -7.518108 1.000000
aniFrame
  m_time 0.261000
  m_vertexTransformMat -0.309854 -0.008776 0.950744 0.000000 0.614116 0.761538 0.207174 0.000000 -0.725846 0.648061 -0.230576 0.000000 -21.430601 8.733467 -7.081935 1.000000
aniFrame
  m_time 0.277000
  m_vertexTransformMat -0.287838 0.007335 0.957651 0.000000 0.619435 0.764057 0.180329 0.000000 -0.730377 0.645108 -0.224468 0.000000 -21.226742 8.698906 -6.659985 1.000000
aniFrame
  m_time 0.293000
  m_vertexTransformMat -0.264038 0.026912 0.964136 0.000000 0.626185 0.765083 0.150131 0.000000 -0.733604 0.643369 -0.218863 0.000000 -20.980145 8.728266 -6.249277 1.000000
aniFrame
  m_time 0.309000
  m_vertexTransformMat -0.240140 0.049144 0.969494 0.000000 0.632816 0.765265 0.117954 0.000000 -0.736123 0.641836 -0.214870 0.000000 -20.709686 8.793545 -5.901535 1.000000
aniFrame
  m_time 0.325000
  m_vertexTransformMat -0.214131 0.074368 0.973970 0.000000 0.640197 0.763775 0.082432 0.000000 -0.737764 0.641184 -0.211158 0.000000 -20.401909 8.917625 -5.583791 1.000000
aniFrame
  m_time 0.341000
  m_vertexTransformMat -0.188737 0.101519 0.976766 0.000000 0.647423 0.760739 0.046033 0.000000 -0.738391 0.641069 -0.209306 0.000000 -20.071302 9.080664 -5.349777 1.000000
aniFrame
  m_time 0.357000
  m_vertexTransformMat -0.161986 0.131095 0.978047 0.000000 0.653353 0.757024 0.006740 0.000000 -0.739520 0.640101 -0.208278 0.000000 -19.723598 9.267856 -5.171074 1.000000
aniFrame
  m_time 0.373000
  m_vertexTransformMat -0.134943 0.161731 0.977565 0.000000 0.659981 0.750555 -0.033070 0.000000 -0.739064 0.640712 -0.208021 0.000000 -19.342907 9.507955 -5.051305 1.000000
aniFrame
  m_time 0.389000
  m_vertexTransformMat -0.108742 0.194266 0.974903 0.000000 0.664025 0.744021 -0.074193 0.000000 -0.739761 0.639292 -0.209904 0.000000 -18.965635 9.750782 -5.015306 1.000000
aniFrame
  m_time 0.405000
  m_vertexTransformMat -0.081493 0.226978 0.970485 0.000000 0.666287 0.736567 -0.116320 0.000000 -0.741229 0.637142 -0.211257 0.000000 -18.583136 9.990659 -5.010680 1.000000
aniFrame
  m_time 0.421000
  m_vertexTransformMat -0.056422 0.260814 0.963739 0.000000 0.667471 0.727710 -0.157861 0.000000 -0.742495 0.634362 -0.215144 0.000000 -18.207157 10.257572 -5.104535 1.000000
aniFrame
  m_time 0.437000
  m_vertexTransformMat -0.031017 0.294673 0.955095 0.000000 0.666298 0.718365 -0.199997 0.000000 -0.745040 0.630175 -0.218622 0.000000 -17.825546 10.518678 -5.229804 1.000000
aniFrame
  m_time 0.453000
  m_vertexTransformMat -0.007836 0.328307 0.944539 0.000000 0.663661 0.708259 -0.240675 0.000000 -0.747993 0.624967 -0.223434 0.000000 -17.474796 10.777438 -5.428072 1.000000
aniFrame
  m_time 0.469000
  m_vertexTransformMat 0.014321 0.361951 0.932087 0.000000 0.658740 0.697877 -0.281123 0.000000 -0.752234 0.618029 -0.228437 0.000000 -17.137421 11.036543 -5.666205 1.000000
aniFrame
  m_time 0.485000
  m_vertexTransformMat 0.034757 0.394306 0.918322 0.000000 0.651850 0.687573 -0.319899 0.000000 -0.757551 0.609727 -0.233131 0.000000 -16.830517 11.271173 -5.936475 1.000000
aniFrame
  m_time 0.501000
  m_vertexTransformMat 0.052509 0.426257 0.903077 0.000000 0.643119 0.677392 -0.357126 0.000000 -0.763964 0.599538 -0.238564 0.000000 -16.569719 11.503172 -6.251705 1.000000
aniFrame
  m_time 0.517000
  m_vertexTransformMat 0.068360 0.455495 0.887610 0.000000 0.633042 0.667840 -0.391470 0.000000 -0.771093 0.588655 -0.242693 0.000000 -16.340176 11.702485 -6.554204 1.000000
aniFrame
  m_time 0.533000
  m_vertexTransformMat 0.081894 0.485480 0.870404 0.000000 0.619211 0.659540 -0.426128 0.000000 -0.780943 0.573861 -0.246601 0.000000 -16.159424 11.889811 -6.899077 1.000000
aniFrame
  m_time 0.549000
  m_vertexTransformMat 0.093285 0.518333 0.850076 0.000000 0.599229 0.652620 -0.463693 0.000000 -0.795124 0.552646 -0.249721 0.000000 -16.029079 12.076193 -7.308752 1.000000
aniFrame
  m_time 0.565000
  m_vertexTransformMat 0.101941 0.553728 0.826435 0.000000 0.573579 0.646048 -0.503616 0.000000 -0.812783 0.525364 -0.251748 0.000000 -15.953677 12.257667 -7.784878 1.000000
aniFrame
  m_time 0.581000
  m_vertexTransformMat 0.107833 0.593804 0.797351 0.000000 0.540283 0.638252 -0.548387 0.000000 -0.834546 0.489929 -0.251997 0.000000 -15.939631 12.448746 -8.359015 1.000000
aniFrame
  m_time 0.597000
  m_vertexTransformMat 0.110364 0.635405 0.764252 0.000000 0.501865 0.628089 -0.594673 0.000000 -0.857876 0.449181 -0.249569 0.000000 -15.979793 12.632130 -8.988362 1.000000
aniFrame
  m_time 0.613000
  m_vertexTransformMat 0.109563 0.676254 0.728476 0.000000 0.461222 0.614623 -0.639932 0.000000 -0.880494 0.406102 -0.244563 0.000000 -16.074287 12.806609 -9.631388 1.000000
aniFrame
  m_time 0.629000
  m_vertexTransformMat 0.105673 0.715095 0.690994 0.000000 0.419111 0.598123 -0.683078 0.000000 -0.901765 0.361786 -0.236498 0.000000 -16.213472 12.963492 -10.265634 1.000000
aniFrame
  m_time 0.645000
  m_vertexTransformMat 0.098864 0.749692 0.654361 0.000000 0.380479 0.579139 -0.720996 0.000000 -0.919490 0.320251 -0.227985 0.000000 -16.391651 13.119698 -10.859870 1.000000
aniFrame
  m_time 0.661000
  m_vertexTransformMat 0.090946 0.780014 0.619118 0.000000 0.343133 0.559080 -0.754779 0.000000 -0.934874 0.281083 -0.216802 0.000000 -16.608866 13.258830 -11.366880 1.000000
aniFrame
  m_time 0.677000
  m_vertexTransformMat 0.080820 0.803901 0.589247 0.000000 0.314655 0.540372 -0.780379 0.000000 -0.945759 0.248480 -0.209279 0.000000 -16.817144 13.405557 -11.817408 1.000000
aniFrame
  m_time 0.693000
  m_vertexTransformMat 0.072679 0.822215 0.564518 0.000000 0.291586 0.523767 -0.800403 0.000000 -0.953780 0.222778 -0.201679 0.000000 -17.014788 13.574344 -12.141082 1.000000
aniFrame
  m_time 0.709000
  m_vertexTransformMat 0.065017 0.832546 0.550126 0.000000 0.277577 0.514446 -0.811355 0.000000 -0.958501 0.205454 -0.197647 0.000000 -17.176765 13.738653 -12.325769 1.000000
aniFrame
  m_time 0.725000
  m_vertexTransformMat 0.059625 0.836188 0.545192 0.000000 0.278167 0.510611 -0.813572 0.000000 -0.958680 0.200164 -0.202155 0.000000 -17.234009 13.981275 -12.460266 1.000000
aniFrame
  m_time 0.741000
  m_vertexTransformMat 0.058081 0.833845 0.548935 0.000000 0.286336 0.512845 -0.809322 0.000000 -0.956367 0.204186 -0.208973 0.000000 -17.229910 14.274873 -12.463009 1.000000
aniFrame
  m_time 0.757000
  m_vertexTransformMat 0.055717 0.826036 0.560857 0.000000 0.306448 0.520469 -0.796996 0.000000 -0.950256 0.216279 -0.224138 0.000000 -17.161142 14.598397 -12.433904 1.000000
aniFrame
  m_time 0.773000
  m_vertexTransformMat 0.054282 0.816437 0.574879 0.000000 0.330847 0.528501 -0.781811 0.000000 -0.942122 0.232635 -0.241428 0.000000 -17.054089 14.948524 -12.389252 1.000000
aniFrame
  m_time 0.789000
  m_vertexTransformMat 0.052557 0.803515 0.592960 0.000000 0.360502 0.538473 -0.761634 0.000000 -0.931277 0.253793 -0.261368 0.000000 -16.901068 15.337309 -12.311187 1.000000
aniFrame
  m_time 0.805000
  m_vertexTransformMat 0.050355 0.788732 0.612673 0.000000 0.394199 0.547949 -0.737808 0.000000 -0.917645 0.278667 -0.283325 0.000000 -16.709579 15.749183 -12.230597 1.000000
aniFrame
  m_time 0.821000
  m_vertexTransformMat 0.047921 0.771212 0.634773 0.000000 0.431380 0.557201 -0.709534 0.000000 -0.900897 0.307830 -0.305984 0.000000 -16.477331 16.195450 -12.119409 1.000000
aniFrame
  m_time 0.837000
  m_vertexTransformMat 0.043847 0.751509 0.658265 0.000000 0.471631 0.565283 -0.676772 0.000000 -0.880705 0.340132 -0.329649 0.000000 -16.205360 16.655825 -12.002335 1.000000
aniFrame
  m_time 0.853000
  m_vertexTransformMat 0.039097 0.729993 0.682336 0.000000 0.513571 0.571084 -0.640397 0.000000 -0.857156 0.375466 -0.352576 0.000000 -15.896120 17.134325 -11.867756 1.000000
aniFrame
  m_time 0.869000
  m_vertexTransformMat 0.032849 0.706637 0.706814 0.000000 0.556322 0.574587 -0.600298 0.000000 -0.830318 0.412935 -0.374242 0.000000 -15.553870 17.611057 -11.716670 1.000000
aniFrame
  m_time 0.885000
  m_vertexTransformMat 0.024961 0.682126 0.730809 0.000000 0.599475 0.574801 -0.556986 0.000000 -0.800004 0.452004 -0.394570 0.000000 -15.179616 18.092552 -11.565362 1.000000
aniFrame
  m_time 0.901000
  m_vertexTransformMat 0.015500 0.656176 0.754449 0.000000 0.641615 0.572176 -0.510827 0.000000 -0.766870 0.491984 -0.412143 0.000000 -14.787140 18.554144 -11.395316 1.000000
aniFrame
  m_time 0.917000
  m_vertexTransformMat 0.004182 0.629762 0.776777 0.000000 0.682384 0.566022 -0.462569 0.000000 -0.730982 0.531995 -0.427373 0.000000 -14.384315 19.003139 -11.235877 1.000000
aniFrame
  m_time 0.933000
  m_vertexTransformMat -0.008928 0.602744 0.797885 0.000000 0.720829 0.556902 -0.412633 0.000000 -0.693056 0.571455 -0.439447 0.000000 -13.987203 19.421755 -11.069949 1.000000
aniFrame
  m_time 0.949000
  m_vertexTransformMat -0.023459 0.575512 0.817457 0.000000 0.756148 0.545109 -0.362072 0.000000 -0.653980 0.609625 -0.447960 0.000000 -13.602707 19.802923 -10.894954 1.000000
aniFrame
  m_time 0.965000
  m_vertexTransformMat -0.040141 0.548909 0.834919 0.000000 0.788316 0.530831 -0.311089 0.000000 -0.613960 0.645692 -0.454021 0.000000 -13.254535 20.151882 -10.740358 1.000000
aniFrame
  m_time 0.981000
  m_vertexTransformMat -0.058070 0.522232 0.850825 0.000000 0.816399 0.515347 -0.260597 0.000000 -0.574561 0.679479 -0.456276 0.000000 -12.943937 20.442368 -10.566007 1.000000
aniFrame
  m_time 0.997000
  m_vertexTransformMat -0.077209 0.496924 0.864353 0.000000 0.840395 0.498897 -0.211751 0.000000 -0.536447 0.710048 -0.456132 0.000000 -12.684326 20.693480 -10.410203 1.000000
aniFrame
  m_time 1.013000
  m_vertexTransformMat -0.098105 0.472110 0.876064 0.000000 0.860170 0.482943 -0.163933 0.000000 -0.500483 0.737481 -0.453474 0.000000 -12.503559 20.879271 -10.258196 1.000000
aniFrame
  m_time 1.029000
  m_vertexTransformMat -0.118860 0.448513 0.885837 0.000000 0.875505 0.468180 -0.119574 0.000000 -0.468362 0.761343 -0.448323 0.000000 -12.385303 21.009764 -10.106478 1.000000
aniFrame
  m_time 1.045000
  m_vertexTransformMat -0.140079 0.427025 0.893324 0.000000 0.886876 0.455279 -0.078564 0.000000 -0.440261 0.781262 -0.442493 0.000000 -12.350051 21.094404 -9.984365 1.000000
aniFrame
  m_time 1.061000
  m_vertexTransformMat -0.161795 0.405546 0.899642 0.000000 0.894053 0.446142 -0.040325 0.000000 -0.417722 0.797802 -0.434763 0.000000 -12.424371 21.092869 -9.858849 1.000000
aniFrame
  m_time 1.077000
  m_vertexTransformMat -0.187450 0.381947 0.904975 0.000000 0.894879 0.446298 -0.003002 0.000000 -0.405035 0.809280 -0.425455 0.000000 -12.759421 20.924223 -9.765464 1.000000
aniFrame
  m_time 1.093000
  m_vertexTransformMat -0.216291 0.354861 0.909556 0.000000 0.889684 0.455315 0.033925 0.000000 -0.402096 0.816554 -0.414195 0.000000 -13.337634 20.573769 -9.690704 1.000000
aniFrame
  m_time 1.109000
  m_vertexTransformMat -0.248885 0.322334 0.913322 0.000000 0.877416 0.474343 0.071694 0.000000 -0.410118 0.819207 -0.400878 0.000000 -14.186071 19.996376 -9.649022 1.000000
aniFrame
  m_time 1.125000
  m_vertexTransformMat -0.284062 0.283366 0.915976 0.000000 0.857416 0.502641 0.110404 0.000000 -0.429123 0.816735 -0.385744 0.000000 -15.280085 19.163858 -9.645583 1.000000
aniFrame
  m_time 1.141000
  m_vertexTransformMat -0.316985 0.240987 0.917304 0.000000 0.832159 0.534673 0.147097 0.000000 -0.455009 0.809969 -0.370022 0.000000 -16.434441 18.167204 -9.660571 1.000000
aniFrame
  m_time 1.157000
  m_vertexTransformMat -0.346939 0.194302 0.917540 0.000000 0.801056 0.570204 0.182145 0.000000 -0.487794 0.798194 -0.353473 0.000000 -17.635370 16.975281 -9.686285 1.000000
aniFrame
  m_time 1.173000
  m_vertexTransformMat -0.370753 0.147264 0.916982 0.000000 0.767309 0.604833 0.213103 0.000000 -0.523239 0.782617 -0.337241 0.000000 -18.732141 15.698359 -9.692195 1.000000
aniFrame
  m_time 1.189000
  m_vertexTransformMat -0.388079 0.099740 0.916213 0.000000 0.731169 0.638515 0.240190 0.000000 -0.561059 0.763119 -0.320721 0.000000 -19.711277 14.330486 -9.656208 1.000000
aniFrame
  m_time 1.205000
  m_vertexTransformMat -0.397917 0.056493 0.915681 0.000000 0.696515 0.668214 0.261451 0.000000 -0.597100 0.741821 -0.305241 0.000000 -20.500429 13.007232 -9.569584 1.000000
aniFrame
  m_time 1.221000
  m_vertexTransformMat -0.400715 0.017953 0.916027 0.000000 0.664221 0.694338 0.276955 0.000000 -0.631061 0.719424 -0.290156 0.000000 -21.101276 11.746741 -9.405081 1.000000
aniFrame
  m_time 1.237000
  m_vertexTransformMat -0.397256 -0.011055 0.917642 0.000000 0.638341 0.715066 0.284958 0.000000 -0.659325 0.698969 -0.277008 0.000000 -21.504129 10.696918 -9.186885 1.000000
aniFrame
  m_time 1.253000
  m_vertexTransformMat -0.388538 -0.028504 0.920992 0.000000 0.620951 0.730372 0.284565 0.000000 -0.680778 0.682455 -0.266077 0.000000 -21.720358 9.931834 -8.908309 1.000000
aniFrame
  m_time 1.269000
  m_vertexTransformMat -0.376228 -0.036738 0.925799 0.000000 0.610480 0.741818 0.277525 0.000000 -0.696970 0.669595 -0.256665 0.000000 -21.807102 9.388880 -8.579146 1.000000
aniFrame
  m_time 1.285000
  m_vertexTransformMat -0.360865 -0.035063 0.931959 0.000000 0.607644 0.749233 0.263474 0.000000 -0.707493 0.661377 -0.249066 0.000000 -21.775354 9.097339 -8.204972 1.000000
aniFrame
  m_time 1.301000
  m_vertexTransformMat -0.343405 -0.027872 0.938774 0.000000 0.608581 0.754713 0.245027 0.000000 -0.715334 0.655463 -0.242210 0.000000 -21.678585 8.922431 -7.803552 1.000000
aniFrame
  m_time 1.317000
  m_vertexTransformMat -0.323779 -0.017673 0.945968 0.000000 0.611276 0.759231 0.223407 0.000000 -0.722156 0.650582 -0.235020 0.000000 -21.544325 8.787305 -7.371460 1.000000
aniFrame
  m_time 1.333000
  m_vertexTransformMat -0.302811 -0.003814 0.953043 0.000000 0.615667 0.762552 0.198668 0.000000 -0.727502 0.646916 -0.228561 0.000000 -21.368031 8.714083 -6.942787 1.000000
aniFrame
  m_time 1.349000
  m_vertexTransformMat -0.279947 0.013528 0.959920 0.000000 0.621629 0.764528 0.170515 0.000000 -0.731579 0.644449 -0.222436 0.000000 -21.148109 8.703362 -6.517721 1.000000
aniFrame
  m_time 1.365000
  m_vertexTransformMat -0.256220 0.034004 0.966020 0.000000 0.628402 0.765235 0.139736 0.000000 -0.734481 0.642852 -0.217436 0.000000 -20.892851 8.745688 -6.128367 1.000000
aniFrame
  m_time 1.381000
  m_vertexTransformMat -0.231590 0.057273 0.971126 0.000000 0.635178 0.765008 0.106358 0.000000 -0.736827 0.641470 -0.213547 0.000000 -20.611288 8.828081 -5.790083 1.000000
aniFrame
  m_time 1.397000
  m_vertexTransformMat -0.205518 0.083205 0.975110 0.000000 0.642782 0.762809 0.070386 0.000000 -0.737966 0.641248 -0.210254 0.000000 -20.292406 8.970580 -5.494423 1.000000
aniFrame
  m_time 1.413000
  m_vertexTransformMat -0.180090 0.111164 0.977349 0.000000 0.649391 0.759728 0.033248 0.000000 -0.738823 0.640668 -0.209008 0.000000 -19.959154 9.137789 -5.286997 1.000000
aniFrame
  m_time 1.429000
  m_vertexTransformMat -0.152754 0.141218 0.978123 0.000000 0.655525 0.755145 -0.006652 0.000000 -0.739563 0.640167 -0.207923 0.000000 -19.599131 9.342826 -5.120426 1.000000
aniFrame
  m_time 1.445000
  m_vertexTransformMat -0.126304 0.172417 0.976893 0.000000 0.661695 0.748329 -0.046525 0.000000 -0.739058 0.640529 -0.208604 0.000000 -19.216438 9.590889 -5.034232 1.000000
aniFrame
  m_time 1.461000
  m_vertexTransformMat -0.099674 0.205232 0.973625 0.000000 0.664822 0.741765 -0.088297 0.000000 -0.740322 0.638486 -0.210377 0.000000 -18.839300 9.828986 -5.008967 1.000000
aniFrame
  m_time 1.477000
  m_vertexTransformMat -0.072941 0.238101 0.968498 0.000000 0.666883 0.733708 -0.130154 0.000000 -0.741585 0.636381 -0.212302 0.000000 -18.457417 10.077397 -5.032125 1.000000
aniFrame
  m_time 1.493000
  m_vertexTransformMat -0.048130 0.272226 0.961029 0.000000 0.667377 0.724625 -0.171837 0.000000 -0.743164 0.633098 -0.216553 0.000000 -18.080616 10.347567 -5.147008 1.000000
aniFrame
  m_time 1.509000
  m_vertexTransformMat -0.022929 0.305820 0.951813 0.000000 0.665557 0.715091 -0.213727 0.000000 -0.745995 0.628586 -0.219937 0.000000 -17.704546 10.603269 -5.285162 1.000000
aniFrame
  m_time 1.525000
  m_vertexTransformMat -0.000533 0.339616 0.940564 0.000000 0.662372 0.704768 -0.254100 0.000000 -0.749175 0.622867 -0.225328 0.000000 -17.362751 10.865979 -5.508540 1.000000
aniFrame
  m_time 1.541000
  m_vertexTransformMat 0.021523 0.372831 0.927650 0.000000 0.656577 0.694456 -0.294343 0.000000 -0.753952 0.615409 -0.229846 0.000000 -17.028965 11.116161 -5.748777 1.000000
aniFrame
  m_time 1.557000
  m_vertexTransformMat 0.040866 0.404996 0.913405 0.000000 0.649216 0.684134 -0.332386 0.000000 -0.759506 0.606580 -0.234972 0.000000 -16.739824 11.348616 -6.039602 1.000000
aniFrame
  m_time 1.573000
  m_vertexTransformMat 0.058059 0.436357 0.897899 0.000000 0.639871 0.674109 -0.368975 0.000000 -0.766286 0.595961 -0.240074 0.000000 -16.488916 11.574594 -6.353501 1.000000
aniFrame
  m_time 1.589000
  m_vertexTransformMat 0.073123 0.465056 0.882256 0.000000 0.629097 0.664922 -0.402636 0.000000 -0.773879 0.584467 -0.243944 0.000000 -16.273693 11.763204 -6.659862 1.000000
aniFrame
  m_time 1.605000
  m_vertexTransformMat 0.085930 0.496359 0.863854 0.000000 0.613131 0.657079 -0.438539 0.000000 -0.785293 0.567340 -0.247870 0.000000 -16.111059 11.955048 -7.032142 1.000000
aniFrame
  m_time 1.621000
  m_vertexTransformMat 0.096526 0.529679 0.842688 0.000000 0.591349 0.650498 -0.476612 0.000000 -0.800618 0.544328 -0.250435 0.000000 -15.996920 12.135097 -7.456871 1.000000
aniFrame
  m_time 1.637000
  m_vertexTransformMat 0.104132 0.566644 0.817356 0.000000 0.563484 0.643584 -0.517962 0.000000 -0.819538 0.514504 -0.252277 0.000000 -15.943090 12.322752 -7.967871 1.000000
aniFrame
  m_time 1.653000
  m_vertexTransformMat 0.109151 0.607712 0.786621 0.000000 0.527687 0.635212 -0.563961 0.000000 -0.842397 0.476646 -0.251347 0.000000 -15.946919 12.510172 -8.564485 1.000000
aniFrame
  m_time 1.669000
  m_vertexTransformMat 0.110249 0.648983 0.752772 0.000000 0.489006 0.623959 -0.609548 0.000000 -0.865285 0.435312 -0.248566 0.000000 -16.005405 12.693183 -9.203632 1.000000
aniFrame
  m_time 1.685000
  m_vertexTransformMat 0.108743 0.689638 0.715943 0.000000 0.446871 0.609427 -0.654909 0.000000 -0.887965 0.391151 -0.241908 0.000000 -16.116526 12.859766 -9.843987 1.000000
aniFrame
  m_time 1.701000
  m_vertexTransformMat 0.103397 0.726927 0.678886 0.000000 0.406360 0.592110 -0.695900 0.000000 -0.907844 0.347826 -0.234171 0.000000 -16.266932 13.016394 -10.473228 1.000000
aniFrame
  m_time 1.717000
  m_vertexTransformMat 0.096490 0.760459 0.642178 0.000000 0.367490 0.572384 -0.733027 0.000000 -0.925009 0.306724 -0.224231 0.000000 -16.461744 13.168170 -11.037801 1.000000
aniFrame
  m_time 1.733000
  m_vertexTransformMat 0.087661 0.788560 0.608678 0.000000 0.332555 0.552809 -0.764074 0.000000 -0.939001 0.269398 -0.213779 0.000000 -16.680931 13.303164 -11.520835 1.000000
aniFrame
  m_time 1.749000
  m_vertexTransformMat 0.077807 0.810762 0.580183 0.000000 0.306531 0.534302 -0.787756 0.000000 -0.948675 0.239138 -0.206951 0.000000 -16.883615 13.462198 -11.946257 1.000000
aniFrame
  m_time 1.765000
  m_vertexTransformMat 0.070259 0.826564 0.558441 0.000000 0.285228 0.519804 -0.805263 0.000000 -0.955881 0.215860 -0.199238 0.000000 -17.077322 13.626728 -12.208722 1.000000
aniFrame
  m_time 1.781000
  m_vertexTransformMat 0.062740 0.834389 0.547594 0.000000 0.276688 0.512626 -0.812809 0.000000 -0.958909 0.202508 -0.198703 0.000000 -17.206076 13.813191 -12.382134 1.000000
aniFrame
  m_time 1.797000
  m_vertexTransformMat 0.058968 0.836105 0.545390 0.000000 0.280140 0.510527 -0.812947 0.000000 -0.958146 0.200724 -0.204122 0.000000 -17.236425 14.079147 -12.476623 1.000000
aniFrame
  m_time 1.813000
  m_vertexTransformMat 0.057251 0.831763 0.552170 0.000000 0.290944 0.515171 -0.806195 0.000000 -0.955025 0.206806 -0.212502 0.000000 -17.220518 14.361359 -12.442632 1.000000
aniFrame
  m_time 1.829000
  m_vertexTransformMat 0.054512 0.823148 0.565205 0.000000 0.311393 0.523803 -0.792884 0.000000 -0.948716 0.219223 -0.227769 0.000000 -17.151978 14.654302 -12.388003 1.000000
aniFrame
  m_time 1.845000
  m_vertexTransformMat 0.052613 0.812636 0.580392 0.000000 0.333498 0.533531 -0.777254 0.000000 -0.941281 0.234453 -0.242942 0.000000 -17.062256 14.949308 -12.284946 1.000000
aniFrame
  m_time 1.861000
  m_vertexTransformMat 0.049795 0.799017 0.599244 0.000000 0.359897 0.545326 -0.757030 0.000000 -0.931662 0.253363 -0.260409 0.000000 -16.942753 15.252246 -12.148174 1.000000
aniFrame
  m_time 1.877000
  m_vertexTransformMat 0.046904 0.783497 0.619623 0.000000 0.388886 0.557044 -0.733805 0.000000 -0.920091 0.275381 -0.278563 0.000000 -16.801479 15.565092 -11.992510 1.000000
aniFrame
  m_time 1.893000
  m_vertexTransformMat 0.042923 0.765037 0.642556 0.000000 0.421157 0.569356 -0.706018 0.000000 -0.905972 0.300921 -0.297762 0.000000 -16.634819 15.892783 -11.810779 1.000000
aniFrame
  m_time 1.909000
  m_vertexTransformMat 0.037645 0.744601 0.666448 0.000000 0.455793 0.580712 -0.674557 0.000000 -0.889289 0.329156 -0.317523 0.000000 -16.445421 16.225643 -11.626879 1.000000
aniFrame
  m_time 1.925000
  m_vertexTransformMat 0.031520 0.722068 0.691104 0.000000 0.492096 0.590627 -0.639532 0.000000 -0.869970 0.360248 -0.336710 0.000000 -16.234522 16.569263 -11.428713 1.000000
aniFrame
  m_time 1.941000
  m_vertexTransformMat 0.023652 0.697767 0.715935 0.000000 0.529742 0.598583 -0.600893 0.000000 -0.847829 0.393473 -0.355479 0.000000 -16.001184 16.913931 -11.235722 1.000000
aniFrame
  m_time 1.957000
  m_vertexTransformMat 0.014430 0.672070 0.740347 0.000000 0.568181 0.603756 -0.559151 0.000000 -0.822777 0.428719 -0.373145 0.000000 -15.746946 17.268795 -11.048797 1.000000
aniFrame
  m_time 1.973000
  m_vertexTransformMat 0.003519 0.644989 0.764183 0.000000 0.606609 0.606150 -0.514399 0.000000 -0.794992 0.465371 -0.389123 0.000000 -15.480914 17.617992 -10.870443 1.000000
aniFrame
  m_time 1.989000
  m_vertexTransformMat -0.009049 0.617444 0.786563 0.000000 0.644837 0.604797 -0.467340 0.000000 -0.764267 0.502976 -0.403623 0.000000 -15.205641 17.978327 -10.722001 1.000000
aniFrame
  m_time 2.005000
  m_vertexTransformMat -0.023157 0.589116 0.807717 0.000000 0.681893 0.600135 -0.418164 0.000000 -0.731086 0.541093 -0.415611 0.000000 -14.926064 18.328503 -10.577658 1.000000
aniFrame
  m_time 2.021000
  m_vertexTransformMat -0.038630 0.561148 0.826814 0.000000 0.717529 0.591449 -0.367885 0.000000 -0.695456 0.579052 -0.425487 0.000000 -14.642886 18.686180 -10.459813 1.000000
aniFrame
  m_time 2.037000
  m_vertexTransformMat -0.055863 0.533468 0.843974 0.000000 0.751313 0.579175 -0.316361 0.000000 -0.657577 0.616416 -0.433156 0.000000 -14.361835 19.037277 -10.356812 1.000000
aniFrame
  m_time 2.053000
  m_vertexTransformMat -0.073534 0.506581 0.859052 0.000000 0.782505 0.563336 -0.265216 0.000000 -0.618288 0.652709 -0.437826 0.000000 -14.064639 19.385353 -10.252462 1.000000
aniFrame
  m_time 2.069000
  m_vertexTransformMat -0.092872 0.481284 0.871632 0.000000 0.811222 0.544160 -0.214031 0.000000 -0.577316 0.687209 -0.440965 0.000000 -13.774079 19.734241 -10.175655 1.000000
aniFrame
  m_time 2.085000
  m_vertexTransformMat -0.112287 0.457038 0.882331 0.000000 0.836863 0.522260 -0.164025 0.000000 -0.535772 0.719972 -0.441121 0.000000 -13.469174 20.069895 -10.083749 1.000000
