m_aniFrameList.size 202
aniFrame
  m_time -1.066000
  m_vertexTransformMat -0.154779 0.202142 0.967048 0.000000 0.880658 0.471858 0.042319 0.000000 -0.447755 0.858189 -0.251051 0.000000 -12.461391 17.003992 -6.736945 1.000000
aniFrame
  m_time -1.050000
  m_vertexTransformMat -0.179515 0.169092 0.969114 0.000000 0.861429 0.502771 0.071844 0.000000 -0.475095 0.847720 -0.235916 0.000000 -13.453946 16.139488 -6.731406 1.000000
aniFrame
  m_time -1.034000
  m_vertexTransformMat -0.203353 0.134374 0.969841 0.000000 0.839811 0.533170 0.102216 0.000000 -0.503354 0.835269 -0.221271 0.000000 -14.434575 15.221038 -6.764809 1.000000
aniFrame
  m_time -1.018000
  m_vertexTransformMat -0.228256 0.093996 0.969053 0.000000 0.814558 0.563625 0.137195 0.000000 -0.533287 0.820666 -0.205216 0.000000 -15.443699 14.180211 -6.835408 1.000000
aniFrame
  m_time -1.002000
  m_vertexTransformMat -0.251904 0.050503 0.966434 0.000000 0.786317 0.592822 0.173977 0.000000 -0.564137 0.803748 -0.189046 0.000000 -16.427114 13.058360 -6.945874 1.000000
aniFrame
  m_time -0.986000
  m_vertexTransformMat -0.272435 0.005805 0.962157 0.000000 0.756273 0.619501 0.210402 0.000000 -0.594836 0.784974 -0.173164 0.000000 -17.329727 11.893461 -7.076108 1.000000
aniFrame
  m_time -0.970000
  m_vertexTransformMat -0.289505 -0.039468 0.956363 0.000000 0.724854 0.643492 0.245980 0.000000 -0.625119 0.764435 -0.157686 0.000000 -18.142157 10.697597 -7.219939 1.000000
aniFrame
  m_time -0.954000
  m_vertexTransformMat -0.301744 -0.082513 0.949812 0.000000 0.693872 0.664215 0.278138 0.000000 -0.653829 0.742974 -0.143169 0.000000 -18.814878 9.528296 -7.341771 1.000000
aniFrame
  m_time -0.938000
  m_vertexTransformMat -0.309426 -0.123088 0.942924 0.000000 0.663945 0.681904 0.306892 0.000000 -0.680758 0.721010 -0.129275 0.000000 -19.356741 8.394495 -7.431635 1.000000
aniFrame
  m_time -0.922000
  m_vertexTransformMat -0.311802 -0.157921 0.936932 0.000000 0.637187 0.696730 0.329485 0.000000 -0.704820 0.699735 -0.116617 0.000000 -19.752747 7.364607 -7.457526 1.000000
aniFrame
  m_time -0.906000
  m_vertexTransformMat -0.309548 -0.187087 0.932298 0.000000 0.614172 0.709166 0.346232 0.000000 -0.725929 0.679767 -0.104617 0.000000 -20.016584 6.444291 -7.406812 1.000000
aniFrame
  m_time -0.890000
  m_vertexTransformMat -0.302147 -0.206699 0.930582 0.000000 0.597257 0.719797 0.353801 0.000000 -0.742961 0.662697 -0.094032 0.000000 -20.156546 5.716208 -7.269172 1.000000
aniFrame
  m_time -0.874000
  m_vertexTransformMat -0.290434 -0.217216 0.931915 0.000000 0.586547 0.729069 0.352735 0.000000 -0.756050 0.649058 -0.084338 0.000000 -20.186754 5.178834 -7.033918 1.000000
aniFrame
  m_time -0.858000
  m_vertexTransformMat -0.275532 -0.220127 0.935749 0.000000 0.581175 0.737237 0.344556 0.000000 -0.765714 0.638770 -0.075200 0.000000 -20.138500 4.797236 -6.720820 1.000000
aniFrame
  m_time -0.842000
  m_vertexTransformMat -0.257558 -0.215174 0.942000 0.000000 0.581250 0.744280 0.328933 0.000000 -0.771889 0.632257 -0.066625 0.000000 -20.014738 4.582763 -6.328407 1.000000
aniFrame
  m_time -0.826000
  m_vertexTransformMat -0.238320 -0.206731 0.948929 0.000000 0.583765 0.750377 0.310086 0.000000 -0.776158 0.627851 -0.058148 0.000000 -19.854801 4.432102 -5.905804 1.000000
aniFrame
  m_time -0.810000
  m_vertexTransformMat -0.217543 -0.194915 0.956391 0.000000 0.588778 0.755301 0.287857 0.000000 -0.778470 0.625723 -0.049549 0.000000 -19.658804 4.347147 -5.449998 1.000000
aniFrame
  m_time -0.794000
  m_vertexTransformMat -0.196059 -0.179869 0.963955 0.000000 0.595188 0.759414 0.262758 0.000000 -0.779302 0.625250 -0.041834 0.000000 -19.430765 4.318962 -5.000349 1.000000
aniFrame
  m_time -0.778000
  m_vertexTransformMat -0.172821 -0.161456 0.971630 0.000000 0.603468 0.762278 0.234005 0.000000 -0.778433 0.626789 -0.034304 0.000000 -19.163876 4.358934 -4.542638 1.000000
aniFrame
  m_time -0.762000
  m_vertexTransformMat -0.149726 -0.140345 0.978716 0.000000 0.611914 0.764371 0.203220 0.000000 -0.776622 0.629318 -0.028567 0.000000 -18.874372 4.442626 -4.133378 1.000000
aniFrame
  m_time -0.746000
  m_vertexTransformMat -0.124900 -0.116271 0.985333 0.000000 0.620931 0.765424 0.169030 0.000000 -0.773851 0.632935 -0.023405 0.000000 -18.553329 4.580780 -3.749852 1.000000
aniFrame
  m_time -0.730000
  m_vertexTransformMat -0.100166 -0.090151 0.990878 0.000000 0.630498 0.764658 0.133305 0.000000 -0.769701 0.638099 -0.019752 0.000000 -18.207521 4.772612 -3.425459 1.000000
aniFrame
  m_time -0.714000
  m_vertexTransformMat -0.074964 -0.061477 0.995290 0.000000 0.638527 0.763681 0.095264 0.000000 -0.765940 0.642661 -0.017994 0.000000 -17.844995 4.990604 -3.167006 1.000000
aniFrame
  m_time -0.698000
  m_vertexTransformMat -0.048581 -0.031449 0.998324 0.000000 0.647134 0.760358 0.055444 0.000000 -0.760827 0.648743 -0.016587 0.000000 -17.452219 5.259705 -2.948746 1.000000
aniFrame
  m_time -0.682000
  m_vertexTransformMat -0.023437 0.000421 0.999725 0.000000 0.654268 0.756113 0.015020 0.000000 -0.755899 0.654440 -0.017996 0.000000 -17.051468 5.559215 -2.813590 1.000000
aniFrame
  m_time -0.666000
  m_vertexTransformMat 0.003226 0.033459 0.999435 0.000000 0.658878 0.751755 -0.027294 0.000000 -0.752243 0.658593 -0.019620 0.000000 -16.637583 5.856670 -2.714885 1.000000
aniFrame
  m_time -0.650000
  m_vertexTransformMat 0.028587 0.067152 0.997333 0.000000 0.662577 0.745789 -0.069207 0.000000 -0.748448 0.662789 -0.023173 0.000000 -16.226931 6.180749 -2.691469 1.000000
aniFrame
  m_time -0.634000
  m_vertexTransformMat 0.053495 0.101964 0.993349 0.000000 0.664169 0.739200 -0.111644 0.000000 -0.745666 0.665724 -0.028178 0.000000 -15.807878 6.522746 -2.727951 1.000000
aniFrame
  m_time -0.618000
  m_vertexTransformMat 0.078067 0.136409 0.987572 0.000000 0.663775 0.731996 -0.153578 0.000000 -0.743848 0.667515 -0.033400 0.000000 -15.397522 6.856800 -2.809375 1.000000
aniFrame
  m_time -0.602000
  m_vertexTransformMat 0.100659 0.171521 0.980025 0.000000 0.661529 0.724205 -0.194694 0.000000 -0.743133 0.667913 -0.040569 0.000000 -15.010157 7.208161 -2.960159 1.000000
aniFrame
  m_time -0.586000
  m_vertexTransformMat 0.123174 0.205832 0.970804 0.000000 0.656746 0.716483 -0.235237 0.000000 -0.743984 0.666547 -0.046928 0.000000 -14.625772 7.542259 -3.132251 1.000000
aniFrame
  m_time -0.570000
  m_vertexTransformMat 0.142933 0.239806 0.960241 0.000000 0.650228 0.708697 -0.273774 0.000000 -0.746172 0.663507 -0.054632 0.000000 -14.289128 7.874510 -3.361856 1.000000
aniFrame
  m_time -0.554000
  m_vertexTransformMat 0.161243 0.272312 0.948602 0.000000 0.641790 0.701255 -0.310398 0.000000 -0.749738 0.658853 -0.061694 0.000000 -13.978390 8.191654 -3.600372 1.000000
aniFrame
  m_time -0.538000
  m_vertexTransformMat 0.177767 0.303752 0.936020 0.000000 0.630920 0.694778 -0.345289 0.000000 -0.755208 0.651935 -0.068134 0.000000 -13.701537 8.484879 -3.859683 1.000000
aniFrame
  m_time -0.522000
  m_vertexTransformMat 0.193450 0.339622 0.920453 0.000000 0.613863 0.689951 -0.383588 0.000000 -0.765342 0.639237 -0.075011 0.000000 -13.448731 8.816864 -4.191503 1.000000
aniFrame
  m_time -0.506000
  m_vertexTransformMat 0.207870 0.378340 0.902025 0.000000 0.591048 0.686198 -0.424021 0.000000 -0.779392 0.621282 -0.080977 0.000000 -13.222029 9.162066 -4.582167 1.000000
aniFrame
  m_time -0.490000
  m_vertexTransformMat 0.220635 0.422944 0.878885 0.000000 0.561203 0.681939 -0.469053 0.000000 -0.797729 0.596723 -0.086898 0.000000 -13.030931 9.562122 -5.073350 1.000000
aniFrame
  m_time -0.474000
  m_vertexTransformMat 0.231743 0.471908 0.850646 0.000000 0.524162 0.676074 -0.517860 0.000000 -0.819481 0.565886 -0.090681 0.000000 -12.871397 9.994572 -5.648187 1.000000
aniFrame
  m_time -0.458000
  m_vertexTransformMat 0.239059 0.521039 0.819371 0.000000 0.484949 0.666997 -0.565633 0.000000 -0.841234 0.532573 -0.093226 0.000000 -12.771092 10.439036 -6.264850 1.000000
aniFrame
  m_time -0.442000
  m_vertexTransformMat 0.244040 0.569895 0.784643 0.000000 0.442262 0.654664 -0.613042 0.000000 -0.863046 0.496624 -0.092279 0.000000 -12.718860 10.879988 -6.898901 1.000000
aniFrame
  m_time -0.426000
  m_vertexTransformMat 0.244352 0.614426 0.750182 0.000000 0.402779 0.639426 -0.654908 0.000000 -0.882078 0.462185 -0.091232 0.000000 -12.731180 11.307114 -7.521222 1.000000
aniFrame
  m_time -0.410000
  m_vertexTransformMat 0.243335 0.655149 0.715240 0.000000 0.363761 0.621941 -0.693446 0.000000 -0.899147 0.428916 -0.086977 0.000000 -12.801081 11.713068 -8.082258 1.000000
aniFrame
  m_time -0.394000
  m_vertexTransformMat 0.238597 0.688590 0.684774 0.000000 0.331470 0.605045 -0.723912 0.000000 -0.912797 0.399705 -0.083885 0.000000 -12.911705 12.076887 -8.574429 1.000000
aniFrame
  m_time -0.378000
  m_vertexTransformMat 0.233288 0.715326 0.658701 0.000000 0.306434 0.588798 -0.747941 0.000000 -0.922863 0.376334 -0.081841 0.000000 -13.036394 12.430203 -8.979362 1.000000
aniFrame
  m_time -0.362000
  m_vertexTransformMat 0.228546 0.732916 0.640782 0.000000 0.287511 0.578030 -0.763688 0.000000 -0.930110 0.358770 -0.078615 0.000000 -13.166260 12.721513 -9.216644 1.000000
aniFrame
  m_time -0.346000
  m_vertexTransformMat 0.222429 0.740689 0.633960 0.000000 0.283505 0.573012 -0.768949 0.000000 -0.932819 0.350767 -0.082534 0.000000 -13.252974 12.993528 -9.366327 1.000000
aniFrame
  m_time -0.330000
  m_vertexTransformMat 0.219481 0.740250 0.635499 0.000000 0.288811 0.572887 -0.767065 0.000000 -0.931889 0.351895 -0.088054 0.000000 -13.285059 13.270679 -9.388282 1.000000
aniFrame
  m_time -0.314000
  m_vertexTransformMat 0.215400 0.731572 0.646843 0.000000 0.304981 0.578862 -0.756245 0.000000 -0.927680 0.360170 -0.098428 0.000000 -13.292295 13.520536 -9.307202 1.000000
aniFrame
  m_time -0.298000
  m_vertexTransformMat 0.210165 0.719239 0.662214 0.000000 0.328432 0.586039 -0.740737 0.000000 -0.920850 0.373169 -0.113056 0.000000 -13.277294 13.765137 -9.207270 1.000000
aniFrame
  m_time -0.282000
  m_vertexTransformMat 0.204967 0.703247 0.680759 0.000000 0.355730 0.594437 -0.721180 0.000000 -0.911836 0.389984 -0.128326 0.000000 -13.238165 14.021339 -9.062613 1.000000
aniFrame
  m_time -0.266000
  m_vertexTransformMat 0.197795 0.683969 0.702185 0.000000 0.388189 0.603119 -0.696820 0.000000 -0.900104 0.410408 -0.146216 0.000000 -13.180042 14.281766 -8.905056 1.000000
aniFrame
  m_time -0.250000
  m_vertexTransformMat 0.190045 0.661864 0.725134 0.000000 0.423711 0.610975 -0.668714 0.000000 -0.885636 0.434333 -0.164326 0.000000 -13.103067 14.552810 -8.725821 1.000000
aniFrame
  m_time -0.234000
  m_vertexTransformMat 0.179968 0.636435 0.750042 0.000000 0.462710 0.618095 -0.635498 0.000000 -0.868050 0.461421 -0.183247 0.000000 -13.008267 14.827993 -8.531024 1.000000
aniFrame
  m_time -0.218000
  m_vertexTransformMat 0.168032 0.608997 0.775169 0.000000 0.503642 0.622939 -0.598575 0.000000 -0.847414 0.490988 -0.202043 0.000000 -12.896758 15.105431 -8.335768 1.000000
aniFrame
  m_time -0.202000
  m_vertexTransformMat 0.154461 0.579259 0.800375 0.000000 0.545563 0.625387 -0.557900 0.000000 -0.823713 0.522830 -0.219424 0.000000 -12.768542 15.381446 -8.128769 1.000000
aniFrame
  m_time -0.186000
  m_vertexTransformMat 0.138296 0.548159 0.824861 0.000000 0.587897 0.624819 -0.513789 0.000000 -0.797027 0.555988 -0.235851 0.000000 -12.627216 15.651597 -7.933198 1.000000
aniFrame
  m_time -0.170000
  m_vertexTransformMat 0.120235 0.515754 0.848258 0.000000 0.629646 0.620989 -0.466818 0.000000 -0.767522 0.590230 -0.250078 0.000000 -12.476515 15.915115 -7.740601 1.000000
aniFrame
  m_time -0.154000
  m_vertexTransformMat 0.099931 0.482600 0.870121 0.000000 0.669802 0.614052 -0.417500 0.000000 -0.735785 0.624530 -0.261883 0.000000 -12.326237 16.157986 -7.561779 1.000000
aniFrame
  m_time -0.138000
  m_vertexTransformMat 0.077541 0.449495 0.889911 0.000000 0.708041 0.603581 -0.366563 0.000000 -0.701902 0.658517 -0.271459 0.000000 -12.184379 16.394579 -7.408990 1.000000
aniFrame
  m_time -0.122000
  m_vertexTransformMat 0.053618 0.416081 0.907746 0.000000 0.743054 0.590661 -0.314630 0.000000 -0.667081 0.691373 -0.277500 0.000000 -12.057199 16.592825 -7.256056 1.000000
aniFrame
  m_time -0.106000
  m_vertexTransformMat 0.027956 0.383920 0.922943 0.000000 0.774949 0.574883 -0.262610 0.000000 -0.631405 0.722575 -0.281447 0.000000 -11.956012 16.782413 -7.138791 1.000000
aniFrame
  m_time -0.090000
  m_vertexTransformMat 0.000699 0.352259 0.935902 0.000000 0.802884 0.557727 -0.210520 0.000000 -0.596135 0.751568 -0.282433 0.000000 -11.895021 16.927565 -7.030481 1.000000
aniFrame
  m_time -0.074000
  m_vertexTransformMat -0.026667 0.322118 0.946324 0.000000 0.826639 0.539414 -0.160316 0.000000 -0.562101 0.777993 -0.280659 0.000000 -11.856892 17.047102 -6.935949 1.000000
aniFrame
  m_time -0.058000
  m_vertexTransformMat -0.055534 0.293626 0.954306 0.000000 0.846108 0.521292 -0.111156 0.000000 -0.530110 0.801273 -0.277389 0.000000 -11.887555 17.127039 -6.872787 1.000000
aniFrame
  m_time -0.042000
  m_vertexTransformMat -0.083468 0.266188 0.960301 0.000000 0.861208 0.504096 -0.064877 0.000000 -0.501353 0.821603 -0.271319 0.000000 -11.952723 17.157614 -6.806617 1.000000
aniFrame
  m_time -0.026000
  m_vertexTransformMat -0.110833 0.241597 0.964026 0.000000 0.872006 0.488988 -0.022293 0.000000 -0.476783 0.838166 -0.264870 0.000000 -12.078630 17.159716 -6.773985 1.000000
aniFrame
  m_time -0.010000
  m_vertexTransformMat -0.136948 0.218251 0.966236 0.000000 0.879156 0.476230 0.017036 0.000000 -0.456432 0.851805 -0.257095 0.000000 -12.253094 17.111042 -6.743248 1.000000
aniFrame
  m_time 0.005000
  m_vertexTransformMat -0.164026 0.193717 0.967249 0.000000 0.880227 0.471371 0.054864 0.000000 -0.445305 0.860397 -0.247832 0.000000 -12.604926 16.920427 -6.741991 1.000000
aniFrame
  m_time 0.021000
  m_vertexTransformMat -0.192172 0.166419 0.967148 0.000000 0.874941 0.475399 0.092048 0.000000 -0.444463 0.863887 -0.236965 0.000000 -13.157436 16.552620 -6.772391 1.000000
aniFrame
  m_time 0.037000
  m_vertexTransformMat -0.221177 0.134700 0.965887 0.000000 0.862936 0.488440 0.129486 0.000000 -0.454336 0.862138 -0.224269 0.000000 -13.907066 15.976735 -6.839617 1.000000
aniFrame
  m_time 0.053000
  m_vertexTransformMat -0.250958 0.096566 0.963169 0.000000 0.842701 0.511402 0.168297 0.000000 -0.476314 0.853899 -0.209717 0.000000 -14.875844 15.132519 -6.960548 1.000000
aniFrame
  m_time 0.069000
  m_vertexTransformMat -0.277791 0.054897 0.959072 0.000000 0.816721 0.539124 0.205700 0.000000 -0.505766 0.840436 -0.194599 0.000000 -15.903069 14.109945 -7.109700 1.000000
aniFrame
  m_time 0.085000
  m_vertexTransformMat -0.300227 0.009690 0.953819 0.000000 0.785174 0.570309 0.241350 0.000000 -0.541633 0.821373 -0.178831 0.000000 -16.940868 12.906196 -7.274372 1.000000
aniFrame
  m_time 0.101000
  m_vertexTransformMat -0.316559 -0.036329 0.947877 0.000000 0.750296 0.601813 0.273639 0.000000 -0.580385 0.797811 -0.163252 0.000000 -17.891130 11.597646 -7.426948 1.000000
aniFrame
  m_time 0.117000
  m_vertexTransformMat -0.325869 -0.081976 0.941854 0.000000 0.713493 0.632289 0.301891 0.000000 -0.620272 0.770383 -0.147554 0.000000 -18.698202 10.219809 -7.534482 1.000000
aniFrame
  m_time 0.133000
  m_vertexTransformMat -0.328210 -0.124468 0.936369 0.000000 0.677209 0.660068 0.325112 0.000000 -0.658533 0.740822 -0.132350 0.000000 -19.335258 8.854385 -7.584882 1.000000
aniFrame
  m_time 0.149000
  m_vertexTransformMat -0.324000 -0.161631 0.932148 0.000000 0.643829 0.684268 0.342434 0.000000 -0.693187 0.711092 -0.117640 0.000000 -19.781462 7.574351 -7.548422 1.000000
aniFrame
  m_time 0.165000
  m_vertexTransformMat -0.314507 -0.191394 0.929761 0.000000 0.615507 0.704539 0.353237 0.000000 -0.722659 0.683370 -0.103778 0.000000 -20.056030 6.451289 -7.428285 1.000000
aniFrame
  m_time 0.181000
  m_vertexTransformMat -0.301542 -0.209815 0.930081 0.000000 0.596139 0.719811 0.355655 0.000000 -0.744104 0.661702 -0.091974 0.000000 -20.175760 5.624942 -7.226137 1.000000
aniFrame
  m_time 0.197000
  m_vertexTransformMat -0.286120 -0.218944 0.932845 0.000000 0.584452 0.731598 0.350972 0.000000 -0.759310 0.645623 -0.081362 0.000000 -20.181168 5.041792 -6.942209 1.000000
aniFrame
  m_time 0.213000
  m_vertexTransformMat -0.269291 -0.219351 0.937746 0.000000 0.580195 0.740227 0.339762 0.000000 -0.768672 0.635570 -0.072071 0.000000 -20.105022 4.691612 -6.592929 1.000000
aniFrame
  m_time 0.229000
  m_vertexTransformMat -0.251202 -0.212585 0.944302 0.000000 0.581866 0.746465 0.322835 0.000000 -0.773518 0.630553 -0.063817 0.000000 -19.964184 4.527681 -6.189454 1.000000
aniFrame
  m_time 0.245000
  m_vertexTransformMat -0.231516 -0.203198 0.951374 0.000000 0.585198 0.752132 0.303051 0.000000 -0.777138 0.626903 -0.055219 0.000000 -19.793249 4.396251 -5.755552 1.000000
aniFrame
  m_time 0.261000
  m_vertexTransformMat -0.210451 -0.190233 0.958917 0.000000 0.590799 0.756754 0.279789 0.000000 -0.778888 0.625409 -0.046870 0.000000 -19.586149 4.332120 -5.298240 1.000000
aniFrame
  m_time 0.277000
  m_vertexTransformMat -0.188441 -0.174092 0.966531 0.000000 0.597795 0.760503 0.253531 0.000000 -0.779187 0.625563 -0.039239 0.000000 -19.345671 4.325229 -4.846716 1.000000
aniFrame
  m_time 0.293000
  m_vertexTransformMat -0.165042 -0.154678 0.974082 0.000000 0.606351 0.763025 0.223900 0.000000 -0.777881 0.627589 -0.032141 0.000000 -19.069027 4.383461 -4.398414 1.000000
aniFrame
  m_time 0.309000
  m_vertexTransformMat -0.141673 -0.132643 0.980986 0.000000 0.614793 0.764907 0.192214 0.000000 -0.775859 0.630335 -0.026819 0.000000 -18.771446 4.481312 -4.003305 1.000000
aniFrame
  m_time 0.325000
  m_vertexTransformMat -0.116465 -0.107722 0.987336 0.000000 0.624142 0.765348 0.157126 0.000000 -0.772582 0.634537 -0.021902 0.000000 -18.439524 4.640486 -3.631731 1.000000
aniFrame
  m_time 0.341000
  m_vertexTransformMat -0.092040 -0.080902 0.992464 0.000000 0.633287 0.764393 0.121041 0.000000 -0.768425 0.639654 -0.019121 0.000000 -18.089863 4.841244 -3.335669 1.000000
aniFrame
  m_time 0.357000
  m_vertexTransformMat -0.066093 -0.051494 0.996484 0.000000 0.641244 0.762948 0.081958 0.000000 -0.764485 0.644406 -0.017405 0.000000 -17.716820 5.074156 -3.087532 1.000000
aniFrame
  m_time 0.373000
  m_vertexTransformMat -0.040218 -0.021144 0.998968 0.000000 0.649914 0.758834 0.042226 0.000000 -0.758943 0.650941 -0.016776 0.000000 -17.319036 5.359038 -2.895878 1.000000
aniFrame
  m_time 0.389000
  m_vertexTransformMat -0.014750 0.011459 0.999826 0.000000 0.655948 0.754806 0.001026 0.000000 -0.754663 0.655849 -0.018649 0.000000 -16.915565 5.658321 -2.778250 1.000000
aniFrame
  m_time 0.405000
  m_vertexTransformMat 0.012026 0.044443 0.998940 0.000000 0.660287 0.749876 -0.041311 0.000000 -0.750917 0.660084 -0.020327 0.000000 -16.498804 5.959918 -2.694618 1.000000
aniFrame
  m_time 0.421000
  m_vertexTransformMat 0.036712 0.078755 0.996218 0.000000 0.663384 0.743636 -0.083234 0.000000 -0.747378 0.663931 -0.024944 0.000000 -16.090033 6.295362 -2.701599 1.000000
aniFrame
  m_time 0.437000
  m_vertexTransformMat 0.062149 0.113396 0.991604 0.000000 0.664161 0.736913 -0.125897 0.000000 -0.745003 0.666409 -0.029515 0.000000 -15.664993 6.632399 -2.742985 1.000000
aniFrame
  m_time 0.453000
  m_vertexTransformMat 0.085598 0.148070 0.985266 0.000000 0.663308 0.729418 -0.167247 0.000000 -0.743434 0.667851 -0.035779 0.000000 -15.268819 6.972935 -2.856142 1.000000
aniFrame
  m_time 0.469000
  m_vertexTransformMat 0.108464 0.183105 0.977092 0.000000 0.660105 0.721654 -0.208513 0.000000 -0.743301 0.667600 -0.042595 0.000000 -14.877053 7.322299 -3.010919 1.000000
aniFrame
  m_time 0.485000
  m_vertexTransformMat 0.130000 0.217135 0.967447 0.000000 0.654810 0.713873 -0.248212 0.000000 -0.744529 0.665761 -0.049379 0.000000 -14.509175 7.651827 -3.203881 1.000000
aniFrame
  m_time 0.501000
  m_vertexTransformMat 0.149260 0.251121 0.956379 0.000000 0.647478 0.706189 -0.286478 0.000000 -0.747325 0.661993 -0.057190 0.000000 -14.182067 7.986706 -3.442979 1.000000
aniFrame
  m_time 0.517000
  m_vertexTransformMat 0.166897 0.282539 0.944625 0.000000 0.638660 0.698928 -0.321889 0.000000 -0.751171 0.657017 -0.063797 0.000000 -13.882635 8.287774 -3.680945 1.000000
aniFrame
  m_time 0.533000
  m_vertexTransformMat 0.183073 0.315342 0.931152 0.000000 0.625931 0.692984 -0.357748 0.000000 -0.758086 0.648331 -0.070516 0.000000 -13.615233 8.593409 -3.963739 1.000000
aniFrame
  m_time 0.549000
  m_vertexTransformMat 0.198444 0.352079 0.914692 0.000000 0.606919 0.688653 -0.396745 0.000000 -0.769591 0.633875 -0.077024 0.000000 -13.369418 8.928434 -4.313219 1.000000
aniFrame
  m_time 0.565000
  m_vertexTransformMat 0.212234 0.392438 0.894958 0.000000 0.582055 0.684880 -0.438350 0.000000 -0.784964 0.613947 -0.083066 0.000000 -13.155236 9.288788 -4.733666 1.000000
aniFrame
  m_time 0.581000
  m_vertexTransformMat 0.224682 0.439034 0.869924 0.000000 0.549369 0.680269 -0.485209 0.000000 -0.804805 0.586927 -0.088348 0.000000 -12.972590 9.703979 -5.257668 1.000000
aniFrame
  m_time 0.597000
  m_vertexTransformMat 0.234528 0.488319 0.840560 0.000000 0.511325 0.673429 -0.533892 0.000000 -0.826767 0.555012 -0.091751 0.000000 -12.831378 10.142081 -5.851080 1.000000
aniFrame
  m_time 0.613000
  m_vertexTransformMat 0.241145 0.537563 0.808007 0.000000 0.470805 0.663245 -0.581763 0.000000 -0.848641 0.520703 -0.093149 0.000000 -12.747536 10.587242 -6.475041 1.000000
aniFrame
  m_time 0.629000
  m_vertexTransformMat 0.244592 0.585308 0.773039 0.000000 0.428583 0.649886 -0.627667 0.000000 -0.869765 0.484833 -0.091896 0.000000 -12.715461 11.023771 -7.110192 1.000000
aniFrame
  m_time 0.645000
  m_vertexTransformMat 0.244240 0.628556 0.738420 0.000000 0.389595 0.633718 -0.668294 0.000000 -0.888010 0.450909 -0.090103 0.000000 -12.748527 11.446486 -7.716081 1.000000
aniFrame
  m_time 0.661000
  m_vertexTransformMat 0.242257 0.667247 0.704338 0.000000 0.351799 0.616145 -0.704700 0.000000 -0.904184 0.418504 -0.085471 0.000000 -12.835074 11.838247 -8.253064 1.000000
aniFrame
  m_time 0.677000
  m_vertexTransformMat 0.236583 0.698281 0.675598 0.000000 0.322664 0.599410 -0.732527 0.000000 -0.916470 0.391294 -0.083500 0.000000 -12.952362 12.197407 -8.725604 1.000000
aniFrame
  m_time 0.693000
  m_vertexTransformMat 0.231895 0.722380 0.651453 0.000000 0.299064 0.584327 -0.754402 0.000000 -0.925627 0.369768 -0.080536 0.000000 -13.079888 12.536491 -9.075974 1.000000
aniFrame
  m_time 0.709000
  m_vertexTransformMat 0.226359 0.736514 0.637424 0.000000 0.284525 0.575871 -0.766431 0.000000 -0.931562 0.354852 -0.079203 0.000000 -13.203136 12.809789 -9.275699 1.000000
aniFrame
  m_time 0.725000
  m_vertexTransformMat 0.221072 0.741380 0.633627 0.000000 0.284703 0.572341 -0.769006 0.000000 -0.932776 0.350401 -0.084544 0.000000 -13.266916 13.088085 -9.391095 1.000000
aniFrame
  m_time 0.741000
  m_vertexTransformMat 0.218502 0.738148 0.638275 0.000000 0.292723 0.574378 -0.764462 0.000000 -0.930898 0.353874 -0.090571 0.000000 -13.290364 13.356317 -9.365967 1.000000
aniFrame
  m_time 0.757000
  m_vertexTransformMat 0.213499 0.727614 0.651917 0.000000 0.312578 0.581348 -0.751219 0.000000 -0.925588 0.364160 -0.103319 0.000000 -13.289673 13.601004 -9.275993 1.000000
aniFrame
  m_time 0.773000
  m_vertexTransformMat 0.208695 0.714480 0.667806 0.000000 0.336773 0.588576 -0.734957 0.000000 -0.918167 0.378281 -0.117784 0.000000 -13.266849 13.849836 -9.163546 1.000000
aniFrame
  m_time 0.789000
  m_vertexTransformMat 0.202692 0.697029 0.687799 0.000000 0.366178 0.597472 -0.713401 0.000000 -0.908202 0.396457 -0.134133 0.000000 -13.220601 14.107773 -9.010003 1.000000
aniFrame
  m_time 0.805000
  m_vertexTransformMat 0.195383 0.677080 0.709499 0.000000 0.399569 0.605719 -0.688077 0.000000 -0.895640 0.417931 -0.152193 0.000000 -13.156739 14.370446 -8.849501 1.000000
aniFrame
  m_time 0.821000
  m_vertexTransformMat 0.186986 0.653650 0.733334 0.000000 0.436407 0.613523 -0.658133 0.000000 -0.880105 0.443093 -0.170537 0.000000 -13.073169 14.645000 -8.660623 1.000000
aniFrame
  m_time 0.837000
  m_vertexTransformMat 0.176093 0.627569 0.758385 0.000000 0.476170 0.619983 -0.623605 0.000000 -0.861541 0.470933 -0.189655 0.000000 -12.973310 14.918846 -8.467909 1.000000
aniFrame
  m_time 0.853000
  m_vertexTransformMat 0.163767 0.599306 0.783590 0.000000 0.517557 0.624023 -0.585433 0.000000 -0.839831 0.501427 -0.207980 0.000000 -12.855549 15.198978 -8.267093 1.000000
aniFrame
  m_time 0.869000
  m_vertexTransformMat 0.149285 0.569006 0.808670 0.000000 0.559627 0.625624 -0.543519 0.000000 -0.815188 0.533693 -0.225035 0.000000 -12.723150 15.469624 -8.061986 1.000000
aniFrame
  m_time 0.885000
  m_vertexTransformMat 0.132501 0.537518 0.832778 0.000000 0.601964 0.623853 -0.498444 0.000000 -0.787453 0.567347 -0.240905 0.000000 -12.577400 15.742401 -7.869324 1.000000
aniFrame
  m_time 0.901000
  m_vertexTransformMat 0.113715 0.504660 0.855796 0.000000 0.643163 0.619139 -0.450565 0.000000 -0.757238 0.601652 -0.254173 0.000000 -12.426365 15.994665 -7.676279 1.000000
aniFrame
  m_time 0.917000
  m_vertexTransformMat 0.092686 0.471610 0.876923 0.000000 0.682845 0.610871 -0.400700 0.000000 -0.724660 0.635941 -0.265417 0.000000 -12.277282 16.240179 -7.510037 1.000000
aniFrame
  m_time 0.933000
  m_vertexTransformMat 0.069688 0.438298 0.896125 0.000000 0.720066 0.599601 -0.349263 0.000000 -0.690398 0.669608 -0.273818 0.000000 -12.141072 16.462635 -7.356348 1.000000
aniFrame
  m_time 0.949000
  m_vertexTransformMat 0.045316 0.405225 0.913094 0.000000 0.754059 0.585652 -0.297332 0.000000 -0.655241 0.702001 -0.279024 0.000000 -12.018642 16.658272 -7.212924 1.000000
aniFrame
  m_time 0.965000
  m_vertexTransformMat 0.018896 0.373357 0.927496 0.000000 0.784743 0.569281 -0.245148 0.000000 -0.619533 0.732478 -0.282232 0.000000 -11.933551 16.836700 -7.104423 1.000000
aniFrame
  m_time 0.981000
  m_vertexTransformMat -0.008318 0.341946 0.939683 0.000000 0.811262 0.551707 -0.193582 0.000000 -0.584624 0.760718 -0.281996 0.000000 -11.877075 16.969299 -6.994585 1.000000
aniFrame
  m_time 0.997000
  m_vertexTransformMat -0.036161 0.312564 0.949209 0.000000 0.833616 0.533286 -0.143848 0.000000 -0.551161 0.786073 -0.279842 0.000000 -11.859520 17.080715 -6.914052 1.000000
aniFrame
  m_time 1.013000
  m_vertexTransformMat -0.064993 0.284229 0.956552 0.000000 0.851634 0.515405 -0.095283 0.000000 -0.520093 0.808438 -0.275556 0.000000 -11.905151 17.140898 -6.849102 1.000000
aniFrame
  m_time 1.029000
  m_vertexTransformMat -0.092615 0.257679 0.961782 0.000000 0.865246 0.498815 -0.050322 0.000000 -0.492718 0.827518 -0.269153 0.000000 -11.987233 17.161436 -6.791770 1.000000
aniFrame
  m_time 1.045000
  m_vertexTransformMat -0.119622 0.233807 0.964896 0.000000 0.874883 0.484254 -0.008878 0.000000 -0.469330 0.843109 -0.262481 0.000000 -12.127022 17.153271 -6.763636 1.000000
aniFrame
  m_time 1.061000
  m_vertexTransformMat -0.145733 0.210309 0.966712 0.000000 0.880316 0.473456 0.029708 0.000000 -0.451448 0.855341 -0.254136 0.000000 -12.343601 17.067530 -6.737071 1.000000
aniFrame
  m_time 1.077000
  m_vertexTransformMat -0.173332 0.185004 0.967331 0.000000 0.879145 0.471778 0.067302 0.000000 -0.443914 0.862090 -0.244419 0.000000 -12.768404 16.818325 -6.749355 1.000000
aniFrame
  m_time 1.093000
  m_vertexTransformMat -0.201726 0.156425 0.966870 0.000000 0.871756 0.478680 0.104439 0.000000 -0.446485 0.863942 -0.232926 0.000000 -13.384078 16.386215 -6.789389 1.000000
aniFrame
  m_time 1.109000
  m_vertexTransformMat -0.231159 0.122651 0.965154 0.000000 0.857060 0.495162 0.142345 0.000000 -0.460449 0.860099 -0.219580 0.000000 -14.210808 15.723598 -6.874471 1.000000
aniFrame
  m_time 1.125000
  m_vertexTransformMat -0.260430 0.082857 0.961931 0.000000 0.834490 0.520412 0.181101 0.000000 -0.485594 0.849886 -0.204674 0.000000 -15.221273 14.804799 -7.009200 1.000000
aniFrame
  m_time 1.141000
  m_vertexTransformMat -0.285781 0.040266 0.957448 0.000000 0.806870 0.549136 0.217742 0.000000 -0.517001 0.834762 -0.189422 0.000000 -16.248062 13.730753 -7.162863 1.000000
aniFrame
  m_time 1.157000
  m_vertexTransformMat -0.306464 -0.005842 0.951864 0.000000 0.773668 0.581036 0.252658 0.000000 -0.554543 0.813857 -0.173546 0.000000 -17.275410 12.473013 -7.329286 1.000000
aniFrame
  m_time 1.173000
  m_vertexTransformMat -0.320429 -0.051500 0.945872 0.000000 0.738306 0.612020 0.283435 0.000000 -0.593489 0.789163 -0.158086 0.000000 -18.174326 11.149030 -7.467809 1.000000
aniFrame
  m_time 1.189000
  m_vertexTransformMat -0.327409 -0.096810 0.939910 0.000000 0.701060 0.642034 0.310336 0.000000 -0.633497 0.760540 -0.142338 0.000000 -18.932707 9.753331 -7.558846 1.000000
aniFrame
  m_time 1.205000
  m_vertexTransformMat -0.327515 -0.137290 0.934819 0.000000 0.665862 0.668408 0.331450 0.000000 -0.670345 0.731014 -0.127498 0.000000 -19.503330 8.422874 -7.583409 1.000000
aniFrame
  m_time 1.221000
  m_vertexTransformMat -0.321309 -0.172683 0.931097 0.000000 0.633548 0.691581 0.346890 0.000000 -0.703831 0.701353 -0.112809 0.000000 -19.891403 7.172324 -7.516605 1.000000
aniFrame
  m_time 1.237000
  m_vertexTransformMat -0.310555 -0.198712 0.929554 0.000000 0.608089 0.710095 0.354955 0.000000 -0.730605 0.675484 -0.099689 0.000000 -20.112282 6.144575 -7.371850 1.000000
aniFrame
  m_time 1.253000
  m_vertexTransformMat -0.296601 -0.213778 0.930767 0.000000 0.591478 0.724072 0.354786 0.000000 -0.749788 0.655758 -0.088316 0.000000 -20.187473 5.406894 -7.138958 1.000000
aniFrame
  m_time 1.269000
  m_vertexTransformMat -0.280662 -0.220234 0.934198 0.000000 0.582025 0.734894 0.348107 0.000000 -0.763202 0.641426 -0.078075 0.000000 -20.166016 4.892384 -6.834508 1.000000
aniFrame
  m_time 1.285000
  m_vertexTransformMat -0.263398 -0.217579 0.939830 0.000000 0.580399 0.742440 0.334545 0.000000 -0.770558 0.633595 -0.069274 0.000000 -20.062723 4.626894 -6.462154 1.000000
aniFrame
  m_time 1.301000
  m_vertexTransformMat -0.244880 -0.209823 0.946577 0.000000 0.582689 0.748469 0.316651 0.000000 -0.774925 0.629101 -0.061024 0.000000 -19.911293 4.477434 -6.050244 1.000000
aniFrame
  m_time 1.317000
  m_vertexTransformMat -0.224571 -0.199248 0.953870 0.000000 0.586893 0.753766 0.295623 0.000000 -0.777897 0.626208 -0.052337 0.000000 -19.727798 4.368279 -5.602893 1.000000
aniFrame
  m_time 1.333000
  m_vertexTransformMat -0.203360 -0.185234 0.961423 0.000000 0.592887 0.758146 0.271476 0.000000 -0.779185 0.625222 -0.044354 0.000000 -19.510635 4.321903 -5.149959 1.000000
aniFrame
  m_time 1.349000
  m_vertexTransformMat -0.180654 -0.167941 0.969103 0.000000 0.600588 0.761447 0.243913 0.000000 -0.778883 0.626095 -0.036695 0.000000 -19.256388 4.339049 -4.693015 1.000000
aniFrame
  m_time 1.365000
  m_vertexTransformMat -0.157390 -0.147651 0.976436 0.000000 0.609160 0.763719 0.213675 0.000000 -0.777272 0.628436 -0.030259 0.000000 -18.972704 4.411228 -4.262653 1.000000
aniFrame
  m_time 1.381000
  m_vertexTransformMat -0.133351 -0.124598 0.983205 0.000000 0.617803 0.765272 0.180772 0.000000 -0.774943 0.631533 -0.025072 0.000000 -18.664234 4.527466 -3.874593 1.000000
aniFrame
  m_time 1.397000
  m_vertexTransformMat -0.108193 -0.099014 0.989187 0.000000 0.627377 0.765059 0.145200 0.000000 -0.771163 0.636303 -0.020655 0.000000 -18.323853 4.705205 -3.522920 1.000000
aniFrame
  m_time 1.413000
  m_vertexTransformMat -0.083644 -0.071311 0.993941 0.000000 0.635909 0.764122 0.108337 0.000000 -0.767218 0.641118 -0.018567 0.000000 -17.969307 4.913297 -3.249936 1.000000
aniFrame
  m_time 1.429000
  m_vertexTransformMat -0.057215 -0.041459 0.997501 0.000000 0.644114 0.761847 0.068610 0.000000 -0.762787 0.646429 -0.016884 0.000000 -17.585432 5.164070 -3.013665 1.000000
aniFrame
  m_time 1.445000
  m_vertexTransformMat -0.031894 -0.010484 0.999437 0.000000 0.652283 0.757430 0.028761 0.000000 -0.757305 0.652832 -0.017319 0.000000 -17.185720 5.459360 -2.852017 1.000000
aniFrame
  m_time 1.461000
  m_vertexTransformMat -0.005829 0.022514 0.999730 0.000000 0.657436 0.753396 -0.013133 0.000000 -0.753488 0.657182 -0.019193 0.000000 -16.777576 5.757157 -2.745131 1.000000
aniFrame
  m_time 1.477000
  m_vertexTransformMat 0.020418 0.055690 0.998240 0.000000 0.661534 0.747877 -0.055253 0.000000 -0.749637 0.661498 -0.021571 0.000000 -16.362604 6.068387 -2.687975 1.000000
aniFrame
  m_time 1.493000
  m_vertexTransformMat 0.044962 0.090397 0.994890 0.000000 0.663925 0.741433 -0.097372 0.000000 -0.746447 0.664910 -0.026681 0.000000 -15.950595 6.410151 -2.714890 1.000000
aniFrame
  m_time 1.509000
  m_vertexTransformMat 0.070303 0.124855 0.989681 0.000000 0.664042 0.734504 -0.139834 0.000000 -0.744384 0.667020 -0.031272 0.000000 -15.528823 6.743323 -2.770713 1.000000
aniFrame
  m_time 1.525000
  m_vertexTransformMat 0.093068 0.159802 0.982752 0.000000 0.662584 0.726806 -0.180931 0.000000 -0.743183 0.667994 -0.038240 0.000000 -15.140451 7.090749 -2.907686 1.000000
aniFrame
  m_time 1.541000
  m_vertexTransformMat 0.116004 0.194512 0.974017 0.000000 0.658503 0.719081 -0.222028 0.000000 -0.743584 0.667149 -0.044671 0.000000 -14.748316 7.432959 -3.067718 1.000000
aniFrame
  m_time 1.557000
  m_vertexTransformMat 0.136552 0.228458 0.963930 0.000000 0.652655 0.711269 -0.261032 0.000000 -0.745248 0.664758 -0.051979 0.000000 -14.397507 7.762545 -3.281158 1.000000
aniFrame
  m_time 1.573000
  m_vertexTransformMat 0.155380 0.261938 0.952495 0.000000 0.644670 0.703697 -0.298684 0.000000 -0.748504 0.660454 -0.059523 0.000000 -14.078115 8.092408 -3.521933 1.000000
aniFrame
  m_time 1.589000
  m_vertexTransformMat 0.172390 0.292918 0.940468 0.000000 0.635099 0.696760 -0.333428 0.000000 -0.752948 0.654770 -0.065917 0.000000 -13.790497 8.384284 -3.766419 1.000000
aniFrame
  m_time 1.605000
  m_vertexTransformMat 0.188314 0.327423 0.925922 0.000000 0.620190 0.691379 -0.370619 0.000000 -0.761513 0.644041 -0.072868 0.000000 -13.530905 8.705861 -4.075627 1.000000
aniFrame
  m_time 1.621000
  m_vertexTransformMat 0.203263 0.364936 0.908574 0.000000 0.599325 0.687427 -0.410189 0.000000 -0.774270 0.627907 -0.078987 0.000000 -13.293630 9.042743 -4.442742 1.000000
aniFrame
  m_time 1.637000
  m_vertexTransformMat 0.216434 0.407345 0.887258 0.000000 0.572177 0.683441 -0.453346 0.000000 -0.791056 0.605788 -0.085153 0.000000 -13.092340 9.423435 -4.898244 1.000000
aniFrame
  m_time 1.653000
  m_vertexTransformMat 0.228427 0.455419 0.860474 0.000000 0.536933 0.678338 -0.501558 0.000000 -0.812110 0.576586 -0.089579 0.000000 -12.918917 9.848340 -5.449804 1.000000
aniFrame
  m_time 1.669000
  m_vertexTransformMat 0.236805 0.504575 0.830257 0.000000 0.498516 0.670387 -0.549603 0.000000 -0.833909 0.544046 -0.092788 0.000000 -12.799243 10.290399 -6.056802 1.000000
aniFrame
  m_time 1.685000
  m_vertexTransformMat 0.242857 0.553918 0.796364 0.000000 0.456455 0.659129 -0.597661 0.000000 -0.855961 0.508651 -0.092765 0.000000 -12.729800 10.734387 -6.686731 1.000000
aniFrame
  m_time 1.701000
  m_vertexTransformMat 0.244492 0.600016 0.761712 0.000000 0.415713 0.644834 -0.641383 0.000000 -0.876017 0.473467 -0.091778 0.000000 -12.720006 11.165802 -7.318861 1.000000
aniFrame
  m_time 1.717000
  m_vertexTransformMat 0.243955 0.642193 0.726687 0.000000 0.376480 0.627844 -0.681231 0.000000 -0.893728 0.439772 -0.088607 0.000000 -12.771959 11.582232 -7.903206 1.000000
aniFrame
  m_time 1.733000
  m_vertexTransformMat 0.240632 0.678322 0.694245 0.000000 0.341014 0.610580 -0.714774 0.000000 -0.908739 0.408745 -0.084392 0.000000 -12.872401 11.957897 -8.415877 1.000000
aniFrame
  m_time 1.749000
  m_vertexTransformMat 0.234807 0.707243 0.666838 0.000000 0.314343 0.593909 -0.740581 0.000000 -0.919812 0.383509 -0.082862 0.000000 -12.993890 12.316253 -8.862063 1.000000
aniFrame
  m_time 1.765000
  m_vertexTransformMat 0.230409 0.728261 0.645405 0.000000 0.292546 0.580727 -0.759719 0.000000 -0.928078 0.363857 -0.079245 0.000000 -13.123802 12.633104 -9.152933 1.000000
aniFrame
  m_time 1.781000
  m_vertexTransformMat 0.224276 0.739018 0.635258 0.000000 0.283466 0.574206 -0.768072 0.000000 -0.932388 0.352334 -0.080706 0.000000 -13.231570 12.903396 -9.327466 1.000000
aniFrame
  m_time 1.797000
  m_vertexTransformMat 0.220178 0.741198 0.634150 0.000000 0.286619 0.572249 -0.768362 0.000000 -0.932401 0.350936 -0.086445 0.000000 -13.276206 13.183443 -9.399323 1.000000
aniFrame
  m_time 1.813000
  m_vertexTransformMat 0.217085 0.735433 0.641882 0.000000 0.297250 0.576531 -0.761088 0.000000 -0.929794 0.356020 -0.093452 0.000000 -13.296638 13.424021 -9.331367 1.000000
aniFrame
  m_time 1.829000
  m_vertexTransformMat 0.211652 0.723972 0.656558 0.000000 0.317413 0.584444 -0.746776 0.000000 -0.924366 0.366457 -0.106099 0.000000 -13.298143 13.633836 -9.215934 1.000000
aniFrame
  m_time 1.845000
  m_vertexTransformMat 0.206701 0.710033 0.673148 0.000000 0.339286 0.593297 -0.729989 0.000000 -0.917692 0.379279 -0.118269 0.000000 -13.285732 13.828529 -9.054292 1.000000
aniFrame
  m_time 1.861000
  m_vertexTransformMat 0.200109 0.692192 0.693417 0.000000 0.365365 0.603963 -0.708334 0.000000 -0.909101 0.395094 -0.132044 0.000000 -13.262605 14.006783 -8.852612 1.000000
aniFrame
  m_time 1.877000
  m_vertexTransformMat 0.192875 0.671902 0.715086 0.000000 0.394015 0.614398 -0.683569 0.000000 -0.898638 0.413598 -0.146237 0.000000 -13.231565 14.178569 -8.632648 1.000000
aniFrame
  m_time 1.893000
  m_vertexTransformMat 0.183839 0.648014 0.739109 0.000000 0.425847 0.625192 -0.654058 0.000000 -0.885922 0.434988 -0.161020 0.000000 -13.194200 14.344474 -8.387282 1.000000
aniFrame
  m_time 1.909000
  m_vertexTransformMat 0.172864 0.621749 0.763903 0.000000 0.459931 0.634872 -0.620808 0.000000 -0.870966 0.458657 -0.176215 0.000000 -13.151781 14.502616 -8.142832 1.000000
aniFrame
  m_time 1.925000
  m_vertexTransformMat 0.160429 0.592992 0.789065 0.000000 0.495604 0.642948 -0.583947 0.000000 -0.853604 0.484746 -0.190742 0.000000 -13.104069 14.658595 -7.892463 1.000000
aniFrame
  m_time 1.941000
  m_vertexTransformMat 0.145646 0.562245 0.814044 0.000000 0.532474 0.648929 -0.543472 0.000000 -0.833821 0.512612 -0.204867 0.000000 -13.051408 14.807375 -7.655681 1.000000
aniFrame
  m_time 1.957000
  m_vertexTransformMat 0.128921 0.529955 0.838169 0.000000 0.570024 0.652024 -0.499937 0.000000 -0.811450 0.542229 -0.218027 0.000000 -12.994290 14.960567 -7.436265 1.000000
aniFrame
  m_time 1.973000
  m_vertexTransformMat 0.110020 0.496250 0.861180 0.000000 0.607427 0.652238 -0.453451 0.000000 -0.786720 0.572993 -0.229676 0.000000 -12.939899 15.105154 -7.239424 1.000000
aniFrame
  m_time 1.989000
  m_vertexTransformMat 0.088949 0.462191 0.882308 0.000000 0.644494 0.648677 -0.404779 0.000000 -0.759418 0.604647 -0.240180 0.000000 -12.891353 15.262888 -7.085254 1.000000
aniFrame
  m_time 2.005000
  m_vertexTransformMat 0.065990 0.427517 0.901596 0.000000 0.680269 0.641756 -0.354097 0.000000 -0.729987 0.636694 -0.248477 0.000000 -12.849434 15.413309 -6.952092 1.000000
aniFrame
  m_time 2.021000
  m_vertexTransformMat 0.041333 0.393531 0.918382 0.000000 0.714516 0.630850 -0.302480 0.000000 -0.698397 0.668701 -0.255109 0.000000 -12.814144 15.579823 -6.859576 1.000000
aniFrame
  m_time 2.037000
  m_vertexTransformMat 0.014660 0.360210 0.932756 0.000000 0.746776 0.616391 -0.249774 0.000000 -0.664913 0.700222 -0.259960 0.000000 -12.789959 15.749466 -6.796626 1.000000
aniFrame
  m_time 2.053000
  m_vertexTransformMat -0.012514 0.328139 0.944547 0.000000 0.776414 0.598441 -0.197614 0.000000 -0.630100 0.730886 -0.262261 0.000000 -12.751827 15.928535 -6.747843 1.000000
aniFrame
  m_time 2.069000
  m_vertexTransformMat -0.041455 0.298220 0.953597 0.000000 0.803452 0.577290 -0.145609 0.000000 -0.593925 0.760133 -0.263537 0.000000 -12.725437 16.124687 -6.736628 1.000000
aniFrame
  m_time 2.085000
  m_vertexTransformMat -0.070350 0.269868 0.960324 0.000000 0.827415 0.553508 -0.094932 0.000000 -0.557166 0.787908 -0.262232 0.000000 -12.681740 16.321863 -6.724046 1.000000
aniFrame
  m_time 2.101000
