m_aniFrameList.size 84
aniFrame
  m_time -1.066000
  m_vertexTransformMat -0.154779 0.202142 0.967048 0.000000 0.880658 0.471858 0.042319 0.000000 -0.447755 0.858189 -0.251051 0.000000 -12.461391 17.003992 -6.736945 1.000000
aniFrame
  m_time -1.027000
  m_vertexTransformMat -0.214170 0.117348 0.969722 0.000000 0.829242 0.546503 0.117011 0.000000 -0.516225 0.829195 -0.214354 0.000000 -14.872707 14.780366 -6.789329 1.000000
aniFrame
  m_time -0.988000
  m_vertexTransformMat -0.270007 0.011515 0.962790 0.000000 0.760150 0.616291 0.205808 0.000000 -0.590988 0.787434 -0.175156 0.000000 -17.220299 12.042529 -7.058355 1.000000
aniFrame
  m_time -0.949000
  m_vertexTransformMat -0.304700 -0.095672 0.947632 0.000000 0.684287 0.670071 0.287674 0.000000 -0.662502 0.736106 -0.138704 0.000000 -18.999344 9.165929 -7.374582 1.000000
aniFrame
  m_time -0.910000
  m_vertexTransformMat -0.310581 -0.180554 0.933242 0.000000 0.619441 0.706251 0.342787 0.000000 -0.720994 0.684551 -0.107505 0.000000 -19.962479 6.659426 -7.426910 1.000000
aniFrame
  m_time -0.871000
  m_vertexTransformMat -0.287876 -0.218348 0.932444 0.000000 0.585127 0.730683 0.351751 0.000000 -0.758125 0.646859 -0.082585 0.000000 -20.183310 5.095222 -6.981056 1.000000
aniFrame
  m_time -0.832000
  m_vertexTransformMat -0.245683 -0.210176 0.946291 0.000000 0.582581 0.748220 0.317437 0.000000 -0.774751 0.629280 -0.061381 0.000000 -19.918070 4.483754 -6.067870 1.000000
aniFrame
  m_time -0.793000
  m_vertexTransformMat -0.194650 -0.178816 0.964436 0.000000 0.595658 0.759631 0.261063 0.000000 -0.779297 0.625289 -0.041349 0.000000 -19.415176 4.319493 -4.971720 1.000000
aniFrame
  m_time -0.754000
  m_vertexTransformMat -0.137537 -0.128659 0.982105 0.000000 0.616282 0.765114 0.186538 0.000000 -0.775422 0.630910 -0.025941 0.000000 -18.718342 4.503473 -3.938622 1.000000
aniFrame
  m_time -0.715000
  m_vertexTransformMat -0.076610 -0.063335 0.995048 0.000000 0.638031 0.763782 0.097738 0.000000 -0.766190 0.642359 -0.018104 0.000000 -17.868607 4.975654 -3.182335 1.000000
aniFrame
  m_time -0.676000
  m_vertexTransformMat -0.013646 0.012842 0.999824 0.000000 0.656141 0.754638 -0.000737 0.000000 -0.754515 0.656016 -0.018724 0.000000 -16.898436 5.670662 -2.773997 1.000000
aniFrame
  m_time -0.637000
  m_vertexTransformMat 0.048651 0.095475 0.994242 0.000000 0.664070 0.740459 -0.103599 0.000000 -0.746086 0.665287 -0.027378 0.000000 -15.888579 6.459837 -2.720828 1.000000
aniFrame
  m_time -0.598000
  m_vertexTransformMat 0.106522 0.180228 0.977840 0.000000 0.660483 0.722291 -0.205078 0.000000 -0.743246 0.667692 -0.042098 0.000000 -14.910155 7.294172 -2.997936 1.000000
aniFrame
  m_time -0.559000
  m_vertexTransformMat 0.155754 0.262596 0.952252 0.000000 0.644493 0.703542 -0.299427 0.000000 -0.748578 0.660357 -0.059662 0.000000 -14.071762 8.098764 -3.526826 1.000000
aniFrame
  m_time -0.520000
  m_vertexTransformMat 0.195341 0.344256 0.918330 0.000000 0.611333 0.689452 -0.388495 0.000000 -0.766886 0.637294 -0.075777 0.000000 -13.418618 8.858521 -4.236362 1.000000
aniFrame
  m_time -0.481000
  m_vertexTransformMat 0.227297 0.450279 0.863473 0.000000 0.540868 0.678974 -0.496443 0.000000 -0.809813 0.579865 -0.089213 0.000000 -12.935095 9.802999 -5.389008 1.000000
aniFrame
  m_time -0.442000
  m_vertexTransformMat 0.244040 0.569895 0.784643 0.000000 0.442262 0.654664 -0.613042 0.000000 -0.863046 0.496624 -0.092279 0.000000 -12.718860 10.879988 -6.898901 1.000000
aniFrame
  m_time -0.403000
  m_vertexTransformMat 0.241811 0.670826 0.701085 0.000000 0.348280 0.614376 -0.707985 0.000000 -0.905664 0.415373 -0.085072 0.000000 -12.846478 11.876202 -8.304770 1.000000
aniFrame
  m_time -0.364000
  m_vertexTransformMat 0.229305 0.731297 0.642359 0.000000 0.289154 0.578972 -0.762353 0.000000 -0.929414 0.360552 -0.078696 0.000000 -13.150801 12.688619 -9.193221 1.000000
aniFrame
  m_time -0.325000
  m_vertexTransformMat 0.218575 0.738308 0.638064 0.000000 0.292429 0.574265 -0.764660 0.000000 -0.930973 0.353724 -0.090383 0.000000 -13.290129 13.351048 -9.367583 1.000000
aniFrame
  m_time -0.286000
  m_vertexTransformMat 0.206500 0.707682 0.675681 0.000000 0.348287 0.592169 -0.726658 0.000000 -0.914360 0.385386 -0.124193 0.000000 -13.250010 13.956776 -9.101636 1.000000
aniFrame
  m_time -0.247000
  m_vertexTransformMat 0.188361 0.657285 0.729724 0.000000 0.430807 0.612422 -0.662831 0.000000 -0.882568 0.439221 -0.167807 0.000000 -13.086481 14.604656 -8.689261 1.000000
aniFrame
  m_time -0.208000
  m_vertexTransformMat 0.159847 0.590631 0.790952 0.000000 0.529788 0.624753 -0.573592 0.000000 -0.832931 0.510724 -0.213044 0.000000 -12.818153 15.279842 -8.206348 1.000000
aniFrame
  m_time -0.169000
  m_vertexTransformMat 0.119033 0.513682 0.849684 0.000000 0.632198 0.620663 -0.463792 0.000000 -0.765608 0.592375 -0.250869 0.000000 -12.467077 15.930393 -7.728485 1.000000
aniFrame
  m_time -0.130000
  m_vertexTransformMat 0.065716 0.432684 0.899148 0.000000 0.725929 0.597516 -0.340590 0.000000 -0.684623 0.675100 -0.274832 0.000000 -12.119873 16.494814 -7.329691 1.000000
aniFrame
  m_time -0.091000
  m_vertexTransformMat 0.002390 0.354218 0.935160 0.000000 0.801262 0.558839 -0.213723 0.000000 -0.598309 0.749819 -0.282486 0.000000 -11.898661 16.919550 -7.037503 1.000000
aniFrame
  m_time -0.052000
  m_vertexTransformMat -0.066163 0.283067 0.956816 0.000000 0.852290 0.514677 -0.093329 0.000000 -0.518869 0.809309 -0.275308 0.000000 -11.907557 17.142324 -6.846163 1.000000
aniFrame
  m_time -0.013000
  m_vertexTransformMat -0.132069 0.222652 0.965911 0.000000 0.878192 0.478208 0.009844 0.000000 -0.459715 0.849555 -0.258688 0.000000 -12.211623 17.128141 -6.748365 1.000000
aniFrame
  m_time 0.025000
  m_vertexTransformMat -0.199329 0.158972 0.966952 0.000000 0.872623 0.477765 0.101337 0.000000 -0.445866 0.863984 -0.233954 0.000000 -13.325364 16.430033 -6.784723 1.000000
aniFrame
  m_time 0.064000
  m_vertexTransformMat -0.269946 0.068067 0.960467 0.000000 0.825246 0.530276 0.194361 0.000000 -0.496082 0.845088 -0.199318 0.000000 -15.586302 14.441374 -7.062505 1.000000
aniFrame
  m_time 0.103000
  m_vertexTransformMat -0.318097 -0.041989 0.947128 0.000000 0.745851 0.605629 0.277346 0.000000 -0.585253 0.794639 -0.161331 0.000000 -17.998629 11.431358 -7.442805 1.000000
aniFrame
  m_time 0.142000
  m_vertexTransformMat -0.326612 -0.145912 0.933828 0.000000 0.658138 0.674012 0.335504 0.000000 -0.678365 0.724167 -0.124110 0.000000 -19.607752 8.127136 -7.575979 1.000000
aniFrame
  m_time 0.181000
  m_vertexTransformMat -0.301542 -0.209815 0.930081 0.000000 0.596139 0.719811 0.355655 0.000000 -0.744104 0.661702 -0.091974 0.000000 -20.175760 5.624942 -7.226137 1.000000
aniFrame
  m_time 0.220000
  m_vertexTransformMat -0.261528 -0.216899 0.940509 0.000000 0.580562 0.743092 0.332809 0.000000 -0.771071 0.633063 -0.068416 0.000000 -20.048338 4.609686 -6.420333 1.000000
aniFrame
  m_time 0.259000
  m_vertexTransformMat -0.213110 -0.192028 0.957972 0.000000 0.590031 0.756217 0.282844 0.000000 -0.778747 0.625510 -0.047855 0.000000 -19.613701 4.337164 -5.354773 1.000000
aniFrame
  m_time 0.298000
  m_vertexTransformMat -0.157863 -0.148096 0.976292 0.000000 0.608988 0.763676 0.214316 0.000000 -0.777311 0.628383 -0.030368 0.000000 -18.978748 4.409431 -4.270858 1.000000
aniFrame
  m_time 0.337000
  m_vertexTransformMat -0.098155 -0.087876 0.991284 0.000000 0.631221 0.764583 0.130282 0.000000 -0.769367 0.638507 -0.019578 0.000000 -18.178308 4.789573 -3.402482 1.000000
aniFrame
  m_time 0.376000
  m_vertexTransformMat -0.035543 -0.015184 0.999253 0.000000 0.651297 0.758030 0.034685 0.000000 -0.757990 0.652043 -0.017053 0.000000 -17.244110 5.415468 -2.870347 1.000000
aniFrame
  m_time 0.415000
  m_vertexTransformMat 0.027572 0.065710 0.997458 0.000000 0.662459 0.746054 -0.067460 0.000000 -0.748591 0.662636 -0.022960 0.000000 -16.243929 6.166549 -2.690595 1.000000
aniFrame
  m_time 0.454000
  m_vertexTransformMat 0.086998 0.150266 0.984811 0.000000 0.663194 0.728930 -0.169809 0.000000 -0.743374 0.667894 -0.036240 0.000000 -15.244793 6.994944 -2.865550 1.000000
aniFrame
  m_time 0.493000
  m_vertexTransformMat 0.139756 0.234130 0.962108 0.000000 0.651480 0.709977 -0.267408 0.000000 -0.745683 0.664165 -0.053307 0.000000 -14.343033 7.818396 -3.321249 1.000000
aniFrame
  m_time 0.532000
  m_vertexTransformMat 0.182081 0.313097 0.932103 0.000000 0.626937 0.693307 -0.355353 0.000000 -0.757493 0.649073 -0.070054 0.000000 -13.631240 8.572271 -3.943263 1.000000
aniFrame
  m_time 0.571000
  m_vertexTransformMat 0.216962 0.409261 0.886247 0.000000 0.570861 0.683259 -0.455275 0.000000 -0.791862 0.604701 -0.085390 0.000000 -13.084560 9.440572 -4.919589 1.000000
aniFrame
  m_time 0.610000
  m_vertexTransformMat 0.240006 0.528275 0.814446 0.000000 0.478810 0.665400 -0.572699 0.000000 -0.844475 0.527416 -0.093244 0.000000 -12.760140 10.503972 -6.356577 1.000000
aniFrame
  m_time 0.649000
  m_vertexTransformMat 0.244052 0.638841 0.729604 0.000000 0.379735 0.629321 -0.678054 0.000000 -0.892323 0.442536 -0.089003 0.000000 -12.765546 11.548714 -7.857167 1.000000
aniFrame
  m_time 0.688000
  m_vertexTransformMat 0.233199 0.715798 0.658219 0.000000 0.305955 0.588497 -0.748373 0.000000 -0.923044 0.375906 -0.081765 0.000000 -13.039084 12.437094 -8.985997 1.000000
aniFrame
  m_time 0.727000
  m_vertexTransformMat 0.220680 0.741420 0.633717 0.000000 0.285330 0.572236 -0.768852 0.000000 -0.932677 0.350489 -0.085268 0.000000 -13.270885 13.123408 -9.396070 1.000000
aniFrame
  m_time 0.766000
  m_vertexTransformMat 0.210587 0.720580 0.660620 0.000000 0.325985 0.585333 -0.742374 0.000000 -0.921622 0.371687 -0.111635 0.000000 -13.279925 13.738894 -9.219294 1.000000
aniFrame
  m_time 0.805000
  m_vertexTransformMat 0.195383 0.677080 0.709499 0.000000 0.399569 0.605719 -0.688077 0.000000 -0.895640 0.417931 -0.152193 0.000000 -13.156739 14.370446 -8.849501 1.000000
aniFrame
  m_time 0.844000
  m_vertexTransformMat 0.170861 0.615508 0.769387 0.000000 0.494133 0.622043 -0.607368 0.000000 -0.852431 0.483955 -0.197860 0.000000 -12.924012 15.040931 -8.382095 1.000000
aniFrame
  m_time 0.883000
  m_vertexTransformMat 0.134699 0.541527 0.829822 0.000000 0.596701 0.624255 -0.504236 0.000000 -0.791077 0.563076 -0.239043 0.000000 -12.596173 15.708551 -7.893303 1.000000
aniFrame
  m_time 0.922000
  m_vertexTransformMat 0.085689 0.461278 0.883108 0.000000 0.694824 0.607587 -0.384784 0.000000 -0.714057 0.646577 -0.268443 0.000000 -12.232763 16.314892 -7.462795 1.000000
aniFrame
  m_time 0.961000
  m_vertexTransformMat 0.025713 0.381279 0.924103 0.000000 0.777442 0.573491 -0.258251 0.000000 -0.628429 0.725076 -0.281676 0.000000 -11.949829 16.796652 -7.130194 1.000000
aniFrame
  m_time 1.000000
  m_vertexTransformMat -0.041630 0.307253 0.950717 0.000000 0.837322 0.529886 -0.134584 0.000000 -0.545123 0.790454 -0.279328 0.000000 -11.865844 17.096865 -6.903448 1.000000
aniFrame
  m_time 1.039000
  m_vertexTransformMat -0.109720 0.242579 0.963907 0.000000 0.871620 0.489595 -0.023997 0.000000 -0.477745 0.837528 -0.265155 0.000000 -12.072824 17.160124 -6.775178 1.000000
aniFrame
  m_time 1.078000
  m_vertexTransformMat -0.175085 0.183332 0.967334 0.000000 0.878868 0.471956 0.069626 0.000000 -0.443774 0.862350 -0.243757 0.000000 -12.801323 16.796997 -6.751013 1.000000
aniFrame
  m_time 1.117000
  m_vertexTransformMat -0.246084 0.103286 0.963729 0.000000 0.846575 0.507073 0.161825 0.000000 -0.471967 0.855692 -0.212222 0.000000 -14.704892 15.289327 -6.937344 1.000000
aniFrame
  m_time 1.156000
  m_vertexTransformMat -0.305351 -0.002933 0.952235 0.000000 0.775845 0.579032 0.250572 0.000000 -0.552109 0.815300 -0.174533 0.000000 -17.213728 12.554835 -7.319173 1.000000
aniFrame
  m_time 1.195000
  m_vertexTransformMat -0.328221 -0.112781 0.937844 0.000000 0.687399 0.652458 0.319033 0.000000 -0.647884 0.749386 -0.136624 0.000000 -19.170666 9.239369 -7.577596 1.000000
aniFrame
  m_time 1.234000
  m_vertexTransformMat -0.312828 -0.194753 0.929629 0.000000 0.612134 0.707035 0.354109 0.000000 -0.726244 0.679833 -0.101965 0.000000 -20.082863 6.312880 -7.404971 1.000000
aniFrame
  m_time 1.273000
  m_vertexTransformMat -0.276466 -0.220404 0.935408 0.000000 0.580905 0.737072 0.345362 0.000000 -0.765583 0.638864 -0.075742 0.000000 -20.147572 4.803060 -6.747711 1.000000
aniFrame
  m_time 1.312000
  m_vertexTransformMat -0.231085 -0.202962 0.951528 0.000000 0.585297 0.752238 0.302597 0.000000 -0.777192 0.626853 -0.055038 0.000000 -19.789272 4.394280 -5.746062 1.000000
aniFrame
  m_time 1.351000
  m_vertexTransformMat -0.177716 -0.165546 0.970058 0.000000 0.601663 0.761770 0.240226 0.000000 -0.778729 0.626339 -0.035776 0.000000 -19.222023 4.345873 -4.636070 1.000000
aniFrame
  m_time 1.390000
  m_vertexTransformMat -0.119091 -0.110414 0.986725 0.000000 0.623132 0.765396 0.160855 0.000000 -0.772996 0.634017 -0.022349 0.000000 -18.475342 4.621211 -3.667773 1.000000
aniFrame
  m_time 1.429000
  m_vertexTransformMat -0.057215 -0.041459 0.997501 0.000000 0.644114 0.761847 0.068610 0.000000 -0.762787 0.646429 -0.016884 0.000000 -17.585432 5.164070 -3.013665 1.000000
aniFrame
  m_time 1.468000
  m_vertexTransformMat 0.006031 0.036861 0.999303 0.000000 0.659332 0.751184 -0.031688 0.000000 -0.751828 0.659064 -0.019773 0.000000 -16.593809 5.888302 -2.706875 1.000000
aniFrame
  m_time 1.507000
  m_vertexTransformMat 0.067299 0.120549 0.990424 0.000000 0.664101 0.735420 -0.134637 0.000000 -0.744608 0.666802 -0.030564 0.000000 -15.579194 6.701468 -2.758898 1.000000
aniFrame
  m_time 1.546000
  m_vertexTransformMat 0.122736 0.205126 0.971010 0.000000 0.656861 0.716646 -0.234419 0.000000 -0.743955 0.666590 -0.046781 0.000000 -14.633248 7.535438 -3.127994 1.000000
aniFrame
  m_time 1.585000
  m_vertexTransformMat 0.168284 0.285108 0.943607 0.000000 0.637817 0.698370 -0.324759 0.000000 -0.751578 0.656501 -0.064323 0.000000 -13.859277 8.311725 -3.701748 1.000000
aniFrame
  m_time 1.624000
  m_vertexTransformMat 0.205882 0.372399 0.904948 0.000000 0.594755 0.686741 -0.417915 0.000000 -0.777096 0.624264 -0.080098 0.000000 -13.252798 9.109094 -4.519814 1.000000
aniFrame
  m_time 1.663000
  m_vertexTransformMat 0.234212 0.486278 0.841831 0.000000 0.512923 0.673781 -0.531910 0.000000 -0.825865 0.556374 -0.091615 0.000000 -12.835926 10.123590 -5.825538 1.000000
aniFrame
  m_time 1.702000
  m_vertexTransformMat 0.244453 0.602729 0.759580 0.000000 0.413321 0.643849 -0.643914 0.000000 -0.877159 0.471357 -0.091730 0.000000 -12.721639 11.192355 -7.357375 1.000000
aniFrame
  m_time 1.741000
  m_vertexTransformMat 0.237569 0.693517 0.680143 0.000000 0.326995 0.602226 -0.728285 0.000000 -0.914678 0.395421 -0.083706 0.000000 -12.931912 12.137156 -8.651465 1.000000
aniFrame
  m_time 1.780000
  m_vertexTransformMat 0.224652 0.738617 0.635592 0.000000 0.283561 0.574484 -0.767829 0.000000 -0.932268 0.352723 -0.080384 0.000000 -13.226828 12.885934 -9.318588 1.000000
aniFrame
  m_time 1.819000
  m_vertexTransformMat 0.215164 0.731471 0.647035 0.000000 0.304236 0.579375 -0.756151 0.000000 -0.927979 0.359548 -0.097879 0.000000 -13.298882 13.505314 -9.290953 1.000000
aniFrame
  m_time 1.858000
  m_vertexTransformMat 0.201438 0.695728 0.689482 0.000000 0.360231 0.601959 -0.712657 0.000000 -0.910855 0.391929 -0.129365 0.000000 -13.267549 13.974197 -8.891484 1.000000
aniFrame
  m_time 1.897000
  m_vertexTransformMat 0.181228 0.641637 0.745291 0.000000 0.434206 0.627769 -0.646043 0.000000 -0.882396 0.440691 -0.164834 0.000000 -13.184117 14.384352 -8.325977 1.000000
aniFrame
  m_time 1.936000
  m_vertexTransformMat 0.150501 0.572011 0.806321 0.000000 0.520834 0.647366 -0.556461 0.000000 -0.840286 0.503708 -0.200494 0.000000 -13.068593 14.760120 -7.727327 1.000000
aniFrame
  m_time 1.975000
  m_vertexTransformMat 0.107500 0.492013 0.863926 0.000000 0.612094 0.651997 -0.447482 0.000000 -0.783444 0.576908 -0.231068 0.000000 -12.933442 15.124322 -7.218105 1.000000
aniFrame
  m_time 2.014000
  m_vertexTransformMat 0.052374 0.408270 0.911358 0.000000 0.699729 0.636113 -0.325178 0.000000 -0.712486 0.654735 -0.252362 0.000000 -12.827956 15.504622 -6.894266 1.000000
aniFrame
  m_time 2.053000
  m_vertexTransformMat -0.012514 0.328139 0.944547 0.000000 0.776414 0.598441 -0.197614 0.000000 -0.630100 0.730886 -0.262261 0.000000 -12.751827 15.928535 -6.747843 1.000000
aniFrame
  m_time 2.092000
  m_vertexTransformMat -0.082778 0.258455 0.962470 0.000000 0.836902 0.542372 -0.073666 0.000000 -0.541057 0.799396 -0.261198 0.000000 -12.654987 16.415838 -6.722559 1.000000
aniFrame
  m_time 2.131000
  m_vertexTransformMat -0.151319 0.204155 0.967173 0.000000 0.878899 0.475561 0.037125 0.000000 -0.452370 0.855665 -0.251393 0.000000 -12.474548 16.965555 -6.729064 1.000000
aniFrame
  m_time 2.133000
  m_vertexTransformMat -0.154779 0.202142 0.967049 0.000000 0.880658 0.471858 0.042319 0.000000 -0.447755 0.858189 -0.251051 0.000000 -12.461390 17.003996 -6.736941 1.000000
