m_aniFrameList.size 84
aniFrame
  m_time -1.066000
  m_vertexTransformMat 0.239920 -0.274116 -0.931289 0.000000 -0.622564 0.692628 -0.364254 0.000000 0.744885 0.667179 -0.004479 0.000000 12.321287 7.834373 -3.260970 1.000000
aniFrame
  m_time -1.027000
  m_vertexTransformMat 0.267560 -0.385905 -0.882887 0.000000 -0.546014 0.694248 -0.468923 0.000000 0.793901 0.607534 -0.024957 0.000000 11.881043 9.102530 -4.447097 1.000000
aniFrame
  m_time -0.988000
  m_vertexTransformMat 0.290466 -0.511418 -0.808753 0.000000 -0.449921 0.672942 -0.587128 0.000000 0.844512 0.534416 -0.034631 0.000000 11.519236 10.401348 -5.959894 1.000000
aniFrame
  m_time -0.949000
  m_vertexTransformMat 0.299523 -0.622243 -0.723257 0.000000 -0.357121 0.629835 -0.689763 0.000000 0.884732 0.464890 -0.033566 0.000000 11.402127 11.545085 -7.461040 1.000000
aniFrame
  m_time -0.910000
  m_vertexTransformMat 0.296178 -0.696524 -0.653554 0.000000 -0.293354 0.584846 -0.756241 0.000000 0.908968 0.415704 -0.031110 0.000000 11.519257 12.442804 -8.531693 1.000000
aniFrame
  m_time -0.871000
  m_vertexTransformMat 0.287402 -0.719122 -0.632664 0.000000 -0.281464 0.567958 -0.773436 0.000000 0.915521 0.400359 -0.039175 0.000000 11.663581 13.085889 -8.838210 1.000000
aniFrame
  m_time -0.832000
  m_vertexTransformMat 0.276441 -0.696072 -0.662619 0.000000 -0.323429 0.581883 -0.746194 0.000000 0.904972 0.420589 -0.064274 0.000000 11.707043 13.613491 -8.506906 1.000000
aniFrame
  m_time -0.793000
  m_vertexTransformMat 0.259789 -0.649007 -0.715052 0.000000 -0.397901 0.602750 -0.691641 0.000000 0.879877 0.464201 -0.101653 0.000000 11.655780 14.150861 -7.983599 1.000000
aniFrame
  m_time -0.754000
  m_vertexTransformMat 0.232601 -0.582635 -0.778738 0.000000 -0.493179 0.619460 -0.610773 0.000000 0.838255 0.526123 -0.143256 0.000000 11.529629 14.684786 -7.412286 1.000000
aniFrame
  m_time -0.715000
  m_vertexTransformMat 0.192589 -0.503052 -0.842525 0.000000 -0.596204 0.621965 -0.507643 0.000000 0.779392 0.600083 -0.180138 0.000000 11.345847 15.185365 -6.907872 1.000000
aniFrame
  m_time -0.676000
  m_vertexTransformMat 0.138666 -0.416975 -0.898278 0.000000 -0.694597 0.605585 -0.388332 0.000000 0.705909 0.677789 -0.205655 0.000000 11.161535 15.610791 -6.480617 1.000000
aniFrame
  m_time -0.637000
  m_vertexTransformMat 0.073133 -0.331571 -0.940592 0.000000 -0.777362 0.571879 -0.262036 0.000000 0.624788 0.750344 -0.215928 0.000000 11.052604 15.916555 -6.120564 1.000000
aniFrame
  m_time -0.598000
  m_vertexTransformMat 0.000429 -0.253114 -0.967437 0.000000 -0.837283 0.528875 -0.138742 0.000000 0.546770 0.810078 -0.211701 0.000000 11.120549 16.062393 -5.856951 1.000000
aniFrame
  m_time -0.559000
  m_vertexTransformMat -0.071735 -0.185362 -0.980048 0.000000 -0.871602 0.489370 -0.028760 0.000000 0.484937 0.852149 -0.196667 0.000000 11.443618 16.005346 -5.701649 1.000000
aniFrame
  m_time -0.520000
  m_vertexTransformMat -0.139300 -0.124209 -0.982430 0.000000 -0.878512 0.473314 0.064724 0.000000 0.456959 0.872093 -0.175052 0.000000 12.260702 15.545146 -5.679820 1.000000
aniFrame
  m_time -0.481000
  m_vertexTransformMat -0.208361 -0.044317 -0.977048 0.000000 -0.845486 0.510350 0.157156 0.000000 0.491671 0.858825 -0.143806 0.000000 14.187525 13.966784 -5.910046 1.000000
aniFrame
  m_time -0.442000
  m_vertexTransformMat -0.261598 0.058642 -0.963394 0.000000 -0.774184 0.583316 0.245727 0.000000 0.576373 0.810125 -0.107195 0.000000 16.611006 11.213949 -6.356411 1.000000
aniFrame
  m_time -0.403000
  m_vertexTransformMat -0.277277 0.162724 -0.946910 0.000000 -0.685578 0.656968 0.313651 0.000000 0.673128 0.736148 -0.070602 0.000000 18.400988 7.939145 -6.677496 1.000000
aniFrame
  m_time -0.364000
  m_vertexTransformMat -0.256247 0.238066 -0.936836 0.000000 -0.610829 0.711272 0.347822 0.000000 0.749150 0.661375 -0.036844 0.000000 19.142456 5.103200 -6.582815 1.000000
aniFrame
  m_time -0.325000
  m_vertexTransformMat -0.217190 0.259237 -0.941076 0.000000 -0.580433 0.740831 0.338034 0.000000 0.784809 0.619650 -0.010432 0.000000 19.110388 3.683066 -6.020802 1.000000
aniFrame
  m_time -0.286000
  m_vertexTransformMat -0.170864 0.240280 -0.955548 0.000000 -0.584982 0.755645 0.294615 0.000000 0.792845 0.609317 0.011447 0.000000 18.714626 3.321771 -5.107515 1.000000
aniFrame
  m_time -0.247000
  m_vertexTransformMat -0.117204 0.202387 -0.972267 0.000000 -0.601238 0.764751 0.231667 0.000000 0.790428 0.611716 0.032051 0.000000 18.129406 3.311916 -4.052135 1.000000
aniFrame
  m_time -0.208000
  m_vertexTransformMat -0.058869 0.147509 -0.987307 0.000000 -0.622373 0.767853 0.151831 0.000000 0.780504 0.623412 0.046603 0.000000 17.373663 3.622400 -3.061491 1.000000
aniFrame
  m_time -0.169000
  m_vertexTransformMat 0.002289 0.079342 -0.996845 0.000000 -0.642869 0.763677 0.059307 0.000000 0.765973 0.640705 0.052755 0.000000 16.487076 4.199053 -2.315281 1.000000
aniFrame
  m_time -0.130000
  m_vertexTransformMat 0.064763 0.001998 -0.997899 0.000000 -0.657430 0.752391 -0.041160 0.000000 0.750727 0.658715 0.050041 0.000000 15.492528 4.958127 -1.949715 1.000000
aniFrame
  m_time -0.091000
  m_vertexTransformMat 0.125192 -0.080914 -0.988828 0.000000 -0.661523 0.735975 -0.143977 0.000000 0.739401 0.672157 0.038612 0.000000 14.439556 5.814867 -1.999822 1.000000
aniFrame
  m_time -0.052000
  m_vertexTransformMat 0.180306 -0.165128 -0.969651 0.000000 -0.653572 0.716602 -0.243566 0.000000 0.735074 0.677654 0.021285 0.000000 13.426433 6.701831 -2.395182 1.000000
aniFrame
  m_time -0.013000
  m_vertexTransformMat 0.225871 -0.245324 -0.942761 0.000000 -0.633898 0.697837 -0.333463 0.000000 0.739700 0.672934 0.002111 0.000000 12.577359 7.540595 -3.003447 1.000000
aniFrame
  m_time 0.025000
  m_vertexTransformMat 0.264642 -0.335255 -0.904195 0.000000 -0.589632 0.685686 -0.426812 0.000000 0.763085 0.646095 -0.016216 0.000000 11.885694 8.445984 -3.862367 1.000000
aniFrame
  m_time 0.064000
  m_vertexTransformMat 0.295372 -0.454103 -0.840563 0.000000 -0.506662 0.671452 -0.540783 0.000000 0.809969 0.585613 -0.031748 0.000000 11.377049 9.633960 -5.219934 1.000000
aniFrame
  m_time 0.103000
  m_vertexTransformMat 0.308164 -0.575684 -0.757379 0.000000 -0.406608 0.640039 -0.651936 0.000000 0.860061 0.508859 -0.036841 0.000000 11.188388 10.888600 -6.809567 1.000000
aniFrame
  m_time 0.142000
  m_vertexTransformMat 0.303277 -0.670221 -0.677368 0.000000 -0.321062 0.597413 -0.734859 0.000000 0.897186 0.440342 -0.034001 0.000000 11.340261 11.987288 -8.151632 1.000000
aniFrame
  m_time 0.181000
  m_vertexTransformMat 0.291068 -0.716367 -0.634113 0.000000 -0.280372 0.569837 -0.772449 0.000000 0.914697 0.402623 -0.034988 0.000000 11.602509 12.815481 -8.799637 1.000000
aniFrame
  m_time 0.220000
  m_vertexTransformMat 0.280563 -0.707452 -0.648688 0.000000 -0.303168 0.575920 -0.759214 0.000000 0.910700 0.409669 -0.052895 0.000000 11.708966 13.421558 -8.649036 1.000000
aniFrame
  m_time 0.259000
  m_vertexTransformMat 0.266490 -0.667505 -0.695285 0.000000 -0.369040 0.595736 -0.713379 0.000000 0.890389 0.446696 -0.087579 0.000000 11.683317 13.962633 -8.172400 1.000000
aniFrame
  m_time 0.298000
  m_vertexTransformMat 0.243614 -0.607537 -0.756010 0.000000 -0.458228 0.614910 -0.641805 0.000000 0.854798 0.502777 -0.128590 0.000000 11.582107 14.500028 -7.603792 1.000000
aniFrame
  m_time 0.337000
  m_vertexTransformMat 0.208303 -0.531916 -0.820777 0.000000 -0.559869 0.623248 -0.545993 0.000000 0.801970 0.573260 -0.167979 0.000000 11.413688 15.012492 -7.068569 1.000000
aniFrame
  m_time 0.376000
  m_vertexTransformMat 0.159135 -0.447215 -0.880156 0.000000 -0.661244 0.613723 -0.431394 0.000000 0.733098 0.650648 -0.198053 0.000000 11.220955 15.466169 -6.617249 1.000000
aniFrame
  m_time 0.415000
  m_vertexTransformMat 0.097347 -0.360710 -0.927584 0.000000 -0.750549 0.585467 -0.306439 0.000000 0.653606 0.726028 -0.213737 0.000000 11.074044 15.818072 -6.229409 1.000000
aniFrame
  m_time 0.454000
  m_vertexTransformMat 0.026409 -0.279191 -0.959873 0.000000 -0.819162 0.544303 -0.180855 0.000000 0.572954 0.791067 -0.214329 0.000000 11.068173 16.026268 -5.930318 1.000000
aniFrame
  m_time 0.493000
  m_vertexTransformMat -0.047123 -0.207188 -0.977166 0.000000 -0.862484 0.501915 -0.064828 0.000000 0.503885 0.839735 -0.202348 0.000000 11.297723 16.041746 -5.735920 1.000000
aniFrame
  m_time 0.532000
  m_vertexTransformMat -0.115237 -0.146595 -0.982462 0.000000 -0.880431 0.473046 0.032685 0.000000 0.459958 0.868756 -0.183580 0.000000 11.847809 15.809723 -5.660191 1.000000
aniFrame
  m_time 0.571000
  m_vertexTransformMat -0.184089 -0.076101 -0.979959 0.000000 -0.862477 0.490694 0.123913 0.000000 0.471430 0.868003 -0.155967 0.000000 13.374151 14.690397 -5.790871 1.000000
aniFrame
  m_time 0.610000
  m_vertexTransformMat -0.246364 0.020642 -0.968958 0.000000 -0.802812 0.555747 0.215960 0.000000 0.542953 0.831095 -0.120344 0.000000 15.773174 12.291911 -6.190056 1.000000
aniFrame
  m_time 0.649000
  m_vertexTransformMat -0.276478 0.127596 -0.952512 0.000000 -0.717090 0.632464 0.292868 0.000000 0.639798 0.764008 -0.083365 0.000000 17.884161 9.101974 -6.599437 1.000000
aniFrame
  m_time 0.688000
  m_vertexTransformMat -0.266719 0.217028 -0.939021 0.000000 -0.633133 0.695130 0.340494 0.000000 0.726638 0.685341 -0.047997 0.000000 18.992367 5.972726 -6.668477 1.000000
aniFrame
  m_time 0.727000
  m_vertexTransformMat -0.231832 0.257361 -0.938094 0.000000 -0.586187 0.732642 0.345861 0.000000 0.776298 0.630080 -0.018988 0.000000 19.176296 4.030278 -6.265051 1.000000
aniFrame
  m_time 0.766000
  m_vertexTransformMat -0.188128 0.248928 -0.950075 0.000000 -0.581940 0.751001 0.312000 0.000000 0.791173 0.611583 0.003577 0.000000 18.873865 3.415562 -5.453344 1.000000
aniFrame
  m_time 0.805000
  m_vertexTransformMat -0.137002 0.217810 -0.966328 0.000000 -0.594347 0.762343 0.256096 0.000000 0.792453 0.609420 0.025012 0.000000 18.358356 3.271824 -4.432216 1.000000
aniFrame
  m_time 0.844000
  m_vertexTransformMat -0.080294 0.168558 -0.982416 0.000000 -0.614494 0.767657 0.181934 0.000000 0.784825 0.618297 0.041940 0.000000 17.659775 3.475513 -3.399799 1.000000
aniFrame
  m_time 0.883000
  m_vertexTransformMat -0.020206 0.104517 -0.994318 0.000000 -0.635822 0.766157 0.093454 0.000000 0.771571 0.634097 0.050973 0.000000 16.816545 3.967947 -2.552426 1.000000
aniFrame
  m_time 0.922000
  m_vertexTransformMat 0.041961 0.029781 -0.998675 0.000000 -0.653917 0.756551 -0.004915 0.000000 0.755402 0.653257 0.051220 0.000000 15.853094 4.691963 -2.044284 1.000000
aniFrame
  m_time 0.961000
  m_vertexTransformMat 0.103714 -0.051805 -0.993257 0.000000 -0.661600 0.742069 -0.107787 0.000000 0.742649 0.668319 0.042689 0.000000 14.817158 5.516315 -1.951203 1.000000
aniFrame
  m_time 1.000000
  m_vertexTransformMat 0.161298 -0.136025 -0.977487 0.000000 -0.657963 0.723397 -0.209239 0.000000 0.735573 0.676900 0.027183 0.000000 13.777863 6.399904 -2.233161 1.000000
aniFrame
  m_time 1.039000
  m_vertexTransformMat 0.211034 -0.218747 -0.952688 0.000000 -0.641860 0.704058 -0.303840 0.000000 0.737212 0.675613 0.008176 0.000000 12.854868 7.268680 -2.786757 1.000000
aniFrame
  m_time 1.078000
  m_vertexTransformMat 0.251659 -0.301355 -0.919703 0.000000 -0.609157 0.689118 -0.392485 0.000000 0.752061 0.659015 -0.010149 0.000000 12.112546 8.110675 -3.519913 1.000000
aniFrame
  m_time 1.117000
  m_vertexTransformMat 0.286182 -0.410225 -0.865919 0.000000 -0.539474 0.677885 -0.499438 0.000000 0.791876 0.610071 -0.027307 0.000000 11.527102 9.194766 -4.693255 1.000000
aniFrame
  m_time 1.156000
  m_vertexTransformMat 0.306260 -0.535243 -0.787223 0.000000 -0.441061 0.653059 -0.615613 0.000000 0.843605 0.535751 -0.036069 0.000000 11.212014 10.460101 -6.257114 1.000000
aniFrame
  m_time 1.195000
  m_vertexTransformMat 0.307064 -0.642309 -0.702247 0.000000 -0.345862 0.612127 -0.711113 0.000000 0.886618 0.461238 -0.034188 0.000000 11.263631 11.628707 -7.735043 1.000000
aniFrame
  m_time 1.234000
  m_vertexTransformMat 0.295970 -0.707394 -0.641869 0.000000 -0.286073 0.575486 -0.766145 0.000000 0.911353 0.410377 -0.032040 0.000000 11.525912 12.559987 -8.666653 1.000000
aniFrame
  m_time 1.273000
  m_vertexTransformMat 0.284750 -0.716411 -0.636925 0.000000 -0.287267 0.570122 -0.769700 0.000000 0.914547 0.402140 -0.043459 0.000000 11.693019 13.227705 -8.773913 1.000000
aniFrame
  m_time 1.312000
  m_vertexTransformMat 0.272705 -0.684329 -0.676258 0.000000 -0.342420 0.587838 -0.732937 0.000000 0.899100 0.431439 -0.074021 0.000000 11.700763 13.775375 -8.360592 1.000000
aniFrame
  m_time 1.351000
  m_vertexTransformMat 0.253203 -0.630919 -0.733369 0.000000 -0.424654 0.608647 -0.670237 0.000000 0.869228 0.481134 -0.113811 0.000000 11.625242 14.313559 -7.808359 1.000000
aniFrame
  m_time 1.390000
  m_vertexTransformMat 0.222244 -0.559877 -0.798214 0.000000 -0.523742 0.621984 -0.582091 0.000000 0.822376 0.547424 -0.154999 0.000000 11.478169 14.841395 -7.250386 1.000000
aniFrame
  m_time 1.429000
  m_vertexTransformMat 0.177922 -0.477587 -0.860381 0.000000 -0.626674 0.619118 -0.473258 0.000000 0.758699 0.623381 -0.189137 0.000000 11.287330 15.322237 -6.773321 1.000000
aniFrame
  m_time 1.468000
  m_vertexTransformMat 0.120035 -0.390884 -0.912580 0.000000 -0.721359 0.597211 -0.350686 0.000000 0.682080 0.700392 -0.210282 0.000000 11.119673 15.711729 -6.362119 1.000000
aniFrame
  m_time 1.507000
  m_vertexTransformMat 0.051517 -0.306994 -0.950316 0.000000 -0.797922 0.559582 -0.224025 0.000000 0.600555 0.769820 -0.216130 0.000000 11.057498 15.974112 -6.031267 1.000000
aniFrame
  m_time 1.546000
  m_vertexTransformMat -0.021912 -0.231327 -0.972630 0.000000 -0.850262 0.516067 -0.103584 0.000000 0.525903 0.824720 -0.207997 0.000000 11.193081 16.063114 -5.797678 1.000000
aniFrame
  m_time 1.585000
  m_vertexTransformMat -0.091787 -0.167676 -0.981560 0.000000 -0.877404 0.479752 0.000093 0.000000 0.470890 0.861233 -0.191154 0.000000 11.586244 15.952551 -5.675150 1.000000
aniFrame
  m_time 1.624000
  m_vertexTransformMat -0.159861 -0.103459 -0.981703 0.000000 -0.873323 0.478416 0.091793 0.000000 0.460165 0.872018 -0.166833 0.000000 12.714214 15.218579 -5.716618 1.000000
aniFrame
  m_time 1.663000
  m_vertexTransformMat -0.227389 -0.015106 -0.973687 0.000000 -0.827333 0.530379 0.184982 0.000000 0.513629 0.847626 -0.133100 0.000000 14.923608 13.240080 -6.034575 1.000000
aniFrame
  m_time 1.702000
  m_vertexTransformMat -0.270647 0.090445 -0.958421 0.000000 -0.748595 0.606185 0.268600 0.000000 0.605274 0.790164 -0.096356 0.000000 17.243601 10.265439 -6.483108 1.000000
aniFrame
  m_time 1.741000
  m_vertexTransformMat -0.274266 0.189220 -0.942854 0.000000 -0.660555 0.675481 0.327710 0.000000 0.698889 0.712686 -0.060271 0.000000 18.728378 7.009770 -6.701084 1.000000
aniFrame
  m_time 1.780000
  m_vertexTransformMat -0.245655 0.249750 -0.936632 0.000000 -0.597145 0.722146 0.349174 0.000000 0.763592 0.645081 -0.028262 0.000000 19.190580 4.533783 -6.461335 1.000000
aniFrame
  m_time 1.819000
  m_vertexTransformMat -0.204357 0.255445 -0.944980 0.000000 -0.579360 0.746559 0.327097 0.000000 0.789038 0.614328 -0.004570 0.000000 19.014685 3.531907 -5.778365 1.000000
aniFrame
  m_time 1.858000
  m_vertexTransformMat -0.156701 0.228313 -0.960895 0.000000 -0.584199 0.763034 0.276570 0.000000 0.796339 0.604693 0.013812 0.000000 18.571783 3.311698 -4.840142 1.000000
aniFrame
  m_time 1.897000
  m_vertexTransformMat -0.103375 0.181547 -0.977934 0.000000 -0.596327 0.775590 0.207019 0.000000 0.796058 0.604568 0.028085 0.000000 17.963095 3.475125 -3.848602 1.000000
aniFrame
  m_time 1.936000
  m_vertexTransformMat -0.046199 0.118594 -0.991868 0.000000 -0.611513 0.781779 0.121957 0.000000 0.789885 0.612174 0.036404 0.000000 17.216137 3.967492 -2.978217 1.000000
aniFrame
  m_time 1.975000
  m_vertexTransformMat 0.013489 0.043960 -0.998942 0.000000 -0.625908 0.779468 0.025850 0.000000 0.779781 0.624897 0.038029 0.000000 16.359221 4.699007 -2.381559 1.000000
aniFrame
  m_time 2.014000
  m_vertexTransformMat 0.074026 -0.037294 -0.996559 0.000000 -0.636068 0.767883 -0.075985 0.000000 0.768075 0.639504 0.033121 0.000000 15.383004 5.557727 -2.169160 1.000000
aniFrame
  m_time 2.053000
  m_vertexTransformMat 0.133482 -0.120184 -0.983737 0.000000 -0.638794 0.748476 -0.178119 0.000000 0.757711 0.652181 0.023135 0.000000 14.332264 6.417243 -2.313582 1.000000
aniFrame
  m_time 2.092000
  m_vertexTransformMat 0.188851 -0.199441 -0.961540 0.000000 -0.634492 0.722549 -0.274487 0.000000 0.749503 0.661927 0.009910 0.000000 13.291037 7.196427 -2.716954 1.000000
aniFrame
  m_time 2.131000
  m_vertexTransformMat 0.237674 -0.270055 -0.933050 0.000000 -0.623225 0.694394 -0.359733 0.000000 0.745052 0.666999 -0.003265 0.000000 12.364296 7.794014 -3.225661 1.000000
aniFrame
  m_time 2.133000
  m_vertexTransformMat 0.239920 -0.274116 -0.931289 0.000000 -0.622564 0.692628 -0.364254 0.000000 0.744884 0.667179 -0.004480 0.000000 12.321285 7.834373 -3.260974 1.000000
