m_aniFrameList.size 202
aniFrame
  m_time -1.066000
  m_vertexTransformMat 0.081898 -0.485481 -0.870403 0.000000 -0.619212 0.659537 -0.426130 0.000000 0.780941 0.573863 -0.246601 0.000000 16.304367 11.966510 -6.761643 1.000000
aniFrame
  m_time -1.050000
  m_vertexTransformMat 0.085832 -0.522366 -0.848391 0.000000 -0.589387 0.659930 -0.465957 0.000000 0.803278 0.540024 -0.251233 0.000000 16.318426 12.213314 -7.283235 1.000000
aniFrame
  m_time -1.034000
  m_vertexTransformMat 0.089192 -0.560159 -0.823570 0.000000 -0.557529 0.657107 -0.507318 0.000000 0.825352 0.504413 -0.253697 0.000000 16.341066 12.453542 -7.830363 1.000000
aniFrame
  m_time -1.018000
  m_vertexTransformMat 0.091890 -0.601335 -0.793696 0.000000 -0.520413 0.650550 -0.553133 0.000000 0.848956 0.463876 -0.253163 0.000000 16.382910 12.667345 -8.437951 1.000000
aniFrame
  m_time -1.002000
  m_vertexTransformMat 0.093111 -0.643102 -0.760099 0.000000 -0.480607 0.639556 -0.599988 0.000000 0.871979 0.421174 -0.249530 0.000000 16.443535 12.858638 -9.074022 1.000000
aniFrame
  m_time -0.986000
  m_vertexTransformMat 0.092513 -0.683277 -0.724275 0.000000 -0.440383 0.624306 -0.645217 0.000000 0.893031 0.378649 -0.243147 0.000000 16.527908 13.026514 -9.703766 1.000000
aniFrame
  m_time -0.970000
  m_vertexTransformMat 0.090055 -0.721022 -0.687036 0.000000 -0.400536 0.605372 -0.687820 0.000000 0.911844 0.337125 -0.234278 0.000000 16.633924 13.170474 -10.315059 1.000000
aniFrame
  m_time -0.954000
  m_vertexTransformMat 0.085936 -0.754377 -0.650792 0.000000 -0.364095 0.584248 -0.725320 0.000000 0.927388 0.299281 -0.224457 0.000000 16.764856 13.301902 -10.867791 1.000000
aniFrame
  m_time -0.938000
  m_vertexTransformMat 0.080717 -0.783301 -0.616381 0.000000 -0.331016 0.562236 -0.757840 0.000000 0.940167 0.265203 -0.213902 0.000000 16.915205 13.419404 -11.351340 1.000000
aniFrame
  m_time -0.922000
  m_vertexTransformMat 0.074687 -0.806062 -0.587100 0.000000 -0.305589 0.541919 -0.782906 0.000000 0.949230 0.237884 -0.205849 0.000000 17.056515 13.549032 -11.750766 1.000000
aniFrame
  m_time -0.906000
  m_vertexTransformMat 0.069107 -0.823357 -0.563301 0.000000 -0.286009 0.524596 -0.801872 0.000000 0.955732 0.216524 -0.199234 0.000000 17.196579 13.685630 -12.038726 1.000000
aniFrame
  m_time -0.890000
  m_vertexTransformMat 0.063718 -0.833003 -0.549587 0.000000 -0.276708 0.514367 -0.811702 0.000000 0.958840 0.203795 -0.197724 0.000000 17.294727 13.848185 -12.214552 1.000000
aniFrame
  m_time -0.874000
  m_vertexTransformMat 0.059989 -0.836318 -0.544953 0.000000 -0.278059 0.510327 -0.813788 0.000000 0.958689 0.200348 -0.201932 0.000000 17.333811 14.063624 -12.293872 1.000000
aniFrame
  m_time -0.858000
  m_vertexTransformMat 0.057465 -0.833758 -0.549132 0.000000 -0.286728 0.513084 -0.809032 0.000000 0.956287 0.203943 -0.209577 0.000000 17.340380 14.315692 -12.265841 1.000000
aniFrame
  m_time -0.842000
  m_vertexTransformMat 0.055252 -0.825975 -0.560992 0.000000 -0.306795 0.520626 -0.796760 0.000000 0.950170 0.216132 -0.224640 0.000000 17.275959 14.631250 -12.201808 1.000000
aniFrame
  m_time -0.826000
  m_vertexTransformMat 0.054372 -0.816450 -0.574850 0.000000 -0.330710 0.528484 -0.781879 0.000000 0.942165 0.232621 -0.241274 0.000000 17.178007 14.980629 -12.119780 1.000000
aniFrame
  m_time -0.810000
  m_vertexTransformMat 0.052566 -0.803514 -0.592961 0.000000 -0.360430 0.538491 -0.761655 0.000000 0.931304 0.253758 -0.261304 0.000000 17.038265 15.370592 -12.019525 1.000000
aniFrame
  m_time -0.794000
  m_vertexTransformMat 0.050420 -0.788742 -0.612653 0.000000 -0.394168 0.547922 -0.737844 0.000000 0.917654 0.278690 -0.283271 0.000000 16.859600 15.786180 -11.924736 1.000000
aniFrame
  m_time -0.778000
  m_vertexTransformMat 0.047946 -0.771227 -0.634752 0.000000 -0.431367 0.557179 -0.709559 0.000000 0.900902 0.307832 -0.305967 0.000000 16.642151 16.233965 -11.808857 1.000000
aniFrame
  m_time -0.762000
  m_vertexTransformMat 0.043873 -0.751508 -0.658264 0.000000 -0.471623 0.565276 -0.676782 0.000000 0.880708 0.340145 -0.329628 0.000000 16.384089 16.696291 -11.700184 1.000000
aniFrame
  m_time -0.746000
  m_vertexTransformMat 0.039105 -0.730000 -0.682327 0.000000 -0.513573 0.571072 -0.640406 0.000000 0.857154 0.375468 -0.352576 0.000000 16.087944 17.177103 -11.592168 1.000000
aniFrame
  m_time -0.730000
  m_vertexTransformMat 0.032864 -0.706632 -0.706817 0.000000 -0.556318 0.574586 -0.600302 0.000000 0.830319 0.412943 -0.374229 0.000000 15.759598 17.655918 -11.477051 1.000000
aniFrame
  m_time -0.714000
  m_vertexTransformMat 0.024982 -0.682112 -0.730822 0.000000 -0.599462 0.574811 -0.556990 0.000000 0.800013 0.452014 -0.394540 0.000000 15.401681 18.139603 -11.374089 1.000000
aniFrame
  m_time -0.698000
  m_vertexTransformMat 0.015506 -0.656177 -0.754448 0.000000 -0.641618 0.572171 -0.510830 0.000000 0.766868 0.491988 -0.412142 0.000000 15.024858 18.603857 -11.250451 1.000000
aniFrame
  m_time -0.682000
  m_vertexTransformMat 0.004215 -0.629740 -0.776795 0.000000 -0.682367 0.566034 -0.462581 0.000000 0.730997 0.532009 -0.427327 0.000000 14.635737 19.054747 -11.122763 1.000000
aniFrame
  m_time -0.666000
  m_vertexTransformMat -0.008925 -0.602745 -0.797884 0.000000 -0.720830 0.556899 -0.412635 0.000000 0.693054 0.571456 -0.439447 0.000000 14.248684 19.475933 -10.981167 1.000000
aniFrame
  m_time -0.650000
  m_vertexTransformMat -0.023460 -0.575502 -0.817464 0.000000 -0.756156 0.545106 -0.362059 0.000000 0.653970 0.609637 -0.447957 0.000000 13.865870 19.858990 -10.817333 1.000000
aniFrame
  m_time -0.634000
  m_vertexTransformMat -0.040131 -0.548905 -0.834921 0.000000 -0.788315 0.530830 -0.311094 0.000000 0.613962 0.645696 -0.454013 0.000000 13.513853 20.209852 -10.665202 1.000000
aniFrame
  m_time -0.618000
  m_vertexTransformMat -0.058157 -0.522265 -0.850798 0.000000 -0.816435 0.515326 -0.260526 0.000000 0.574501 0.679470 -0.456365 0.000000 13.197061 20.502609 -10.489376 1.000000
aniFrame
  m_time -0.602000
  m_vertexTransformMat -0.077234 -0.496926 -0.864350 0.000000 -0.840405 0.498892 -0.211725 0.000000 0.536428 0.710051 -0.456150 0.000000 12.925448 20.754520 -10.322250 1.000000
aniFrame
  m_time -0.586000
  m_vertexTransformMat -0.098063 -0.472158 -0.876043 0.000000 -0.860163 0.482934 -0.163999 0.000000 0.500504 0.737457 -0.453490 0.000000 12.731117 20.942001 -10.158167 1.000000
aniFrame
  m_time -0.570000
  m_vertexTransformMat -0.118873 -0.448536 -0.885824 0.000000 -0.875510 0.468173 -0.119570 0.000000 0.468350 0.761334 -0.448350 0.000000 12.599634 21.072857 -9.992416 1.000000
aniFrame
  m_time -0.554000
  m_vertexTransformMat -0.140029 -0.427046 -0.893322 0.000000 -0.886871 0.455278 -0.078624 0.000000 0.440286 0.781252 -0.442486 0.000000 12.549834 21.157902 -9.856568 1.000000
aniFrame
  m_time -0.538000
  m_vertexTransformMat -0.161785 -0.405589 -0.899624 0.000000 -0.894054 0.446138 -0.040355 0.000000 0.417724 0.797784 -0.434796 0.000000 12.612067 21.156641 -9.720473 1.000000
aniFrame
  m_time -0.522000
  m_vertexTransformMat -0.187444 -0.381907 -0.904993 0.000000 -0.894882 0.446293 -0.002986 0.000000 0.405032 0.809302 -0.425416 0.000000 12.939526 20.985529 -9.617199 1.000000
aniFrame
  m_time -0.506000
  m_vertexTransformMat -0.216289 -0.354874 -0.909551 0.000000 -0.889687 0.455310 0.033920 0.000000 0.402090 0.816552 -0.414205 0.000000 13.514586 20.633551 -9.538814 1.000000
aniFrame
  m_time -0.490000
  m_vertexTransformMat -0.248884 -0.322295 -0.913336 0.000000 -0.877417 0.474338 0.071713 0.000000 0.410117 0.819225 -0.400842 0.000000 14.364429 20.051510 -9.493351 1.000000
aniFrame
  m_time -0.474000
  m_vertexTransformMat -0.284066 -0.283343 -0.915983 0.000000 -0.857420 0.502632 0.110424 0.000000 0.429114 0.816749 -0.385724 0.000000 15.463590 19.213800 -9.489988 1.000000
aniFrame
  m_time -0.458000
  m_vertexTransformMat -0.316977 -0.240987 -0.917307 0.000000 -0.832159 0.534674 0.147089 0.000000 0.455013 0.809969 -0.370019 0.000000 16.623260 18.211132 -9.506500 1.000000
aniFrame
  m_time -0.442000
  m_vertexTransformMat -0.346939 -0.194278 -0.917545 0.000000 -0.801057 0.570197 0.182162 0.000000 0.487792 0.798205 -0.353451 0.000000 17.829401 17.011269 -9.534591 1.000000
aniFrame
  m_time -0.426000
  m_vertexTransformMat -0.370745 -0.147281 -0.916982 0.000000 -0.767311 0.604837 0.213086 0.000000 0.523241 0.782611 -0.337251 0.000000 18.927446 15.727172 -9.544041 1.000000
aniFrame
  m_time -0.410000
  m_vertexTransformMat -0.388072 -0.099722 -0.916219 0.000000 -0.731171 0.638510 0.240197 0.000000 0.561062 0.763126 -0.320702 0.000000 19.903313 14.350471 -9.510002 1.000000
aniFrame
  m_time -0.394000
  m_vertexTransformMat -0.397914 -0.056516 -0.915681 0.000000 -0.696519 0.668217 0.261433 0.000000 0.597098 0.741816 -0.305257 0.000000 20.687359 13.020250 -9.431211 1.000000
aniFrame
  m_time -0.378000
  m_vertexTransformMat -0.400704 -0.017956 -0.916032 0.000000 -0.664225 0.694339 0.276944 0.000000 0.631064 0.719424 -0.290151 0.000000 21.280899 11.752379 -9.278490 1.000000
aniFrame
  m_time -0.362000
  m_vertexTransformMat -0.397259 0.011040 -0.917640 0.000000 -0.638344 0.715067 0.284950 0.000000 0.659320 0.698969 -0.277019 0.000000 21.678562 10.697351 -9.079010 1.000000
aniFrame
  m_time -0.346000
  m_vertexTransformMat -0.388537 0.028484 -0.920993 0.000000 -0.620954 0.730375 0.284549 0.000000 0.680775 0.682451 -0.266091 0.000000 21.892902 9.928942 -8.826393 1.000000
aniFrame
  m_time -0.330000
  m_vertexTransformMat -0.376229 0.036736 -0.925798 0.000000 -0.610483 0.741815 0.277526 0.000000 0.696966 0.669597 -0.256666 0.000000 21.980278 9.384011 -8.525002 1.000000
aniFrame
  m_time -0.314000
  m_vertexTransformMat -0.360874 0.035050 -0.931956 0.000000 -0.607639 0.749239 0.263470 0.000000 0.707492 0.661372 -0.249083 0.000000 21.951717 9.092804 -8.180146 1.000000
aniFrame
  m_time -0.298000
  m_vertexTransformMat -0.343403 0.027872 -0.938775 0.000000 -0.608585 0.754709 0.245027 0.000000 0.715331 0.655467 -0.242207 0.000000 21.859861 8.919194 -7.804627 1.000000
aniFrame
  m_time -0.282000
  m_vertexTransformMat -0.323779 0.017674 -0.945968 0.000000 -0.611274 0.759232 0.223408 0.000000 0.722157 0.650580 -0.235019 0.000000 21.732641 8.786018 -7.394683 1.000000
aniFrame
  m_time -0.266000
  m_vertexTransformMat -0.302810 0.003811 -0.953044 0.000000 -0.615670 0.762550 0.198665 0.000000 0.727501 0.646918 -0.228561 0.000000 21.564157 8.715774 -6.980854 1.000000
aniFrame
  m_time -0.250000
  m_vertexTransformMat -0.279906 -0.013512 -0.959933 0.000000 -0.621649 0.764513 0.170504 0.000000 0.731578 0.644466 -0.222391 0.000000 21.352558 8.708463 -6.560191 1.000000
aniFrame
  m_time -0.234000
  m_vertexTransformMat -0.256210 -0.034006 -0.966023 0.000000 -0.628407 0.765233 0.139729 0.000000 0.734481 0.642855 -0.217429 0.000000 21.105957 8.754952 -6.165323 1.000000
aniFrame
  m_time -0.218000
  m_vertexTransformMat -0.231562 -0.057271 -0.971133 0.000000 -0.635185 0.765005 0.106342 0.000000 0.736831 0.641473 -0.213523 0.000000 20.831671 8.841775 -5.802895 1.000000
aniFrame
  m_time -0.202000
  m_vertexTransformMat -0.205494 -0.083202 -0.975115 0.000000 -0.642784 0.762808 0.070372 0.000000 0.737971 0.641250 -0.210233 0.000000 20.520319 8.989250 -5.470923 1.000000
aniFrame
  m_time -0.186000
  m_vertexTransformMat -0.180221 -0.111177 -0.977323 0.000000 -0.649320 0.759785 0.033305 0.000000 0.738853 0.640598 -0.209119 0.000000 20.198107 9.160719 -5.219414 1.000000
aniFrame
  m_time -0.170000
  m_vertexTransformMat -0.152783 -0.141219 -0.978118 0.000000 -0.655476 0.755186 -0.006647 0.000000 0.739600 0.640118 -0.207946 0.000000 19.848251 9.371378 -4.999128 1.000000
aniFrame
  m_time -0.154000
  m_vertexTransformMat -0.126303 -0.172446 -0.976888 0.000000 -0.661811 0.748226 -0.046515 0.000000 0.738954 0.640640 -0.208630 0.000000 19.472284 9.629023 -4.874907 1.000000
aniFrame
  m_time -0.138000
  m_vertexTransformMat -0.099690 -0.205252 -0.973619 0.000000 -0.664860 0.741732 -0.088291 0.000000 0.740287 0.638518 -0.210406 0.000000 19.102327 9.870965 -4.821541 1.000000
aniFrame
  m_time -0.122000
  m_vertexTransformMat -0.072886 -0.238111 -0.968499 0.000000 -0.666859 0.733721 -0.130203 0.000000 0.741611 0.636363 -0.212264 0.000000 18.720623 10.123378 -4.826838 1.000000
aniFrame
  m_time -0.106000
  m_vertexTransformMat -0.048089 -0.272252 -0.961024 0.000000 -0.667372 0.724618 -0.171885 0.000000 0.743170 0.633095 -0.216540 0.000000 18.335468 10.399786 -4.936626 1.000000
aniFrame
  m_time -0.090000
  m_vertexTransformMat -0.022993 -0.305789 -0.951822 0.000000 -0.665570 0.715100 -0.213660 0.000000 0.745982 0.628591 -0.219966 0.000000 17.949905 10.659335 -5.077256 1.000000
aniFrame
  m_time -0.074000
  m_vertexTransformMat -0.000603 -0.339609 -0.940567 0.000000 -0.662398 0.704764 -0.254043 0.000000 0.749153 0.622876 -0.225381 0.000000 17.592916 10.927493 -5.309459 1.000000
aniFrame
  m_time -0.058000
  m_vertexTransformMat 0.021569 -0.372804 -0.927659 0.000000 -0.656559 0.694467 -0.294356 0.000000 0.753966 0.615412 -0.229789 0.000000 17.239443 11.181386 -5.558872 1.000000
aniFrame
  m_time -0.042000
  m_vertexTransformMat 0.040860 -0.404951 -0.913425 0.000000 -0.649221 0.684148 -0.332347 0.000000 0.759502 0.606594 -0.234948 0.000000 16.932516 11.417386 -5.865472 1.000000
aniFrame
  m_time -0.026000
  m_vertexTransformMat 0.058094 -0.436361 -0.897895 0.000000 -0.639856 0.674108 -0.369004 0.000000 0.766296 0.595960 -0.240046 0.000000 16.662148 11.647533 -6.193708 1.000000
aniFrame
  m_time -0.010000
  m_vertexTransformMat 0.073141 -0.465002 -0.882283 0.000000 -0.629091 0.664945 -0.402608 0.000000 0.773883 0.584483 -0.243894 0.000000 16.428782 11.837649 -6.513447 1.000000
aniFrame
  m_time 0.005000
  m_vertexTransformMat 0.085932 -0.496395 -0.863833 0.000000 -0.613134 0.657058 -0.438567 0.000000 0.785291 0.567333 -0.247895 0.000000 16.251431 12.032847 -6.898574 1.000000
aniFrame
  m_time 0.021000
  m_vertexTransformMat 0.096477 -0.529670 -0.842699 0.000000 -0.591387 0.650496 -0.476568 0.000000 0.800596 0.544339 -0.250482 0.000000 16.126009 12.212727 -7.331712 1.000000
aniFrame
  m_time 0.037000
  m_vertexTransformMat 0.104152 -0.566670 -0.817336 0.000000 -0.563472 0.643568 -0.517997 0.000000 0.819544 0.514496 -0.252273 0.000000 16.064348 12.399549 -7.848232 1.000000
aniFrame
  m_time 0.053000
  m_vertexTransformMat 0.109048 -0.607729 -0.786623 0.000000 -0.527776 0.635192 -0.563901 0.000000 0.842354 0.476653 -0.251479 0.000000 16.064140 12.585176 -8.451791 1.000000
aniFrame
  m_time 0.069000
  m_vertexTransformMat 0.110289 -0.648990 -0.752761 0.000000 -0.488969 0.623956 -0.609581 0.000000 0.865301 0.435306 -0.248520 0.000000 16.120361 12.763554 -9.091002 1.000000
aniFrame
  m_time 0.085000
  m_vertexTransformMat 0.108524 -0.689624 -0.715991 0.000000 -0.447076 0.609438 -0.654759 0.000000 0.887889 0.391159 -0.242176 0.000000 16.229977 12.926182 -9.738468 1.000000
aniFrame
  m_time 0.101000
  m_vertexTransformMat 0.103457 -0.726935 -0.678870 0.000000 -0.406284 0.592108 -0.695947 0.000000 0.907871 0.347814 -0.234084 0.000000 16.379160 13.076731 -10.362675 1.000000
aniFrame
  m_time 0.117000
  m_vertexTransformMat 0.096529 -0.760553 -0.642060 0.000000 -0.366734 0.572512 -0.733305 0.000000 0.925305 0.306251 -0.223657 0.000000 16.576420 13.215192 -10.920902 1.000000
aniFrame
  m_time 0.133000
  m_vertexTransformMat 0.087664 -0.788561 -0.608676 0.000000 -0.332556 0.552806 -0.764076 0.000000 0.939000 0.269401 -0.213779 0.000000 16.782829 13.352180 -11.411003 1.000000
aniFrame
  m_time 0.149000
  m_vertexTransformMat 0.078421 -0.810792 -0.580057 0.000000 -0.305891 0.534212 -0.788067 0.000000 0.948831 0.239236 -0.206121 0.000000 16.981279 13.507113 -11.814186 1.000000
aniFrame
  m_time 0.165000
  m_vertexTransformMat 0.070282 -0.826576 -0.558420 0.000000 -0.285056 0.519818 -0.805315 0.000000 0.955931 0.215780 -0.199087 0.000000 17.172203 13.664130 -12.072717 1.000000
aniFrame
  m_time 0.181000
  m_vertexTransformMat 0.063167 -0.834372 -0.547571 0.000000 -0.277691 0.512305 -0.812670 0.000000 0.958592 0.203389 -0.199336 0.000000 17.285093 13.862194 -12.235761 1.000000
aniFrame
  m_time 0.197000
  m_vertexTransformMat 0.059200 -0.836119 -0.545345 0.000000 -0.280208 0.510421 -0.812991 0.000000 0.958112 0.200939 -0.204070 0.000000 17.331972 14.115525 -12.288785 1.000000
aniFrame
  m_time 0.213000
  m_vertexTransformMat 0.056596 -0.831607 -0.552473 0.000000 -0.291754 0.515431 -0.805737 0.000000 0.954818 0.206787 -0.213454 0.000000 17.329695 14.400145 -12.237204 1.000000
aniFrame
  m_time 0.229000
  m_vertexTransformMat 0.054838 -0.822984 -0.565412 0.000000 -0.314559 0.523191 -0.792038 0.000000 0.947653 0.221289 -0.230186 0.000000 17.245178 14.743277 -12.177044 1.000000
aniFrame
  m_time 0.245000
  m_vertexTransformMat 0.053906 -0.812499 -0.580465 0.000000 -0.339923 0.531659 -0.775752 0.000000 0.938907 0.239131 -0.247527 0.000000 17.137133 15.108069 -12.087345 1.000000
aniFrame
  m_time 0.261000
  m_vertexTransformMat 0.051703 -0.798720 -0.599478 0.000000 -0.371507 0.541816 -0.753935 0.000000 0.926989 0.261691 -0.268716 0.000000 16.982084 15.507038 -11.989549 1.000000
aniFrame
  m_time 0.277000
  m_vertexTransformMat 0.049759 -0.783253 -0.619709 0.000000 -0.406108 0.551002 -0.729023 0.000000 0.912469 0.287945 -0.290668 0.000000 16.791899 15.932209 -11.887450 1.000000
aniFrame
  m_time 0.293000
  m_vertexTransformMat 0.046744 -0.764809 -0.642560 0.000000 -0.444558 0.560120 -0.699024 0.000000 0.894529 0.318330 -0.313820 0.000000 16.560368 16.387505 -11.770432 1.000000
aniFrame
  m_time 0.309000
  m_vertexTransformMat 0.042358 -0.744572 -0.666197 0.000000 -0.485460 0.567452 -0.665076 0.000000 0.873232 0.351584 -0.337423 0.000000 16.289410 16.854713 -11.665536 1.000000
aniFrame
  m_time 0.325000
  m_vertexTransformMat 0.037267 -0.722384 -0.690487 0.000000 -0.527765 0.572515 -0.627448 0.000000 0.848572 0.387798 -0.359913 0.000000 15.981762 17.338377 -11.553594 1.000000
aniFrame
  m_time 0.341000
  m_vertexTransformMat 0.030377 -0.698589 -0.714878 0.000000 -0.570705 0.575044 -0.586192 0.000000 0.820593 0.425791 -0.381220 0.000000 15.643290 17.816328 -11.442355 1.000000
aniFrame
  m_time 0.357000
  m_vertexTransformMat 0.022034 -0.673635 -0.738737 0.000000 -0.613698 0.574205 -0.541907 0.000000 0.789233 0.465302 -0.400756 0.000000 15.277483 18.298708 -11.336900 1.000000
aniFrame
  m_time 0.373000
  m_vertexTransformMat 0.011934 -0.647360 -0.762091 0.000000 -0.655351 0.570573 -0.494937 0.000000 0.755231 0.505343 -0.417438 0.000000 14.896220 18.754015 -11.206312 1.000000
aniFrame
  m_time 0.389000
  m_vertexTransformMat 0.000044 -0.620855 -0.783925 0.000000 -0.695526 0.563232 -0.446110 0.000000 0.718501 0.545260 -0.431796 0.000000 14.505576 19.201151 -11.079659 1.000000
aniFrame
  m_time 0.405000
  m_vertexTransformMat -0.013632 -0.593572 -0.804666 0.000000 -0.732924 0.553346 -0.395766 0.000000 0.680174 0.584364 -0.442586 0.000000 14.120834 19.604984 -10.925507 1.000000
aniFrame
  m_time 0.421000
  m_vertexTransformMat -0.028722 -0.566606 -0.823488 0.000000 -0.767268 0.540528 -0.345152 0.000000 0.640684 0.621922 -0.450264 0.000000 13.742878 19.981731 -10.766181 1.000000
aniFrame
  m_time 0.437000
  m_vertexTransformMat -0.046164 -0.539979 -0.840412 0.000000 -0.798159 0.525832 -0.294013 0.000000 0.600676 0.657209 -0.455263 0.000000 13.407298 20.312168 -10.610063 1.000000
aniFrame
  m_time 0.453000
  m_vertexTransformMat -0.064284 -0.513641 -0.855594 0.000000 -0.824885 0.509874 -0.244118 0.000000 0.561634 0.690073 -0.456471 0.000000 13.098130 20.591749 -10.430309 1.000000
aniFrame
  m_time 0.469000
  m_vertexTransformMat -0.084172 -0.488702 -0.868381 0.000000 -0.847464 0.493508 -0.195589 0.000000 0.524137 0.719459 -0.455697 0.000000 12.855466 20.824785 -10.271638 1.000000
aniFrame
  m_time 0.485000
  m_vertexTransformMat -0.104961 -0.464047 -0.879570 0.000000 -0.865777 0.477807 -0.148768 0.000000 0.489300 0.745896 -0.451912 0.000000 12.677971 20.991133 -10.099765 1.000000
aniFrame
  m_time 0.501000
  m_vertexTransformMat -0.126027 -0.441188 -0.888521 0.000000 -0.879635 0.463796 -0.105527 0.000000 0.458649 0.768275 -0.446536 0.000000 12.578975 21.105125 -9.947000 1.000000
aniFrame
  m_time 0.517000
  m_vertexTransformMat -0.147017 -0.420028 -0.895524 0.000000 -0.889861 0.451482 -0.065671 0.000000 0.431896 0.787236 -0.440142 0.000000 12.549176 21.172171 -9.809965 1.000000
aniFrame
  m_time 0.533000
  m_vertexTransformMat -0.169910 -0.397979 -0.901523 0.000000 -0.895035 0.445128 -0.027815 0.000000 0.412363 0.802168 -0.431837 0.000000 12.690933 21.119232 -9.681949 1.000000
aniFrame
  m_time 0.549000
  m_vertexTransformMat -0.196700 -0.373363 -0.906592 0.000000 -0.893840 0.448291 0.009312 0.000000 0.402940 0.812179 -0.421905 0.000000 13.103510 20.889904 -9.588475 1.000000
aniFrame
  m_time 0.565000
  m_vertexTransformMat -0.226655 -0.344790 -0.910905 0.000000 -0.886501 0.460404 0.046314 0.000000 0.403415 0.818015 -0.410010 0.000000 13.763103 20.469742 -9.518912 1.000000
aniFrame
  m_time 0.581000
  m_vertexTransformMat -0.260594 -0.309858 -0.914373 0.000000 -0.871490 0.483048 0.084679 0.000000 0.415447 0.818934 -0.395918 0.000000 14.713429 19.795889 -9.488199 1.000000
aniFrame
  m_time 0.597000
  m_vertexTransformMat -0.295392 -0.269589 -0.916551 0.000000 -0.849549 0.512992 0.122910 0.000000 0.437047 0.814961 -0.380563 0.000000 15.847041 18.897310 -9.494456 1.000000
aniFrame
  m_time 0.613000
  m_vertexTransformMat -0.327444 -0.225742 -0.917508 0.000000 -0.822330 0.546328 0.159059 0.000000 0.465354 0.806577 -0.364526 0.000000 17.026978 17.828951 -9.515361 1.000000
aniFrame
  m_time 0.629000
  m_vertexTransformMat -0.355662 -0.178507 -0.917409 0.000000 -0.789968 0.581976 0.193016 0.000000 0.499455 0.793372 -0.348001 0.000000 18.212931 16.588461 -9.542095 1.000000
aniFrame
  m_time 0.645000
  m_vertexTransformMat -0.377287 -0.131329 -0.916737 0.000000 -0.755409 0.616283 0.222605 0.000000 0.535735 0.776497 -0.331722 0.000000 19.268759 15.274274 -9.537290 1.000000
aniFrame
  m_time 0.661000
  m_vertexTransformMat -0.392208 -0.084596 -0.915979 0.000000 -0.719246 0.648972 0.248034 0.000000 0.573462 0.756095 -0.315377 0.000000 20.188999 13.894655 -9.489594 1.000000
aniFrame
  m_time 0.677000
  m_vertexTransformMat -0.399596 -0.043030 -0.915681 0.000000 -0.685388 0.677357 0.267267 0.000000 0.608743 0.734395 -0.300161 0.000000 20.906101 12.587115 -9.387997 1.000000
aniFrame
  m_time 0.693000
  m_vertexTransformMat -0.400191 -0.006902 -0.916406 0.000000 -0.654617 0.701962 0.280582 0.000000 0.641346 0.712180 -0.285437 0.000000 21.435528 11.366848 -9.215477 1.000000
aniFrame
  m_time 0.709000
  m_vertexTransformMat -0.394866 0.018003 -0.918563 0.000000 -0.631684 0.720672 0.285669 0.000000 0.667125 0.693042 -0.273196 0.000000 21.767828 10.412790 -9.001543 1.000000
aniFrame
  m_time 0.725000
  m_vertexTransformMat -0.384750 0.032166 -0.922460 0.000000 -0.616763 0.734570 0.282860 0.000000 0.686711 0.677769 -0.262787 0.000000 21.933455 9.725024 -8.730261 1.000000
aniFrame
  m_time 0.741000
  m_vertexTransformMat -0.371435 0.037231 -0.927712 0.000000 -0.608730 0.744705 0.273608 0.000000 0.701059 0.666354 -0.253946 0.000000 21.982885 9.259878 -8.414761 1.000000
aniFrame
  m_time 0.757000
  m_vertexTransformMat -0.355222 0.032914 -0.934202 0.000000 -0.607835 0.751123 0.257587 0.000000 0.710179 0.659342 -0.246809 0.000000 21.924223 9.032989 -8.057517 1.000000
aniFrame
  m_time 0.773000
  m_vertexTransformMat -0.337126 0.024948 -0.941129 0.000000 -0.609184 0.756388 0.238269 0.000000 0.717803 0.653647 -0.239800 0.000000 21.822811 8.865840 -7.671727 1.000000
aniFrame
  m_time 0.789000
  m_vertexTransformMat -0.316859 0.013405 -0.948378 0.000000 -0.612630 0.760444 0.215432 0.000000 0.724076 0.649266 -0.232741 0.000000 21.680468 8.757154 -7.254823 1.000000
aniFrame
  m_time 0.805000
  m_vertexTransformMat -0.295502 -0.001532 -0.955341 0.000000 -0.617426 0.763400 0.189755 0.000000 0.729017 0.645925 -0.226532 0.000000 21.499149 8.704651 -6.843459 1.000000
aniFrame
  m_time 0.821000
  m_vertexTransformMat -0.271932 -0.020057 -0.962107 0.000000 -0.623922 0.764848 0.160402 0.000000 0.732649 0.643898 -0.220501 0.000000 21.272963 8.720062 -6.421856 1.000000
aniFrame
  m_time 0.837000
  m_vertexTransformMat -0.248395 -0.041377 -0.967775 0.000000 -0.630564 0.765321 0.129123 0.000000 0.735316 0.642317 -0.216192 0.000000 21.019209 8.776956 -6.046373 1.000000
aniFrame
  m_time 0.853000
  m_vertexTransformMat -0.222827 -0.065695 -0.972642 0.000000 -0.637651 0.764514 0.094445 0.000000 0.737394 0.641251 -0.212244 0.000000 20.731255 8.884855 -5.684544 1.000000
aniFrame
  m_time 0.869000
  m_vertexTransformMat -0.197174 -0.092199 -0.976024 0.000000 -0.645268 0.761721 0.058401 0.000000 0.738073 0.641312 -0.209685 0.000000 20.412764 9.046419 -5.381285 1.000000
aniFrame
  m_time 0.885000
  m_vertexTransformMat -0.171278 -0.121058 -0.977757 0.000000 -0.651238 0.758606 0.020156 0.000000 0.739292 0.640205 -0.208769 0.000000 20.086435 9.223848 -5.141586 1.000000
aniFrame
  m_time 0.901000
  m_vertexTransformMat -0.143691 -0.151346 -0.977981 0.000000 -0.657883 0.752858 -0.019847 0.000000 0.739285 0.640546 -0.207747 0.000000 19.722214 9.456034 -4.943144 1.000000
aniFrame
  m_time 0.917000
  m_vertexTransformMat -0.117623 -0.183330 -0.975989 0.000000 -0.663133 0.746075 -0.060224 0.000000 0.739202 0.640127 -0.209327 0.000000 19.349405 9.711862 -4.853764 1.000000
aniFrame
  m_time 0.933000
  m_vertexTransformMat -0.090462 -0.216089 -0.972174 0.000000 -0.665564 0.739284 -0.102392 0.000000 0.740838 0.637781 -0.210698 0.000000 18.975414 9.950744 -4.809649 1.000000
aniFrame
  m_time 0.949000
  m_vertexTransformMat -0.064572 -0.249430 -0.966238 0.000000 -0.667270 0.730754 -0.144048 0.000000 0.742012 0.635440 -0.213623 0.000000 18.593452 10.215057 -4.856660 1.000000
aniFrame
  m_time 0.965000
  m_vertexTransformMat -0.039602 -0.283537 -0.958143 0.000000 -0.666969 0.721510 -0.185945 0.000000 0.744032 0.631688 -0.217684 0.000000 18.204260 10.488419 -4.977594 1.000000
aniFrame
  m_time 0.981000
  m_vertexTransformMat -0.015340 -0.316997 -0.948302 0.000000 -0.664721 0.711719 -0.227160 0.000000 0.746934 0.626872 -0.221632 0.000000 17.829361 10.747265 -5.147087 1.000000
aniFrame
  m_time 0.997000
  m_vertexTransformMat 0.006799 -0.350873 -0.936399 0.000000 -0.660760 0.701286 -0.267573 0.000000 0.750567 0.620553 -0.227074 0.000000 17.474070 11.016382 -5.392821 1.000000
aniFrame
  m_time 1.013000
  m_vertexTransformMat 0.028367 -0.383547 -0.923086 0.000000 -0.654274 0.691037 -0.307236 0.000000 0.755725 0.612666 -0.231342 0.000000 17.131096 11.260056 -5.653772 1.000000
aniFrame
  m_time 1.029000
  m_vertexTransformMat 0.046736 -0.415645 -0.908325 0.000000 -0.646334 0.680732 -0.344756 0.000000 0.761622 0.603194 -0.236831 0.000000 16.839951 11.496717 -5.977227 1.000000
aniFrame
  m_time 1.045000
  m_vertexTransformMat 0.063383 -0.445996 -0.892788 0.000000 -0.636553 0.670920 -0.380352 0.000000 0.768624 0.592414 -0.241375 0.000000 16.578918 11.713778 -6.297703 1.000000
aniFrame
  m_time 1.061000
  m_vertexTransformMat 0.077638 -0.474924 -0.876596 0.000000 -0.624552 0.662178 -0.414071 0.000000 0.777114 0.579628 -0.245205 0.000000 16.363129 11.900215 -6.631851 1.000000
aniFrame
  m_time 1.077000
  m_vertexTransformMat 0.089724 -0.507304 -0.857084 0.000000 -0.606495 0.654768 -0.451046 0.000000 0.790009 0.560286 -0.248929 0.000000 16.203579 12.094877 -7.037691 1.000000
aniFrame
  m_time 1.093000
  m_vertexTransformMat 0.099381 -0.541413 -0.834863 0.000000 -0.582844 0.648346 -0.489837 0.000000 0.806484 0.535275 -0.251126 0.000000 16.097652 12.272166 -7.491523 1.000000
aniFrame
  m_time 1.109000
  m_vertexTransformMat 0.106120 -0.580098 -0.807604 0.000000 -0.552313 0.640990 -0.532995 0.000000 0.826855 0.502612 -0.252374 0.000000 16.057962 12.462932 -8.042545 1.000000
aniFrame
  m_time 1.125000
  m_vertexTransformMat 0.109905 -0.621628 -0.775564 0.000000 -0.514887 0.631827 -0.579385 0.000000 0.850184 0.463005 -0.250627 0.000000 16.076641 12.644817 -8.663119 1.000000
aniFrame
  m_time 1.141000
  m_vertexTransformMat 0.110012 -0.662646 -0.740809 0.000000 -0.475385 0.619473 -0.624709 0.000000 0.872872 0.420895 -0.246863 0.000000 16.151537 12.820259 -9.306904 1.000000
aniFrame
  m_time 1.157000
  m_vertexTransformMat 0.107221 -0.702614 -0.703448 0.000000 -0.432963 0.603920 -0.669197 0.000000 0.895012 0.376318 -0.239453 0.000000 16.276001 12.976656 -9.951155 1.000000
aniFrame
  m_time 1.173000
  m_vertexTransformMat 0.101288 -0.738500 -0.666603 0.000000 -0.393148 0.585797 -0.708716 0.000000 0.913879 0.333858 -0.231005 0.000000 16.439476 13.124962 -10.557018 1.000000
aniFrame
  m_time 1.189000
  m_vertexTransformMat 0.093803 -0.770697 -0.630260 0.000000 -0.354256 0.565782 -0.744577 0.000000 0.930432 0.293116 -0.219952 0.000000 16.647680 13.259328 -11.091636 1.000000
aniFrame
  m_time 1.205000
  m_vertexTransformMat 0.084459 -0.796437 -0.598795 0.000000 -0.323289 0.546531 -0.772521 0.000000 0.942524 0.258830 -0.211320 0.000000 16.846949 13.402824 -11.558475 1.000000
aniFrame
  m_time 1.221000
  m_vertexTransformMat 0.075609 -0.816955 -0.571724 0.000000 -0.297997 0.528649 -0.794813 0.000000 0.951568 0.230467 -0.203480 0.000000 17.048611 13.559245 -11.917232 1.000000
aniFrame
  m_time 1.237000
  m_vertexTransformMat 0.067711 -0.829909 -0.553775 0.000000 -0.280893 0.516740 -0.808752 0.000000 0.957348 0.210313 -0.198126 0.000000 17.220762 13.721600 -12.132941 1.000000
aniFrame
  m_time 1.253000
  m_vertexTransformMat 0.061483 -0.835586 -0.545909 0.000000 -0.277852 0.510995 -0.813439 0.000000 0.958655 0.201695 -0.200751 0.000000 17.304859 13.943246 -12.269104 1.000000
aniFrame
  m_time 1.269000
  m_vertexTransformMat 0.058266 -0.835415 -0.546524 0.000000 -0.282262 0.511329 -0.811709 0.000000 0.957567 0.201558 -0.206013 0.000000 17.343048 14.201849 -12.276562 1.000000
aniFrame
  m_time 1.285000
  m_vertexTransformMat 0.055885 -0.828931 -0.556552 0.000000 -0.298696 0.518014 -0.801525 0.000000 0.952711 0.211033 -0.218649 0.000000 17.307055 14.510669 -12.217055 1.000000
aniFrame
  m_time 1.301000
  m_vertexTransformMat 0.054588 -0.819929 -0.569856 0.000000 -0.322427 0.525660 -0.787225 0.000000 0.945019 0.226710 -0.235673 0.000000 17.213413 14.860826 -12.152214 1.000000
aniFrame
  m_time 1.317000
  m_vertexTransformMat 0.053297 -0.808151 -0.586560 0.000000 -0.349870 0.535048 -0.768970 0.000000 0.935281 0.246204 -0.254231 0.000000 17.090328 15.238103 -12.053257 1.000000
aniFrame
  m_time 1.333000
  m_vertexTransformMat 0.050997 -0.793836 -0.605990 0.000000 -0.382724 0.544921 -0.746045 0.000000 0.922454 0.269973 -0.276031 0.000000 16.922581 15.644822 -11.958633 1.000000
aniFrame
  m_time 1.349000
  m_vertexTransformMat 0.048948 -0.777398 -0.627102 0.000000 -0.418525 0.554111 -0.719582 0.000000 0.906885 0.297680 -0.298237 0.000000 16.719389 16.081842 -11.848328 1.000000
aniFrame
  m_time 1.365000
  m_vertexTransformMat 0.045362 -0.758224 -0.650415 0.000000 -0.457999 0.562841 -0.688075 0.000000 0.887795 0.329102 -0.321734 0.000000 16.474314 16.541433 -11.734248 1.000000
aniFrame
  m_time 1.381000
  m_vertexTransformMat 0.040784 -0.737401 -0.674223 0.000000 -0.499459 0.569383 -0.652950 0.000000 0.865377 0.363377 -0.345080 0.000000 16.190594 17.015451 -11.629591 1.000000
aniFrame
  m_time 1.397000
  m_vertexTransformMat 0.035204 -0.714580 -0.698667 0.000000 -0.542014 0.573700 -0.614076 0.000000 0.839632 0.400305 -0.367116 0.000000 15.872289 17.498037 -11.514686 1.000000
aniFrame
  m_time 1.413000
  m_vertexTransformMat 0.027755 -0.690424 -0.722873 0.000000 -0.585110 0.575103 -0.571754 0.000000 0.810479 0.438829 -0.388012 0.000000 15.523792 17.978210 -11.408694 1.000000
aniFrame
  m_time 1.429000
  m_vertexTransformMat 0.018884 -0.664986 -0.746617 0.000000 -0.627764 0.573320 -0.526514 0.000000 0.778175 0.478642 -0.406627 0.000000 15.151743 18.453854 -11.295883 1.000000
aniFrame
  m_time 1.445000
  m_vertexTransformMat 0.008175 -0.638562 -0.769528 0.000000 -0.668955 0.568503 -0.478857 0.000000 0.743259 0.518694 -0.422521 0.000000 14.766231 18.905018 -11.164372 1.000000
aniFrame
  m_time 1.461000
  m_vertexTransformMat -0.004339 -0.611870 -0.790947 0.000000 -0.708368 0.560166 -0.429453 0.000000 0.705830 0.558418 -0.435859 0.000000 14.376390 19.342211 -11.033128 1.000000
aniFrame
  m_time 1.477000
  m_vertexTransformMat -0.018451 -0.584486 -0.811194 0.000000 -0.744702 0.549400 -0.378918 0.000000 0.667142 0.597106 -0.445404 0.000000 13.992508 19.732960 -10.870498 1.000000
aniFrame
  m_time 1.493000
  m_vertexTransformMat -0.034276 -0.557762 -0.829294 0.000000 -0.778002 0.535741 -0.328170 0.000000 0.627327 0.633943 -0.452302 0.000000 13.625139 20.099400 -10.716122 1.000000
aniFrame
  m_time 1.509000
  m_vertexTransformMat -0.052147 -0.531065 -0.845726 0.000000 -0.807528 0.520659 -0.277151 0.000000 0.587519 0.668495 -0.456000 0.000000 13.300963 20.409445 -10.550205 1.000000
aniFrame
  m_time 1.525000
  m_vertexTransformMat -0.070614 -0.505207 -0.860105 0.000000 -0.832877 0.504370 -0.227877 0.000000 0.548936 0.700270 -0.456390 0.000000 13.006736 20.676195 -10.374503 1.000000
aniFrame
  m_time 1.541000
  m_vertexTransformMat -0.091138 -0.480412 -0.872295 0.000000 -0.854055 0.488183 -0.179632 0.000000 0.512137 0.728617 -0.454790 0.000000 12.790776 20.886869 -10.216398 1.000000
aniFrame
  m_time 1.557000
  m_vertexTransformMat -0.111874 -0.456158 -0.882839 0.000000 -0.870893 0.472863 -0.133965 0.000000 0.478571 0.753870 -0.450166 0.000000 12.633343 21.034752 -10.043791 1.000000
aniFrame
  m_time 1.573000
  m_vertexTransformMat -0.133083 -0.434063 -0.890999 0.000000 -0.883428 0.459469 -0.091884 0.000000 0.449270 0.774905 -0.444611 0.000000 12.562079 21.134188 -9.902477 1.000000
aniFrame
  m_time 1.589000
  m_vertexTransformMat -0.154212 -0.412908 -0.897622 0.000000 -0.892291 0.448346 -0.052944 0.000000 0.424306 0.792775 -0.437575 0.000000 12.567400 21.173031 -9.763969 1.000000
aniFrame
  m_time 1.605000
  m_vertexTransformMat -0.178521 -0.390084 -0.903308 0.000000 -0.895274 0.445253 -0.015344 0.000000 0.408186 0.805968 -0.428719 0.000000 12.802250 21.061466 -9.648291 1.000000
aniFrame
  m_time 1.621000
  m_vertexTransformMat -0.206309 -0.364377 -0.908111 0.000000 -0.892119 0.451284 0.021599 0.000000 0.401945 0.814600 -0.418171 0.000000 13.294952 20.773087 -9.562230 1.000000
aniFrame
  m_time 1.637000
  m_vertexTransformMat -0.237496 -0.333982 -0.912169 0.000000 -0.882451 0.466704 0.058879 0.000000 0.406048 0.818928 -0.405564 0.000000 14.044815 20.277428 -9.503512 1.000000
aniFrame
  m_time 1.653000
  m_vertexTransformMat -0.272395 -0.296822 -0.915259 0.000000 -0.864782 0.492566 0.097632 0.000000 0.421846 0.818093 -0.390859 0.000000 15.082795 19.515053 -9.487429 1.000000
aniFrame
  m_time 1.669000
  m_vertexTransformMat -0.306259 -0.255631 -0.916984 0.000000 -0.841248 0.523519 0.135021 0.000000 0.445543 0.812761 -0.375381 0.000000 16.228502 18.567881 -9.499489 1.000000
aniFrame
  m_time 1.685000
  m_vertexTransformMat -0.337485 -0.210099 -0.917585 0.000000 -0.811907 0.558244 0.170796 0.000000 0.476352 0.802634 -0.358980 0.000000 17.431616 17.426964 -9.525142 1.000000
aniFrame
  m_time 1.701000
  m_vertexTransformMat -0.363541 -0.162993 -0.917208 0.000000 -0.778820 0.593409 0.203238 0.000000 0.511153 0.788225 -0.342670 0.000000 18.575920 16.164709 -9.545745 1.000000
aniFrame
  m_time 1.717000
  m_vertexTransformMat -0.383084 -0.115389 -0.916478 0.000000 -0.743296 0.627563 0.231682 0.000000 0.548414 0.769968 -0.326177 0.000000 19.595392 14.812926 -9.525889 1.000000
aniFrame
  m_time 1.733000
  m_vertexTransformMat -0.395470 -0.070282 -0.915786 0.000000 -0.707746 0.658814 0.255070 0.000000 0.585405 0.749016 -0.310282 0.000000 20.449436 13.453573 -9.464439 1.000000
aniFrame
  m_time 1.749000
  m_vertexTransformMat -0.400518 -0.030087 -0.915795 0.000000 -0.674553 0.686103 0.272471 0.000000 0.620131 0.726882 -0.295092 0.000000 21.104261 12.161850 -9.336532 1.000000
aniFrame
  m_time 1.765000
  m_vertexTransformMat -0.399033 0.002810 -0.916932 0.000000 -0.645945 0.708879 0.283276 0.000000 0.650790 0.705324 -0.281051 0.000000 21.568094 11.013535 -9.149076 1.000000
aniFrame
  m_time 1.781000
  m_vertexTransformMat -0.391908 0.023824 -0.919696 0.000000 -0.625981 0.725680 0.285546 0.000000 0.674208 0.687619 -0.269486 0.000000 21.837997 10.157372 -8.916087 1.000000
aniFrame
  m_time 1.797000
  m_vertexTransformMat -0.380617 0.034940 -0.924073 0.000000 -0.613319 0.738336 0.280537 0.000000 0.692077 0.673528 -0.259594 0.000000 21.961983 9.543248 -8.628939 1.000000
aniFrame
  m_time 1.813000
  m_vertexTransformMat -0.366520 0.036425 -0.929697 0.000000 -0.607445 0.747514 0.268763 0.000000 0.704751 0.663246 -0.251852 0.000000 21.974924 9.164342 -8.306069 1.000000
aniFrame
  m_time 1.829000
  m_vertexTransformMat -0.350055 0.029966 -0.936250 0.000000 -0.606926 0.754063 0.251059 0.000000 0.713515 0.656119 -0.245776 0.000000 21.901426 8.975553 -7.952139 1.000000
aniFrame
  m_time 1.845000
  m_vertexTransformMat -0.332018 0.020493 -0.943051 0.000000 -0.607261 0.760386 0.230320 0.000000 0.721802 0.649148 -0.240017 0.000000 21.800665 8.822386 -7.578212 1.000000
aniFrame
  m_time 1.861000
  m_vertexTransformMat -0.312449 0.006960 -0.949909 0.000000 -0.609145 0.765844 0.205974 0.000000 0.728915 0.642989 -0.235047 0.000000 21.662420 8.740239 -7.193346 1.000000
aniFrame
  m_time 1.877000
  m_vertexTransformMat -0.291657 -0.010006 -0.956471 0.000000 -0.612137 0.770318 0.178600 0.000000 0.734999 0.637582 -0.230794 0.000000 21.489052 8.721560 -6.814602 1.000000
aniFrame
  m_time 1.893000
  m_vertexTransformMat -0.269486 -0.030581 -0.962519 0.000000 -0.616160 0.773605 0.147933 0.000000 0.740085 0.632931 -0.227318 0.000000 21.280832 8.771013 -6.445559 1.000000
aniFrame
  m_time 1.909000
  m_vertexTransformMat -0.246667 -0.053871 -0.967602 0.000000 -0.620490 0.775739 0.114990 0.000000 0.744411 0.628751 -0.224775 0.000000 21.046795 8.867600 -6.109481 1.000000
aniFrame
  m_time 1.925000
  m_vertexTransformMat -0.222451 -0.080140 -0.971645 0.000000 -0.625318 0.776348 0.079130 0.000000 0.747992 0.625189 -0.222812 0.000000 20.782757 9.021996 -5.799043 1.000000
aniFrame
  m_time 1.941000
  m_vertexTransformMat -0.198577 -0.108246 -0.974089 0.000000 -0.629624 0.775755 0.042149 0.000000 0.751093 0.621680 -0.222201 0.000000 20.505890 9.202063 -5.552724 1.000000
aniFrame
  m_time 1.957000
  m_vertexTransformMat -0.173159 -0.138742 -0.975073 0.000000 -0.633752 0.773533 0.002480 0.000000 0.753907 0.618383 -0.221872 0.000000 20.206190 9.425694 -5.343651 1.000000
aniFrame
  m_time 1.973000
  m_vertexTransformMat -0.148124 -0.170155 -0.974221 0.000000 -0.638112 0.769040 -0.037297 0.000000 0.755561 0.616137 -0.222491 0.000000 19.879946 9.681006 -5.210632 1.000000
aniFrame
  m_time 1.989000
  m_vertexTransformMat -0.122694 -0.203286 -0.971402 0.000000 -0.640660 0.763759 -0.078913 0.000000 0.757958 0.612656 -0.223946 0.000000 19.543091 9.943105 -5.147076 1.000000
aniFrame
  m_time 2.005000
  m_vertexTransformMat -0.096782 -0.236414 -0.966821 0.000000 -0.643377 0.756013 -0.120462 0.000000 0.759407 0.610372 -0.225272 0.000000 19.174660 10.225267 -5.137936 1.000000
aniFrame
  m_time 2.021000
  m_vertexTransformMat -0.072149 -0.270441 -0.960029 0.000000 -0.644509 0.747225 -0.162057 0.000000 0.761185 0.607055 -0.228213 0.000000 18.801321 10.506957 -5.219409 1.000000
aniFrame
  m_time 2.037000
  m_vertexTransformMat -0.046417 -0.303978 -0.951548 0.000000 -0.643892 0.737377 -0.204151 0.000000 0.763707 0.603218 -0.229956 0.000000 18.412619 10.768995 -5.322660 1.000000
aniFrame
  m_time 2.053000
  m_vertexTransformMat -0.022820 -0.337231 -0.941146 0.000000 -0.642835 0.725927 -0.244528 0.000000 0.765665 0.599421 -0.233349 0.000000 18.033897 11.030450 -5.508959 1.000000
aniFrame
  m_time 2.069000
  m_vertexTransformMat 0.000991 -0.369790 -0.929116 0.000000 -0.640098 0.713599 -0.284696 0.000000 0.768293 0.595007 -0.235995 0.000000 17.644793 11.274096 -5.714304 1.000000
aniFrame
  m_time 2.085000
