m_aniFrameList.size 202
aniFrame
  m_time -1.066000
  m_vertexTransformMat 1.000000 -0.000000 -0.000000 0.000000 0.000000 0.993439 0.114366 0.000000 0.000000 -0.114366 0.993439 0.000000 -0.232182 -0.987477 -1.613136 1.000000
aniFrame
  m_time -1.050000
  m_vertexTransformMat 0.999860 -0.002199 0.016602 0.000000 0.000203 0.992865 0.119248 0.000000 -0.016746 -0.119227 0.992726 0.000000 -0.292917 -0.930004 -1.740058 1.000000
aniFrame
  m_time -1.034000
  m_vertexTransformMat 0.999440 -0.004436 0.033178 0.000000 0.000296 0.992312 0.123761 0.000000 -0.033472 -0.123681 0.991757 0.000000 -0.351102 -0.861731 -1.869632 1.000000
aniFrame
  m_time -1.018000
  m_vertexTransformMat 0.998682 -0.007009 0.050843 0.000000 0.000389 0.991636 0.129071 0.000000 -0.051323 -0.128881 0.990331 0.000000 -0.416326 -0.793253 -2.016270 1.000000
aniFrame
  m_time -1.002000
  m_vertexTransformMat 0.997589 -0.009752 0.068713 0.000000 0.000420 0.990909 0.134536 0.000000 -0.069401 -0.134183 0.988523 0.000000 -0.478752 -0.720839 -2.164053 1.000000
aniFrame
  m_time -0.986000
  m_vertexTransformMat 0.996206 -0.012636 0.086104 0.000000 0.000460 0.990154 0.139983 0.000000 -0.087025 -0.139413 0.986403 0.000000 -0.529622 -0.647888 -2.296055 1.000000
aniFrame
  m_time -0.970000
  m_vertexTransformMat 0.994574 -0.015611 0.102854 0.000000 0.000491 0.989370 0.145418 0.000000 -0.104030 -0.144578 0.984010 0.000000 -0.567026 -0.575687 -2.408627 1.000000
aniFrame
  m_time -0.954000
  m_vertexTransformMat 0.992846 -0.018497 0.117961 0.000000 0.000549 0.988624 0.150404 0.000000 -0.119402 -0.149263 0.981562 0.000000 -0.577081 -0.504040 -2.479070 1.000000
aniFrame
  m_time -0.938000
  m_vertexTransformMat 0.991061 -0.021362 0.131686 0.000000 0.000678 0.987891 0.155150 0.000000 -0.133406 -0.153674 0.979075 0.000000 -0.564306 -0.436656 -2.510825 1.000000
aniFrame
  m_time -0.922000
  m_vertexTransformMat 0.989282 -0.024152 0.144009 0.000000 0.000943 0.987262 0.159103 0.000000 -0.146017 -0.157262 0.976703 0.000000 -0.528565 -0.371791 -2.492733 1.000000
aniFrame
  m_time -0.906000
  m_vertexTransformMat 0.987554 -0.026923 0.154961 0.000000 0.001398 0.986704 0.162524 0.000000 -0.157277 -0.160285 0.974461 0.000000 -0.473344 -0.313699 -2.429255 1.000000
aniFrame
  m_time -0.890000
  m_vertexTransformMat 0.985973 -0.029418 0.164293 0.000000 0.001963 0.986320 0.164831 0.000000 -0.166895 -0.162196 0.972543 0.000000 -0.416590 -0.260873 -2.336859 1.000000
aniFrame
  m_time -0.874000
  m_vertexTransformMat 0.984577 -0.031697 0.172055 0.000000 0.002705 0.986091 0.166186 0.000000 -0.174930 -0.163157 0.970968 0.000000 -0.357380 -0.215635 -2.214609 1.000000
aniFrame
  m_time -0.858000
  m_vertexTransformMat 0.983557 -0.033399 0.177483 0.000000 0.003424 0.986023 0.166576 0.000000 -0.180565 -0.163229 0.969924 0.000000 -0.303280 -0.182191 -2.075603 1.000000
aniFrame
  m_time -0.842000
  m_vertexTransformMat 0.982933 -0.034542 0.180694 0.000000 0.004148 0.986126 0.165945 0.000000 -0.183919 -0.162363 0.969439 0.000000 -0.254203 -0.159847 -1.918885 1.000000
aniFrame
  m_time -0.826000
  m_vertexTransformMat 0.982804 -0.034971 0.181309 0.000000 0.004699 0.986321 0.164771 0.000000 -0.184591 -0.161085 0.969524 0.000000 -0.213504 -0.154870 -1.759907 1.000000
aniFrame
  m_time -0.810000
  m_vertexTransformMat 0.983152 -0.034578 0.179491 0.000000 0.004951 0.986622 0.162951 0.000000 -0.182724 -0.159317 0.970170 0.000000 -0.180710 -0.166008 -1.597832 1.000000
aniFrame
  m_time -0.794000
  m_vertexTransformMat 0.984152 -0.033786 0.174082 0.000000 0.005464 0.986994 0.160665 0.000000 -0.177247 -0.157168 0.971536 0.000000 -0.163365 -0.191933 -1.448165 1.000000
aniFrame
  m_time -0.778000
  m_vertexTransformMat 0.985793 -0.032531 0.164786 0.000000 0.006226 0.987469 0.157690 0.000000 -0.167851 -0.154423 0.973642 0.000000 -0.162191 -0.229777 -1.310736 1.000000
aniFrame
  m_time -0.762000
  m_vertexTransformMat 0.987806 -0.031054 0.152561 0.000000 0.007202 0.987971 0.154471 0.000000 -0.155523 -0.151489 0.976147 0.000000 -0.175706 -0.279766 -1.198344 1.000000
aniFrame
  m_time -0.746000
  m_vertexTransformMat 0.990117 -0.029379 0.137136 0.000000 0.008475 0.988559 0.150595 0.000000 -0.139991 -0.147945 0.979038 0.000000 -0.204381 -0.335470 -1.113765 1.000000
aniFrame
  m_time -0.730000
  m_vertexTransformMat 0.992365 -0.027163 0.120312 0.000000 0.009266 0.989110 0.146887 0.000000 -0.122992 -0.144650 0.981810 0.000000 -0.237787 -0.401719 -1.057058 1.000000
aniFrame
  m_time -0.714000
  m_vertexTransformMat 0.994475 -0.024140 0.102160 0.000000 0.009367 0.989724 0.142688 0.000000 -0.104555 -0.140942 0.984481 0.000000 -0.270239 -0.465023 -1.031128 1.000000
aniFrame
  m_time -0.698000
  m_vertexTransformMat 0.996246 -0.020100 0.084209 0.000000 0.008218 0.990240 0.139134 0.000000 -0.086184 -0.137919 0.986687 0.000000 -0.294719 -0.536876 -1.027030 1.000000
aniFrame
  m_time -0.682000
  m_vertexTransformMat 0.997627 -0.014975 0.067199 0.000000 0.005744 0.990758 0.135517 0.000000 -0.068607 -0.134809 0.988493 0.000000 -0.303467 -0.601853 -1.040053 1.000000
aniFrame
  m_time -0.666000
  m_vertexTransformMat 0.998672 -0.007714 0.050940 0.000000 0.000889 0.991159 0.132674 0.000000 -0.051513 -0.132453 0.989850 0.000000 -0.289472 -0.665105 -1.070655 1.000000
aniFrame
  m_time -0.650000
  m_vertexTransformMat 0.999322 0.002848 0.036693 0.000000 -0.007639 0.991342 0.131081 0.000000 -0.036002 -0.131273 0.990692 0.000000 -0.256050 -0.723765 -1.118229 1.000000
aniFrame
  m_time -0.634000
  m_vertexTransformMat 0.999619 0.015990 0.022498 0.000000 -0.018781 0.991351 0.129889 0.000000 -0.020226 -0.130262 0.991274 0.000000 -0.191336 -0.764572 -1.180297 1.000000
aniFrame
  m_time -0.618000
  m_vertexTransformMat 0.999464 0.031588 0.008655 0.000000 -0.032448 0.990923 0.130459 0.000000 -0.004455 -0.130670 0.991416 0.000000 -0.115672 -0.806916 -1.255387 1.000000
aniFrame
  m_time -0.602000
  m_vertexTransformMat 0.998818 0.048377 -0.004688 0.000000 -0.047345 0.990226 0.131192 0.000000 0.010989 -0.130815 0.991346 0.000000 -0.035318 -0.827491 -1.339049 1.000000
aniFrame
  m_time -0.586000
  m_vertexTransformMat 0.997748 0.064402 -0.018744 0.000000 -0.061354 0.989223 0.132943 0.000000 0.027104 -0.131493 0.990946 0.000000 0.057174 -0.847912 -1.427787 1.000000
aniFrame
  m_time -0.570000
  m_vertexTransformMat 0.996362 0.079081 -0.031757 0.000000 -0.074127 0.988091 0.134836 0.000000 0.042042 -0.131991 0.990359 0.000000 0.129381 -0.857236 -1.517945 1.000000
aniFrame
  m_time -0.554000
  m_vertexTransformMat 0.994915 0.089999 -0.045222 0.000000 -0.083115 0.987201 0.136107 0.000000 0.056893 -0.131656 0.989662 0.000000 0.193205 -0.854626 -1.598793 1.000000
aniFrame
  m_time -0.538000
  m_vertexTransformMat 0.993506 0.097344 -0.058913 0.000000 -0.088480 0.986489 0.137882 0.000000 0.071539 -0.131774 0.988695 0.000000 0.241697 -0.858248 -1.677284 1.000000
aniFrame
  m_time -0.522000
  m_vertexTransformMat 0.992247 0.099205 -0.074860 0.000000 -0.088125 0.986357 0.139049 0.000000 0.087633 -0.131374 0.987452 0.000000 0.276185 -0.845749 -1.767515 1.000000
aniFrame
  m_time -0.506000
  m_vertexTransformMat 0.991029 0.096239 -0.092739 0.000000 -0.082670 0.986632 0.140441 0.000000 0.105015 -0.131515 0.985736 0.000000 0.299161 -0.834281 -1.867701 1.000000
aniFrame
  m_time -0.490000
  m_vertexTransformMat 0.989537 0.090370 -0.112474 0.000000 -0.074013 0.987102 0.141956 0.000000 0.123852 -0.132146 0.983462 0.000000 0.317022 -0.808496 -1.983563 1.000000
aniFrame
  m_time -0.474000
  m_vertexTransformMat 0.987628 0.081611 -0.133904 0.000000 -0.062115 0.987654 0.143813 0.000000 0.143987 -0.133717 0.980504 0.000000 0.330143 -0.776614 -2.113025 1.000000
aniFrame
  m_time -0.458000
  m_vertexTransformMat 0.985371 0.072253 -0.154349 0.000000 -0.049667 0.988115 0.145475 0.000000 0.163026 -0.135681 0.977248 0.000000 0.333642 -0.731691 -2.229433 1.000000
aniFrame
  m_time -0.442000
  m_vertexTransformMat 0.982785 0.062312 -0.173929 0.000000 -0.036561 0.988385 0.147511 0.000000 0.181100 -0.138613 0.973647 0.000000 0.329070 -0.682005 -2.335984 1.000000
aniFrame
  m_time -0.426000
  m_vertexTransformMat 0.980290 0.053995 -0.190044 0.000000 -0.025430 0.988412 0.149650 0.000000 0.195922 -0.141867 0.970303 0.000000 0.310724 -0.621374 -2.407691 1.000000
aniFrame
  m_time -0.410000
  m_vertexTransformMat 0.978079 0.047530 -0.202739 0.000000 -0.016390 0.988153 0.152595 0.000000 0.207590 -0.145927 0.967271 0.000000 0.276914 -0.556175 -2.445757 1.000000
aniFrame
  m_time -0.394000
  m_vertexTransformMat 0.976745 0.043046 -0.210038 0.000000 -0.010052 0.987755 0.155692 0.000000 0.214168 -0.149960 0.965217 0.000000 0.247718 -0.485133 -2.450369 1.000000
aniFrame
  m_time -0.378000
  m_vertexTransformMat 0.976524 0.040936 -0.211485 0.000000 -0.006849 0.987181 0.159460 0.000000 0.215301 -0.154268 0.964286 0.000000 0.223818 -0.411802 -2.419634 1.000000
aniFrame
  m_time -0.362000
  m_vertexTransformMat 0.977310 0.039351 -0.208126 0.000000 -0.005111 0.986686 0.162556 0.000000 0.211752 -0.157804 0.964499 0.000000 0.218975 -0.340105 -2.369317 1.000000
aniFrame
  m_time -0.346000
  m_vertexTransformMat 0.979121 0.037975 -0.199700 0.000000 -0.004671 0.986339 0.164660 0.000000 0.203225 -0.160289 0.965923 0.000000 0.239697 -0.270291 -2.301711 1.000000
aniFrame
  m_time -0.330000
  m_vertexTransformMat 0.981415 0.036610 -0.188372 0.000000 -0.004949 0.986135 0.165870 0.000000 0.191832 -0.161855 0.967990 0.000000 0.274095 -0.213618 -2.217137 1.000000
aniFrame
  m_time -0.314000
  m_vertexTransformMat 0.984035 0.035143 -0.174469 0.000000 -0.005812 0.986133 0.165856 0.000000 0.177878 -0.162194 0.970594 0.000000 0.322714 -0.171115 -2.114391 1.000000
aniFrame
  m_time -0.298000
  m_vertexTransformMat 0.986534 0.033501 -0.160088 0.000000 -0.006702 0.986256 0.165091 0.000000 0.163418 -0.161795 0.973199 0.000000 0.371583 -0.149406 -1.998276 1.000000
aniFrame
  m_time -0.282000
  m_vertexTransformMat 0.988669 0.031494 -0.146771 0.000000 -0.007130 0.986492 0.163653 0.000000 0.149943 -0.160752 0.975539 0.000000 0.412742 -0.152101 -1.870004 1.000000
aniFrame
  m_time -0.266000
  m_vertexTransformMat 0.990549 0.029150 -0.134028 0.000000 -0.007174 0.986829 0.161610 0.000000 0.136974 -0.159121 0.977711 0.000000 0.445704 -0.172815 -1.736022 1.000000
aniFrame
  m_time -0.250000
  m_vertexTransformMat 0.992157 0.026252 -0.122216 0.000000 -0.006549 0.987272 0.158907 0.000000 0.124832 -0.156860 0.979700 0.000000 0.464194 -0.206296 -1.600453 1.000000
aniFrame
  m_time -0.234000
  m_vertexTransformMat 0.993587 0.023085 -0.110687 0.000000 -0.005596 0.987777 0.155776 0.000000 0.112930 -0.154158 0.981571 0.000000 0.475639 -0.251674 -1.468573 1.000000
aniFrame
  m_time -0.218000
  m_vertexTransformMat 0.994940 0.019871 -0.098491 0.000000 -0.004656 0.988314 0.152363 0.000000 0.100368 -0.151133 0.983405 0.000000 0.486581 -0.304791 -1.347030 1.000000
aniFrame
  m_time -0.202000
  m_vertexTransformMat 0.996134 0.016640 -0.086260 0.000000 -0.003636 0.988865 0.148771 0.000000 0.087775 -0.147882 0.985102 0.000000 0.494964 -0.366199 -1.238239 1.000000
aniFrame
  m_time -0.186000
  m_vertexTransformMat 0.997141 0.013595 -0.074335 0.000000 -0.002678 0.989423 0.145036 0.000000 0.075521 -0.144422 0.986630 0.000000 0.501015 -0.431690 -1.148955 1.000000
aniFrame
  m_time -0.170000
  m_vertexTransformMat 0.997968 0.010699 -0.062804 0.000000 -0.001730 0.989986 0.141158 0.000000 0.063685 -0.140763 0.987993 0.000000 0.501203 -0.500101 -1.080566 1.000000
aniFrame
  m_time -0.154000
  m_vertexTransformMat 0.998599 0.008248 -0.052267 0.000000 -0.000977 0.990482 0.137638 0.000000 0.052904 -0.137394 0.989103 0.000000 0.493729 -0.574434 -1.042858 1.000000
aniFrame
  m_time -0.138000
  m_vertexTransformMat 0.999081 0.006062 -0.042442 0.000000 -0.000336 0.991032 0.133626 0.000000 0.042872 -0.133489 0.990123 0.000000 0.469810 -0.640260 -1.032214 1.000000
aniFrame
  m_time -0.122000
  m_vertexTransformMat 0.999373 0.004571 -0.035131 0.000000 0.000056 0.991435 0.130606 0.000000 0.035427 -0.130526 0.990812 0.000000 0.430888 -0.716497 -1.047858 1.000000
aniFrame
  m_time -0.106000
  m_vertexTransformMat 0.999561 0.003504 -0.029403 0.000000 0.000255 0.991920 0.126866 0.000000 0.029610 -0.126818 0.991484 0.000000 0.367934 -0.774957 -1.087112 1.000000
aniFrame
  m_time -0.090000
  m_vertexTransformMat 0.999690 0.002790 -0.024761 0.000000 0.000305 0.992266 0.124131 0.000000 0.024916 -0.124100 0.991957 0.000000 0.282610 -0.838494 -1.143864 1.000000
aniFrame
  m_time -0.074000
  m_vertexTransformMat 0.999746 0.002481 -0.022434 0.000000 0.000257 0.992623 0.121243 0.000000 0.022569 -0.121217 0.992370 0.000000 0.197026 -0.888470 -1.216111 1.000000
aniFrame
  m_time -0.058000
  m_vertexTransformMat 0.999823 0.002097 -0.018736 0.000000 0.000143 0.992925 0.118747 0.000000 0.018852 -0.118729 0.992748 0.000000 0.087242 -0.928221 -1.296794 1.000000
aniFrame
  m_time -0.042000
  m_vertexTransformMat 0.999869 0.001877 -0.016076 0.000000 0.000018 0.993121 0.117092 0.000000 0.016185 -0.117077 0.992991 0.000000 -0.007805 -0.965846 -1.385799 1.000000
aniFrame
  m_time -0.026000
  m_vertexTransformMat 0.999932 0.001384 -0.011623 0.000000 -0.000037 0.993358 0.115068 0.000000 0.011705 -0.115060 0.993290 0.000000 -0.098570 -0.976558 -1.470953 1.000000
aniFrame
  m_time -0.010000
  m_vertexTransformMat 0.999984 0.000690 -0.005571 0.000000 -0.000048 0.993431 0.114437 0.000000 0.005614 -0.114435 0.993415 0.000000 -0.180922 -0.991049 -1.552652 1.000000
aniFrame
  m_time 0.005000
  m_vertexTransformMat 0.999994 -0.000434 0.003489 0.000000 0.000032 0.993431 0.114436 0.000000 -0.003515 -0.114435 0.993425 0.000000 -0.258045 -0.980310 -1.646390 1.000000
aniFrame
  m_time 0.021000
  m_vertexTransformMat 0.999867 -0.002044 0.016203 0.000000 0.000149 0.993236 0.116117 0.000000 -0.016331 -0.116099 0.993104 0.000000 -0.334076 -0.959241 -1.755657 1.000000
aniFrame
  m_time 0.037000
  m_vertexTransformMat 0.999500 -0.004046 0.031374 0.000000 0.000285 0.992899 0.118962 0.000000 -0.031633 -0.118893 0.992403 0.000000 -0.408737 -0.921226 -1.880770 1.000000
aniFrame
  m_time 0.053000
  m_vertexTransformMat 0.998768 -0.006509 0.049196 0.000000 0.000388 0.992354 0.123427 0.000000 -0.049623 -0.123256 0.991134 0.000000 -0.486835 -0.869445 -2.029345 1.000000
aniFrame
  m_time 0.069000
  m_vertexTransformMat 0.997656 -0.009258 0.067802 0.000000 0.000464 0.991697 0.128596 0.000000 -0.068429 -0.128264 0.989377 0.000000 -0.553308 -0.806577 -2.172598 1.000000
aniFrame
  m_time 0.085000
  m_vertexTransformMat 0.996145 -0.012341 0.086848 0.000000 0.000547 0.990909 0.134534 0.000000 -0.087718 -0.133968 0.987096 0.000000 -0.606634 -0.735916 -2.306822 1.000000
aniFrame
  m_time 0.101000
  m_vertexTransformMat 0.994364 -0.015521 0.104882 0.000000 0.000615 0.990054 0.140683 0.000000 -0.106022 -0.139826 0.984484 0.000000 -0.636602 -0.660456 -2.412072 1.000000
aniFrame
  m_time 0.117000
  m_vertexTransformMat 0.992487 -0.018654 0.120922 0.000000 0.000700 0.989160 0.146844 0.000000 -0.122350 -0.145656 0.981741 0.000000 -0.634912 -0.581581 -2.476199 1.000000
aniFrame
  m_time 0.133000
  m_vertexTransformMat 0.990584 -0.021740 0.135169 0.000000 0.000853 0.988273 0.152698 0.000000 -0.136903 -0.151144 0.978986 0.000000 -0.608006 -0.502896 -2.498200 1.000000
aniFrame
  m_time 0.149000
  m_vertexTransformMat 0.988755 -0.024738 0.147485 0.000000 0.001159 0.987461 0.157861 0.000000 -0.149541 -0.155915 0.976385 0.000000 -0.553532 -0.425476 -2.467033 1.000000
aniFrame
  m_time 0.165000
  m_vertexTransformMat 0.987056 -0.027573 0.157992 0.000000 0.001611 0.986765 0.162150 0.000000 -0.160372 -0.159796 0.974036 0.000000 -0.484858 -0.352347 -2.396513 1.000000
aniFrame
  m_time 0.181000
  m_vertexTransformMat 0.985496 -0.030137 0.167001 0.000000 0.002220 0.986310 0.164887 0.000000 -0.169684 -0.162125 0.972072 0.000000 -0.416392 -0.283622 -2.296252 1.000000
aniFrame
  m_time 0.197000
  m_vertexTransformMat 0.984192 -0.032329 0.174132 0.000000 0.002953 0.986057 0.166384 0.000000 -0.177083 -0.163239 0.970564 0.000000 -0.348602 -0.224758 -2.169255 1.000000
aniFrame
  m_time 0.213000
  m_vertexTransformMat 0.983299 -0.033861 0.178822 0.000000 0.003667 0.986027 0.166545 0.000000 -0.181962 -0.163108 0.969683 0.000000 -0.290200 -0.182608 -2.024693 1.000000
aniFrame
  m_time 0.229000
  m_vertexTransformMat 0.982832 -0.034779 0.181194 0.000000 0.004367 0.986182 0.165606 0.000000 -0.184450 -0.161972 0.969404 0.000000 -0.240210 -0.157347 -1.865645 1.000000
aniFrame
  m_time 0.245000
  m_vertexTransformMat 0.982862 -0.034915 0.181008 0.000000 0.004794 0.986410 0.164235 0.000000 -0.184282 -0.160553 0.969672 0.000000 -0.200745 -0.155484 -1.705759 1.000000
aniFrame
  m_time 0.261000
  m_vertexTransformMat 0.983403 -0.034342 0.178153 0.000000 0.005067 0.986739 0.162237 0.000000 -0.181362 -0.158641 0.970537 0.000000 -0.172734 -0.172876 -1.545844 1.000000
aniFrame
  m_time 0.277000
  m_vertexTransformMat 0.984641 -0.033417 0.171367 0.000000 0.005701 0.987143 0.159738 0.000000 -0.174501 -0.156307 0.972172 0.000000 -0.161316 -0.203224 -1.400738 1.000000
aniFrame
  m_time 0.293000
  m_vertexTransformMat 0.986434 -0.032046 0.161001 0.000000 0.006521 0.987637 0.156624 0.000000 -0.164030 -0.153449 0.974447 0.000000 -0.165061 -0.245172 -1.269636 1.000000
aniFrame
  m_time 0.309000
  m_vertexTransformMat 0.988555 -0.030532 0.147737 0.000000 0.007618 0.988159 0.153242 0.000000 -0.150666 -0.150363 0.977083 0.000000 -0.183897 -0.297634 -1.167304 1.000000
aniFrame
  m_time 0.325000
  m_vertexTransformMat 0.990892 -0.028722 0.131563 0.000000 0.008839 0.988755 0.149287 0.000000 -0.134371 -0.146764 0.980003 0.000000 -0.215660 -0.356186 -1.091545 1.000000
aniFrame
  m_time 0.341000
  m_vertexTransformMat 0.993085 -0.026248 0.114427 0.000000 0.009376 0.989305 0.145561 0.000000 -0.117024 -0.143481 0.982710 0.000000 -0.248818 -0.423400 -1.045251 1.000000
aniFrame
  m_time 0.357000
  m_vertexTransformMat 0.995117 -0.022926 0.096005 0.000000 0.009172 0.989921 0.141327 0.000000 -0.098277 -0.139756 0.985297 0.000000 -0.279812 -0.487001 -1.027912 1.000000
aniFrame
  m_time 0.373000
  m_vertexTransformMat 0.996741 -0.018523 0.078517 0.000000 0.007531 0.990398 0.138038 0.000000 -0.080320 -0.136997 0.987310 0.000000 -0.299724 -0.560865 -1.029310 1.000000
aniFrame
  m_time 0.389000
  m_vertexTransformMat 0.998016 -0.012880 0.061635 0.000000 0.004493 0.990927 0.134328 0.000000 -0.062806 -0.133784 0.989018 0.000000 -0.301500 -0.621470 -1.048377 1.000000
aniFrame
  m_time 0.405000
  m_vertexTransformMat 0.998932 -0.004545 0.045985 0.000000 -0.001575 0.991224 0.132183 0.000000 -0.046182 -0.132114 0.990158 0.000000 -0.280569 -0.687933 -1.084639 1.000000
aniFrame
  m_time 0.421000
  m_vertexTransformMat 0.999461 0.006997 0.032085 0.000000 -0.011131 0.991381 0.130542 0.000000 -0.030895 -0.130828 0.990924 0.000000 -0.238442 -0.737804 -1.137502 1.000000
aniFrame
  m_time 0.437000
  m_vertexTransformMat 0.999628 0.020840 0.017614 0.000000 -0.022955 0.991254 0.129959 0.000000 -0.014751 -0.130315 0.991363 0.000000 -0.164570 -0.780043 -1.203777 1.000000
aniFrame
  m_time 0.453000
  m_vertexTransformMat 0.999297 0.037232 0.004324 0.000000 -0.037478 0.990712 0.130714 0.000000 0.000582 -0.130784 0.991411 0.000000 -0.091039 -0.816106 -1.282757 1.000000
aniFrame
  m_time 0.469000
  m_vertexTransformMat 0.998513 0.053673 -0.009534 0.000000 -0.051957 0.989945 0.131570 0.000000 0.016500 -0.130879 0.991261 0.000000 -0.002805 -0.833034 -1.367684 1.000000
aniFrame
  m_time 0.485000
  m_vertexTransformMat 0.997306 0.069623 -0.023104 0.000000 -0.065934 0.988828 0.133687 0.000000 0.032153 -0.131804 0.990754 0.000000 0.083154 -0.853805 -1.458313 1.000000
aniFrame
  m_time 0.501000
  m_vertexTransformMat 0.995884 0.083057 -0.036285 0.000000 -0.077457 0.987789 0.135178 0.000000 0.047069 -0.131811 0.990157 0.000000 0.151805 -0.854741 -1.546226 1.000000
aniFrame
  m_time 0.517000
  m_vertexTransformMat 0.994433 0.092937 -0.049655 0.000000 -0.085408 0.986923 0.136706 0.000000 0.061711 -0.131704 0.989367 0.000000 0.211162 -0.856632 -1.624302 1.000000
aniFrame
  m_time 0.533000
  m_vertexTransformMat 0.993066 0.098644 -0.063949 0.000000 -0.089073 0.986376 0.138307 0.000000 0.076721 -0.131652 0.988323 0.000000 0.254684 -0.854704 -1.706085 1.000000
aniFrame
  m_time 0.549000
  m_vertexTransformMat 0.991853 0.098625 -0.080633 0.000000 -0.086745 0.986417 0.139487 0.000000 0.093294 -0.131356 0.986936 0.000000 0.284835 -0.842478 -1.799693 1.000000
aniFrame
  m_time 0.565000
  m_vertexTransformMat 0.990574 0.094623 -0.099048 0.000000 -0.080170 0.986771 0.140912 0.000000 0.111072 -0.131643 0.985055 0.000000 0.305362 -0.827205 -1.903820 1.000000
aniFrame
  m_time 0.581000
  m_vertexTransformMat 0.988948 0.087653 -0.119577 0.000000 -0.070267 0.987287 0.142574 0.000000 0.130553 -0.132596 0.982535 0.000000 0.322235 -0.798867 -2.026737 1.000000
aniFrame
  m_time 0.597000
  m_vertexTransformMat 0.986910 0.078518 -0.140865 0.000000 -0.057983 0.987823 0.144374 0.000000 0.150486 -0.134316 0.979446 0.000000 0.332386 -0.762978 -2.153558 1.000000
aniFrame
  m_time 0.613000
  m_vertexTransformMat 0.984532 0.068913 -0.161083 0.000000 -0.045264 0.988230 0.146127 0.000000 0.169257 -0.136575 0.976063 0.000000 0.333185 -0.715840 -2.267068 1.000000
aniFrame
  m_time 0.629000
  m_vertexTransformMat 0.981921 0.059265 -0.179774 0.000000 -0.032524 0.988423 0.148200 0.000000 0.186476 -0.139674 0.972480 0.000000 0.324943 -0.663179 -2.364759 1.000000
aniFrame
  m_time 0.645000
  m_vertexTransformMat 0.979500 0.051646 -0.194714 0.000000 -0.022183 0.988352 0.150560 0.000000 0.200222 -0.143154 0.969236 0.000000 0.300287 -0.600029 -2.423846 1.000000
aniFrame
  m_time 0.661000
  m_vertexTransformMat 0.977504 0.045787 -0.205887 0.000000 -0.013920 0.988030 0.153636 0.000000 0.210457 -0.147314 0.966440 0.000000 0.265830 -0.533297 -2.451276 1.000000
aniFrame
  m_time 0.677000
  m_vertexTransformMat 0.976553 0.042144 -0.211111 0.000000 -0.008702 0.987577 0.156898 0.000000 0.215100 -0.151383 0.964788 0.000000 0.238890 -0.460639 -2.443430 1.000000
aniFrame
  m_time 0.693000
  m_vertexTransformMat 0.976678 0.040451 -0.210864 0.000000 -0.006192 0.986990 0.160660 0.000000 0.214620 -0.155607 0.964222 0.000000 0.219115 -0.387660 -2.404227 1.000000
aniFrame
  m_time 0.709000
  m_vertexTransformMat 0.977816 0.038848 -0.205831 0.000000 -0.004812 0.986558 0.163338 0.000000 0.209410 -0.158724 0.964860 0.000000 0.223583 -0.316234 -2.348921 1.000000
aniFrame
  m_time 0.725000
  m_vertexTransformMat 0.979865 0.037552 -0.196100 0.000000 -0.004739 0.986252 0.165179 0.000000 0.199607 -0.160924 0.966572 0.000000 0.250220 -0.249320 -2.275209 1.000000
aniFrame
  m_time 0.741000
  m_vertexTransformMat 0.982257 0.036120 -0.184027 0.000000 -0.005163 0.986113 0.165994 0.000000 0.187467 -0.162098 0.968804 0.000000 0.288790 -0.197951 -2.184937 1.000000
aniFrame
  m_time 0.757000
  m_vertexTransformMat 0.984915 0.034633 -0.169540 0.000000 -0.006163 0.986166 0.165648 0.000000 0.172931 -0.162104 0.971503 0.000000 0.340148 -0.160945 -2.076701 1.000000
aniFrame
  m_time 0.773000
  m_vertexTransformMat 0.987274 0.032869 -0.155595 0.000000 -0.006879 0.986318 0.164710 0.000000 0.158880 -0.161544 0.973992 0.000000 0.385750 -0.148006 -1.957014 1.000000
aniFrame
  m_time 0.789000
  m_vertexTransformMat 0.989324 0.030751 -0.142452 0.000000 -0.007194 0.986598 0.163014 0.000000 0.145556 -0.160249 0.976286 0.000000 0.425007 -0.157243 -1.825288 1.000000
aniFrame
  m_time 0.805000
  m_vertexTransformMat 0.991115 0.028259 -0.129976 0.000000 -0.007051 0.986960 0.160815 0.000000 0.132825 -0.158469 0.978389 0.000000 0.453467 -0.182756 -1.691395 1.000000
aniFrame
  m_time 0.821000
  m_vertexTransformMat 0.992646 0.025191 -0.118408 0.000000 -0.006228 0.987441 0.157865 0.000000 0.120898 -0.155967 0.980336 0.000000 0.468131 -0.220032 -1.555316 1.000000
aniFrame
  m_time 0.837000
  m_vertexTransformMat 0.994048 0.022056 -0.106686 0.000000 -0.005314 0.987942 0.154733 0.000000 0.108812 -0.153245 0.982179 0.000000 0.479767 -0.269152 -1.427459 1.000000
aniFrame
  m_time 0.853000
  m_vertexTransformMat 0.995360 0.018764 -0.094371 0.000000 -0.004306 0.988505 0.151129 0.000000 0.096122 -0.150021 0.983999 0.000000 0.489498 -0.323860 -1.308671 1.000000
aniFrame
  m_time 0.869000
  m_vertexTransformMat 0.996484 0.015649 -0.082313 0.000000 -0.003334 0.989032 0.147666 0.000000 0.083721 -0.146872 0.985606 0.000000 0.497625 -0.389298 -1.206886 1.000000
aniFrame
  m_time 0.885000
  m_vertexTransformMat 0.997441 0.012579 -0.070382 0.000000 -0.002343 0.989625 0.143655 0.000000 0.071459 -0.143123 0.987122 0.000000 0.501706 -0.452888 -1.123162 1.000000
aniFrame
  m_time 0.901000
  m_vertexTransformMat 0.998193 0.009874 -0.059271 0.000000 -0.001473 0.990130 0.140141 0.000000 0.060070 -0.139801 0.988356 0.000000 0.500041 -0.527181 -1.064756 1.000000
aniFrame
  m_time 0.917000
  m_vertexTransformMat 0.998779 0.007462 -0.048829 0.000000 -0.000741 0.990678 0.136227 0.000000 0.049391 -0.136024 0.989474 0.000000 0.487806 -0.595583 -1.036395 1.000000
aniFrame
  m_time 0.933000
  m_vertexTransformMat 0.999198 0.005490 -0.039667 0.000000 -0.000180 0.991165 0.132636 0.000000 0.040045 -0.132523 0.990371 0.000000 0.458031 -0.666442 -1.034419 1.000000
aniFrame
  m_time 0.949000
  m_vertexTransformMat 0.999441 0.004182 -0.033162 0.000000 0.000144 0.991595 0.129381 0.000000 0.033424 -0.129313 0.991040 0.000000 0.413680 -0.737337 -1.058720 1.000000
aniFrame
  m_time 0.965000
  m_vertexTransformMat 0.999615 0.003207 -0.027545 0.000000 0.000284 0.992056 0.125795 0.000000 0.027730 -0.125754 0.991674 0.000000 0.339473 -0.794740 -1.104060 1.000000
aniFrame
  m_time 0.981000
  m_vertexTransformMat 0.999710 0.002674 -0.023947 0.000000 0.000298 0.992376 0.123252 0.000000 0.024094 -0.123223 0.992086 0.000000 0.255765 -0.858059 -1.166707 1.000000
aniFrame
  m_time 0.997000
  m_vertexTransformMat 0.999769 0.002359 -0.021351 0.000000 0.000225 0.992747 0.120227 0.000000 0.021480 -0.120204 0.992517 0.000000 0.162479 -0.900616 -1.242009 1.000000
aniFrame
  m_time 1.013000
  m_vertexTransformMat 0.999840 0.002022 -0.017786 0.000000 0.000095 0.992987 0.118223 0.000000 0.017901 -0.118206 0.992828 0.000000 0.053287 -0.943236 -1.326126 1.000000
aniFrame
  m_time 1.029000
  m_vertexTransformMat 0.999887 0.001759 -0.014951 0.000000 -0.000007 0.993203 0.116397 0.000000 0.015054 -0.116384 0.993090 0.000000 -0.037259 -0.971421 -1.415119 1.000000
aniFrame
  m_time 1.045000
  m_vertexTransformMat 0.999952 0.001181 -0.009786 0.000000 -0.000050 0.993399 0.114708 0.000000 0.009857 -0.114702 0.993351 0.000000 -0.127408 -0.981659 -1.497832 1.000000
aniFrame
  m_time 1.061000
  m_vertexTransformMat 0.999996 0.000375 -0.003008 0.000000 -0.000029 0.993434 0.114410 0.000000 0.003031 -0.114409 0.993429 0.000000 -0.206509 -0.991821 -1.581870 1.000000
aniFrame
  m_time 1.077000
  m_vertexTransformMat 0.999972 -0.000921 0.007385 0.000000 0.000067 0.993391 0.114778 0.000000 -0.007441 -0.114774 0.993364 0.000000 -0.283650 -0.973648 -1.681192 1.000000
aniFrame
  m_time 1.093000
  m_vertexTransformMat 0.999776 -0.002673 0.021030 0.000000 0.000194 0.993132 0.117004 0.000000 -0.021199 -0.116974 0.992909 0.000000 -0.358958 -0.949682 -1.795381 1.000000
aniFrame
  m_time 1.109000
  m_vertexTransformMat 0.999302 -0.004815 0.037060 0.000000 0.000324 0.992743 0.120254 0.000000 -0.037370 -0.120158 0.992051 0.000000 -0.434795 -0.904754 -1.928458 1.000000
aniFrame
  m_time 1.125000
  m_vertexTransformMat 0.998435 -0.007411 0.055436 0.000000 0.000415 0.992136 0.125163 0.000000 -0.055927 -0.124945 0.990586 0.000000 -0.511228 -0.850102 -2.079515 1.000000
aniFrame
  m_time 1.141000
  m_vertexTransformMat 0.997199 -0.010243 0.074093 0.000000 0.000491 0.991455 0.130452 0.000000 -0.074796 -0.130050 0.988682 0.000000 -0.572405 -0.783396 -2.218110 1.000000
aniFrame
  m_time 1.157000
  m_vertexTransformMat 0.995566 -0.013418 0.093104 0.000000 0.000573 0.990620 0.136643 0.000000 -0.094064 -0.135984 0.986236 0.000000 -0.620228 -0.711459 -2.347063 1.000000
aniFrame
  m_time 1.173000
  m_vertexTransformMat 0.993749 -0.016556 0.110404 0.000000 0.000637 0.989767 0.142688 0.000000 -0.111636 -0.141726 0.983591 0.000000 -0.639127 -0.634210 -2.437259 1.000000
aniFrame
  m_time 1.189000
  m_vertexTransformMat 0.991849 -0.019700 0.125887 0.000000 0.000742 0.988853 0.148897 0.000000 -0.127417 -0.147590 0.980807 0.000000 -0.628511 -0.555302 -2.488919 1.000000
aniFrame
  m_time 1.205000
  m_vertexTransformMat 0.989964 -0.022738 0.139480 0.000000 0.000932 0.988001 0.154448 0.000000 -0.141318 -0.152768 0.978106 0.000000 -0.593178 -0.476809 -2.493587 1.000000
aniFrame
  m_time 1.221000
  m_vertexTransformMat 0.988171 -0.025718 0.151184 0.000000 0.001299 0.987206 0.159444 0.000000 -0.153350 -0.157362 0.975562 0.000000 -0.530821 -0.400472 -2.446788 1.000000
aniFrame
  m_time 1.237000
  m_vertexTransformMat 0.986522 -0.028442 0.161136 0.000000 0.001785 0.986590 0.163212 0.000000 -0.163617 -0.160724 0.973344 0.000000 -0.462774 -0.329146 -2.367200 1.000000
aniFrame
  m_time 1.253000
  m_vertexTransformMat 0.985020 -0.030931 0.169641 0.000000 0.002463 0.986204 0.165516 0.000000 -0.172420 -0.162619 0.971507 0.000000 -0.393039 -0.262269 -2.255950 1.000000
aniFrame
  m_time 1.269000
  m_vertexTransformMat 0.983854 -0.032905 0.175924 0.000000 0.003184 0.986016 0.166618 0.000000 -0.178946 -0.163367 0.970201 0.000000 -0.328378 -0.209293 -2.123871 1.000000
aniFrame
  m_time 1.285000
  m_vertexTransformMat 0.983089 -0.034240 0.179900 0.000000 0.003911 0.986067 0.166304 0.000000 -0.183087 -0.162788 0.969525 0.000000 -0.272408 -0.171881 -1.972192 1.000000
aniFrame
  m_time 1.301000
  m_vertexTransformMat 0.982795 -0.034929 0.181367 0.000000 0.004561 0.986245 0.165224 0.000000 -0.184643 -0.161554 0.969436 0.000000 -0.226088 -0.154158 -1.813201 1.000000
aniFrame
  m_time 1.317000
  m_vertexTransformMat 0.982975 -0.034777 0.180421 0.000000 0.004870 0.986511 0.163624 0.000000 -0.183677 -0.159959 0.969884 0.000000 -0.189812 -0.159460 -1.651445 1.000000
aniFrame
  m_time 1.333000
  m_vertexTransformMat 0.983736 -0.034086 0.176359 0.000000 0.005243 0.986861 0.161488 0.000000 -0.179546 -0.157937 0.970989 0.000000 -0.167084 -0.181823 -1.496229 1.000000
aniFrame
  m_time 1.349000
  m_vertexTransformMat 0.985191 -0.032993 0.168254 0.000000 0.005954 0.987303 0.158736 0.000000 -0.171355 -0.155384 0.972879 0.000000 -0.160929 -0.215812 -1.354681 1.000000
aniFrame
  m_time 1.365000
  m_vertexTransformMat 0.987104 -0.031551 0.156941 0.000000 0.006841 0.987802 0.155564 0.000000 -0.159935 -0.152484 0.975279 0.000000 -0.169512 -0.261996 -1.232118 1.000000
aniFrame
  m_time 1.381000
  m_vertexTransformMat 0.989332 -0.029977 0.142561 0.000000 0.008055 0.988358 0.151931 0.000000 -0.145456 -0.149162 0.978056 0.000000 -0.193622 -0.316060 -1.139064 1.000000
aniFrame
  m_time 1.397000
  m_vertexTransformMat 0.991643 -0.027989 0.125941 0.000000 0.009109 0.988938 0.148053 0.000000 -0.128692 -0.145668 0.980928 0.000000 -0.226918 -0.378420 -1.072569 1.000000
aniFrame
  m_time 1.413000
  m_vertexTransformMat 0.993794 -0.025243 0.108339 0.000000 0.009422 0.989514 0.144129 0.000000 -0.110841 -0.142213 0.983611 0.000000 -0.259773 -0.444133 -1.036761 1.000000
aniFrame
  m_time 1.429000
  m_vertexTransformMat 0.995709 -0.021585 0.089986 0.000000 0.008800 0.990095 0.140125 0.000000 -0.092119 -0.138732 0.986036 0.000000 -0.288088 -0.510834 -1.026676 1.000000
aniFrame
  m_time 1.445000
  m_vertexTransformMat 0.997202 -0.016835 0.072838 0.000000 0.006732 0.990577 0.136793 0.000000 -0.074454 -0.135920 0.987918 0.000000 -0.302781 -0.582075 -1.033677 1.000000
aniFrame
  m_time 1.461000
  m_vertexTransformMat 0.998365 -0.010483 0.056195 0.000000 0.002901 0.991066 0.133342 0.000000 -0.057091 -0.132961 0.989476 0.000000 -0.296783 -0.642159 -1.058594 1.000000
aniFrame
  m_time 1.477000
  m_vertexTransformMat 0.999147 -0.001012 0.041286 0.000000 -0.004436 0.991287 0.131645 0.000000 -0.041059 -0.131716 0.990437 0.000000 -0.269831 -0.707406 -1.100557 1.000000
aniFrame
  m_time 1.493000
  m_vertexTransformMat 0.999561 0.011392 0.027370 0.000000 -0.014861 0.991389 0.130109 0.000000 -0.025652 -0.130458 0.991122 0.000000 -0.216753 -0.750831 -1.158239 1.000000
aniFrame
  m_time 1.509000
  m_vertexTransformMat 0.999575 0.026079 0.013040 0.000000 -0.027556 0.991107 0.130187 0.000000 -0.009528 -0.130491 0.991404 0.000000 -0.139748 -0.794686 -1.228938 1.000000
aniFrame
  m_time 1.525000
  m_vertexTransformMat 0.999081 0.042874 -0.000082 0.000000 -0.042495 0.990479 0.130943 0.000000 0.005695 -0.130819 0.991390 0.000000 -0.064633 -0.822560 -1.310728 1.000000
aniFrame
  m_time 1.541000
  m_vertexTransformMat 0.998154 0.059038 -0.014238 0.000000 -0.056647 0.989604 0.132194 0.000000 0.021895 -0.131144 0.991122 0.000000 0.028491 -0.840444 -1.397392 1.000000
aniFrame
  m_time 1.557000
  m_vertexTransformMat 0.996840 0.074563 -0.027403 0.000000 -0.070242 0.988443 0.134337 0.000000 0.037103 -0.131988 0.990557 0.000000 0.106906 -0.857057 -1.488507 1.000000
aniFrame
  m_time 1.573000
  m_vertexTransformMat 0.995401 0.086681 -0.040792 0.000000 -0.080436 0.987496 0.135582 0.000000 0.052034 -0.131677 0.989926 0.000000 0.173376 -0.853619 -1.573007 1.000000
aniFrame
  m_time 1.589000
  m_vertexTransformMat 0.993962 0.095412 -0.054185 0.000000 -0.087227 0.986679 0.137321 0.000000 0.066565 -0.131765 0.989044 0.000000 0.227274 -0.858335 -1.650241 1.000000
aniFrame
  m_time 1.605000
  m_vertexTransformMat 0.992647 0.099245 -0.069294 0.000000 -0.088935 0.986339 0.138656 0.000000 0.082108 -0.131474 0.987914 0.000000 0.266212 -0.849611 -1.736362 1.000000
aniFrame
  m_time 1.621000
  m_vertexTransformMat 0.991451 0.097604 -0.086597 0.000000 -0.084894 0.986512 0.139957 0.000000 0.099089 -0.131409 0.986364 0.000000 0.292408 -0.838986 -1.833043 1.000000
aniFrame
  m_time 1.637000
  m_vertexTransformMat 0.990077 0.092728 -0.105590 0.000000 -0.077354 0.986927 0.141389 0.000000 0.117320 -0.131818 0.984307 0.000000 0.311305 -0.817811 -1.942159 1.000000
aniFrame
  m_time 1.653000
  m_vertexTransformMat 0.988310 0.084695 -0.126764 0.000000 -0.066255 0.987473 0.143204 0.000000 0.137304 -0.133131 0.981542 0.000000 0.326688 -0.788409 -2.070327 1.000000
aniFrame
  m_time 1.669000
  m_vertexTransformMat 0.986165 0.075473 -0.147587 0.000000 -0.053928 0.987978 0.144888 0.000000 0.156748 -0.134924 0.978379 0.000000 0.333341 -0.747391 -2.191388 1.000000
aniFrame
  m_time 1.685000
  m_vertexTransformMat 0.983663 0.065563 -0.167654 0.000000 -0.040851 0.988321 0.146813 0.000000 0.175321 -0.137566 0.974853 0.000000 0.331739 -0.699420 -2.303006 1.000000
aniFrame
  m_time 1.701000
  m_vertexTransformMat 0.981098 0.056520 -0.185075 0.000000 -0.028860 0.988436 0.148870 0.000000 0.191348 -0.140715 0.971383 0.000000 0.319094 -0.642571 -2.388226 1.000000
aniFrame
  m_time 1.717000
  m_vertexTransformMat 0.978753 0.049487 -0.198980 0.000000 -0.019157 0.988263 0.151556 0.000000 0.204145 -0.144524 0.968214 0.000000 0.288708 -0.578356 -2.436575 1.000000
aniFrame
  m_time 1.733000
  m_vertexTransformMat 0.977058 0.044265 -0.208324 0.000000 -0.011786 0.987902 0.154633 0.000000 0.212648 -0.148630 0.965759 0.000000 0.256380 -0.509522 -2.453001 1.000000
aniFrame
  m_time 1.749000
  m_vertexTransformMat 0.976481 0.041471 -0.211580 0.000000 -0.007660 0.987381 0.158180 0.000000 0.215470 -0.152839 0.964476 0.000000 0.230667 -0.436159 -2.432940 1.000000
aniFrame
  m_time 1.765000
  m_vertexTransformMat 0.976937 0.039927 -0.209760 0.000000 -0.005613 0.986824 0.161699 0.000000 0.213452 -0.156792 0.964289 0.000000 0.217328 -0.363821 -2.387415 1.000000
aniFrame
  m_time 1.781000
  m_vertexTransformMat 0.978428 0.038395 -0.202989 0.000000 -0.004682 0.986446 0.164017 0.000000 0.206535 -0.159529 0.965346 0.000000 0.230636 -0.292588 -2.326234 1.000000
aniFrame
  m_time 1.797000
  m_vertexTransformMat 0.980633 0.037100 -0.192310 0.000000 -0.004840 0.986186 0.165573 0.000000 0.195796 -0.161435 0.967265 0.000000 0.261723 -0.230243 -2.246938 1.000000
aniFrame
  m_time 1.813000
  m_vertexTransformMat 0.983146 0.035650 -0.179313 0.000000 -0.005463 0.986095 0.166096 0.000000 0.182741 -0.162317 0.969669 0.000000 0.305130 -0.185180 -2.150947 1.000000
aniFrame
  m_time 1.829000
  m_vertexTransformMat 0.985769 0.034128 -0.164606 0.000000 -0.006463 0.986146 0.165755 0.000000 0.167982 -0.162332 0.972332 0.000000 0.356714 -0.157015 -2.039132 1.000000
aniFrame
  m_time 1.845000
  m_vertexTransformMat 0.988014 0.032272 -0.150950 0.000000 -0.006999 0.986262 0.165045 0.000000 0.154203 -0.162010 0.974666 0.000000 0.401187 -0.151832 -1.917023 1.000000
aniFrame
  m_time 1.861000
  m_vertexTransformMat 0.989997 0.030079 -0.137845 0.000000 -0.007172 0.986476 0.163752 0.000000 0.140907 -0.161126 0.976823 0.000000 0.440613 -0.164087 -1.785725 1.000000
aniFrame
  m_time 1.877000
  m_vertexTransformMat 0.991709 0.027415 -0.125543 0.000000 -0.006766 0.986763 0.162031 0.000000 0.128324 -0.159838 0.978767 0.000000 0.468958 -0.185819 -1.654080 1.000000
aniFrame
  m_time 1.893000
  m_vertexTransformMat 0.993198 0.024282 -0.113877 0.000000 -0.005821 0.987144 0.159727 0.000000 0.116292 -0.157978 0.980571 0.000000 0.487945 -0.214871 -1.522378 1.000000
aniFrame
  m_time 1.909000
  m_vertexTransformMat 0.994588 0.021133 -0.101729 0.000000 -0.004892 0.987536 0.157320 0.000000 0.103786 -0.155971 0.982294 0.000000 0.507083 -0.252467 -1.401037 1.000000
aniFrame
  m_time 1.925000
  m_vertexTransformMat 0.995852 0.017830 -0.089219 0.000000 -0.003847 0.987985 0.154504 0.000000 0.090901 -0.153520 0.983956 0.000000 0.524360 -0.293989 -1.289355 1.000000
aniFrame
  m_time 1.941000
  m_vertexTransformMat 0.996915 0.014743 -0.077088 0.000000 -0.002883 0.988414 0.151756 0.000000 0.078432 -0.151066 0.985407 0.000000 0.540092 -0.344179 -1.196350 1.000000
aniFrame
  m_time 1.957000
  m_vertexTransformMat 0.997808 0.011687 -0.065146 0.000000 -0.001888 0.988912 0.148490 0.000000 0.066159 -0.148042 0.986766 0.000000 0.551286 -0.393341 -1.121158 1.000000
aniFrame
  m_time 1.973000
  m_vertexTransformMat 0.998487 0.009083 -0.054246 0.000000 -0.001087 0.989335 0.145653 0.000000 0.054991 -0.145373 0.987848 0.000000 0.551512 -0.453985 -1.075198 1.000000
aniFrame
  m_time 1.989000
  m_vertexTransformMat 0.999008 0.006712 -0.044028 0.000000 -0.000388 0.989853 0.142098 0.000000 0.044535 -0.141940 0.988873 0.000000 0.534555 -0.507179 -1.058559 1.000000
aniFrame
  m_time 2.005000
  m_vertexTransformMat 0.999363 0.004896 -0.035354 0.000000 0.000072 0.990265 0.139193 0.000000 0.035691 -0.139107 0.989634 0.000000 0.498958 -0.572635 -1.068468 1.000000
aniFrame
  m_time 2.021000
  m_vertexTransformMat 0.999592 0.003537 -0.028341 0.000000 0.000342 0.990753 0.135674 0.000000 0.028559 -0.135629 0.990348 0.000000 0.441538 -0.629346 -1.104952 1.000000
aniFrame
  m_time 2.037000
  m_vertexTransformMat 0.999756 0.002504 -0.021951 0.000000 0.000427 0.991181 0.132516 0.000000 0.022089 -0.132493 0.990938 0.000000 0.359219 -0.690791 -1.159065 1.000000
aniFrame
  m_time 2.053000
  m_vertexTransformMat 0.999842 0.001870 -0.017677 0.000000 0.000432 0.991603 0.129325 0.000000 0.017770 -0.129312 0.991445 0.000000 0.275722 -0.750280 -1.229077 1.000000
aniFrame
  m_time 2.069000
  m_vertexTransformMat 0.999914 0.001336 -0.013051 0.000000 0.000318 0.992041 0.125916 0.000000 0.013115 -0.125909 0.991955 0.000000 0.166971 -0.802346 -1.306750 1.000000
aniFrame
  m_time 2.085000
  m_vertexTransformMat 0.999953 0.001008 -0.009628 0.000000 0.000185 0.992391 0.123130 0.000000 0.009679 -0.123126 0.992344 0.000000 0.061946 -0.860532 -1.390816 1.000000
aniFrame
  m_time 2.101000
  m_vertexTransformMat 0.999978 0.000718 -0.006610 0.000000 0.000079 0.992804 0.119754 0.000000 0.006649 -0.119752 0.992781 0.000000 -0.039162 -0.902734 -1.471697 1.000000
aniFrame
  m_time 2.117000
  m_vertexTransformMat 0.999996 0.000338 -0.002785 0.000000 -0.000007 0.993005 0.118072 0.000000 0.002805 -0.118072 0.993001 0.000000 -0.144397 -0.963597 -1.545617 1.000000
aniFrame
  m_time 2.133000
