m_aniFrameList.size 202
aniFrame
  m_time -1.066000
  m_vertexTransformMat 0.978781 0.136481 0.152840 0.000000 -0.033527 0.842512 -0.537633 0.000000 -0.202146 0.521101 0.829211 0.000000 -4.568634 11.628751 -4.235775 1.000000
aniFrame
  m_time -1.050000
  m_vertexTransformMat 0.974986 0.131494 0.179198 0.000000 -0.023946 0.863679 -0.503473 0.000000 -0.220973 0.486588 0.845223 0.000000 -5.209592 10.816381 -3.867919 1.000000
aniFrame
  m_time -1.034000
  m_vertexTransformMat 0.971121 0.124542 0.203503 0.000000 -0.014879 0.882901 -0.469324 0.000000 -0.238123 0.452742 0.859256 0.000000 -5.812967 10.014288 -3.554195 1.000000
aniFrame
  m_time -1.018000
  m_vertexTransformMat 0.967810 0.116471 0.223109 0.000000 -0.009427 0.902630 -0.430314 0.000000 -0.251504 0.414359 0.874673 0.000000 -6.335638 9.099840 -3.234630 1.000000
aniFrame
  m_time -1.002000
  m_vertexTransformMat 0.964980 0.108099 0.239014 0.000000 -0.003311 0.916092 -0.400954 0.000000 -0.262301 0.386121 0.884369 0.000000 -6.795340 8.424514 -3.057573 1.000000
aniFrame
  m_time -0.986000
  m_vertexTransformMat 0.962247 0.103996 0.251525 0.000000 0.010311 0.909533 -0.415504 0.000000 -0.271981 0.402411 0.874123 0.000000 -7.216309 8.816421 -3.335593 1.000000
aniFrame
  m_time -0.970000
  m_vertexTransformMat 0.959527 0.103729 0.261816 0.000000 0.025697 0.893565 -0.448198 0.000000 -0.280441 0.436786 0.854734 0.000000 -7.592319 9.648758 -3.813200 1.000000
aniFrame
  m_time -0.954000
  m_vertexTransformMat 0.957451 0.099297 0.270974 0.000000 0.035903 0.890665 -0.453239 0.000000 -0.286352 0.443683 0.849204 0.000000 -7.870418 9.820892 -3.935248 1.000000
aniFrame
  m_time -0.938000
  m_vertexTransformMat 0.956057 0.091582 0.278510 0.000000 0.043249 0.895512 -0.442932 0.000000 -0.289974 0.435513 0.852199 0.000000 -8.062033 9.629241 -3.829927 1.000000
aniFrame
  m_time -0.922000
  m_vertexTransformMat 0.955125 0.083090 0.284309 0.000000 0.048368 0.903213 -0.426458 0.000000 -0.292226 0.421072 0.858663 0.000000 -8.190735 9.290952 -3.608382 1.000000
aniFrame
  m_time -0.906000
  m_vertexTransformMat 0.954705 0.073167 0.288418 0.000000 0.051590 0.913915 -0.402614 0.000000 -0.293048 0.399257 0.868744 0.000000 -8.257508 8.778318 -3.271268 1.000000
aniFrame
  m_time -0.890000
  m_vertexTransformMat 0.954527 0.062658 0.291467 0.000000 0.053428 0.925882 -0.374015 0.000000 -0.293299 0.372580 0.880432 0.000000 -8.300984 8.156971 -2.882252 1.000000
aniFrame
  m_time -0.874000
  m_vertexTransformMat 0.954601 0.051465 0.293407 0.000000 0.053926 0.938834 -0.340123 0.000000 -0.292964 0.340504 0.893437 0.000000 -8.319305 7.413624 -2.447272 1.000000
aniFrame
  m_time -0.858000
  m_vertexTransformMat 0.954913 0.039568 0.294238 0.000000 0.053238 0.952193 -0.300824 0.000000 -0.292074 0.302925 0.907155 0.000000 -8.313193 6.544850 -1.991657 1.000000
aniFrame
  m_time -0.842000
  m_vertexTransformMat 0.955415 0.027267 0.294005 0.000000 0.051180 0.965361 -0.255848 0.000000 -0.290797 0.259488 0.920925 0.000000 -8.286658 5.543200 -1.530061 1.000000
aniFrame
  m_time -0.826000
  m_vertexTransformMat 0.956067 0.014713 0.292779 0.000000 0.048971 0.976689 -0.208997 0.000000 -0.289029 0.214153 0.933060 0.000000 -8.239342 4.498169 -1.115220 1.000000
aniFrame
  m_time -0.810000
  m_vertexTransformMat 0.956863 0.002307 0.290532 0.000000 0.046280 0.985991 -0.160252 0.000000 -0.286832 0.166785 0.943351 0.000000 -8.172311 3.407714 -0.751384 1.000000
aniFrame
  m_time -0.794000
  m_vertexTransformMat 0.957668 -0.009769 0.287711 0.000000 0.044188 0.992569 -0.113381 0.000000 -0.284465 0.121295 0.950983 0.000000 -8.094795 2.360329 -0.468939 1.000000
aniFrame
  m_time -0.778000
  m_vertexTransformMat 0.958519 -0.021201 0.284238 0.000000 0.042755 0.996642 -0.069843 0.000000 -0.281803 0.079099 0.956206 0.000000 -8.003378 1.390234 -0.261594 1.000000
aniFrame
  m_time -0.762000
  m_vertexTransformMat 0.959306 -0.032580 0.280484 0.000000 0.041481 0.998805 -0.025852 0.000000 -0.279306 0.036435 0.959511 0.000000 -7.912123 0.402506 -0.130361 1.000000
aniFrame
  m_time -0.746000
  m_vertexTransformMat 0.960064 -0.043944 0.276306 0.000000 0.039798 0.998995 0.020596 0.000000 -0.276934 -0.008777 0.960849 0.000000 -7.820491 -0.653192 -0.079928 1.000000
aniFrame
  m_time -0.730000
  m_vertexTransformMat 0.960666 -0.054560 0.272295 0.000000 0.039157 0.997327 0.061689 0.000000 -0.274933 -0.048600 0.960234 0.000000 -7.734515 -1.587176 -0.108324 1.000000
aniFrame
  m_time -0.714000
  m_vertexTransformMat 0.961150 -0.063957 0.268515 0.000000 0.040377 0.994899 0.092442 0.000000 -0.273057 -0.078009 0.958830 0.000000 -7.648829 -2.280583 -0.190397 1.000000
aniFrame
  m_time -0.698000
  m_vertexTransformMat 0.961537 -0.072894 0.264828 0.000000 0.042462 0.992001 0.118878 0.000000 -0.271375 -0.103060 0.956940 0.000000 -7.562453 -2.875294 -0.310666 1.000000
aniFrame
  m_time -0.682000
  m_vertexTransformMat 0.961915 -0.081083 0.261047 0.000000 0.044994 0.988933 0.141373 0.000000 -0.269621 -0.124243 0.954918 0.000000 -7.467358 -3.380194 -0.457572 1.000000
aniFrame
  m_time -0.666000
  m_vertexTransformMat 0.962260 -0.089141 0.257117 0.000000 0.047952 0.985586 0.162238 0.000000 -0.267873 -0.143786 0.952664 0.000000 -7.365547 -3.849769 -0.629386 1.000000
aniFrame
  m_time -0.650000
  m_vertexTransformMat 0.962331 -0.097601 0.253759 0.000000 0.050920 0.981529 0.184412 0.000000 -0.267070 -0.164544 0.949525 0.000000 -7.279656 -4.352199 -0.838878 1.000000
aniFrame
  m_time -0.634000
  m_vertexTransformMat 0.962497 -0.105720 0.249844 0.000000 0.054252 0.977350 0.204558 0.000000 -0.265811 -0.183332 0.946432 0.000000 -7.175341 -4.810069 -1.059769 1.000000
aniFrame
  m_time -0.618000
  m_vertexTransformMat 0.962479 -0.113774 0.246352 0.000000 0.058330 0.973380 0.221651 0.000000 -0.265012 -0.198965 0.943494 0.000000 -7.075159 -5.195676 -1.284213 1.000000
aniFrame
  m_time -0.602000
  m_vertexTransformMat 0.962364 -0.121252 0.243214 0.000000 0.062578 0.969771 0.235858 0.000000 -0.264460 -0.211762 0.940860 0.000000 -6.973730 -5.514684 -1.507374 1.000000
aniFrame
  m_time -0.586000
  m_vertexTransformMat 0.962587 -0.127939 0.238868 0.000000 0.066470 0.966072 0.249576 0.000000 -0.262694 -0.224361 0.938432 0.000000 -6.835508 -5.828095 -1.727315 1.000000
aniFrame
  m_time -0.570000
  m_vertexTransformMat 0.962714 -0.133724 0.235159 0.000000 0.069573 0.962430 0.262464 0.000000 -0.261421 -0.236317 0.935849 0.000000 -6.701889 -6.124606 -1.951501 1.000000
aniFrame
  m_time -0.554000
  m_vertexTransformMat 0.963253 -0.138137 0.230351 0.000000 0.071775 0.958809 0.274835 0.000000 -0.258827 -0.248202 0.933490 0.000000 -6.532706 -6.415702 -2.160491 1.000000
aniFrame
  m_time -0.538000
  m_vertexTransformMat 0.964132 -0.141073 0.224830 0.000000 0.072287 0.954599 0.288991 0.000000 -0.255391 -0.262373 0.930557 0.000000 -6.333915 -6.756331 -2.380981 1.000000
aniFrame
  m_time -0.522000
  m_vertexTransformMat 0.965847 -0.140215 0.217899 0.000000 0.067335 0.947865 0.311477 0.000000 -0.250212 -0.286166 0.924934 0.000000 -6.061993 -7.311475 -2.685563 1.000000
aniFrame
  m_time -0.506000
  m_vertexTransformMat 0.968236 -0.135631 0.210054 0.000000 0.057775 0.938717 0.339813 0.000000 -0.243271 -0.316883 0.916736 0.000000 -5.720559 -8.017978 -3.066518 1.000000
aniFrame
  m_time -0.490000
  m_vertexTransformMat 0.970897 -0.127438 0.202778 0.000000 0.047208 0.931901 0.359628 0.000000 -0.234799 -0.339589 0.910796 0.000000 -5.315541 -8.526227 -3.409569 1.000000
aniFrame
  m_time -0.474000
  m_vertexTransformMat 0.973750 -0.115972 0.195858 0.000000 0.035709 0.927647 0.371747 0.000000 -0.224799 -0.354995 0.907438 0.000000 -4.848988 -8.853972 -3.705234 1.000000
aniFrame
  m_time -0.458000
  m_vertexTransformMat 0.976187 -0.103278 0.190766 0.000000 0.030332 0.935741 0.351381 0.000000 -0.214797 -0.337228 0.916591 0.000000 -4.392269 -8.401130 -3.678199 1.000000
aniFrame
  m_time -0.442000
  m_vertexTransformMat 0.978225 -0.091384 0.186346 0.000000 0.032300 0.953940 0.298255 0.000000 -0.205018 -0.285742 0.936119 0.000000 -3.949234 -7.159845 -3.383589 1.000000
aniFrame
  m_time -0.426000
  m_vertexTransformMat 0.980211 -0.078458 0.181740 0.000000 0.034549 0.971816 0.233195 0.000000 -0.194914 -0.222301 0.955296 0.000000 -3.536791 -5.637825 -3.050321 1.000000
aniFrame
  m_time -0.410000
  m_vertexTransformMat 0.982203 -0.065324 0.176096 0.000000 0.037556 0.986941 0.156640 0.000000 -0.184029 -0.147239 0.971830 0.000000 -3.146523 -3.844341 -2.733512 1.000000
aniFrame
  m_time -0.394000
  m_vertexTransformMat 0.984094 -0.048852 0.170799 0.000000 0.036192 0.996415 0.076466 0.000000 -0.173922 -0.069068 0.982334 0.000000 -2.809831 -1.972514 -2.507950 1.000000
aniFrame
  m_time -0.378000
  m_vertexTransformMat 0.985982 -0.028819 0.164343 0.000000 0.030042 0.999536 -0.004963 0.000000 -0.164124 0.009831 0.986391 0.000000 -2.519161 -0.077116 -2.383860 1.000000
aniFrame
  m_time -0.362000
  m_vertexTransformMat 0.987450 -0.000569 0.157930 0.000000 0.014634 0.996021 -0.087913 0.000000 -0.157252 0.089121 0.983529 0.000000 -2.312108 1.843612 -2.391770 1.000000
aniFrame
  m_time -0.346000
  m_vertexTransformMat 0.988032 0.039359 0.149145 0.000000 -0.013355 0.985096 -0.171487 0.000000 -0.153672 0.167442 0.973832 0.000000 -2.191958 3.766488 -2.540615 1.000000
aniFrame
  m_time -0.330000
  m_vertexTransformMat 0.986997 0.083655 0.137252 0.000000 -0.046339 0.965729 -0.255383 0.000000 -0.153912 0.245702 0.957048 0.000000 -2.176361 5.694081 -2.844577 1.000000
aniFrame
  m_time -0.314000
  m_vertexTransformMat 0.983560 0.133632 0.121461 0.000000 -0.085052 0.936132 -0.341208 0.000000 -0.159300 0.325268 0.932107 0.000000 -2.298312 7.661623 -3.332523 1.000000
aniFrame
  m_time -0.298000
  m_vertexTransformMat 0.978811 0.177880 0.101430 0.000000 -0.119742 0.899049 -0.421157 0.000000 -0.166106 0.400087 0.901298 0.000000 -2.466919 9.497899 -3.959335 1.000000
aniFrame
  m_time -0.282000
  m_vertexTransformMat 0.973860 0.211968 0.081651 0.000000 -0.145726 0.858746 -0.491243 0.000000 -0.174246 0.466503 0.867187 0.000000 -2.677119 11.104189 -4.654967 1.000000
aniFrame
  m_time -0.266000
  m_vertexTransformMat 0.970374 0.233529 0.061957 0.000000 -0.161079 0.816441 -0.554506 0.000000 -0.180078 0.528098 0.829870 0.000000 -2.837725 12.561027 -5.422153 1.000000
aniFrame
  m_time -0.250000
  m_vertexTransformMat 0.970639 0.236268 0.045142 0.000000 -0.159906 0.773986 -0.612679 0.000000 -0.179696 0.587471 0.789042 0.000000 -2.850310 13.913542 -6.263495 1.000000
aniFrame
  m_time -0.234000
  m_vertexTransformMat 0.973219 0.227550 0.032643 0.000000 -0.148854 0.732011 -0.664833 0.000000 -0.175178 0.642169 0.746278 0.000000 -2.766252 15.126945 -7.141785 1.000000
aniFrame
  m_time -0.218000
  m_vertexTransformMat 0.977313 0.210526 0.023198 0.000000 -0.131623 0.689505 -0.712221 0.000000 -0.165936 0.693009 0.701572 0.000000 -2.572395 16.234325 -8.066351 1.000000
aniFrame
  m_time -0.202000
  m_vertexTransformMat 0.981680 0.189575 0.019108 0.000000 -0.111057 0.650790 -0.751092 0.000000 -0.154824 0.735210 0.659922 0.000000 -2.338873 17.132627 -8.914713 1.000000
aniFrame
  m_time -0.186000
  m_vertexTransformMat 0.984739 0.172929 0.019597 0.000000 -0.094280 0.624716 -0.775140 0.000000 -0.146287 0.761463 0.631486 0.000000 -2.171899 17.671238 -9.455507 1.000000
aniFrame
  m_time -0.170000
  m_vertexTransformMat 0.986914 0.159503 0.023669 0.000000 -0.079835 0.610863 -0.787701 0.000000 -0.140099 0.775503 0.615603 0.000000 -2.067116 17.933805 -9.707870 1.000000
aniFrame
  m_time -0.154000
  m_vertexTransformMat 0.987752 0.153098 0.030120 0.000000 -0.070801 0.611792 -0.787844 0.000000 -0.139045 0.776062 0.615138 0.000000 -2.094923 17.896614 -9.615207 1.000000
aniFrame
  m_time -0.138000
  m_vertexTransformMat 0.987758 0.151102 0.038771 0.000000 -0.065078 0.625018 -0.777893 0.000000 -0.141774 0.765847 0.627199 0.000000 -2.222074 17.617531 -9.244533 1.000000
aniFrame
  m_time -0.122000
  m_vertexTransformMat 0.987555 0.149640 0.048406 0.000000 -0.060159 0.643786 -0.762838 0.000000 -0.145314 0.750432 0.644776 0.000000 -2.381361 17.218975 -8.762158 1.000000
aniFrame
  m_time -0.106000
  m_vertexTransformMat 0.987087 0.148712 0.059526 0.000000 -0.055750 0.667321 -0.742681 0.000000 -0.150169 0.729772 0.666995 0.000000 -2.583483 16.699940 -8.187411 1.000000
aniFrame
  m_time -0.090000
  m_vertexTransformMat 0.986335 0.148103 0.072166 0.000000 -0.051681 0.694071 -0.718049 0.000000 -0.156434 0.704508 0.692241 0.000000 -2.827494 16.075769 -7.553370 1.000000
aniFrame
  m_time -0.074000
  m_vertexTransformMat 0.985397 0.147563 0.084965 0.000000 -0.048839 0.722952 -0.689170 0.000000 -0.163121 0.674956 0.719601 0.000000 -3.089839 15.353168 -6.881286 1.000000
aniFrame
  m_time -0.058000
  m_vertexTransformMat 0.984179 0.146545 0.099581 0.000000 -0.045313 0.751534 -0.658136 0.000000 -0.171285 0.643212 0.746284 0.000000 -3.393465 14.581075 -6.232098 1.000000
aniFrame
  m_time -0.042000
  m_vertexTransformMat 0.982859 0.145028 0.113823 0.000000 -0.042810 0.780054 -0.624247 0.000000 -0.179321 0.608674 0.772891 0.000000 -3.699819 13.744859 -5.591854 1.000000
aniFrame
  m_time -0.026000
  m_vertexTransformMat 0.981466 0.142584 0.128039 0.000000 -0.039791 0.805205 -0.591660 0.000000 -0.187459 0.575599 0.795955 0.000000 -4.011218 12.944647 -5.036042 1.000000
aniFrame
  m_time -0.010000
  m_vertexTransformMat 0.980066 0.139132 0.141818 0.000000 -0.036561 0.827951 -0.559607 0.000000 -0.195277 0.543267 0.816534 0.000000 -4.315879 12.162835 -4.539892 1.000000
aniFrame
  m_time 0.005000
  m_vertexTransformMat 0.977908 0.134989 0.159605 0.000000 -0.031429 0.849802 -0.526164 0.000000 -0.206659 0.509524 0.835271 0.000000 -4.725524 11.350432 -4.090362 1.000000
aniFrame
  m_time 0.021000
  m_vertexTransformMat 0.974496 0.129195 0.183482 0.000000 -0.023412 0.871713 -0.489457 0.000000 -0.223179 0.472678 0.852506 0.000000 -5.281833 10.464781 -3.677500 1.000000
aniFrame
  m_time 0.037000
  m_vertexTransformMat 0.970957 0.121740 0.205963 0.000000 -0.015942 0.891869 -0.452012 0.000000 -0.238720 0.435601 0.867908 0.000000 -5.834369 9.574169 -3.328328 1.000000
aniFrame
  m_time 0.053000
  m_vertexTransformMat 0.967663 0.112459 0.225789 0.000000 -0.011003 0.913083 -0.407626 0.000000 -0.252005 0.391961 0.884794 0.000000 -6.357248 8.528678 -2.975991 1.000000
aniFrame
  m_time 0.069000
  m_vertexTransformMat 0.964672 0.104091 0.242019 0.000000 -0.002005 0.921512 -0.388345 0.000000 -0.263447 0.374140 0.889165 0.000000 -6.835505 8.101647 -2.919948 1.000000
aniFrame
  m_time 0.085000
  m_vertexTransformMat 0.961749 0.102474 0.254043 0.000000 0.014209 0.907484 -0.419845 0.000000 -0.273563 0.407395 0.871316 0.000000 -7.278817 8.907309 -3.381400 1.000000
aniFrame
  m_time 0.101000
  m_vertexTransformMat 0.958997 0.102208 0.264345 0.000000 0.028712 0.892874 -0.449390 0.000000 -0.281958 0.438554 0.853329 0.000000 -7.656768 9.671021 -3.825461 1.000000
aniFrame
  m_time 0.117000
  m_vertexTransformMat 0.957051 0.096575 0.273363 0.000000 0.038215 0.892640 -0.449147 0.000000 -0.287391 0.440303 0.850611 0.000000 -7.923376 9.725992 -3.881369 1.000000
aniFrame
  m_time 0.133000
  m_vertexTransformMat 0.955725 0.088612 0.280602 0.000000 0.045119 0.898177 -0.437312 0.000000 -0.290782 0.430610 0.854413 0.000000 -8.108034 9.506009 -3.753762 1.000000
aniFrame
  m_time 0.149000
  m_vertexTransformMat 0.954948 0.079721 0.285864 0.000000 0.049705 0.906674 -0.418894 0.000000 -0.292580 0.414231 0.861864 0.000000 -8.217218 9.126413 -3.500400 1.000000
aniFrame
  m_time 0.165000
  m_vertexTransformMat 0.954633 0.069528 0.289554 0.000000 0.052520 0.917807 -0.393539 0.000000 -0.293116 0.390893 0.872517 0.000000 -8.272374 8.582155 -3.145881 1.000000
aniFrame
  m_time 0.181000
  m_vertexTransformMat 0.954528 0.058834 0.292257 0.000000 0.053923 0.930090 -0.363352 0.000000 -0.293203 0.362589 0.884625 0.000000 -8.308949 7.925260 -2.742025 1.000000
aniFrame
  m_time 0.197000
  m_vertexTransformMat 0.954688 0.047371 0.293814 0.000000 0.054045 0.943240 -0.327686 0.000000 -0.292660 0.328717 0.897940 0.000000 -8.318371 7.140371 -2.297318 1.000000
aniFrame
  m_time 0.213000
  m_vertexTransformMat 0.955068 0.035320 0.294275 0.000000 0.052861 0.956657 -0.286380 0.000000 -0.291635 0.289068 0.911805 0.000000 -8.305233 6.224690 -1.836310 1.000000
aniFrame
  m_time 0.229000
  m_vertexTransformMat 0.955618 0.022916 0.293715 0.000000 0.050640 0.969354 -0.240393 0.000000 -0.290223 0.244597 0.925172 0.000000 -8.272254 5.199506 -1.385659 1.000000
aniFrame
  m_time 0.245000
  m_vertexTransformMat 0.956330 0.010273 0.292107 0.000000 0.048151 0.980191 -0.192114 0.000000 -0.288294 0.197790 0.936892 0.000000 -8.217890 4.120172 -0.983488 1.000000
aniFrame
  m_time 0.261000
  m_vertexTransformMat 0.957141 -0.002146 0.289614 0.000000 0.045260 0.988795 -0.142253 0.000000 -0.286063 0.149264 0.946514 0.000000 -8.147492 3.002142 -0.640540 1.000000
aniFrame
  m_time 0.277000
  m_vertexTransformMat 0.957955 -0.014029 0.286577 0.000000 0.043416 0.994391 -0.096450 0.000000 -0.283616 0.104837 0.953190 0.000000 -8.065853 1.979577 -0.387095 1.000000
aniFrame
  m_time 0.293000
  m_vertexTransformMat 0.958803 -0.025297 0.282945 0.000000 0.042139 0.997673 -0.053598 0.000000 -0.280930 0.063313 0.957638 0.000000 -7.972151 1.024242 -0.206392 1.000000
aniFrame
  m_time 0.309000
  m_vertexTransformMat 0.959570 -0.036696 0.279067 0.000000 0.040766 0.999130 -0.008794 0.000000 -0.278502 0.019815 0.960231 0.000000 -7.881622 0.013930 -0.104021 1.000000
aniFrame
  m_time 0.325000
  m_vertexTransformMat 0.960298 -0.047836 0.274845 0.000000 0.039227 0.998555 0.036738 0.000000 -0.276205 -0.024498 0.960787 0.000000 -7.790607 -1.022347 -0.082813 1.000000
aniFrame
  m_time 0.341000
  m_vertexTransformMat 0.960838 -0.058001 0.270972 0.000000 0.039279 0.996483 0.074016 0.000000 -0.274312 -0.060474 0.959737 0.000000 -7.706385 -1.867115 -0.133057 1.000000
aniFrame
  m_time 0.357000
  m_vertexTransformMat 0.961298 -0.067095 0.267216 0.000000 0.040925 0.993908 0.102331 0.000000 -0.272454 -0.087435 0.958188 0.000000 -7.619740 -2.504244 -0.228745 1.000000
aniFrame
  m_time 0.373000
  m_vertexTransformMat 0.961657 -0.075836 0.263563 0.000000 0.043156 0.990880 0.127649 0.000000 -0.270840 -0.111380 0.956159 0.000000 -7.532675 -3.073392 -0.359628 1.000000
aniFrame
  m_time 0.389000
  m_vertexTransformMat 0.962047 -0.083741 0.259716 0.000000 0.045927 0.987861 0.148395 0.000000 -0.268990 -0.130835 0.954215 0.000000 -7.433033 -3.538107 -0.512116 1.000000
aniFrame
  m_time 0.405000
  m_vertexTransformMat 0.962308 -0.091963 0.255943 0.000000 0.048954 0.984295 0.169607 0.000000 -0.267521 -0.150685 0.951697 0.000000 -7.335669 -4.016409 -0.695179 1.000000
aniFrame
  m_time 0.421000
  m_vertexTransformMat 0.962355 -0.100289 0.252616 0.000000 0.052011 0.980210 0.191007 0.000000 -0.266772 -0.170678 0.948526 0.000000 -7.248675 -4.501472 -0.910788 1.000000
aniFrame
  m_time 0.437000
  m_vertexTransformMat 0.962569 -0.108311 0.248455 0.000000 0.055609 0.976102 0.210079 0.000000 -0.265271 -0.188399 0.945588 0.000000 -7.136103 -4.934704 -1.129963 1.000000
aniFrame
  m_time 0.453000
  m_vertexTransformMat 0.962396 -0.116306 0.245493 0.000000 0.059829 0.972269 0.226082 0.000000 -0.264980 -0.202893 0.942666 0.000000 -7.045879 -5.294019 -1.356983 1.000000
aniFrame
  m_time 0.469000
  m_vertexTransformMat 0.962469 -0.123440 0.241695 0.000000 0.063945 0.968647 0.240073 0.000000 -0.263752 -0.215607 0.940185 0.000000 -6.925588 -5.610548 -1.576754 1.000000
aniFrame
  m_time 0.485000
  m_vertexTransformMat 0.962608 -0.129992 0.237671 0.000000 0.067666 0.964915 0.253695 0.000000 -0.262310 -0.228126 0.937631 0.000000 -6.792770 -5.922072 -1.800896 1.000000
aniFrame
  m_time 0.501000
  m_vertexTransformMat 0.962869 -0.135222 0.233662 0.000000 0.070313 0.961255 0.266541 0.000000 -0.260651 -0.240215 0.935071 0.000000 -6.647465 -6.220160 -2.022631 1.000000
aniFrame
  m_time 0.517000
  m_vertexTransformMat 0.963484 -0.139400 0.228616 0.000000 0.072331 0.957552 0.279039 0.000000 -0.257810 -0.252313 0.932669 0.000000 -6.471871 -6.515706 -2.229120 1.000000
aniFrame
  m_time 0.533000
  m_vertexTransformMat 0.964595 -0.141228 0.222733 0.000000 0.071385 0.952825 0.295008 0.000000 -0.253889 -0.268663 0.929172 0.000000 -6.252344 -6.904201 -2.468455 1.000000
aniFrame
  m_time 0.549000
  m_vertexTransformMat 0.966596 -0.139106 0.215272 0.000000 0.064433 0.944811 0.321216 0.000000 -0.248074 -0.296616 0.922214 0.000000 -5.955141 -7.553138 -2.810891 1.000000
aniFrame
  m_time 0.565000
  m_vertexTransformMat 0.969089 -0.133283 0.207611 0.000000 0.054409 0.936252 0.347091 0.000000 -0.240637 -0.325066 0.914563 0.000000 -5.593904 -8.202901 -3.182663 1.000000
aniFrame
  m_time 0.581000
  m_vertexTransformMat 0.971859 -0.123929 0.200330 0.000000 0.043197 0.929763 0.365615 0.000000 -0.231570 -0.346673 0.908952 0.000000 -5.163391 -8.682010 -3.525989 1.000000
aniFrame
  m_time 0.597000
  m_vertexTransformMat 0.974629 -0.111698 0.193961 0.000000 0.032851 0.928579 0.369679 0.000000 -0.221400 -0.353928 0.908690 0.000000 -4.693512 -8.816718 -3.742425 1.000000
aniFrame
  m_time 0.613000
  m_vertexTransformMat 0.976894 -0.099280 0.189263 0.000000 0.030518 0.941282 0.336239 0.000000 -0.211532 -0.322694 0.922563 0.000000 -4.242356 -8.048811 -3.596105 1.000000
aniFrame
  m_time 0.629000
  m_vertexTransformMat 0.978876 -0.087263 0.184899 0.000000 0.033243 0.960240 0.277191 0.000000 -0.201735 -0.265189 0.942856 0.000000 -3.808147 -6.666599 -3.270550 1.000000
aniFrame
  m_time 0.645000
  m_vertexTransformMat 0.980884 -0.074174 0.179899 0.000000 0.035609 0.977311 0.208796 0.000000 -0.191305 -0.198399 0.961270 0.000000 -3.403123 -5.066243 -2.938909 1.000000
aniFrame
  m_time 0.661000
  m_vertexTransformMat 0.982842 -0.060393 0.174281 0.000000 0.037866 0.990816 0.129805 0.000000 -0.180520 -0.120979 0.976103 0.000000 -3.026996 -3.216655 -2.646194 1.000000
aniFrame
  m_time 0.677000
  m_vertexTransformMat 0.984735 -0.042668 0.168749 0.000000 0.034758 0.998167 0.049553 0.000000 -0.170554 -0.042931 0.984413 0.000000 -2.707028 -1.345438 -2.454315 1.000000
aniFrame
  m_time 0.693000
  m_vertexTransformMat 0.986548 -0.020670 0.162159 0.000000 0.026274 0.999126 -0.032491 0.000000 -0.161346 0.036315 0.986229 0.000000 -2.438426 0.561818 -2.370150 1.000000
aniFrame
  m_time 0.709000
  m_vertexTransformMat 0.987779 0.011714 0.155419 0.000000 0.006431 0.993259 -0.115735 0.000000 -0.155728 0.115321 0.981045 0.000000 -2.262687 2.484620 -2.425658 1.000000
aniFrame
  m_time 0.725000
  m_vertexTransformMat 0.987891 0.054022 0.145439 0.000000 -0.024215 0.979620 -0.199395 0.000000 -0.153247 0.193459 0.969066 0.000000 -2.173249 4.407720 -2.623356 1.000000
aniFrame
  m_time 0.741000
  m_vertexTransformMat 0.986136 0.099758 0.132605 0.000000 -0.058632 0.957043 -0.283955 0.000000 -0.155235 0.272243 0.949624 0.000000 -2.203994 6.349518 -2.986696 1.000000
aniFrame
  m_time 0.757000
  m_vertexTransformMat 0.981980 0.149944 0.115029 0.000000 -0.097899 0.924245 -0.369036 0.000000 -0.161650 0.351125 0.922269 0.000000 -2.355368 8.299840 -3.531156 1.000000
aniFrame
  m_time 0.773000
  m_vertexTransformMat 0.977204 0.189978 0.094771 0.000000 -0.129051 0.885990 -0.445384 0.000000 -0.168579 0.423000 0.890310 0.000000 -2.530144 10.054146 -4.183566 1.000000
aniFrame
  m_time 0.789000
  m_vertexTransformMat 0.972360 0.221083 0.075085 0.000000 -0.152452 0.844738 -0.513007 0.000000 -0.176845 0.487381 0.855094 0.000000 -2.746109 11.603104 -4.902366 1.000000
aniFrame
  m_time 0.805000
  m_vertexTransformMat 0.970080 0.236296 0.055754 0.000000 -0.162410 0.802286 -0.574422 0.000000 -0.180464 0.548180 0.816658 0.000000 -2.854054 13.024067 -5.695336 1.000000
aniFrame
  m_time 0.821000
  m_vertexTransformMat 0.971342 0.234187 0.040626 0.000000 -0.156823 0.759895 -0.630845 0.000000 -0.178607 0.606396 0.774844 0.000000 -2.831922 14.335869 -6.554863 1.000000
aniFrame
  m_time 0.837000
  m_vertexTransformMat 0.974350 0.223161 0.028985 0.000000 -0.144218 0.718100 -0.680833 0.000000 -0.172750 0.659190 0.731865 0.000000 -2.716897 15.500639 -7.439362 1.000000
aniFrame
  m_time 0.853000
  m_vertexTransformMat 0.978888 0.203291 0.021233 0.000000 -0.124538 0.675575 -0.726697 0.000000 -0.162076 0.708711 0.686630 0.000000 -2.490111 16.571115 -8.374022 1.000000
aniFrame
  m_time 0.869000
  m_vertexTransformMat 0.982766 0.183895 0.018792 0.000000 -0.105375 0.640847 -0.760402 0.000000 -0.151877 0.745317 0.649180 0.000000 -2.280495 17.343172 -9.124637 1.000000
aniFrame
  m_time 0.885000
  m_vertexTransformMat 0.985594 0.167863 0.020635 0.000000 -0.089017 0.618619 -0.780632 0.000000 -0.143804 0.767550 0.624650 0.000000 -2.125930 17.790213 -9.574437 1.000000
aniFrame
  m_time 0.901000
  m_vertexTransformMat 0.987337 0.156564 0.025536 0.000000 -0.076219 0.609379 -0.789207 0.000000 -0.139122 0.777268 0.613596 0.000000 -2.060567 17.956581 -9.718630 1.000000
aniFrame
  m_time 0.917000
  m_vertexTransformMat 0.987807 0.152187 0.032811 0.000000 -0.068700 0.615233 -0.785346 0.000000 -0.139706 0.773516 0.618187 0.000000 -2.130178 17.823055 -9.512626 1.000000
aniFrame
  m_time 0.933000
  m_vertexTransformMat 0.987707 0.150591 0.041921 0.000000 -0.063336 0.630717 -0.773424 0.000000 -0.142911 0.761261 0.632501 0.000000 -2.272610 17.497486 -9.094684 1.000000
aniFrame
  m_time 0.949000
  m_vertexTransformMat 0.987433 0.149283 0.051877 0.000000 -0.058701 0.651213 -0.756621 0.000000 -0.146733 0.744067 0.651792 0.000000 -2.442940 17.057884 -8.578188 1.000000
aniFrame
  m_time 0.965000
  m_vertexTransformMat 0.986861 0.148474 0.063715 0.000000 -0.054226 0.675854 -0.735038 0.000000 -0.152196 0.721926 0.675026 0.000000 -2.662440 16.505085 -7.983765 1.000000
aniFrame
  m_time 0.981000
  m_vertexTransformMat 0.986046 0.147949 0.076316 0.000000 -0.050726 0.703659 -0.708725 0.000000 -0.158555 0.694964 0.701345 0.000000 -2.911575 15.841873 -7.328681 1.000000
aniFrame
  m_time 0.997000
  m_vertexTransformMat 0.985023 0.147285 0.089650 0.000000 -0.047712 0.732466 -0.679130 0.000000 -0.165691 0.664681 0.728523 0.000000 -3.186792 15.102805 -6.663514 1.000000
aniFrame
  m_time 1.013000
  m_vertexTransformMat 0.983742 0.146112 0.104417 0.000000 -0.044395 0.761238 -0.646951 0.000000 -0.174013 0.631797 0.755349 0.000000 -3.496238 14.304463 -6.013552 1.000000
aniFrame
  m_time 1.029000
  m_vertexTransformMat 0.982403 0.144342 0.118531 0.000000 -0.041936 0.788889 -0.613104 0.000000 -0.182005 0.597345 0.781059 0.000000 -3.802922 13.470831 -5.395413 1.000000
aniFrame
  m_time 1.045000
  m_vertexTransformMat 0.981023 0.141514 0.132545 0.000000 -0.038769 0.812962 -0.581026 0.000000 -0.189977 0.564861 0.803020 0.000000 -4.109807 12.684754 -4.865530 1.000000
aniFrame
  m_time 1.061000
  m_vertexTransformMat 0.979484 0.137842 0.147001 0.000000 -0.035196 0.835270 -0.548712 0.000000 -0.198421 0.532281 0.822986 0.000000 -4.433720 11.897890 -4.384883 1.000000
aniFrame
  m_time 1.077000
  m_vertexTransformMat 0.976873 0.133286 0.167192 0.000000 -0.028947 0.857176 -0.514210 0.000000 -0.211850 0.497479 0.841210 0.000000 -4.901091 11.060931 -3.947375 1.000000
aniFrame
  m_time 1.093000
  m_vertexTransformMat 0.973259 0.126843 0.191512 0.000000 -0.020652 0.878659 -0.477003 0.000000 -0.228778 0.460293 0.857783 0.000000 -5.473890 10.167046 -3.554277 1.000000
aniFrame
  m_time 1.109000
  m_vertexTransformMat 0.969841 0.118848 0.212797 0.000000 -0.014262 0.899238 -0.437227 0.000000 -0.243319 0.421006 0.873814 0.000000 -6.010695 9.224483 -3.201881 1.000000
aniFrame
  m_time 1.125000
  m_vertexTransformMat 0.966626 0.109258 0.231727 0.000000 -0.008817 0.918154 -0.396126 0.000000 -0.256041 0.380863 0.888474 0.000000 -6.523630 8.262637 -2.906568 1.000000
aniFrame
  m_time 1.141000
  m_vertexTransformMat 0.963711 0.102796 0.246361 0.000000 0.002934 0.918749 -0.394831 0.000000 -0.266931 0.381226 0.885107 0.000000 -6.986169 8.272855 -3.029721 1.000000
aniFrame
  m_time 1.157000
  m_vertexTransformMat 0.960773 0.102815 0.257573 0.000000 0.019722 0.901062 -0.433241 0.000000 -0.276632 0.421326 0.863689 0.000000 -7.415951 9.246716 -3.571531 1.000000
aniFrame
  m_time 1.173000
  m_vertexTransformMat 0.958261 0.100797 0.267535 0.000000 0.032217 0.891752 -0.451376 0.000000 -0.284073 0.441156 0.851284 0.000000 -7.756669 9.738130 -3.873562 1.000000
aniFrame
  m_time 1.189000
  m_vertexTransformMat 0.956558 0.094001 0.275972 0.000000 0.040779 0.894149 -0.445908 0.000000 -0.288675 0.437791 0.851473 0.000000 -7.992227 9.669665 -3.852307 1.000000
aniFrame
  m_time 1.205000
  m_vertexTransformMat 0.955389 0.085867 0.282591 0.000000 0.046895 0.900565 -0.432185 0.000000 -0.291602 0.426157 0.856363 0.000000 -8.154111 9.403803 -3.686187 1.000000
aniFrame
  m_time 1.221000
  m_vertexTransformMat 0.954812 0.076403 0.287222 0.000000 0.050801 0.910219 -0.411000 0.000000 -0.292836 0.407019 0.865207 0.000000 -8.238728 8.958004 -3.388828 1.000000
aniFrame
  m_time 1.237000
  m_vertexTransformMat 0.954566 0.066042 0.290590 0.000000 0.053157 0.921758 -0.384104 0.000000 -0.293221 0.382099 0.876369 0.000000 -8.287817 8.377995 -3.018039 1.000000
aniFrame
  m_time 1.253000
  m_vertexTransformMat 0.954553 0.055096 0.292904 0.000000 0.054079 0.934433 -0.352010 0.000000 -0.293094 0.351852 0.888986 0.000000 -8.315037 7.676251 -2.596102 1.000000
aniFrame
  m_time 1.269000
  m_vertexTransformMat 0.954791 0.043391 0.294093 0.000000 0.053847 0.947682 -0.314642 0.000000 -0.292359 0.316253 0.902502 0.000000 -8.316303 6.852104 -2.146131 1.000000
aniFrame
  m_time 1.285000
  m_vertexTransformMat 0.955234 0.031223 0.294199 0.000000 0.052160 0.961065 -0.271355 0.000000 -0.291217 0.274552 0.916413 0.000000 -8.296518 5.890038 -1.681782 1.000000
aniFrame
  m_time 1.301000
  m_vertexTransformMat 0.955834 0.018704 0.293311 0.000000 0.049921 0.973140 -0.224738 0.000000 -0.289636 0.229455 0.929226 0.000000 -8.256626 4.850221 -1.247603 1.000000
aniFrame
  m_time 1.317000
  m_vertexTransformMat 0.956598 0.006092 0.291346 0.000000 0.047148 0.983374 -0.175367 0.000000 -0.287570 0.181492 0.940407 0.000000 -8.195657 3.744628 -0.860118 1.000000
aniFrame
  m_time 1.333000
  m_vertexTransformMat 0.957405 -0.006204 0.288681 0.000000 0.044518 0.990987 -0.126345 0.000000 -0.285295 0.133815 0.949052 0.000000 -8.122196 2.646096 -0.546817 1.000000
aniFrame
  m_time 1.349000
  m_vertexTransformMat 0.958240 -0.017817 0.285407 0.000000 0.042948 0.995704 -0.082036 0.000000 -0.282719 0.090868 0.954889 0.000000 -8.035102 1.658633 -0.318752 1.000000
aniFrame
  m_time 1.365000
  m_vertexTransformMat 0.959063 -0.029073 0.281696 0.000000 0.041736 0.998365 -0.039056 0.000000 -0.280100 0.049214 0.958709 0.000000 -7.941773 0.697949 -0.163286 1.000000
aniFrame
  m_time 1.381000
  m_vertexTransformMat 0.959826 -0.040482 0.277662 0.000000 0.040181 0.999170 0.006776 0.000000 -0.277705 0.004653 0.960655 0.000000 -7.850932 -0.340102 -0.087723 1.000000
aniFrame
  m_time 1.397000
  m_vertexTransformMat 0.960499 -0.051369 0.273502 0.000000 0.038995 0.997963 0.050491 0.000000 -0.275539 -0.037831 0.960545 0.000000 -7.761948 -1.335026 -0.093076 1.000000
aniFrame
  m_time 1.413000
  m_vertexTransformMat 0.961000 -0.061105 0.269712 0.000000 0.039701 0.995665 0.084116 0.000000 -0.273683 -0.070128 0.959260 0.000000 -7.677774 -2.094716 -0.160764 1.000000
aniFrame
  m_time 1.429000
  m_vertexTransformMat 0.961428 -0.070054 0.265988 0.000000 0.041640 0.992947 0.111006 0.000000 -0.271888 -0.095649 0.957564 0.000000 -7.590879 -2.699253 -0.268814 1.000000
aniFrame
  m_time 1.445000
  m_vertexTransformMat 0.961784 -0.078525 0.262308 0.000000 0.044016 0.989876 0.134940 0.000000 -0.270249 -0.118237 0.955503 0.000000 -7.500827 -3.236786 -0.408258 1.000000
aniFrame
  m_time 1.461000
  m_vertexTransformMat 0.962166 -0.086392 0.258403 0.000000 0.046935 0.986776 0.155145 0.000000 -0.268389 -0.137147 0.953498 0.000000 -7.398653 -3.689774 -0.568659 1.000000
aniFrame
  m_time 1.477000
  m_vertexTransformMat 0.962321 -0.094779 0.254862 0.000000 0.049942 0.982949 0.176966 0.000000 -0.267289 -0.157570 0.950646 0.000000 -7.307907 -4.183084 -0.765230 1.000000
aniFrame
  m_time 1.493000
  m_vertexTransformMat 0.962410 -0.102990 0.251318 0.000000 0.053111 0.978816 0.197734 0.000000 -0.266359 -0.176954 0.947492 0.000000 -7.214052 -4.654398 -0.984638 1.000000
aniFrame
  m_time 1.509000
  m_vertexTransformMat 0.962550 -0.111021 0.247330 0.000000 0.056966 0.974763 0.215851 0.000000 -0.265052 -0.193678 0.944583 0.000000 -7.103853 -5.064914 -1.205516 1.000000
aniFrame
  m_time 1.525000
  m_vertexTransformMat 0.962345 -0.118812 0.244492 0.000000 0.061244 0.971065 0.230830 0.000000 -0.264843 -0.207164 0.941776 0.000000 -7.013193 -5.400538 -1.431799 1.000000
aniFrame
  m_time 1.541000
  m_vertexTransformMat 0.962547 -0.125687 0.240222 0.000000 0.065249 0.967399 0.244709 0.000000 -0.263147 -0.219870 0.939367 0.000000 -6.879120 -5.716553 -1.650343 1.000000
aniFrame
  m_time 1.557000
  m_vertexTransformMat 0.962639 -0.131943 0.236468 0.000000 0.068704 0.963692 0.258027 0.000000 -0.261927 -0.232141 0.936752 0.000000 -6.749203 -6.021669 -1.876180 1.000000
aniFrame
  m_time 1.573000
  m_vertexTransformMat 0.963055 -0.136697 0.232034 0.000000 0.071058 0.960048 0.270664 0.000000 -0.259763 -0.244176 0.934292 0.000000 -6.590618 -6.317201 -2.091955 1.000000
aniFrame
  m_time 1.589000
  m_vertexTransformMat 0.963769 -0.140421 0.226783 0.000000 0.072552 0.956160 0.283714 0.000000 -0.256680 -0.256981 0.931706 0.000000 -6.406323 -6.628057 -2.301931 1.000000
aniFrame
  m_time 1.605000
  m_vertexTransformMat 0.965173 -0.140916 0.220417 0.000000 0.069707 0.950599 0.302493 0.000000 -0.252155 -0.276593 0.927316 0.000000 -6.161210 -7.089147 -2.569867 1.000000
aniFrame
  m_time 1.621000
  m_vertexTransformMat 0.967398 -0.137580 0.212630 0.000000 0.061181 0.941665 0.330943 0.000000 -0.245757 -0.307145 0.919383 0.000000 -5.841205 -7.795435 -2.940256 1.000000
aniFrame
  m_time 1.637000
  m_vertexTransformMat 0.969963 -0.130563 0.205243 0.000000 0.051020 0.934175 0.353148 0.000000 -0.237841 -0.332069 0.912777 0.000000 -5.460025 -8.359131 -3.291867 1.000000
aniFrame
  m_time 1.653000
  m_vertexTransformMat 0.972819 -0.120085 0.197998 0.000000 0.039261 0.928186 0.370039 0.000000 -0.228215 -0.352207 0.907672 0.000000 -5.006799 -8.800527 -3.629002 1.000000
aniFrame
  m_time 1.669000
  m_vertexTransformMat 0.975437 -0.107411 0.192316 0.000000 0.031023 0.931344 0.362816 0.000000 -0.218082 -0.347937 0.911800 0.000000 -4.542770 -8.664098 -3.730763 1.000000
aniFrame
  m_time 1.685000
  m_vertexTransformMat 0.977569 -0.095347 0.187794 0.000000 0.031280 0.947495 0.318236 0.000000 -0.208277 -0.305224 0.929225 0.000000 -4.094301 -7.627877 -3.494742 1.000000
aniFrame
  m_time 1.701000
  m_vertexTransformMat 0.979538 -0.082846 0.183416 0.000000 0.033797 0.966116 0.255885 0.000000 -0.198400 -0.244450 0.949148 0.000000 -3.671755 -6.168630 -3.161294 1.000000
aniFrame
  m_time 1.717000
  m_vertexTransformMat 0.981550 -0.069853 0.177991 0.000000 0.036706 0.982404 0.183126 0.000000 -0.187650 -0.173214 0.966842 0.000000 -3.272473 -4.464692 -2.832004 1.000000
aniFrame
  m_time 1.733000
  m_vertexTransformMat 0.983466 -0.054836 0.172591 0.000000 0.037329 0.993970 0.103099 0.000000 -0.177204 -0.094952 0.979583 0.000000 -2.915662 -2.593304 -2.571591 1.000000
aniFrame
  m_time 1.749000
  m_vertexTransformMat 0.985371 -0.036068 0.166563 0.000000 0.032788 0.999211 0.022397 0.000000 -0.167240 -0.016608 0.985776 0.000000 -2.609408 -0.713250 -2.412413 1.000000
aniFrame
  m_time 1.765000
  m_vertexTransformMat 0.987042 -0.011356 0.160060 0.000000 0.021236 0.997963 -0.060153 0.000000 -0.159051 0.062772 0.985273 0.000000 -2.369430 1.202444 -2.372703 1.000000
aniFrame
  m_time 1.781000
  m_vertexTransformMat 0.987985 0.025141 0.152487 0.000000 -0.003020 0.989631 -0.143598 0.000000 -0.154517 0.141412 0.977817 0.000000 -2.222203 3.125529 -2.475001 1.000000
aniFrame
  m_time 1.797000
  m_vertexTransformMat 0.987552 0.068802 0.141451 0.000000 -0.035240 0.973181 -0.227326 0.000000 -0.153298 0.219512 0.963491 0.000000 -2.167350 5.049504 -2.724217 1.000000
aniFrame
  m_time 1.813000
  m_vertexTransformMat 0.984973 0.116664 0.127351 0.000000 -0.071751 0.947135 -0.312709 0.000000 -0.157100 0.298872 0.941273 0.000000 -2.246324 7.008509 -3.150008 1.000000
aniFrame
  m_time 1.829000
  m_vertexTransformMat 0.980352 0.164895 0.108254 0.000000 -0.109653 0.911767 -0.395799 0.000000 -0.163967 0.376152 0.911934 0.000000 -2.412843 8.914514 -3.741755 1.000000
aniFrame
  m_time 1.845000
  m_vertexTransformMat 0.975516 0.201468 0.088202 0.000000 -0.137818 0.872528 -0.468723 0.000000 -0.171392 0.445091 0.878931 0.000000 -2.602665 10.588710 -4.415432 1.000000
aniFrame
  m_time 1.861000
  m_vertexTransformMat 0.971151 0.228410 0.068509 0.000000 -0.157678 0.830603 -0.534076 0.000000 -0.178891 0.507867 0.842656 0.000000 -2.802202 12.087935 -5.157954 1.000000
aniFrame
  m_time 1.877000
  m_vertexTransformMat 0.970193 0.237085 0.050159 0.000000 -0.161893 0.788127 -0.593841 0.000000 -0.180322 0.568020 0.803017 0.000000 -2.857886 13.475615 -5.976343 1.000000
aniFrame
  m_time 1.893000
  m_vertexTransformMat 0.972227 0.231175 0.036505 0.000000 -0.153016 0.745888 -0.648257 0.000000 -0.177090 0.624667 0.760546 0.000000 -2.803612 14.740862 -6.848372 1.000000
aniFrame
  m_time 1.909000
  m_vertexTransformMat 0.975759 0.217325 0.025796 0.000000 -0.138340 0.703828 -0.696770 0.000000 -0.169581 0.676311 0.716831 0.000000 -2.650124 15.873296 -7.750540 1.000000
aniFrame
  m_time 1.925000
  m_vertexTransformMat 0.980374 0.196140 0.019887 0.000000 -0.117541 0.662515 -0.739769 0.000000 -0.158273 0.722912 0.672568 0.000000 -2.409920 16.872908 -8.660543 1.000000
aniFrame
  m_time 1.941000
  m_vertexTransformMat 0.983787 0.178338 0.018945 0.000000 -0.099798 0.632153 -0.768390 0.000000 -0.149009 0.754041 0.639702 0.000000 -2.223984 17.522905 -9.305354 1.000000
aniFrame
  m_time 1.957000
  m_vertexTransformMat 0.986329 0.163323 0.021935 0.000000 -0.084214 0.613979 -0.784818 0.000000 -0.141646 0.772241 0.619339 0.000000 -2.087770 17.881378 -9.661099 1.000000
aniFrame
  m_time 1.973000
  m_vertexTransformMat 0.987601 0.154501 0.027817 0.000000 -0.073164 0.609773 -0.789192 0.000000 -0.138893 0.777372 0.613516 0.000000 -2.074075 17.950188 -9.691957 1.000000
aniFrame
  m_time 1.989000
  m_vertexTransformMat 0.987775 0.151601 0.036288 0.000000 -0.066449 0.620078 -0.781721 0.000000 -0.141011 0.769754 0.622571 0.000000 -2.188422 17.735748 -9.392037 1.000000
aniFrame
  m_time 2.005000
  m_vertexTransformMat 0.987582 0.150114 0.046343 0.000000 -0.060870 0.637554 -0.767997 0.000000 -0.144833 0.755639 0.638775 0.000000 -2.358109 17.373440 -8.942010 1.000000
aniFrame
  m_time 2.021000
  m_vertexTransformMat 0.987140 0.149012 0.057877 0.000000 -0.055745 0.660206 -0.749013 0.000000 -0.149822 0.736154 0.660023 0.000000 -2.571986 16.887163 -8.392322 1.000000
aniFrame
  m_time 2.037000
  m_vertexTransformMat 0.986397 0.148254 0.071003 0.000000 -0.050945 0.686396 -0.725441 0.000000 -0.156285 0.711956 0.684612 0.000000 -2.829278 16.291748 -7.775826 1.000000
aniFrame
  m_time 2.053000
  m_vertexTransformMat 0.985436 0.147681 0.084298 0.000000 -0.047543 0.715243 -0.697258 0.000000 -0.163265 0.683095 0.711847 0.000000 -3.106662 15.587754 -7.108072 1.000000
aniFrame
  m_time 2.069000
  m_vertexTransformMat 0.984223 0.146671 0.098952 0.000000 -0.043864 0.744091 -0.666637 0.000000 -0.171406 0.651779 0.738786 0.000000 -3.413871 14.825307 -6.452506 1.000000
aniFrame
  m_time 2.085000
  m_vertexTransformMat 0.982881 0.145258 0.113336 0.000000 -0.041199 0.772854 -0.633245 0.000000 -0.179576 0.617735 0.765608 0.000000 -3.722594 13.997578 -5.803756 1.000000
aniFrame
  m_time 2.101000
  m_vertexTransformMat 0.981512 0.143109 0.127098 0.000000 -0.038773 0.798939 -0.600161 0.000000 -0.187432 0.584137 0.789717 0.000000 -4.019637 13.178172 -5.217305 1.000000
aniFrame
  m_time 2.117000
  m_vertexTransformMat 0.980086 0.140079 0.140741 0.000000 -0.035943 0.822211 -0.568047 0.000000 -0.195290 0.551676 0.810873 0.000000 -4.307883 12.382028 -4.694668 1.000000
aniFrame
